20170308154818662,-2.88570938110352
20170308154818663,-0.0170570373535156
20170308154818664,-0.177274322509766
20170308154818665,-2.85519180297852
20170308154818666,-0.245938873291016
20170308154818667,-0.154386138916016
20170308154818668,-2.87045059204102
20170308154818669,-0.169644927978516
20170308154818670,-0.139127349853516
20170308154818671,-2.94674453735352
20170308154818672,-0.284085845947266
20170308154818673,-0.0552040100097656
20170308154818674,-2.86282119750977
20170308154818675,-0.383267974853516
20170308154818676,-0.0780921936035156
20170308154818677,-2.91622695922852
20170308154818678,-0.505338287353516
20170308154818679,0.143160247802734
20170308154818680,-2.93911514282227
20170308154818681,-0.406156158447266
20170308154818682,0.105013275146484
20170308154818683,-2.94674453735352
20170308154818684,-0.352750396728516
20170308154818685,0.150789642333984
20170308154818686,-2.90096817016602
20170308154818687,-0.566373443603516
20170308154818688,0.341524505615234
20170308154818689,-2.91622695922852
20170308154818690,-0.551114654541016
20170308154818691,0.379671478271484
20170308154818692,-2.87045059204102
20170308154818693,-0.413785552978516
20170308154818694,0.143160247802734
20170308154818695,-2.89333877563477
20170308154818696,-0.490079498291016
20170308154818697,0.112642669677734
20170308154818698,-2.91622695922852
20170308154818699,-0.627408599853516
20170308154818700,0.303377532958984
20170308154818701,-2.93911514282227
20170308154818702,-0.574002838134766
20170308154818703,0.318636322021484
20170308154818704,-2.82467422485352
20170308154818705,-0.497708892822266
20170308154818706,0.341524505615234
20170308154818707,-2.71786270141602
20170308154818708,-0.207791900634766
20170308154818709,0.0516075134277344
20170308154818710,-2.90096817016602
20170308154818711,-0.261197662353516
20170308154818712,-0.131497955322266
20170308154818713,-2.98489151000977
20170308154818714,-0.177274322509766
20170308154818715,-0.192533111572266
20170308154818716,-2.91622695922852
20170308154818717,0.0439781188964844
20170308154818718,-0.238309478759766
20170308154818719,-2.96200332641602
20170308154818720,-0.0857215881347656
20170308154818721,-0.337491607666016
20170308154818722,-2.87045059204102
20170308154818723,0.166048431396484
20170308154818724,-0.467191314697266
20170308154818725,-2.92385635375977
20170308154818726,0.265230560302734
20170308154818727,-0.505338287353516
20170308154818728,-2.84756240844727
20170308154818729,0.219454193115234
20170308154818730,-0.329862213134766
20170308154818731,-2.81704483032227
20170308154818732,0.188936614990234
20170308154818733,-0.512967681884766
20170308154818734,-2.84756240844727
20170308154818735,0.387300872802734
20170308154818736,-0.749478912353516
20170308154818737,-2.86282119750977
20170308154818738,0.707735443115234
20170308154818739,-1.03939590454102
20170308154818740,-2.77889785766602
20170308154818741,0.898470306396484
20170308154818742,-1.01650772094727
20170308154818743,-2.77126846313477
20170308154818744,0.784029388427734
20170308154818745,-0.985990142822266
20170308154818746,-2.71023330688477
20170308154818747,0.799288177490234
20170308154818748,-1.22250137329102
20170308154818749,-2.66445693969727
20170308154818750,0.921358489990234
20170308154818751,-1.37508926391602
20170308154818752,-2.64156875610352
20170308154818753,0.799288177490234
20170308154818754,-1.32168350219727
20170308154818755,-2.55001602172852
20170308154818756,0.814546966552734
20170308154818757,-1.54293594360352
20170308154818758,-2.56527481079102
20170308154818759,0.799288177490234
20170308154818760,-1.39034805297852
20170308154818761,-2.63393936157227
20170308154818762,0.806917572021484
20170308154818763,-1.57345352172852
20170308154818764,-2.58816299438477
20170308154818765,0.707735443115234
20170308154818766,-1.66500625610352
20170308154818767,-2.49661026000977
20170308154818768,0.845064544677734
20170308154818769,-1.44375381469727
20170308154818770,-2.49661026000977
20170308154818771,0.684847259521484
20170308154818772,-1.36745986938477
20170308154818773,-2.48135147094727
20170308154818774,0.845064544677734
20170308154818775,-1.45901260375977
20170308154818776,-2.50423965454102
20170308154818777,0.890840911865234
20170308154818778,-1.49715957641602
20170308154818779,-2.45846328735352
20170308154818780,0.928987884521484
20170308154818781,-1.47427139282227
20170308154818782,-2.45083389282227
20170308154818783,0.730623626708984
20170308154818784,-1.74892959594727
20170308154818785,-2.27535781860352
20170308154818786,0.890840911865234
20170308154818787,-1.80233535766602
20170308154818788,-2.17617568969727
20170308154818789,0.745882415771484
20170308154818790,-1.91677627563477
20170308154818791,-2.06173477172852
20170308154818792,0.936617279052734
20170308154818793,-2.13039932250977
20170308154818794,-2.08462295532227
20170308154818795,0.776399993896484
20170308154818796,-2.16091690063477
20170308154818797,-2.07699356079102
20170308154818798,0.692476654052734
20170308154818799,-2.11514053344727
20170308154818800,-2.09225234985352
20170308154818801,0.867952728271484
20170308154818802,-2.11514053344727
20170308154818803,-2.06936416625977
20170308154818804,0.631441497802734
20170308154818805,-2.04647598266602
20170308154818806,-2.12276992797852
20170308154818807,0.722994232177734
20170308154818808,-1.80996475219727
20170308154818809,-2.16854629516602
20170308154818810,0.913729095458984
20170308154818811,-1.82522354125977
20170308154818812,-2.32113418579102
20170308154818813,0.722994232177734
20170308154818814,-1.83285293579102
20170308154818815,-2.16091690063477
20170308154818816,0.837435150146484
20170308154818817,-1.82522354125977
20170308154818818,-2.12276992797852
20170308154818819,0.700106048583984
20170308154818820,-1.90151748657227
20170308154818821,-2.04647598266602
20170308154818822,0.654329681396484
20170308154818823,-2.07699356079102
20170308154818824,-2.05410537719727
20170308154818825,0.867952728271484
20170308154818826,-2.17617568969727
20170308154818827,-1.86337051391602
20170308154818828,0.753511810302734
20170308154818829,-2.22958145141602
20170308154818830,-1.95492324829102
20170308154818831,0.700106048583984
20170308154818832,-2.29061660766602
20170308154818833,-1.80996475219727
20170308154818834,0.646700286865234
20170308154818835,-2.13802871704102
20170308154818836,-1.80996475219727
20170308154818837,0.837435150146484
20170308154818838,-2.40505752563477
20170308154818839,-1.52004776000977
20170308154818840,0.654329681396484
20170308154818841,-2.56527481079102
20170308154818842,-1.50478897094727
20170308154818843,0.768770599365234
20170308154818844,-2.74075088500977
20170308154818845,-1.29879531860352
20170308154818846,0.585665130615234
20170308154818847,-2.83230361938477
20170308154818848,-1.19961318969727
20170308154818849,0.578035736083984
20170308154818850,-2.79415664672852
20170308154818851,-1.26064834594727
20170308154818852,0.646700286865234
20170308154818853,-2.96200332641602
20170308154818854,-0.978360748291016
20170308154818855,0.562776947021484
20170308154818856,-2.96963272094727
20170308154818857,-0.718961334228516
20170308154818858,0.326265716552734
20170308154818859,-2.89333877563477
20170308154818860,-0.619779205322266
20170308154818861,0.379671478271484
20170308154818862,-2.91622695922852
20170308154818863,-0.520597076416016
20170308154818864,0.249971771240234
20170308154818865,-2.96200332641602
20170308154818866,-0.253568267822266
20170308154818867,0.112642669677734
20170308154818868,-2.94674453735352
20170308154818869,-0.100980377197266
20170308154818870,-0.200162506103516
20170308154818871,-2.83993301391602
20170308154818872,0.532259368896484
20170308154818873,-0.520597076416016
20170308154818874,-2.81704483032227
20170308154818875,0.547518157958984
20170308154818876,-0.459561920166016
20170308154818877,-2.77126846313477
20170308154818878,0.517000579833984
20170308154818879,-0.696073150634766
20170308154818880,-2.84756240844727
20170308154818881,0.448336029052734
20170308154818882,-0.673184967041016
20170308154818883,-2.83993301391602
20170308154818884,0.509371185302734
20170308154818885,-0.787625885009766
20170308154818886,-2.84756240844727
20170308154818887,0.600923919677734
20170308154818888,-0.932584381103516
20170308154818889,-2.87045059204102
20170308154818890,0.784029388427734
20170308154818891,-1.04702529907227
20170308154818892,-2.80941543579102
20170308154818893,0.860323333740234
20170308154818894,-1.18435440063477
20170308154818895,-2.69497451782227
20170308154818896,0.867952728271484
20170308154818897,-1.21487197875977
20170308154818898,-2.42031631469727
20170308154818899,0.776399993896484
20170308154818900,-1.37508926391602
20170308154818901,-2.45846328735352
20170308154818902,0.707735443115234
20170308154818903,-1.47427139282227
20170308154818904,-2.55001602172852
20170308154818905,0.883211517333984
20170308154818906,-1.60397109985352
20170308154818907,-2.38979873657227
20170308154818908,0.722994232177734
20170308154818909,-1.51241836547852
20170308154818910,-2.34402236938477
20170308154818911,0.959505462646484
20170308154818912,-1.73367080688477
20170308154818913,-2.39742813110352
20170308154818914,0.860323333740234
20170308154818915,-1.74892959594727
20170308154818916,-2.36691055297852
20170308154818917,0.738253021240234
20170308154818918,-1.80996475219727
20170308154818919,-2.29061660766602
20170308154818920,0.814546966552734
20170308154818921,-2.06173477172852
20170308154818922,-2.20669326782227
20170308154818923,0.608553314208984
20170308154818924,-1.84048233032227
20170308154818925,-2.30587539672852
20170308154818926,0.860323333740234
20170308154818927,-1.80233535766602
20170308154818928,-2.18380508422852
20170308154818929,0.745882415771484
20170308154818930,-2.00832901000977
20170308154818931,-2.21432266235352
20170308154818932,0.852693939208984
20170308154818933,-1.90914688110352
20170308154818934,-2.32113418579102
20170308154818935,0.570406341552734
20170308154818936,-1.65737686157227
20170308154818937,-2.42794570922852
20170308154818938,0.738253021240234
20170308154818939,-1.47427139282227
20170308154818940,-2.46609268188477
20170308154818941,0.745882415771484
20170308154818942,-1.62685928344727
20170308154818943,-2.41268692016602
20170308154818944,0.890840911865234
20170308154818945,-1.62685928344727
20170308154818946,-2.36691055297852
20170308154818947,0.692476654052734
20170308154818948,-1.58871231079102
20170308154818949,-2.38216934204102
20170308154818950,0.791658782958984
20170308154818951,-1.72604141235352
20170308154818952,-2.39742813110352
20170308154818953,0.730623626708984
20170308154818954,-1.74892959594727
20170308154818955,-2.39742813110352
20170308154818956,0.890840911865234
20170308154818957,-1.58871231079102
20170308154818958,-2.44320449829102
20170308154818959,0.700106048583984
20170308154818960,-1.36745986938477
20170308154818961,-2.51949844360352
20170308154818962,0.730623626708984
20170308154818963,-1.46664199829102
20170308154818964,-2.60342178344727
20170308154818965,0.928987884521484
20170308154818966,-1.44375381469727
20170308154818967,-2.53475723266602
20170308154818968,0.692476654052734
20170308154818969,-1.32168350219727
20170308154818970,-2.59579238891602
20170308154818971,0.982393646240234
20170308154818972,-1.39797744750977
20170308154818973,-2.59579238891602
20170308154818974,0.990023040771484
20170308154818975,-1.58871231079102
20170308154818976,-2.46609268188477
20170308154818977,0.692476654052734
20170308154818978,-1.57345352172852
20170308154818979,-2.42031631469727
20170308154818980,0.707735443115234
20170308154818981,-1.80233535766602
20170308154818982,-2.22958145141602
20170308154818983,0.776399993896484
20170308154818984,-1.87862930297852
20170308154818985,-2.16091690063477
20170308154818986,0.776399993896484
20170308154818987,-2.02358779907227
20170308154818988,-2.13039932250977
20170308154818989,0.898470306396484
20170308154818990,-1.97018203735352
20170308154818991,-2.11514053344727
20170308154818992,0.654329681396484
20170308154818993,-2.04647598266602
20170308154818994,-2.00069961547852
20170308154818995,0.776399993896484
20170308154818996,-2.19143447875977
20170308154818997,-1.90151748657227
20170308154818998,0.806917572021484
20170308154818999,-2.40505752563477
20170308154819000,-1.48953018188477
20170308154819001,0.608553314208984
20170308154819002,-2.55764541625977
20170308154819003,-1.35983047485352
20170308154819004,0.661959075927734
20170308154819005,-2.87045059204102
20170308154819006,-1.16909561157227
20170308154819007,0.486483001708984
20170308154819008,-2.87807998657227
20170308154819009,-0.955472564697266
20170308154819010,0.646700286865234
20170308154819011,-2.98489151000977
20170308154819012,-0.726590728759766
20170308154819013,0.425447845458984
20170308154819014,-2.99252090454102
20170308154819015,-0.802884674072266
20170308154819016,0.425447845458984
20170308154819017,-2.99252090454102
20170308154819018,-0.665555572509766
20170308154819019,0.349153900146484
20170308154819020,-2.95437393188477
20170308154819021,-0.589261627197266
20170308154819022,0.280489349365234
20170308154819023,-2.92385635375977
20170308154819024,-0.467191314697266
20170308154819025,0.0897544860839844
20170308154819026,-2.93148574829102
20170308154819027,-0.276456451416016
20170308154819028,-0.0780921936035156
20170308154819029,-2.93148574829102
20170308154819030,0.0363487243652344
20170308154819031,-0.383267974853516
20170308154819032,-2.90859756469727
20170308154819033,0.219454193115234
20170308154819034,-0.413785552978516
20170308154819035,-2.92385635375977
20170308154819036,0.0210899353027344
20170308154819037,-0.360379791259766
20170308154819038,-2.89333877563477
20170308154819039,0.0592369079589844
20170308154819040,-0.162015533447266
20170308154819041,-2.87807998657227
20170308154819042,0.219454193115234
20170308154819043,-0.467191314697266
20170308154819044,-2.86282119750977
20170308154819045,0.227083587646484
20170308154819046,-0.574002838134766
20170308154819047,-2.87807998657227
20170308154819048,0.539888763427734
20170308154819049,-0.596891021728516
20170308154819050,-2.87807998657227
20170308154819051,0.654329681396484
20170308154819052,-1.04702529907227
20170308154819053,-2.97726211547852
20170308154819054,0.722994232177734
20170308154819055,-0.978360748291016
20170308154819056,-2.84756240844727
20170308154819057,0.631441497802734
20170308154819058,-0.871549224853516
20170308154819059,-2.80178604125977
20170308154819060,0.677217864990234
20170308154819061,-0.818143463134766
20170308154819062,-2.80941543579102
20170308154819063,0.501741790771484
20170308154819064,-0.764737701416016
20170308154819065,-2.79415664672852
20170308154819066,0.616182708740234
20170308154819067,-0.795255279541016
20170308154819068,-2.81704483032227
20170308154819069,0.669588470458984
20170308154819070,-1.02413711547852
20170308154819071,-2.78652725219727
20170308154819072,0.616182708740234
20170308154819073,-0.924954986572266
20170308154819074,-2.80941543579102
20170308154819075,0.494112396240234
20170308154819076,-0.833402252197266
20170308154819077,-2.80178604125977
20170308154819078,0.616182708740234
20170308154819079,-0.879178619384766
20170308154819080,-2.81704483032227
20170308154819081,0.486483001708984
20170308154819082,-0.894437408447266
20170308154819083,-2.82467422485352
20170308154819084,0.356783294677734
20170308154819085,-0.696073150634766
20170308154819086,-2.83230361938477
20170308154819087,0.333895111083984
20170308154819088,-0.505338287353516
20170308154819089,-2.83230361938477
20170308154819090,0.478853607177734
20170308154819091,-0.642667388916016
20170308154819092,-2.85519180297852
20170308154819093,0.486483001708984
20170308154819094,-0.734220123291016
20170308154819095,-2.83993301391602
20170308154819096,0.608553314208984
20170308154819097,-0.879178619384766
20170308154819098,-2.77889785766602
20170308154819099,0.509371185302734
20170308154819100,-0.818143463134766
20170308154819101,-2.84756240844727
20170308154819102,0.639070892333984
20170308154819103,-0.863919830322266
20170308154819104,-2.80178604125977
20170308154819105,0.791658782958984
20170308154819106,-1.06991348266602
20170308154819107,-2.73312149047852
20170308154819108,0.959505462646484
20170308154819109,-1.13857803344727
20170308154819110,-2.70260391235352
20170308154819111,0.745882415771484
20170308154819112,-1.10043106079102
20170308154819113,-2.61868057250977
20170308154819114,0.768770599365234
20170308154819115,-1.28353652954102
20170308154819116,-2.61105117797852
20170308154819117,0.784029388427734
20170308154819118,-1.32168350219727
20170308154819119,-2.62630996704102
20170308154819120,0.768770599365234
20170308154819121,-1.48953018188477
20170308154819122,-2.52712783813477
20170308154819123,0.776399993896484
20170308154819124,-1.56582412719727
20170308154819125,-2.56527481079102
20170308154819126,0.928987884521484
20170308154819127,-1.55056533813477
20170308154819128,-2.49661026000977
20170308154819129,0.944246673583984
20170308154819130,-1.58108291625977
20170308154819131,-2.45083389282227
20170308154819132,0.784029388427734
20170308154819133,-1.71078262329102
20170308154819134,-2.27535781860352
20170308154819135,0.745882415771484
20170308154819136,-1.91677627563477
20170308154819137,-2.28298721313477
20170308154819138,0.715364837646484
20170308154819139,-2.01595840454102
20170308154819140,-2.02358779907227
20170308154819141,0.837435150146484
20170308154819142,-2.30587539672852
20170308154819143,-1.78707656860352
20170308154819144,0.555147552490234
20170308154819145,-2.09988174438477
20170308154819146,-1.89388809204102
20170308154819147,0.829805755615234
20170308154819148,-2.18380508422852
20170308154819149,-1.79470596313477
20170308154819150,0.585665130615234
20170308154819151,-2.27535781860352
20170308154819152,-1.74130020141602
20170308154819153,0.738253021240234
20170308154819154,-2.44320449829102
20170308154819155,-1.60397109985352
20170308154819156,0.646700286865234
20170308154819157,-2.32876358032227
20170308154819158,-1.71078262329102
20170308154819159,0.631441497802734
20170308154819160,-2.32876358032227
20170308154819161,-1.65737686157227
20170308154819162,0.684847259521484
20170308154819163,-2.48898086547852
20170308154819164,-1.57345352172852
20170308154819165,0.707735443115234
20170308154819166,-2.55001602172852
20170308154819167,-1.42849502563477
20170308154819168,0.593294525146484
20170308154819169,-2.64156875610352
20170308154819170,-1.35220108032227
20170308154819171,0.661959075927734
20170308154819172,-2.79415664672852
20170308154819173,-1.26827774047852
20170308154819174,0.631441497802734
20170308154819175,-2.85519180297852
20170308154819176,-1.19198379516602
20170308154819177,0.700106048583984
20170308154819178,-2.81704483032227
20170308154819179,-1.06991348266602
20170308154819180,0.494112396240234
20170308154819181,-3.03066787719727
20170308154819182,-0.810514068603516
20170308154819183,0.433077239990234
20170308154819184,-2.94674453735352
20170308154819185,-0.642667388916016
20170308154819186,0.303377532958984
20170308154819187,-2.97726211547852
20170308154819188,-0.444303131103516
20170308154819189,0.219454193115234
20170308154819190,-2.90859756469727
20170308154819191,-0.467191314697266
20170308154819192,0.158419036865234
20170308154819193,-2.86282119750977
20170308154819194,-0.238309478759766
20170308154819195,-0.0094276428222656
20170308154819196,-2.92385635375977
20170308154819197,-0.345121002197266
20170308154819198,0.188936614990234
20170308154819199,-2.90859756469727
20170308154819200,-0.184903717041016
20170308154819201,-0.192533111572266
20170308154819202,-2.92385635375977
20170308154819203,-0.0094276428222656
20170308154819204,-0.337491607666016
20170308154819205,-2.89333877563477
20170308154819206,-0.0017982482910156
20170308154819207,-0.368009185791016
20170308154819208,-2.91622695922852
20170308154819209,0.120272064208984
20170308154819210,-0.459561920166016
20170308154819211,-2.92385635375977
20170308154819212,0.188936614990234
20170308154819213,-0.596891021728516
20170308154819214,-2.93911514282227
20170308154819215,0.661959075927734
20170308154819216,-0.963101959228516
20170308154819217,-2.85519180297852
20170308154819218,0.509371185302734
20170308154819219,-0.947843170166016
20170308154819220,-2.83993301391602
20170308154819221,0.654329681396484
20170308154819222,-0.955472564697266
20170308154819223,-2.85519180297852
20170308154819224,0.722994232177734
20170308154819225,-1.02413711547852
20170308154819226,-2.78652725219727
20170308154819227,0.585665130615234
20170308154819228,-0.848661041259766
20170308154819229,-2.78652725219727
20170308154819230,0.478853607177734
20170308154819231,-0.665555572509766
20170308154819232,-2.74075088500977
20170308154819233,0.356783294677734
20170308154819234,-0.635037994384766
20170308154819235,-2.87807998657227
20170308154819236,0.776399993896484
20170308154819237,-0.871549224853516
20170308154819238,-2.83993301391602
20170308154819239,0.738253021240234
20170308154819240,-1.02413711547852
20170308154819241,-2.82467422485352
20170308154819242,0.738253021240234
20170308154819243,-0.825772857666016
20170308154819244,-2.78652725219727
20170308154819245,0.768770599365234
20170308154819246,-0.856290435791016
20170308154819247,-2.82467422485352
20170308154819248,0.799288177490234
20170308154819249,-1.26064834594727
20170308154819250,-2.66445693969727
20170308154819251,0.768770599365234
20170308154819252,-1.13857803344727
20170308154819253,-2.76363906860352
20170308154819254,0.936617279052734
20170308154819255,-0.787625885009766
20170308154819256,-2.74075088500977
20170308154819257,0.616182708740234
20170308154819258,-0.924954986572266
20170308154819259,-2.80941543579102
20170308154819260,0.532259368896484
20170308154819261,-0.619779205322266
20170308154819262,-2.75600967407227
20170308154819263,0.745882415771484
20170308154819264,-1.00124893188477
20170308154819265,-2.81704483032227
20170308154819266,0.722994232177734
20170308154819267,-0.970731353759766
20170308154819268,-2.76363906860352
20170308154819269,0.631441497802734
20170308154819270,-0.955472564697266
20170308154819271,-2.76363906860352
20170308154819272,0.722994232177734
20170308154819273,-0.970731353759766
20170308154819274,-2.74838027954102
20170308154819275,0.646700286865234
20170308154819276,-0.947843170166016
20170308154819277,-2.78652725219727
20170308154819278,0.799288177490234
20170308154819279,-0.955472564697266
20170308154819280,-2.72549209594727
20170308154819281,0.806917572021484
20170308154819282,-1.19198379516602
20170308154819283,-2.65682754516602
20170308154819284,0.959505462646484
20170308154819285,-1.53530654907227
20170308154819286,-2.54238662719727
20170308154819287,0.722994232177734
20170308154819288,-1.48953018188477
20170308154819289,-2.49661026000977
20170308154819290,0.936617279052734
20170308154819291,-1.52767715454102
20170308154819292,-2.52712783813477
20170308154819293,0.867952728271484
20170308154819294,-1.74130020141602
20170308154819295,-2.26772842407227
20170308154819296,0.761141204833984
20170308154819297,-1.71841201782227
20170308154819298,-2.32113418579102
20170308154819299,0.669588470458984
20170308154819300,-1.96255264282227
20170308154819301,-2.22958145141602
20170308154819302,0.837435150146484
20170308154819303,-2.16091690063477
20170308154819304,-2.00069961547852
20170308154819305,0.768770599365234
20170308154819306,-2.22958145141602
20170308154819307,-1.86337051391602
20170308154819308,0.822176361083984
20170308154819309,-2.38979873657227
20170308154819310,-1.74130020141602
20170308154819311,0.730623626708984
20170308154819312,-2.33639297485352
20170308154819313,-1.61160049438477
20170308154819314,0.753511810302734
20170308154819315,-2.44320449829102
20170308154819316,-1.57345352172852
20170308154819317,0.646700286865234
20170308154819318,-2.59579238891602
20170308154819319,-1.51241836547852
20170308154819320,0.707735443115234
20170308154819321,-2.68734512329102
20170308154819322,-1.30642471313477
20170308154819323,0.654329681396484
20170308154819324,-2.93911514282227
20170308154819325,-1.09280166625977
20170308154819326,0.623812103271484
20170308154819327,-2.96963272094727
20170308154819328,-1.03176651000977
20170308154819329,0.372042083740234
20170308154819330,-2.81704483032227
20170308154819331,-1.03939590454102
20170308154819332,0.394930267333984
20170308154819333,-2.86282119750977
20170308154819334,-1.19198379516602
20170308154819335,0.539888763427734
20170308154819336,-2.96200332641602
20170308154819337,-0.955472564697266
20170308154819338,0.593294525146484
20170308154819339,-2.93148574829102
20170308154819340,-0.619779205322266
20170308154819341,0.532259368896484
20170308154819342,-2.87807998657227
20170308154819343,-0.596891021728516
20170308154819344,0.265230560302734
20170308154819345,-3.00777969360352
20170308154819346,-0.406156158447266
20170308154819347,0.120272064208984
20170308154819348,-3.02303848266602
20170308154819349,-0.223050689697266
20170308154819350,0.0668663024902344
20170308154819351,-2.88570938110352
20170308154819352,-0.0628334045410156
20170308154819353,0.0287193298339844
20170308154819354,-2.90096817016602
20170308154819355,-0.0323158264160156
20170308154819356,-0.169644927978516
20170308154819357,-2.86282119750977
20170308154819358,-0.0475746154785156
20170308154819359,-0.100980377197266
20170308154819360,-2.83993301391602
20170308154819361,0.0668663024902344
20170308154819362,-0.383267974853516
20170308154819363,-2.87807998657227
20170308154819364,0.173677825927734
20170308154819365,-0.520597076416016
20170308154819366,-2.87045059204102
20170308154819367,0.181307220458984
20170308154819368,-0.520597076416016
20170308154819369,-2.94674453735352
20170308154819370,0.143160247802734
20170308154819371,-0.474820709228516
20170308154819372,-2.77126846313477
20170308154819373,0.265230560302734
20170308154819374,-0.551114654541016
20170308154819375,-2.87045059204102
20170308154819376,0.448336029052734
20170308154819377,-0.528226470947266
20170308154819378,-2.87807998657227
20170308154819379,0.494112396240234
20170308154819380,-0.642667388916016
20170308154819381,-2.90096817016602
20170308154819382,0.349153900146484
20170308154819383,-0.627408599853516
20170308154819384,-2.83993301391602
20170308154819385,0.433077239990234
20170308154819386,-0.612149810791016
20170308154819387,-2.88570938110352
20170308154819388,0.188936614990234
20170308154819389,-0.558744049072266
20170308154819390,-2.85519180297852
20170308154819391,0.333895111083984
20170308154819392,-0.787625885009766
20170308154819393,-2.87807998657227
20170308154819394,0.265230560302734
20170308154819395,-0.696073150634766
20170308154819396,-2.82467422485352
20170308154819397,0.257601165771484
20170308154819398,-0.520597076416016
20170308154819399,-2.82467422485352
20170308154819400,0.372042083740234
20170308154819401,-0.665555572509766
20170308154819402,-2.83230361938477
20170308154819403,0.127901458740234
20170308154819404,-0.490079498291016
20170308154819405,-2.90096817016602
20170308154819406,0.387300872802734
20170308154819407,-0.665555572509766
20170308154819408,-2.87045059204102
20170308154819409,0.585665130615234
20170308154819410,-0.734220123291016
20170308154819411,-2.83993301391602
20170308154819412,0.570406341552734
20170308154819413,-0.734220123291016
20170308154819414,-2.86282119750977
20170308154819415,0.532259368896484
20170308154819416,-0.718961334228516
20170308154819417,-2.92385635375977
20170308154819418,0.257601165771484
20170308154819419,-0.688443756103516
20170308154819420,-2.90096817016602
20170308154819421,0.387300872802734
20170308154819422,-0.406156158447266
20170308154819423,-2.80941543579102
20170308154819424,0.387300872802734
20170308154819425,-0.718961334228516
20170308154819426,-2.83993301391602
20170308154819427,0.326265716552734
20170308154819428,-0.505338287353516
20170308154819429,-2.92385635375977
20170308154819430,0.341524505615234
20170308154819431,-0.673184967041016
20170308154819432,-2.88570938110352
20170308154819433,0.517000579833984
20170308154819434,-0.879178619384766
20170308154819435,-2.91622695922852
20170308154819436,0.639070892333984
20170308154819437,-1.10806045532227
20170308154819438,-2.81704483032227
20170308154819439,0.692476654052734
20170308154819440,-0.978360748291016
20170308154819441,-2.80178604125977
20170308154819442,0.890840911865234
20170308154819443,-0.886808013916016
20170308154819444,-2.74838027954102
20170308154819445,0.753511810302734
20170308154819446,-1.15383682250977
20170308154819447,-2.74838027954102
20170308154819448,0.799288177490234
20170308154819449,-1.35983047485352
20170308154819450,-2.64156875610352
20170308154819451,0.951876068115234
20170308154819452,-1.57345352172852
20170308154819453,-2.52712783813477
20170308154819454,0.761141204833984
20170308154819455,-1.44375381469727
20170308154819456,-2.55001602172852
20170308154819457,0.715364837646484
20170308154819458,-1.56582412719727
20170308154819459,-2.46609268188477
20170308154819460,0.959505462646484
20170308154819461,-1.76418838500977
20170308154819462,-2.22195205688477
20170308154819463,0.761141204833984
20170308154819464,-2.10751113891602
20170308154819465,-2.02358779907227
20170308154819466,0.692476654052734
20170308154819467,-2.31350479125977
20170308154819468,-1.85574111938477
20170308154819469,0.631441497802734
20170308154819470,-2.29824600219727
20170308154819471,-1.77944717407227
20170308154819472,0.852693939208984
20170308154819473,-2.33639297485352
20170308154819474,-1.64211807250977
20170308154819475,0.730623626708984
20170308154819476,-2.46609268188477
20170308154819477,-1.51241836547852
20170308154819478,0.707735443115234
20170308154819479,-2.63393936157227
20170308154819480,-1.42849502563477
20170308154819481,0.623812103271484
20170308154819482,-2.71786270141602
20170308154819483,-1.26064834594727
20170308154819484,0.677217864990234
20170308154819485,-2.77889785766602
20170308154819486,-1.39034805297852
20170308154819487,0.753511810302734
20170308154819488,-2.82467422485352
20170308154819489,-1.18435440063477
20170308154819490,0.600923919677734
20170308154819491,-2.90859756469727
20170308154819492,-0.871549224853516
20170308154819493,0.593294525146484
20170308154819494,-2.89333877563477
20170308154819495,-0.764737701416016
20170308154819496,0.280489349365234
20170308154819497,-3.03829727172852
20170308154819498,-0.543485260009766
20170308154819499,0.242342376708984
20170308154819500,-3.02303848266602
20170308154819501,-0.429044342041016
20170308154819502,0.105013275146484
20170308154819503,-3.00015029907227
20170308154819504,-0.406156158447266
20170308154819505,0.127901458740234
20170308154819506,-2.95437393188477
20170308154819507,-0.368009185791016
20170308154819508,-0.0857215881347656
20170308154819509,-3.05355606079102
20170308154819510,-0.451932525634766
20170308154819511,0.0363487243652344
20170308154819512,-3.01540908813477
20170308154819513,-0.429044342041016
20170308154819514,0.127901458740234
20170308154819515,-2.92385635375977
20170308154819516,-0.360379791259766
20170308154819517,0.0973838806152344
20170308154819518,-2.94674453735352
20170308154819519,-0.490079498291016
20170308154819520,0.0516075134277344
20170308154819521,-2.98489151000977
20170308154819522,-0.352750396728516
20170308154819523,0.105013275146484
20170308154819524,-2.93148574829102
20170308154819525,-0.528226470947266
20170308154819526,0.127901458740234
20170308154819527,-2.93911514282227
20170308154819528,-0.520597076416016
20170308154819529,0.143160247802734
20170308154819530,-2.94674453735352
20170308154819531,-0.696073150634766
20170308154819532,0.242342376708984
20170308154819533,-2.93148574829102
20170308154819534,-0.879178619384766
20170308154819535,0.433077239990234
20170308154819536,-3.09170303344727
20170308154819537,-0.657926177978516
20170308154819538,0.394930267333984
20170308154819539,-2.99252090454102
20170308154819540,-0.383267974853516
20170308154819541,0.272859954833984
20170308154819542,-2.96963272094727
20170308154819543,-0.467191314697266
20170308154819544,0.166048431396484
20170308154819545,-2.97726211547852
20170308154819546,-0.444303131103516
20170308154819547,-0.0170570373535156
20170308154819548,-2.93148574829102
20170308154819549,-0.360379791259766
20170308154819550,-0.116239166259766
20170308154819551,-2.96963272094727
20170308154819552,-0.413785552978516
20170308154819553,-0.0475746154785156
20170308154819554,-2.96963272094727
20170308154819555,-0.368009185791016
20170308154819556,-0.108609771728516
20170308154819557,-2.90859756469727
20170308154819558,-0.360379791259766
20170308154819559,-0.146756744384766
20170308154819560,-2.93148574829102
20170308154819561,-0.398526763916016
20170308154819562,-0.0857215881347656
20170308154819563,-2.93148574829102
20170308154819564,-0.223050689697266
20170308154819565,-0.123868560791016
20170308154819566,-2.93148574829102
20170308154819567,-0.291715240478516
20170308154819568,0.0744956970214844
20170308154819569,-2.92385635375977
20170308154819570,-0.543485260009766
20170308154819571,0.0134605407714844
20170308154819572,-2.93148574829102
20170308154819573,-0.284085845947266
20170308154819574,-0.0246864318847656
20170308154819575,-2.97726211547852
20170308154819576,-0.162015533447266
20170308154819577,-0.154386138916016
20170308154819578,-2.96963272094727
20170308154819579,-0.223050689697266
20170308154819580,-0.123868560791016
20170308154819581,-3.03066787719727
20170308154819582,0.0210899353027344
20170308154819583,-0.276456451416016
20170308154819584,-2.80941543579102
20170308154819585,-0.0246864318847656
20170308154819586,-0.0933509826660156
20170308154819587,-2.91622695922852
20170308154819588,-0.200162506103516
20170308154819589,-0.215421295166016
20170308154819590,-2.93148574829102
20170308154819591,0.0668663024902344
20170308154819592,-0.497708892822266
20170308154819593,-2.87045059204102
20170308154819594,0.318636322021484
20170308154819595,-0.497708892822266
20170308154819596,-2.93148574829102
20170308154819597,0.539888763427734
20170308154819598,-0.825772857666016
20170308154819599,-2.87807998657227
20170308154819600,0.532259368896484
20170308154819601,-0.947843170166016
20170308154819602,-2.89333877563477
20170308154819603,0.631441497802734
20170308154819604,-1.11568984985352
20170308154819605,-2.87045059204102
20170308154819606,0.829805755615234
20170308154819607,-1.07754287719727
20170308154819608,-2.74075088500977
20170308154819609,1.02817001342773
20170308154819610,-1.25301895141602
20170308154819611,-2.63393936157227
20170308154819612,0.814546966552734
20170308154819613,-1.58871231079102
20170308154819614,-2.45083389282227
20170308154819615,0.822176361083984
20170308154819616,-1.76418838500977
20170308154819617,-2.29061660766602
20170308154819618,0.623812103271484
20170308154819619,-1.92440567016602
20170308154819620,-2.16091690063477
20170308154819621,0.715364837646484
20170308154819622,-2.23721084594727
20170308154819623,-1.92440567016602
20170308154819624,0.608553314208984
20170308154819625,-2.27535781860352
20170308154819626,-1.74130020141602
20170308154819627,0.738253021240234
20170308154819628,-2.46609268188477
20170308154819629,-1.56582412719727
20170308154819630,0.593294525146484
20170308154819631,-2.51186904907227
20170308154819632,-1.55819473266602
20170308154819633,0.608553314208984
20170308154819634,-2.51949844360352
20170308154819635,-1.61922988891602
20170308154819636,0.677217864990234
20170308154819637,-2.58053359985352
20170308154819638,-1.48190078735352
20170308154819639,0.585665130615234
20170308154819640,-2.67971572875977
20170308154819641,-1.42086563110352
20170308154819642,0.501741790771484
20170308154819643,-2.82467422485352
20170308154819644,-1.20724258422852
20170308154819645,0.669588470458984
20170308154819646,-3.00015029907227
20170308154819647,-1.06228408813477
20170308154819648,0.593294525146484
20170308154819649,-2.91622695922852
20170308154819650,-1.16146621704102
20170308154819651,0.562776947021484
20170308154819652,-3.03829727172852
20170308154819653,-0.825772857666016
20170308154819654,0.379671478271484
20170308154819655,-2.97726211547852
20170308154819656,-0.619779205322266
20170308154819657,0.105013275146484
20170308154819658,-2.90859756469727
20170308154819659,-0.436673736572266
20170308154819660,-0.0780921936035156
20170308154819661,-3.00015029907227
20170308154819662,-0.215421295166016
20170308154819663,0.0592369079589844
20170308154819664,-2.92385635375977
20170308154819665,-0.268827056884766
20170308154819666,-0.139127349853516
20170308154819667,-2.97726211547852
20170308154819668,-0.306974029541016
20170308154819669,-0.131497955322266
20170308154819670,-2.95437393188477
20170308154819671,-0.360379791259766
20170308154819672,-0.0399452209472656
20170308154819673,-2.94674453735352
20170308154819674,-0.223050689697266
20170308154819675,-0.131497955322266
20170308154819676,-2.90096817016602
20170308154819677,-0.184903717041016
20170308154819678,-0.375638580322266
20170308154819679,-2.95437393188477
20170308154819680,-0.253568267822266
20170308154819681,-0.230680084228516
20170308154819682,-2.98489151000977
20170308154819683,-0.429044342041016
20170308154819684,-0.0017982482910156
20170308154819685,-2.96963272094727
20170308154819686,-0.375638580322266
20170308154819687,-0.123868560791016
20170308154819688,-2.94674453735352
20170308154819689,0.0058311462402344
20170308154819690,-0.284085845947266
20170308154819691,-2.93148574829102
20170308154819692,0.0134605407714844
20170308154819693,-0.314603424072266
20170308154819694,-2.93148574829102
20170308154819695,-0.291715240478516
20170308154819696,0.0439781188964844
20170308154819697,-2.96200332641602
20170308154819698,-0.268827056884766
20170308154819699,-0.131497955322266
20170308154819700,-2.93148574829102
20170308154819701,-0.291715240478516
20170308154819702,-0.0628334045410156
20170308154819703,-2.96200332641602
20170308154819704,-0.520597076416016
20170308154819705,-0.0475746154785156
20170308154819706,-2.97726211547852
20170308154819707,-0.444303131103516
20170308154819708,-0.139127349853516
20170308154819709,-3.01540908813477
20170308154819710,-0.352750396728516
20170308154819711,-0.108609771728516
20170308154819712,-2.96963272094727
20170308154819713,-0.512967681884766
20170308154819714,0.204195404052734
20170308154819715,-2.94674453735352
20170308154819716,-0.619779205322266
20170308154819717,0.0363487243652344
20170308154819718,-2.92385635375977
20170308154819719,-0.490079498291016
20170308154819720,0.158419036865234
20170308154819721,-2.88570938110352
20170308154819722,-0.581632232666016
20170308154819723,0.204195404052734
20170308154819724,-2.94674453735352
20170308154819725,-0.436673736572266
20170308154819726,0.0439781188964844
20170308154819727,-3.03066787719727
20170308154819728,-0.497708892822266
20170308154819729,0.181307220458984
20170308154819730,-3.00015029907227
20170308154819731,-0.421414947509766
20170308154819732,-0.0780921936035156
20170308154819733,-3.03829727172852
20170308154819734,-0.291715240478516
20170308154819735,0.0973838806152344
20170308154819736,-2.91622695922852
20170308154819737,-0.322232818603516
20170308154819738,-0.131497955322266
20170308154819739,-2.94674453735352
20170308154819740,-0.413785552978516
20170308154819741,-0.108609771728516
20170308154819742,-3.00015029907227
20170308154819743,-0.192533111572266
20170308154819744,-0.108609771728516
20170308154819745,-2.86282119750977
20170308154819746,-0.497708892822266
20170308154819747,0.257601165771484
20170308154819748,-2.91622695922852
20170308154819749,-0.337491607666016
20170308154819750,-0.0399452209472656
20170308154819751,-2.97726211547852
20170308154819752,-0.444303131103516
20170308154819753,-0.0704627990722656
20170308154819754,-2.96200332641602
20170308154819755,-0.230680084228516
20170308154819756,-0.223050689697266
20170308154819757,-2.90859756469727
20170308154819758,-0.0475746154785156
20170308154819759,-0.238309478759766
20170308154819760,-2.85519180297852
20170308154819761,0.0516075134277344
20170308154819762,-0.215421295166016
20170308154819763,-2.94674453735352
20170308154819764,-0.0017982482910156
20170308154819765,-0.238309478759766
20170308154819766,-2.93148574829102
20170308154819767,0.166048431396484
20170308154819768,-0.528226470947266
20170308154819769,-2.96200332641602
20170308154819770,0.150789642333984
20170308154819771,-0.223050689697266
20170308154819772,-2.82467422485352
20170308154819773,0.402559661865234
20170308154819774,-0.718961334228516
20170308154819775,-2.81704483032227
20170308154819776,0.738253021240234
20170308154819777,-0.932584381103516
20170308154819778,-2.77889785766602
20170308154819779,0.928987884521484
20170308154819780,-1.26827774047852
20170308154819781,-2.74075088500977
20170308154819782,0.776399993896484
20170308154819783,-1.42849502563477
20170308154819784,-2.48898086547852
20170308154819785,0.883211517333984
20170308154819786,-1.81759414672852
20170308154819787,-2.26009902954102
20170308154819788,0.616182708740234
20170308154819789,-1.85574111938477
20170308154819790,-2.19906387329102
20170308154819791,0.730623626708984
20170308154819792,-1.95492324829102
20170308154819793,-2.10751113891602
20170308154819794,0.700106048583984
20170308154819795,-2.22195205688477
20170308154819796,-1.81759414672852
20170308154819797,0.608553314208984
20170308154819798,-2.28298721313477
20170308154819799,-1.61160049438477
20170308154819800,0.669588470458984
20170308154819801,-2.62630996704102
20170308154819802,-1.50478897094727
20170308154819803,0.593294525146484
20170308154819804,-2.42794570922852
20170308154819805,-1.55819473266602
20170308154819806,0.608553314208984
20170308154819807,-2.37453994750977
20170308154819808,-1.60397109985352
20170308154819809,0.646700286865234
20170308154819810,-2.40505752563477
20170308154819811,-1.43612442016602
20170308154819812,0.669588470458984
20170308154819813,-2.68734512329102
20170308154819814,-1.37508926391602
20170308154819815,0.654329681396484
20170308154819816,-2.64919815063477
20170308154819817,-1.34457168579102
20170308154819818,0.585665130615234
20170308154819819,-2.87807998657227
20170308154819820,-1.19198379516602
20170308154819821,0.578035736083984
20170308154819822,-2.95437393188477
20170308154819823,-1.02413711547852
20170308154819824,0.646700286865234
20170308154819825,-2.93148574829102
20170308154819826,-1.01650772094727
20170308154819827,0.616182708740234
20170308154819828,-2.95437393188477
20170308154819829,-0.947843170166016
20170308154819830,0.433077239990234
20170308154819831,-3.02303848266602
20170308154819832,-0.802884674072266
20170308154819833,0.585665130615234
20170308154819834,-2.98489151000977
20170308154819835,-0.886808013916016
20170308154819836,0.372042083740234
20170308154819837,-3.01540908813477
20170308154819838,-0.696073150634766
20170308154819839,0.379671478271484
20170308154819840,-2.93911514282227
20170308154819841,-0.589261627197266
20170308154819842,0.333895111083984
20170308154819843,-2.90096817016602
20170308154819844,-0.490079498291016
20170308154819845,0.249971771240234
20170308154819846,-3.00777969360352
20170308154819847,-0.245938873291016
20170308154819848,-0.146756744384766
20170308154819849,-2.94674453735352
20170308154819850,-0.192533111572266
20170308154819851,-0.154386138916016
20170308154819852,-2.92385635375977
20170308154819853,-0.284085845947266
20170308154819854,-0.177274322509766
20170308154819855,-2.97726211547852
20170308154819856,-0.337491607666016
20170308154819857,-0.123868560791016
20170308154819858,-2.96963272094727
20170308154819859,-0.314603424072266
20170308154819860,-0.0780921936035156
20170308154819861,-2.99252090454102
20170308154819862,-0.368009185791016
20170308154819863,0.288118743896484
20170308154819864,-2.93148574829102
20170308154819865,-0.451932525634766
20170308154819866,0.0363487243652344
20170308154819867,-3.05355606079102
20170308154819868,-0.368009185791016
20170308154819869,-0.0628334045410156
20170308154819870,-3.02303848266602
20170308154819871,-0.413785552978516
20170308154819872,0.0363487243652344
20170308154819873,-3.00015029907227
20170308154819874,-0.497708892822266
20170308154819875,0.219454193115234
20170308154819876,-2.86282119750977
20170308154819877,-0.535855865478516
20170308154819878,0.364412689208984
20170308154819879,-2.93148574829102
20170308154819880,-0.474820709228516
20170308154819881,0.166048431396484
20170308154819882,-2.94674453735352
20170308154819883,-0.619779205322266
20170308154819884,0.288118743896484
20170308154819885,-2.99252090454102
20170308154819886,-0.558744049072266
20170308154819887,0.173677825927734
20170308154819888,-2.92385635375977
20170308154819889,-0.795255279541016
20170308154819890,0.356783294677734
20170308154819891,-2.96200332641602
20170308154819892,-1.03939590454102
20170308154819893,0.478853607177734
20170308154819894,-2.93911514282227
20170308154819895,-1.08517227172852
20170308154819896,0.379671478271484
20170308154819897,-3.00015029907227
20170308154819898,-1.21487197875977
20170308154819899,0.501741790771484
20170308154819900,-2.61105117797852
20170308154819901,-1.27590713500977
20170308154819902,0.509371185302734
20170308154819903,-2.71023330688477
20170308154819904,-1.28353652954102
20170308154819905,0.448336029052734
20170308154819906,-2.66445693969727
20170308154819907,-1.25301895141602
20170308154819908,0.593294525146484
20170308154819909,-2.86282119750977
20170308154819910,-1.10043106079102
20170308154819911,0.700106048583984
20170308154819912,-2.85519180297852
20170308154819913,-1.13857803344727
20170308154819914,0.555147552490234
20170308154819915,-2.90096817016602
20170308154819916,-1.10043106079102
20170308154819917,0.448336029052734
20170308154819918,-2.81704483032227
20170308154819919,-1.22250137329102
20170308154819920,0.585665130615234
20170308154819921,-2.69497451782227
20170308154819922,-1.38271865844727
20170308154819923,0.639070892333984
20170308154819924,-2.72549209594727
20170308154819925,-1.10806045532227
20170308154819926,0.532259368896484
20170308154819927,-2.89333877563477
20170308154819928,-0.932584381103516
20170308154819929,0.661959075927734
20170308154819930,-2.92385635375977
20170308154819931,-0.871549224853516
20170308154819932,0.410189056396484
20170308154819933,-2.92385635375977
20170308154819934,-0.825772857666016
20170308154819935,0.318636322021484
20170308154819936,-2.94674453735352
20170308154819937,-1.00124893188477
20170308154819938,0.463594818115234
20170308154819939,-2.97726211547852
20170308154819940,-0.581632232666016
20170308154819941,0.280489349365234
20170308154819942,-2.90096817016602
20170308154819943,-0.650296783447266
20170308154819944,0.272859954833984
20170308154819945,-2.96963272094727
20170308154819946,-0.688443756103516
20170308154819947,0.303377532958984
20170308154819948,-2.98489151000977
20170308154819949,-0.574002838134766
20170308154819950,0.234712982177734
20170308154819951,-2.98489151000977
20170308154819952,-0.673184967041016
20170308154819953,0.333895111083984
20170308154819954,-3.06881484985352
20170308154819955,-0.497708892822266
20170308154819956,0.181307220458984
20170308154819957,-2.94674453735352
20170308154819958,-0.535855865478516
20170308154819959,0.0516075134277344
20170308154819960,-2.96200332641602
20170308154819961,-0.406156158447266
20170308154819962,-0.0780921936035156
20170308154819963,-2.94674453735352
20170308154819964,-0.230680084228516
20170308154819965,-0.192533111572266
20170308154819966,-2.85519180297852
20170308154819967,-0.0399452209472656
20170308154819968,-0.0933509826660156
20170308154819969,-2.86282119750977
20170308154819970,-0.0399452209472656
20170308154819971,-0.368009185791016
20170308154819972,-2.93911514282227
20170308154819973,0.0134605407714844
20170308154819974,-0.276456451416016
20170308154819975,-2.89333877563477
20170308154819976,0.280489349365234
20170308154819977,-0.429044342041016
20170308154819978,-2.84756240844727
20170308154819979,0.333895111083984
20170308154819980,-0.612149810791016
20170308154819981,-2.87045059204102
20170308154819982,0.608553314208984
20170308154819983,-0.635037994384766
20170308154819984,-2.81704483032227
20170308154819985,0.692476654052734
20170308154819986,-0.970731353759766
20170308154819987,-2.82467422485352
20170308154819988,0.753511810302734
20170308154819989,-1.13094863891602
20170308154819990,-2.77889785766602
20170308154819991,0.806917572021484
20170308154819992,-1.15383682250977
20170308154819993,-2.68734512329102
20170308154819994,0.745882415771484
20170308154819995,-1.15383682250977
20170308154819996,-2.67208633422852
20170308154819997,0.791658782958984
20170308154819998,-1.34457168579102
20170308154819999,-2.56527481079102
20170308154820000,0.761141204833984
20170308154820001,-1.45901260375977
20170308154820002,-2.44320449829102
20170308154820003,0.722994232177734
20170308154820004,-1.44375381469727
20170308154820005,-2.51949844360352
20170308154820006,0.814546966552734
20170308154820007,-1.44375381469727
20170308154820008,-2.45846328735352
20170308154820009,0.852693939208984
20170308154820010,-1.57345352172852
20170308154820011,-2.36691055297852
20170308154820012,1.08157577514648
20170308154820013,-1.74130020141602
20170308154820014,-2.18380508422852
20170308154820015,0.860323333740234
20170308154820016,-1.93966445922852
20170308154820017,-2.16854629516602
20170308154820018,0.753511810302734
20170308154820019,-2.14565811157227
20170308154820020,-2.07699356079102
20170308154820021,0.578035736083984
20170308154820022,-2.00069961547852
20170308154820023,-1.80996475219727
20170308154820024,0.623812103271484
20170308154820025,-2.45846328735352
20170308154820026,-1.55819473266602
20170308154820027,0.738253021240234
20170308154820028,-2.71023330688477
20170308154820029,-1.49715957641602
20170308154820030,0.639070892333984
20170308154820031,-2.55764541625977
20170308154820032,-1.37508926391602
20170308154820033,0.608553314208984
20170308154820034,-2.63393936157227
20170308154820035,-1.38271865844727
20170308154820036,0.608553314208984
20170308154820037,-2.60342178344727
20170308154820038,-1.43612442016602
20170308154820039,0.532259368896484
20170308154820040,-2.53475723266602
20170308154820041,-1.46664199829102
20170308154820042,0.562776947021484
20170308154820043,-2.54238662719727
20170308154820044,-1.55056533813477
20170308154820045,0.669588470458984
20170308154820046,-2.42031631469727
20170308154820047,-1.50478897094727
20170308154820048,0.623812103271484
20170308154820049,-2.56527481079102
20170308154820050,-1.41323623657227
20170308154820051,0.799288177490234
20170308154820052,-2.59579238891602
20170308154820053,-1.42086563110352
20170308154820054,0.684847259521484
20170308154820055,-2.76363906860352
20170308154820056,-1.33694229125977
20170308154820057,0.608553314208984
20170308154820058,-2.71786270141602
20170308154820059,-1.23776016235352
20170308154820060,0.570406341552734
20170308154820061,-2.70260391235352
20170308154820062,-1.35983047485352
20170308154820063,0.639070892333984
20170308154820064,-2.71786270141602
20170308154820065,-1.41323623657227
20170308154820066,0.532259368896484
20170308154820067,-2.57290420532227
20170308154820068,-1.52767715454102
20170308154820069,0.539888763427734
20170308154820070,-2.43557510375977
20170308154820071,-1.58871231079102
20170308154820072,0.692476654052734
20170308154820073,-2.45083389282227
20170308154820074,-1.53530654907227
20170308154820075,0.669588470458984
20170308154820076,-2.58816299438477
20170308154820077,-1.42849502563477
20170308154820078,0.646700286865234
20170308154820079,-2.56527481079102
20170308154820080,-1.39034805297852
20170308154820081,0.646700286865234
20170308154820082,-2.83230361938477
20170308154820083,-1.29879531860352
20170308154820084,0.639070892333984
20170308154820085,-2.90859756469727
20170308154820086,-1.29879531860352
20170308154820087,0.616182708740234
20170308154820088,-2.93148574829102
20170308154820089,-1.13857803344727
20170308154820090,0.570406341552734
20170308154820091,-2.87807998657227
20170308154820092,-1.05465469360352
20170308154820093,0.463594818115234
20170308154820094,-2.89333877563477
20170308154820095,-1.00124893188477
20170308154820096,0.486483001708984
20170308154820097,-3.00015029907227
20170308154820098,-0.749478912353516
20170308154820099,0.349153900146484
20170308154820100,-2.94674453735352
20170308154820101,-1.01650772094727
20170308154820102,0.471224212646484
20170308154820103,-3.00015029907227
20170308154820104,-0.917325592041016
20170308154820105,0.341524505615234
20170308154820106,-2.92385635375977
20170308154820107,-0.772367095947266
20170308154820108,0.394930267333984
20170308154820109,-2.98489151000977
20170308154820110,-0.581632232666016
20170308154820111,0.433077239990234
20170308154820112,-2.98489151000977
20170308154820113,-0.566373443603516
20170308154820114,0.349153900146484
20170308154820115,-3.00777969360352
20170308154820116,-0.368009185791016
20170308154820117,0.0973838806152344
20170308154820118,-2.95437393188477
20170308154820119,-0.200162506103516
20170308154820120,0.0134605407714844
20170308154820121,-2.83230361938477
20170308154820122,-0.337491607666016
20170308154820123,-0.0857215881347656
20170308154820124,-2.96963272094727
20170308154820125,0.0668663024902344
20170308154820126,-0.0246864318847656
20170308154820127,-2.83993301391602
20170308154820128,-0.131497955322266
20170308154820129,-0.261197662353516
20170308154820130,-2.87807998657227
20170308154820131,0.105013275146484
20170308154820132,-0.451932525634766
20170308154820133,-2.88570938110352
20170308154820134,0.608553314208984
20170308154820135,-0.490079498291016
20170308154820136,-2.84756240844727
20170308154820137,0.539888763427734
20170308154820138,-0.787625885009766
20170308154820139,-2.80178604125977
20170308154820140,0.753511810302734
20170308154820141,-0.978360748291016
20170308154820142,-2.67208633422852
20170308154820143,0.890840911865234
20170308154820144,-1.19961318969727
20170308154820145,-2.67208633422852
20170308154820146,0.860323333740234
20170308154820147,-1.44375381469727
20170308154820148,-2.53475723266602
20170308154820149,0.822176361083984
20170308154820150,-1.53530654907227
20170308154820151,-2.53475723266602
20170308154820152,0.753511810302734
20170308154820153,-1.55056533813477
20170308154820154,-2.58053359985352
20170308154820155,0.799288177490234
20170308154820156,-1.54293594360352
20170308154820157,-2.49661026000977
20170308154820158,0.677217864990234
20170308154820159,-1.50478897094727
20170308154820160,-2.31350479125977
20170308154820161,0.860323333740234
20170308154820162,-1.75655899047852
20170308154820163,-2.22195205688477
20170308154820164,0.784029388427734
20170308154820165,-1.99307022094727
20170308154820166,-2.04647598266602
20170308154820167,0.730623626708984
20170308154820168,-2.09988174438477
20170308154820169,-1.84811172485352
20170308154820170,0.707735443115234
20170308154820171,-2.06936416625977
20170308154820172,-2.11514053344727
20170308154820173,0.928987884521484
20170308154820174,-2.17617568969727
20170308154820175,-1.93203506469727
20170308154820176,0.692476654052734
20170308154820177,-2.09988174438477
20170308154820178,-1.80996475219727
20170308154820179,0.654329681396484
20170308154820180,-2.27535781860352
20170308154820181,-1.74892959594727
20170308154820182,0.684847259521484
20170308154820183,-2.26009902954102
20170308154820184,-1.54293594360352
20170308154820185,0.631441497802734
20170308154820186,-2.37453994750977
20170308154820187,-1.70315322875977
20170308154820188,0.837435150146484
20170308154820189,-2.42794570922852
20170308154820190,-1.41323623657227
20170308154820191,0.623812103271484
20170308154820192,-2.77889785766602
20170308154820193,-1.42086563110352
20170308154820194,0.585665130615234
20170308154820195,-2.76363906860352
20170308154820196,-1.38271865844727
20170308154820197,0.578035736083984
20170308154820198,-2.67971572875977
20170308154820199,-1.34457168579102
20170308154820200,0.532259368896484
20170308154820201,-2.69497451782227
20170308154820202,-1.50478897094727
20170308154820203,0.639070892333984
20170308154820204,-2.67971572875977
20170308154820205,-1.42849502563477
20170308154820206,0.562776947021484
20170308154820207,-2.53475723266602
20170308154820208,-1.59634170532227
20170308154820209,0.593294525146484
20170308154820210,-2.35928115844727
20170308154820211,-1.61922988891602
20170308154820212,0.784029388427734
20170308154820213,-2.45083389282227
20170308154820214,-1.60397109985352
20170308154820215,0.707735443115234
20170308154820216,-2.44320449829102
20170308154820217,-1.63448867797852
20170308154820218,0.631441497802734
20170308154820219,-2.35165176391602
20170308154820220,-1.75655899047852
20170308154820221,0.661959075927734
20170308154820222,-2.47372207641602
20170308154820223,-1.68789443969727
20170308154820224,0.692476654052734
20170308154820225,-2.42794570922852
20170308154820226,-1.57345352172852
20170308154820227,0.677217864990234
20170308154820228,-2.41268692016602
20170308154820229,-1.58871231079102
20170308154820230,0.631441497802734
20170308154820231,-2.48135147094727
20170308154820232,-1.51241836547852
20170308154820233,0.684847259521484
20170308154820234,-2.55001602172852
20170308154820235,-1.48953018188477
20170308154820236,0.776399993896484
20170308154820237,-2.64919815063477
20170308154820238,-1.38271865844727
20170308154820239,0.501741790771484
20170308154820240,-2.47372207641602
20170308154820241,-1.58871231079102
20170308154820242,0.639070892333984
20170308154820243,-2.32876358032227
20170308154820244,-1.52767715454102
20170308154820245,0.738253021240234
20170308154820246,-2.25246963500977
20170308154820247,-1.61922988891602
20170308154820248,0.562776947021484
20170308154820249,-2.35928115844727
20170308154820250,-1.61922988891602
20170308154820251,0.700106048583984
20170308154820252,-2.14565811157227
20170308154820253,-1.89388809204102
20170308154820254,0.753511810302734
20170308154820255,-2.19906387329102
20170308154820256,-1.99307022094727
20170308154820257,0.898470306396484
20170308154820258,-2.07699356079102
20170308154820259,-1.84048233032227
20170308154820260,0.745882415771484
20170308154820261,-2.32876358032227
20170308154820262,-1.63448867797852
20170308154820263,0.600923919677734
20170308154820264,-2.22958145141602
20170308154820265,-1.61160049438477
20170308154820266,0.745882415771484
20170308154820267,-2.66445693969727
20170308154820268,-1.42086563110352
20170308154820269,0.616182708740234
20170308154820270,-2.89333877563477
20170308154820271,-1.14620742797852
20170308154820272,0.608553314208984
20170308154820273,-3.00015029907227
20170308154820274,-0.963101959228516
20170308154820275,0.455965423583984
20170308154820276,-2.99252090454102
20170308154820277,-0.932584381103516
20170308154820278,0.425447845458984
20170308154820279,-2.88570938110352
20170308154820280,-0.612149810791016
20170308154820281,0.364412689208984
20170308154820282,-2.93148574829102
20170308154820283,-0.726590728759766
20170308154820284,0.394930267333984
20170308154820285,-2.90859756469727
20170308154820286,-0.589261627197266
20170308154820287,0.249971771240234
20170308154820288,-2.89333877563477
20170308154820289,-0.581632232666016
20170308154820290,0.303377532958984
20170308154820291,-2.90096817016602
20170308154820292,-0.459561920166016
20170308154820293,0.402559661865234
20170308154820294,-2.91622695922852
20170308154820295,-0.535855865478516
20170308154820296,0.333895111083984
20170308154820297,-2.94674453735352
20170308154820298,-0.406156158447266
20170308154820299,0.112642669677734
20170308154820300,-2.88570938110352
20170308154820301,-0.345121002197266
20170308154820302,0.0363487243652344
20170308154820303,-2.98489151000977
20170308154820304,-0.0857215881347656
20170308154820305,-0.268827056884766
20170308154820306,-2.93148574829102
20170308154820307,0.326265716552734
20170308154820308,-0.421414947509766
20170308154820309,-2.82467422485352
20170308154820310,0.623812103271484
20170308154820311,-0.703702545166016
20170308154820312,-2.86282119750977
20170308154820313,0.585665130615234
20170308154820314,-0.512967681884766
20170308154820315,-2.80941543579102
20170308154820316,0.524629974365234
20170308154820317,-0.787625885009766
20170308154820318,-2.83230361938477
20170308154820319,0.562776947021484
20170308154820320,-0.940213775634766
20170308154820321,-2.81704483032227
20170308154820322,0.822176361083984
20170308154820323,-1.09280166625977
20170308154820324,-2.62630996704102
20170308154820325,0.829805755615234
20170308154820326,-1.13094863891602
20170308154820327,-2.67208633422852
20170308154820328,0.639070892333984
20170308154820329,-1.00887832641602
20170308154820330,-2.71786270141602
20170308154820331,0.890840911865234
20170308154820332,-1.03939590454102
20170308154820333,-2.68734512329102
20170308154820334,0.928987884521484
20170308154820335,-1.15383682250977
20170308154820336,-2.58816299438477
20170308154820337,0.875582122802734
20170308154820338,-1.35220108032227
20170308154820339,-2.46609268188477
20170308154820340,1.06631698608398
20170308154820341,-1.32168350219727
20170308154820342,-2.48135147094727
20170308154820343,0.753511810302734
20170308154820344,-1.37508926391602
20170308154820345,-2.52712783813477
20170308154820346,0.898470306396484
20170308154820347,-1.48190078735352
20170308154820348,-2.48898086547852
20170308154820349,0.822176361083984
20170308154820350,-1.82522354125977
20170308154820351,-2.38979873657227
20170308154820352,0.684847259521484
20170308154820353,-1.93203506469727
20170308154820354,-2.26772842407227
20170308154820355,0.684847259521484
20170308154820356,-1.90151748657227
20170308154820357,-2.19143447875977
20170308154820358,0.608553314208984
20170308154820359,-1.88625869750977
20170308154820360,-2.19906387329102
20170308154820361,0.768770599365234
20170308154820362,-1.88625869750977
20170308154820363,-2.16091690063477
20170308154820364,0.753511810302734
20170308154820365,-1.85574111938477
20170308154820366,-2.19906387329102
20170308154820367,0.669588470458984
20170308154820368,-1.76418838500977
20170308154820369,-2.16091690063477
20170308154820370,0.677217864990234
20170308154820371,-1.88625869750977
20170308154820372,-2.09988174438477
20170308154820373,0.639070892333984
20170308154820374,-1.94729385375977
20170308154820375,-2.18380508422852
20170308154820376,0.623812103271484
20170308154820377,-2.07699356079102
20170308154820378,-1.99307022094727
20170308154820379,0.623812103271484
20170308154820380,-2.02358779907227
20170308154820381,-2.06936416625977
20170308154820382,0.616182708740234
20170308154820383,-2.14565811157227
20170308154820384,-1.93966445922852
20170308154820385,0.768770599365234
20170308154820386,-2.09225234985352
20170308154820387,-2.01595840454102
20170308154820388,0.600923919677734
20170308154820389,-2.13039932250977
20170308154820390,-1.94729385375977
20170308154820391,0.745882415771484
20170308154820392,-2.25246963500977
20170308154820393,-1.78707656860352
20170308154820394,0.722994232177734
20170308154820395,-2.21432266235352
20170308154820396,-1.67263565063477
20170308154820397,0.661959075927734
20170308154820398,-2.32113418579102
20170308154820399,-1.81759414672852
20170308154820400,0.631441497802734
20170308154820401,-2.26772842407227
20170308154820402,-1.75655899047852
20170308154820403,0.654329681396484
20170308154820404,-2.37453994750977
20170308154820405,-1.71078262329102
20170308154820406,0.639070892333984
20170308154820407,-2.35165176391602
20170308154820408,-1.55056533813477
20170308154820409,0.562776947021484
20170308154820410,-2.35165176391602
20170308154820411,-1.70315322875977
20170308154820412,0.684847259521484
20170308154820413,-2.20669326782227
20170308154820414,-1.77181777954102
20170308154820415,0.898470306396484
20170308154820416,-2.28298721313477
20170308154820417,-1.70315322875977
20170308154820418,0.646700286865234
20170308154820419,-2.33639297485352
20170308154820420,-1.49715957641602
20170308154820421,0.677217864990234
20170308154820422,-2.58053359985352
20170308154820423,-1.48953018188477
20170308154820424,0.600923919677734
20170308154820425,-2.58053359985352
20170308154820426,-1.49715957641602
20170308154820427,0.608553314208984
20170308154820428,-2.47372207641602
20170308154820429,-1.50478897094727
20170308154820430,0.646700286865234
20170308154820431,-2.37453994750977
20170308154820432,-1.49715957641602
20170308154820433,0.661959075927734
20170308154820434,-2.56527481079102
20170308154820435,-1.39797744750977
20170308154820436,0.623812103271484
20170308154820437,-2.83993301391602
20170308154820438,-1.03939590454102
20170308154820439,0.517000579833984
20170308154820440,-2.95437393188477
20170308154820441,-0.932584381103516
20170308154820442,0.585665130615234
20170308154820443,-2.94674453735352
20170308154820444,-0.680814361572266
20170308154820445,0.455965423583984
20170308154820446,-3.00015029907227
20170308154820447,-0.490079498291016
20170308154820448,0.326265716552734
20170308154820449,-2.87807998657227
20170308154820450,-0.551114654541016
20170308154820451,0.227083587646484
20170308154820452,-2.88570938110352
20170308154820453,-0.352750396728516
20170308154820454,0.0134605407714844
20170308154820455,-2.89333877563477
20170308154820456,-0.276456451416016
20170308154820457,-0.116239166259766
20170308154820458,-2.90859756469727
20170308154820459,0.364412689208984
20170308154820460,-0.558744049072266
20170308154820461,-2.90096817016602
20170308154820462,0.471224212646484
20170308154820463,-0.696073150634766
20170308154820464,-2.89333877563477
20170308154820465,0.631441497802734
20170308154820466,-0.932584381103516
20170308154820467,-2.82467422485352
20170308154820468,0.913729095458984
20170308154820469,-0.932584381103516
20170308154820470,-2.74075088500977
20170308154820471,0.761141204833984
20170308154820472,-1.10043106079102
20170308154820473,-2.71786270141602
20170308154820474,0.761141204833984
20170308154820475,-0.955472564697266
20170308154820476,-2.71023330688477
20170308154820477,0.799288177490234
20170308154820478,-1.03939590454102
20170308154820479,-2.62630996704102
20170308154820480,0.806917572021484
20170308154820481,-1.10806045532227
20170308154820482,-2.71786270141602
20170308154820483,0.753511810302734
20170308154820484,-1.39797744750977
20170308154820485,-2.56527481079102
20170308154820486,0.745882415771484
20170308154820487,-1.59634170532227
20170308154820488,-2.32113418579102
20170308154820489,0.730623626708984
20170308154820490,-1.69552383422852
20170308154820491,-2.24484024047852
20170308154820492,0.677217864990234
20170308154820493,-1.77181777954102
20170308154820494,-2.13039932250977
20170308154820495,0.730623626708984
20170308154820496,-1.89388809204102
20170308154820497,-2.13039932250977
20170308154820498,0.875582122802734
20170308154820499,-2.11514053344727
20170308154820500,-1.89388809204102
20170308154820501,0.715364837646484
20170308154820502,-2.14565811157227
20170308154820503,-2.07699356079102
20170308154820504,0.669588470458984
20170308154820505,-2.04647598266602
20170308154820506,-2.18380508422852
20170308154820507,0.631441497802734
20170308154820508,-1.96255264282227
20170308154820509,-2.08462295532227
20170308154820510,0.768770599365234
20170308154820511,-1.93966445922852
20170308154820512,-2.21432266235352
20170308154820513,0.852693939208984
20170308154820514,-1.84048233032227
20170308154820515,-2.27535781860352
20170308154820516,0.646700286865234
20170308154820517,-1.89388809204102
20170308154820518,-2.23721084594727
20170308154820519,0.784029388427734
20170308154820520,-1.97018203735352
20170308154820521,-2.19143447875977
20170308154820522,0.722994232177734
20170308154820523,-1.88625869750977
20170308154820524,-2.11514053344727
20170308154820525,0.768770599365234
20170308154820526,-2.00832901000977
20170308154820527,-1.97781143188477
20170308154820528,0.761141204833984
20170308154820529,-2.13039932250977
20170308154820530,-1.93203506469727
20170308154820531,0.883211517333984
20170308154820532,-2.24484024047852
20170308154820533,-1.93203506469727
20170308154820534,0.768770599365234
20170308154820535,-2.28298721313477
20170308154820536,-1.79470596313477
20170308154820537,0.753511810302734
20170308154820538,-2.29824600219727
20170308154820539,-1.65737686157227
20170308154820540,0.921358489990234
20170308154820541,-2.29061660766602
20170308154820542,-1.74892959594727
20170308154820543,0.631441497802734
20170308154820544,-2.19143447875977
20170308154820545,-1.96255264282227
20170308154820546,0.860323333740234
20170308154820547,-2.20669326782227
20170308154820548,-1.99307022094727
20170308154820549,0.639070892333984
20170308154820550,-2.02358779907227
20170308154820551,-2.08462295532227
20170308154820552,0.608553314208984
20170308154820553,-2.06936416625977
20170308154820554,-2.00069961547852
20170308154820555,0.623812103271484
20170308154820556,-2.13802871704102
20170308154820557,-1.95492324829102
20170308154820558,0.623812103271484
20170308154820559,-2.18380508422852
20170308154820560,-1.86337051391602
20170308154820561,0.822176361083984
20170308154820562,-2.18380508422852
20170308154820563,-1.88625869750977
20170308154820564,0.730623626708984
20170308154820565,-2.33639297485352
20170308154820566,-1.53530654907227
20170308154820567,0.730623626708984
20170308154820568,-2.64919815063477
20170308154820569,-1.36745986938477
20170308154820570,0.562776947021484
20170308154820571,-2.58053359985352
20170308154820572,-1.42849502563477
20170308154820573,0.692476654052734
20170308154820574,-2.70260391235352
20170308154820575,-1.39034805297852
20170308154820576,0.517000579833984
20170308154820577,-2.73312149047852
20170308154820578,-1.23013076782227
20170308154820579,0.517000579833984
20170308154820580,-2.82467422485352
20170308154820581,-1.09280166625977
20170308154820582,0.578035736083984
20170308154820583,-2.93911514282227
20170308154820584,-0.955472564697266
20170308154820585,0.532259368896484
20170308154820586,-2.96963272094727
20170308154820587,-0.856290435791016
20170308154820588,0.509371185302734
20170308154820589,-2.97726211547852
20170308154820590,-0.467191314697266
20170308154820591,0.303377532958984
20170308154820592,-2.87045059204102
20170308154820593,-0.497708892822266
20170308154820594,0.249971771240234
20170308154820595,-2.97726211547852
20170308154820596,-0.200162506103516
20170308154820597,-0.0552040100097656
20170308154820598,-2.95437393188477
20170308154820599,-0.398526763916016
20170308154820600,-0.123868560791016
20170308154820601,-3.00777969360352
20170308154820602,-0.139127349853516
20170308154820603,-0.284085845947266
20170308154820604,-2.93148574829102
20170308154820605,-0.100980377197266
20170308154820606,-0.230680084228516
20170308154820607,-2.90096817016602
20170308154820608,-0.123868560791016
20170308154820609,-0.245938873291016
20170308154820610,-2.93911514282227
20170308154820611,0.120272064208984
20170308154820612,-0.337491607666016
20170308154820613,-2.81704483032227
20170308154820614,0.326265716552734
20170308154820615,-0.512967681884766
20170308154820616,-2.84756240844727
20170308154820617,0.494112396240234
20170308154820618,-0.734220123291016
20170308154820619,-2.82467422485352
20170308154820620,0.791658782958984
20170308154820621,-0.924954986572266
20170308154820622,-2.77889785766602
20170308154820623,0.814546966552734
20170308154820624,-1.06991348266602
20170308154820625,-2.74838027954102
20170308154820626,0.753511810302734
20170308154820627,-1.16909561157227
20170308154820628,-2.64919815063477
20170308154820629,1.02054061889648
20170308154820630,-1.09280166625977
20170308154820631,-2.55764541625977
20170308154820632,0.959505462646484
20170308154820633,-1.04702529907227
20170308154820634,-2.53475723266602
20170308154820635,0.745882415771484
20170308154820636,-1.12331924438477
20170308154820637,-2.82467422485352
20170308154820638,0.822176361083984
20170308154820639,-0.993619537353516
20170308154820640,-2.71023330688477
20170308154820641,0.845064544677734
20170308154820642,-1.16146621704102
20170308154820643,-2.51186904907227
20170308154820644,0.700106048583984
20170308154820645,-1.23776016235352
20170308154820646,-2.61868057250977
20170308154820647,0.822176361083984
20170308154820648,-1.27590713500977
20170308154820649,-2.58816299438477
20170308154820650,0.768770599365234
20170308154820651,-1.39034805297852
20170308154820652,-2.58816299438477
20170308154820653,0.959505462646484
20170308154820654,-1.33694229125977
20170308154820655,-2.44320449829102
20170308154820656,0.936617279052734
20170308154820657,-1.48190078735352
20170308154820658,-2.49661026000977
20170308154820659,0.722994232177734
20170308154820660,-1.55819473266602
20170308154820661,-2.38979873657227
20170308154820662,0.715364837646484
20170308154820663,-1.78707656860352
20170308154820664,-2.26772842407227
20170308154820665,0.761141204833984
20170308154820666,-1.64211807250977
20170308154820667,-2.36691055297852
20170308154820668,0.715364837646484
20170308154820669,-1.77181777954102
20170308154820670,-2.18380508422852
20170308154820671,0.677217864990234
20170308154820672,-1.80996475219727
20170308154820673,-2.30587539672852
20170308154820674,0.913729095458984
20170308154820675,-1.78707656860352
20170308154820676,-2.21432266235352
20170308154820677,0.669588470458984
20170308154820678,-1.80233535766602
20170308154820679,-2.18380508422852
20170308154820680,0.646700286865234
20170308154820681,-1.93966445922852
20170308154820682,-2.00832901000977
20170308154820683,0.776399993896484
20170308154820684,-2.23721084594727
20170308154820685,-1.99307022094727
20170308154820686,0.684847259521484
20170308154820687,-2.16854629516602
20170308154820688,-2.03884658813477
20170308154820689,0.684847259521484
20170308154820690,-2.17617568969727
20170308154820691,-2.00069961547852
20170308154820692,0.578035736083984
20170308154820693,-2.20669326782227
20170308154820694,-1.85574111938477
20170308154820695,0.700106048583984
20170308154820696,-2.24484024047852
20170308154820697,-1.77181777954102
20170308154820698,0.623812103271484
20170308154820699,-2.16091690063477
20170308154820700,-1.87862930297852
20170308154820701,0.784029388427734
20170308154820702,-2.35928115844727
20170308154820703,-1.64974746704102
20170308154820704,0.692476654052734
20170308154820705,-2.48898086547852
20170308154820706,-1.33694229125977
20170308154820707,0.524629974365234
20170308154820708,-2.43557510375977
20170308154820709,-1.54293594360352
20170308154820710,0.745882415771484
20170308154820711,-2.54238662719727
20170308154820712,-1.52004776000977
20170308154820713,0.669588470458984
20170308154820714,-2.57290420532227
20170308154820715,-1.55056533813477
20170308154820716,0.402559661865234
20170308154820717,-2.35928115844727
20170308154820718,-1.64974746704102
20170308154820719,0.600923919677734
20170308154820720,-2.35928115844727
20170308154820721,-1.64974746704102
20170308154820722,0.722994232177734
20170308154820723,-2.45083389282227
20170308154820724,-1.57345352172852
20170308154820725,0.829805755615234
20170308154820726,-2.31350479125977
20170308154820727,-1.52004776000977
20170308154820728,0.875582122802734
20170308154820729,-2.44320449829102
20170308154820730,-1.57345352172852
20170308154820731,0.692476654052734
20170308154820732,-2.54238662719727
20170308154820733,-1.42849502563477
20170308154820734,0.600923919677734
20170308154820735,-2.64919815063477
20170308154820736,-1.35983047485352
20170308154820737,0.730623626708984
20170308154820738,-2.79415664672852
20170308154820739,-1.13857803344727
20170308154820740,0.806917572021484
20170308154820741,-2.88570938110352
20170308154820742,-0.970731353759766
20170308154820743,0.707735443115234
20170308154820744,-2.85519180297852
20170308154820745,-0.917325592041016
20170308154820746,0.471224212646484
20170308154820747,-2.93148574829102
20170308154820748,-0.810514068603516
20170308154820749,0.394930267333984
20170308154820750,-2.92385635375977
20170308154820751,-0.627408599853516
20170308154820752,0.364412689208984
20170308154820753,-2.96963272094727
20170308154820754,-0.406156158447266
20170308154820755,0.0821250915527344
20170308154820756,-2.96200332641602
20170308154820757,-0.207791900634766
20170308154820758,-0.146756744384766
20170308154820759,-2.91622695922852
20170308154820760,0.311006927490234
20170308154820761,-0.490079498291016
20170308154820762,-2.83993301391602
20170308154820763,0.341524505615234
20170308154820764,-0.596891021728516
20170308154820765,-2.87045059204102
20170308154820766,0.532259368896484
20170308154820767,-0.764737701416016
20170308154820768,-2.80941543579102
20170308154820769,0.440706634521484
20170308154820770,-0.734220123291016
20170308154820771,-2.85519180297852
20170308154820772,0.478853607177734
20170308154820773,-0.787625885009766
20170308154820774,-2.82467422485352
20170308154820775,0.402559661865234
20170308154820776,-0.696073150634766
20170308154820777,-2.86282119750977
20170308154820778,0.585665130615234
20170308154820779,-0.894437408447266
20170308154820780,-2.83993301391602
20170308154820781,0.555147552490234
20170308154820782,-0.909696197509766
20170308154820783,-2.89333877563477
20170308154820784,0.517000579833984
20170308154820785,-0.970731353759766
20170308154820786,-2.80941543579102
20170308154820787,0.631441497802734
20170308154820788,-0.963101959228516
20170308154820789,-2.84756240844727
20170308154820790,0.806917572021484
20170308154820791,-1.10806045532227
20170308154820792,-2.72549209594727
20170308154820793,0.967134857177734
20170308154820794,-1.08517227172852
20170308154820795,-2.70260391235352
20170308154820796,1.03579940795898
20170308154820797,-1.15383682250977
20170308154820798,-2.72549209594727
20170308154820799,0.867952728271484
20170308154820800,-1.28353652954102
20170308154820801,-2.71023330688477
20170308154820802,0.883211517333984
20170308154820803,-1.49715957641602
20170308154820804,-2.61868057250977
20170308154820805,0.730623626708984
20170308154820806,-1.27590713500977
20170308154820807,-2.48898086547852
20170308154820808,0.753511810302734
20170308154820809,-1.52767715454102
20170308154820810,-2.45083389282227
20170308154820811,0.684847259521484
20170308154820812,-1.48190078735352
20170308154820813,-2.47372207641602
20170308154820814,0.738253021240234
20170308154820815,-1.45901260375977
20170308154820816,-2.55764541625977
20170308154820817,0.806917572021484
20170308154820818,-1.55056533813477
20170308154820819,-2.49661026000977
20170308154820820,0.700106048583984
20170308154820821,-1.47427139282227
20170308154820822,-2.56527481079102
20170308154820823,0.745882415771484
20170308154820824,-1.47427139282227
20170308154820825,-2.47372207641602
20170308154820826,0.722994232177734
20170308154820827,-1.22250137329102
20170308154820828,-2.54238662719727
20170308154820829,0.768770599365234
20170308154820830,-1.26064834594727
20170308154820831,-2.56527481079102
20170308154820832,0.829805755615234
20170308154820833,-1.25301895141602
20170308154820834,-2.49661026000977
20170308154820835,0.722994232177734
20170308154820836,-1.42086563110352
20170308154820837,-2.61868057250977
20170308154820838,0.860323333740234
20170308154820839,-1.48190078735352
20170308154820840,-2.45846328735352
20170308154820841,0.745882415771484
20170308154820842,-1.66500625610352
20170308154820843,-2.28298721313477
20170308154820844,0.707735443115234
20170308154820845,-1.80996475219727
20170308154820846,-2.22958145141602
20170308154820847,0.921358489990234
20170308154820848,-1.70315322875977
20170308154820849,-2.39742813110352
20170308154820850,0.692476654052734
20170308154820851,-1.76418838500977
20170308154820852,-2.26009902954102
20170308154820853,0.631441497802734
20170308154820854,-1.74130020141602
20170308154820855,-2.32876358032227
20170308154820856,0.677217864990234
20170308154820857,-1.61160049438477
20170308154820858,-2.32876358032227
20170308154820859,0.600923919677734
20170308154820860,-1.69552383422852
20170308154820861,-2.22958145141602
20170308154820862,0.921358489990234
20170308154820863,-1.71841201782227
20170308154820864,-2.23721084594727
20170308154820865,0.646700286865234
20170308154820866,-1.80233535766602
20170308154820867,-2.07699356079102
20170308154820868,0.967134857177734
20170308154820869,-2.21432266235352
20170308154820870,-1.77944717407227
20170308154820871,0.654329681396484
20170308154820872,-2.31350479125977
20170308154820873,-1.73367080688477
20170308154820874,0.715364837646484
20170308154820875,-2.32113418579102
20170308154820876,-1.62685928344727
20170308154820877,0.745882415771484
20170308154820878,-2.54238662719727
20170308154820879,-1.38271865844727
20170308154820880,0.600923919677734
20170308154820881,-2.87807998657227
20170308154820882,-1.10806045532227
20170308154820883,0.539888763427734
20170308154820884,-2.97726211547852
20170308154820885,-0.894437408447266
20170308154820886,0.394930267333984
20170308154820887,-3.01540908813477
20170308154820888,-0.818143463134766
20170308154820889,0.402559661865234
20170308154820890,-3.05355606079102
20170308154820891,-0.627408599853516
20170308154820892,0.257601165771484
20170308154820893,-2.96200332641602
20170308154820894,-0.543485260009766
20170308154820895,0.158419036865234
20170308154820896,-2.93148574829102
20170308154820897,-0.314603424072266
20170308154820898,-0.0170570373535156
20170308154820899,-2.97726211547852
20170308154820900,-0.131497955322266
20170308154820901,-0.238309478759766
20170308154820902,-2.90096817016602
20170308154820903,0.211824798583984
20170308154820904,-0.505338287353516
20170308154820905,-2.77889785766602
20170308154820906,0.196566009521484
20170308154820907,-0.551114654541016
20170308154820908,-2.84756240844727
20170308154820909,0.745882415771484
20170308154820910,-0.795255279541016
20170308154820911,-2.84756240844727
20170308154820912,0.623812103271484
20170308154820913,-0.924954986572266
20170308154820914,-2.77889785766602
20170308154820915,0.799288177490234
20170308154820916,-1.10043106079102
20170308154820917,-2.75600967407227
20170308154820918,1.02054061889648
20170308154820919,-1.20724258422852
20170308154820920,-2.76363906860352
20170308154820921,0.761141204833984
20170308154820922,-1.22250137329102
20170308154820923,-2.68734512329102
20170308154820924,1.05105819702148
20170308154820925,-1.32168350219727
20170308154820926,-2.55001602172852
20170308154820927,0.722994232177734
20170308154820928,-1.45901260375977
20170308154820929,-2.54238662719727
20170308154820930,0.715364837646484
20170308154820931,-1.61922988891602
20170308154820932,-2.41268692016602
20170308154820933,0.715364837646484
20170308154820934,-1.66500625610352
20170308154820935,-2.26772842407227
20170308154820936,0.616182708740234
20170308154820937,-1.75655899047852
20170308154820938,-2.29824600219727
20170308154820939,0.677217864990234
20170308154820940,-1.93966445922852
20170308154820941,-2.28298721313477
20170308154820942,0.707735443115234
20170308154820943,-1.88625869750977
20170308154820944,-2.09225234985352
20170308154820945,0.738253021240234
20170308154820946,-2.06173477172852
20170308154820947,-2.03884658813477
20170308154820948,0.654329681396484
20170308154820949,-1.97781143188477
20170308154820950,-2.13039932250977
20170308154820951,0.707735443115234
20170308154820952,-1.94729385375977
20170308154820953,-2.16854629516602
20170308154820954,0.646700286865234
20170308154820955,-1.76418838500977
20170308154820956,-2.33639297485352
20170308154820957,0.921358489990234
20170308154820958,-1.63448867797852
20170308154820959,-2.43557510375977
20170308154820960,0.700106048583984
20170308154820961,-1.76418838500977
20170308154820962,-2.30587539672852
20170308154820963,0.890840911865234
20170308154820964,-1.75655899047852
20170308154820965,-2.28298721313477
20170308154820966,0.646700286865234
20170308154820967,-1.90914688110352
20170308154820968,-2.19143447875977
20170308154820969,0.791658782958984
20170308154820970,-2.04647598266602
20170308154820971,-2.20669326782227
20170308154820972,0.623812103271484
20170308154820973,-2.13039932250977
20170308154820974,-2.22195205688477
20170308154820975,0.646700286865234
20170308154820976,-1.84811172485352
20170308154820977,-2.24484024047852
20170308154820978,0.692476654052734
20170308154820979,-1.80996475219727
20170308154820980,-2.13802871704102
20170308154820981,0.608553314208984
20170308154820982,-1.95492324829102
20170308154820983,-2.20669326782227
20170308154820984,0.585665130615234
20170308154820985,-1.89388809204102
20170308154820986,-2.19143447875977
20170308154820987,0.806917572021484
20170308154820988,-1.84811172485352
20170308154820989,-2.13802871704102
20170308154820990,0.623812103271484
20170308154820991,-1.93966445922852
20170308154820992,-2.18380508422852
20170308154820993,0.791658782958984
20170308154820994,-1.78707656860352
20170308154820995,-2.21432266235352
20170308154820996,0.570406341552734
20170308154820997,-1.78707656860352
20170308154820998,-2.33639297485352
20170308154820999,0.875582122802734
20170308154821000,-1.71078262329102
20170308154821001,-2.22958145141602
20170308154821002,0.509371185302734
20170308154821003,-1.65737686157227
20170308154821004,-2.38979873657227
20170308154821005,0.837435150146484
20170308154821006,-1.74130020141602
20170308154821007,-2.32876358032227
20170308154821008,0.829805755615234
20170308154821009,-1.77944717407227
20170308154821010,-2.36691055297852
20170308154821011,0.669588470458984
20170308154821012,-1.84048233032227
20170308154821013,-2.22195205688477
20170308154821014,0.692476654052734
20170308154821015,-1.96255264282227
20170308154821016,-2.29824600219727
20170308154821017,0.669588470458984
20170308154821018,-1.88625869750977
20170308154821019,-2.22195205688477
20170308154821020,0.654329681396484
20170308154821021,-1.85574111938477
20170308154821022,-2.11514053344727
20170308154821023,0.738253021240234
20170308154821024,-1.97018203735352
20170308154821025,-2.09225234985352
20170308154821026,0.753511810302734
20170308154821027,-2.24484024047852
20170308154821028,-1.93966445922852
20170308154821029,0.654329681396484
20170308154821030,-2.10751113891602
20170308154821031,-1.88625869750977
20170308154821032,0.639070892333984
20170308154821033,-2.28298721313477
20170308154821034,-1.74130020141602
20170308154821035,0.616182708740234
20170308154821036,-2.32113418579102
20170308154821037,-1.84048233032227
20170308154821038,0.661959075927734
20170308154821039,-2.35928115844727
20170308154821040,-1.61160049438477
20170308154821041,0.684847259521484
20170308154821042,-2.58053359985352
20170308154821043,-1.42086563110352
20170308154821044,0.692476654052734
20170308154821045,-2.86282119750977
20170308154821046,-1.03939590454102
20170308154821047,0.494112396240234
20170308154821048,-2.95437393188477
20170308154821049,-0.841031646728516
20170308154821050,0.402559661865234
20170308154821051,-2.94674453735352
20170308154821052,-0.940213775634766
20170308154821053,0.509371185302734
20170308154821054,-3.06118545532227
20170308154821055,-0.474820709228516
20170308154821056,0.112642669677734
20170308154821057,-3.00777969360352
20170308154821058,-0.375638580322266
20170308154821059,-0.0552040100097656
20170308154821060,-3.03066787719727
20170308154821061,-0.245938873291016
20170308154821062,-0.146756744384766
20170308154821063,-2.90096817016602
20170308154821064,-0.337491607666016
20170308154821065,0.0058311462402344
20170308154821066,-2.93148574829102
20170308154821067,-0.268827056884766
20170308154821068,0.166048431396484
20170308154821069,-2.80178604125977
20170308154821070,-0.520597076416016
20170308154821071,0.219454193115234
20170308154821072,-2.90859756469727
20170308154821073,-0.375638580322266
20170308154821074,0.0516075134277344
20170308154821075,-2.96200332641602
20170308154821076,-0.108609771728516
20170308154821077,-0.131497955322266
20170308154821078,-2.86282119750977
20170308154821079,-0.139127349853516
20170308154821080,0.0516075134277344
20170308154821081,-2.93911514282227
20170308154821082,-0.116239166259766
20170308154821083,-0.276456451416016
20170308154821084,-2.93148574829102
20170308154821085,-0.0552040100097656
20170308154821086,-0.116239166259766
20170308154821087,-2.94674453735352
20170308154821088,0.127901458740234
20170308154821089,-0.223050689697266
20170308154821090,-2.87807998657227
20170308154821091,0.311006927490234
20170308154821092,-0.345121002197266
20170308154821093,-2.91622695922852
20170308154821094,0.448336029052734
20170308154821095,-0.413785552978516
20170308154821096,-2.85519180297852
20170308154821097,0.570406341552734
20170308154821098,-0.841031646728516
20170308154821099,-2.79415664672852
20170308154821100,0.524629974365234
20170308154821101,-0.902066802978516
20170308154821102,-2.77889785766602
20170308154821103,0.646700286865234
20170308154821104,-0.978360748291016
20170308154821105,-2.79415664672852
20170308154821106,0.494112396240234
20170308154821107,-0.619779205322266
20170308154821108,-2.80178604125977
20170308154821109,0.646700286865234
20170308154821110,-0.718961334228516
20170308154821111,-2.78652725219727
20170308154821112,0.562776947021484
20170308154821113,-0.795255279541016
20170308154821114,-2.81704483032227
20170308154821115,0.646700286865234
20170308154821116,-0.718961334228516
20170308154821117,-2.78652725219727
20170308154821118,0.463594818115234
20170308154821119,-0.856290435791016
20170308154821120,-2.87045059204102
20170308154821121,0.486483001708984
20170308154821122,-0.909696197509766
20170308154821123,-2.88570938110352
20170308154821124,0.776399993896484
20170308154821125,-0.818143463134766
20170308154821126,-2.81704483032227
20170308154821127,0.661959075927734
20170308154821128,-0.810514068603516
20170308154821129,-2.87045059204102
20170308154821130,0.578035736083984
20170308154821131,-0.833402252197266
20170308154821132,-2.83993301391602
20170308154821133,0.440706634521484
20170308154821134,-0.718961334228516
20170308154821135,-2.81704483032227
20170308154821136,0.410189056396484
20170308154821137,-0.589261627197266
20170308154821138,-2.85519180297852
20170308154821139,0.318636322021484
20170308154821140,-0.612149810791016
20170308154821141,-2.84756240844727
20170308154821142,0.555147552490234
20170308154821143,-0.726590728759766
20170308154821144,-2.79415664672852
20170308154821145,0.455965423583984
20170308154821146,-0.589261627197266
20170308154821147,-2.83993301391602
20170308154821148,0.616182708740234
20170308154821149,-0.863919830322266
20170308154821150,-2.76363906860352
20170308154821151,0.883211517333984
20170308154821152,-0.978360748291016
20170308154821153,-2.82467422485352
20170308154821154,0.593294525146484
20170308154821155,-0.795255279541016
20170308154821156,-2.80941543579102
20170308154821157,0.677217864990234
20170308154821158,-0.978360748291016
20170308154821159,-2.83230361938477
20170308154821160,0.799288177490234
20170308154821161,-0.871549224853516
20170308154821162,-2.80178604125977
20170308154821163,0.555147552490234
20170308154821164,-1.01650772094727
20170308154821165,-2.84756240844727
20170308154821166,0.738253021240234
20170308154821167,-0.764737701416016
20170308154821168,-2.80941543579102
20170308154821169,0.585665130615234
20170308154821170,-0.856290435791016
20170308154821171,-2.72549209594727
20170308154821172,0.715364837646484
20170308154821173,-1.07754287719727
20170308154821174,-2.69497451782227
20170308154821175,0.791658782958984
20170308154821176,-1.15383682250977
20170308154821177,-2.66445693969727
20170308154821178,0.852693939208984
20170308154821179,-1.02413711547852
20170308154821180,-2.71786270141602
20170308154821181,0.936617279052734
20170308154821182,-0.970731353759766
20170308154821183,-2.69497451782227
20170308154821184,0.654329681396484
20170308154821185,-1.10806045532227
20170308154821186,-2.80941543579102
20170308154821187,0.745882415771484
20170308154821188,-1.08517227172852
20170308154821189,-2.67971572875977
20170308154821190,0.700106048583984
20170308154821191,-1.09280166625977
20170308154821192,-2.70260391235352
20170308154821193,0.951876068115234
20170308154821194,-1.13094863891602
20170308154821195,-2.64919815063477
20170308154821196,0.707735443115234
20170308154821197,-1.06991348266602
20170308154821198,-2.74075088500977
20170308154821199,0.852693939208984
20170308154821200,-1.19961318969727
20170308154821201,-2.62630996704102
20170308154821202,0.822176361083984
20170308154821203,-1.38271865844727
20170308154821204,-2.53475723266602
20170308154821205,0.768770599365234
20170308154821206,-1.47427139282227
20170308154821207,-2.51186904907227
20170308154821208,0.684847259521484
20170308154821209,-1.48190078735352
20170308154821210,-2.60342178344727
20170308154821211,0.715364837646484
20170308154821212,-1.58108291625977
20170308154821213,-2.42794570922852
20170308154821214,0.738253021240234
20170308154821215,-1.77181777954102
20170308154821216,-2.26772842407227
20170308154821217,0.631441497802734
20170308154821218,-1.81759414672852
20170308154821219,-2.16854629516602
20170308154821220,0.745882415771484
20170308154821221,-2.12276992797852
20170308154821222,-2.00832901000977
20170308154821223,0.860323333740234
20170308154821224,-2.14565811157227
20170308154821225,-2.06173477172852
20170308154821226,0.661959075927734
20170308154821227,-2.00832901000977
20170308154821228,-2.02358779907227
20170308154821229,0.875582122802734
20170308154821230,-2.11514053344727
20170308154821231,-1.88625869750977
20170308154821232,0.837435150146484
20170308154821233,-2.22195205688477
20170308154821234,-1.64974746704102
20170308154821235,0.654329681396484
20170308154821236,-2.39742813110352
20170308154821237,-1.67263565063477
20170308154821238,0.631441497802734
20170308154821239,-2.58816299438477
20170308154821240,-1.38271865844727
20170308154821241,0.761141204833984
20170308154821242,-2.71786270141602
20170308154821243,-1.28353652954102
20170308154821244,0.639070892333984
20170308154821245,-2.86282119750977
20170308154821246,-1.04702529907227
20170308154821247,0.486483001708984
20170308154821248,-2.92385635375977
20170308154821249,-0.909696197509766
20170308154821250,0.539888763427734
20170308154821251,-2.95437393188477
20170308154821252,-0.581632232666016
20170308154821253,0.410189056396484
20170308154821254,-3.03066787719727
20170308154821255,-0.589261627197266
20170308154821256,0.349153900146484
20170308154821257,-3.02303848266602
20170308154821258,-0.795255279541016
20170308154821259,0.425447845458984
20170308154821260,-2.97726211547852
20170308154821261,-0.657926177978516
20170308154821262,0.295748138427734
20170308154821263,-2.87807998657227
20170308154821264,-0.856290435791016
20170308154821265,0.578035736083984
20170308154821266,-2.93911514282227
20170308154821267,-0.757108306884766
20170308154821268,0.318636322021484
20170308154821269,-2.91622695922852
20170308154821270,-0.642667388916016
20170308154821271,0.265230560302734
20170308154821272,-2.94674453735352
20170308154821273,-0.535855865478516
20170308154821274,0.387300872802734
20170308154821275,-2.88570938110352
20170308154821276,-0.368009185791016
20170308154821277,0.0210899353027344
20170308154821278,-2.94674453735352
20170308154821279,-0.314603424072266
20170308154821280,-0.0323158264160156
20170308154821281,-2.94674453735352
20170308154821282,-0.276456451416016
20170308154821283,0.120272064208984
20170308154821284,-2.98489151000977
20170308154821285,-0.261197662353516
20170308154821286,-0.0628334045410156
20170308154821287,-3.00015029907227
20170308154821288,-0.207791900634766
20170308154821289,-0.131497955322266
20170308154821290,-2.96963272094727
20170308154821291,-0.192533111572266
20170308154821292,0.0439781188964844
20170308154821293,-3.00015029907227
20170308154821294,-0.192533111572266
20170308154821295,0.0210899353027344
20170308154821296,-2.95437393188477
20170308154821297,-0.0628334045410156
20170308154821298,-0.245938873291016
20170308154821299,-2.90096817016602
20170308154821300,0.0897544860839844
20170308154821301,-0.162015533447266
20170308154821302,-2.91622695922852
20170308154821303,-0.0628334045410156
20170308154821304,-0.306974029541016
20170308154821305,-2.91622695922852
20170308154821306,-0.0246864318847656
20170308154821307,-0.162015533447266
20170308154821308,-2.90096817016602
20170308154821309,-0.0017982482910156
20170308154821310,-0.276456451416016
20170308154821311,-2.92385635375977
20170308154821312,-0.192533111572266
20170308154821313,-0.0017982482910156
20170308154821314,-2.93148574829102
20170308154821315,-0.345121002197266
20170308154821316,0.0134605407714844
20170308154821317,-2.93911514282227
20170308154821318,-0.497708892822266
20170308154821319,0.196566009521484
20170308154821320,-2.90859756469727
20170308154821321,-0.596891021728516
20170308154821322,0.0973838806152344
20170308154821323,-2.96200332641602
20170308154821324,-0.406156158447266
20170308154821325,0.0821250915527344
20170308154821326,-2.87045059204102
20170308154821327,-0.467191314697266
20170308154821328,0.0058311462402344
20170308154821329,-2.96963272094727
20170308154821330,-0.223050689697266
20170308154821331,-0.146756744384766
20170308154821332,-2.93911514282227
20170308154821333,-0.444303131103516
20170308154821334,0.0287193298339844
20170308154821335,-2.90859756469727
20170308154821336,-0.337491607666016
20170308154821337,0.0744956970214844
20170308154821338,-2.87045059204102
20170308154821339,-0.467191314697266
20170308154821340,0.0592369079589844
20170308154821341,-2.89333877563477
20170308154821342,-0.329862213134766
20170308154821343,-0.146756744384766
20170308154821344,-2.88570938110352
20170308154821345,-0.322232818603516
20170308154821346,0.0668663024902344
20170308154821347,-2.97726211547852
20170308154821348,-0.192533111572266
20170308154821349,-0.169644927978516
20170308154821350,-2.93911514282227
20170308154821351,-0.108609771728516
20170308154821352,-0.245938873291016
20170308154821353,-2.92385635375977
20170308154821354,-0.268827056884766
20170308154821355,-0.245938873291016
20170308154821356,-2.95437393188477
20170308154821357,0.0363487243652344
20170308154821358,-0.337491607666016
20170308154821359,-2.90859756469727
20170308154821360,-0.0399452209472656
20170308154821361,-0.0933509826660156
20170308154821362,-2.91622695922852
20170308154821363,0.0821250915527344
20170308154821364,-0.497708892822266
20170308154821365,-2.87807998657227
20170308154821366,0.227083587646484
20170308154821367,-0.596891021728516
20170308154821368,-2.89333877563477
20170308154821369,0.211824798583984
20170308154821370,-0.543485260009766
20170308154821371,-2.88570938110352
20170308154821372,0.433077239990234
20170308154821373,-0.688443756103516
20170308154821374,-2.80941543579102
20170308154821375,0.349153900146484
20170308154821376,-0.787625885009766
20170308154821377,-2.91622695922852
20170308154821378,0.570406341552734
20170308154821379,-0.581632232666016
20170308154821380,-2.83993301391602
20170308154821381,0.745882415771484
20170308154821382,-0.985990142822266
20170308154821383,-2.79415664672852
20170308154821384,0.616182708740234
20170308154821385,-0.985990142822266
20170308154821386,-2.81704483032227
20170308154821387,0.394930267333984
20170308154821388,-0.894437408447266
20170308154821389,-2.79415664672852
20170308154821390,0.547518157958984
20170308154821391,-0.848661041259766
20170308154821392,-2.86282119750977
20170308154821393,0.631441497802734
20170308154821394,-0.848661041259766
20170308154821395,-2.80178604125977
20170308154821396,0.654329681396484
20170308154821397,-1.00124893188477
20170308154821398,-2.71786270141602
20170308154821399,0.768770599365234
20170308154821400,-1.09280166625977
20170308154821401,-2.71786270141602
20170308154821402,0.860323333740234
20170308154821403,-1.29879531860352
20170308154821404,-2.65682754516602
20170308154821405,0.822176361083984
20170308154821406,-1.54293594360352
20170308154821407,-2.46609268188477
20170308154821408,0.913729095458984
20170308154821409,-1.71841201782227
20170308154821410,-2.29824600219727
20170308154821411,0.730623626708984
20170308154821412,-1.97018203735352
20170308154821413,-2.11514053344727
20170308154821414,0.715364837646484
20170308154821415,-2.28298721313477
20170308154821416,-1.90151748657227
20170308154821417,0.707735443115234
20170308154821418,-2.31350479125977
20170308154821419,-1.78707656860352
20170308154821420,0.722994232177734
20170308154821421,-2.38216934204102
20170308154821422,-1.63448867797852
20170308154821423,0.722994232177734
20170308154821424,-2.37453994750977
20170308154821425,-1.56582412719727
20170308154821426,0.715364837646484
20170308154821427,-2.64156875610352
20170308154821428,-1.36745986938477
20170308154821429,0.555147552490234
20170308154821430,-2.67971572875977
20170308154821431,-1.36745986938477
20170308154821432,0.776399993896484
20170308154821433,-2.94674453735352
20170308154821434,-1.00887832641602
20170308154821435,0.539888763427734
20170308154821436,-3.01540908813477
20170308154821437,-0.802884674072266
20170308154821438,0.402559661865234
20170308154821439,-2.97726211547852
20170308154821440,-0.779996490478516
20170308154821441,0.333895111083984
20170308154821442,-2.98489151000977
20170308154821443,-0.818143463134766
20170308154821444,0.517000579833984
20170308154821445,-2.83230361938477
20170308154821446,-0.596891021728516
20170308154821447,0.471224212646484
20170308154821448,-2.91622695922852
20170308154821449,-0.711331939697266
20170308154821450,0.478853607177734
20170308154821451,-2.96200332641602
20170308154821452,-0.551114654541016
20170308154821453,0.295748138427734
20170308154821454,-2.96200332641602
20170308154821455,-0.551114654541016
20170308154821456,0.311006927490234
20170308154821457,-2.97726211547852
20170308154821458,-0.421414947509766
20170308154821459,0.0592369079589844
20170308154821460,-2.99252090454102
20170308154821461,-0.162015533447266
20170308154821462,0.0058311462402344
20170308154821463,-2.95437393188477
20170308154821464,-0.116239166259766
20170308154821465,-0.146756744384766
20170308154821466,-2.97726211547852
20170308154821467,-0.146756744384766
20170308154821468,-0.0094276428222656
20170308154821469,-2.89333877563477
20170308154821470,-0.276456451416016
20170308154821471,-0.0857215881347656
20170308154821472,-2.90859756469727
20170308154821473,-0.345121002197266
20170308154821474,0.0134605407714844
20170308154821475,-2.90859756469727
20170308154821476,-0.459561920166016
20170308154821477,0.158419036865234
20170308154821478,-2.90859756469727
20170308154821479,-0.566373443603516
20170308154821480,0.394930267333984
20170308154821481,-2.87807998657227
20170308154821482,-0.512967681884766
20170308154821483,0.0363487243652344
20170308154821484,-2.90859756469727
20170308154821485,-0.444303131103516
20170308154821486,0.0592369079589844
20170308154821487,-3.04592666625977
20170308154821488,-0.306974029541016
20170308154821489,-0.0094276428222656
20170308154821490,-2.96200332641602
20170308154821491,-0.261197662353516
20170308154821492,-0.207791900634766
20170308154821493,-2.90096817016602
20170308154821494,-0.169644927978516
20170308154821495,-0.238309478759766
20170308154821496,-2.93911514282227
20170308154821497,-0.375638580322266
20170308154821498,-0.0323158264160156
20170308154821499,-2.99252090454102
20170308154821500,-0.123868560791016
20170308154821501,-0.192533111572266
20170308154821502,-2.86282119750977
20170308154821503,-0.100980377197266
20170308154821504,-0.0475746154785156
20170308154821505,-2.90096817016602
20170308154821506,-0.139127349853516
20170308154821507,0.0287193298339844
20170308154821508,-2.83993301391602
20170308154821509,-0.184903717041016
20170308154821510,-0.154386138916016
20170308154821511,-2.93911514282227
20170308154821512,-0.261197662353516
20170308154821513,-0.245938873291016
20170308154821514,-2.96963272094727
20170308154821515,-0.230680084228516
20170308154821516,-0.223050689697266
20170308154821517,-2.93148574829102
20170308154821518,0.204195404052734
20170308154821519,-0.512967681884766
20170308154821520,-2.88570938110352
20170308154821521,0.417818450927734
20170308154821522,-0.696073150634766
20170308154821523,-2.83230361938477
20170308154821524,0.463594818115234
20170308154821525,-0.657926177978516
20170308154821526,-2.80941543579102
20170308154821527,0.517000579833984
20170308154821528,-0.619779205322266
20170308154821529,-2.85519180297852
20170308154821530,0.730623626708984
20170308154821531,-0.894437408447266
20170308154821532,-2.80178604125977
20170308154821533,0.814546966552734
20170308154821534,-1.15383682250977
20170308154821535,-2.72549209594727
20170308154821536,0.661959075927734
20170308154821537,-1.16909561157227
20170308154821538,-2.71786270141602
20170308154821539,0.951876068115234
20170308154821540,-1.44375381469727
20170308154821541,-2.61105117797852
20170308154821542,0.692476654052734
20170308154821543,-1.45138320922852
20170308154821544,-2.60342178344727
20170308154821545,0.936617279052734
20170308154821546,-1.46664199829102
20170308154821547,-2.48898086547852
20170308154821548,0.761141204833984
20170308154821549,-1.58871231079102
20170308154821550,-2.50423965454102
20170308154821551,0.722994232177734
20170308154821552,-1.66500625610352
20170308154821553,-2.35165176391602
20170308154821554,0.669588470458984
20170308154821555,-1.83285293579102
20170308154821556,-2.25246963500977
20170308154821557,0.745882415771484
20170308154821558,-1.84048233032227
20170308154821559,-2.21432266235352
20170308154821560,0.700106048583984
20170308154821561,-1.89388809204102
20170308154821562,-2.09988174438477
20170308154821563,0.745882415771484
20170308154821564,-2.03884658813477
20170308154821565,-2.02358779907227
20170308154821566,0.707735443115234
20170308154821567,-2.16854629516602
20170308154821568,-1.81759414672852
20170308154821569,0.661959075927734
20170308154821570,-2.13802871704102
20170308154821571,-1.88625869750977
20170308154821572,0.631441497802734
20170308154821573,-2.19143447875977
20170308154821574,-1.90151748657227
20170308154821575,0.562776947021484
20170308154821576,-2.28298721313477
20170308154821577,-1.84811172485352
20170308154821578,0.524629974365234
20170308154821579,-2.29824600219727
20170308154821580,-1.68789443969727
20170308154821581,0.730623626708984
20170308154821582,-2.48135147094727
20170308154821583,-1.57345352172852
20170308154821584,0.814546966552734
20170308154821585,-2.55001602172852
20170308154821586,-1.45901260375977
20170308154821587,0.745882415771484
20170308154821588,-2.66445693969727
20170308154821589,-1.33694229125977
20170308154821590,0.585665130615234
20170308154821591,-2.67208633422852
20170308154821592,-1.31405410766602
20170308154821593,0.707735443115234
20170308154821594,-2.68734512329102
20170308154821595,-1.24538955688477
20170308154821596,0.532259368896484
20170308154821597,-2.75600967407227
20170308154821598,-1.25301895141602
20170308154821599,0.631441497802734
20170308154821600,-2.90096817016602
20170308154821601,-1.06228408813477
20170308154821602,0.471224212646484
20170308154821603,-2.87045059204102
20170308154821604,-1.16909561157227
20170308154821605,0.517000579833984
20170308154821606,-2.94674453735352
20170308154821607,-1.13094863891602
20170308154821608,0.524629974365234
20170308154821609,-3.01540908813477
20170308154821610,-1.00124893188477
20170308154821611,0.501741790771484
20170308154821612,-2.90096817016602
20170308154821613,-0.963101959228516
20170308154821614,0.394930267333984
20170308154821615,-2.95437393188477
20170308154821616,-0.978360748291016
20170308154821617,0.494112396240234
20170308154821618,-2.96200332641602
20170308154821619,-1.06228408813477
20170308154821620,0.585665130615234
20170308154821621,-2.98489151000977
20170308154821622,-0.856290435791016
20170308154821623,0.478853607177734
20170308154821624,-2.95437393188477
20170308154821625,-0.795255279541016
20170308154821626,0.318636322021484
20170308154821627,-2.96963272094727
20170308154821628,-0.680814361572266
20170308154821629,0.356783294677734
20170308154821630,-2.91622695922852
20170308154821631,-0.596891021728516
20170308154821632,0.265230560302734
20170308154821633,-2.93911514282227
20170308154821634,-0.360379791259766
20170308154821635,0.0668663024902344
20170308154821636,-2.91622695922852
20170308154821637,-0.299344635009766
20170308154821638,0.120272064208984
20170308154821639,-2.93911514282227
20170308154821640,-0.223050689697266
20170308154821641,-0.0933509826660156
20170308154821642,-2.89333877563477
20170308154821643,-0.268827056884766
20170308154821644,-0.108609771728516
20170308154821645,-2.88570938110352
20170308154821646,-0.261197662353516
20170308154821647,-0.0628334045410156
20170308154821648,-2.83993301391602
20170308154821649,-0.223050689697266
20170308154821650,-0.169644927978516
20170308154821651,-2.96200332641602
20170308154821652,-0.0323158264160156
20170308154821653,-0.184903717041016
20170308154821654,-2.93911514282227
20170308154821655,-0.116239166259766
20170308154821656,-0.245938873291016
20170308154821657,-2.92385635375977
20170308154821658,-0.100980377197266
20170308154821659,-0.322232818603516
20170308154821660,-2.87807998657227
20170308154821661,0.196566009521484
20170308154821662,-0.474820709228516
20170308154821663,-2.83993301391602
20170308154821664,0.593294525146484
20170308154821665,-0.749478912353516
20170308154821666,-2.83230361938477
20170308154821667,0.387300872802734
20170308154821668,-0.467191314697266
20170308154821669,-2.83993301391602
20170308154821670,0.501741790771484
20170308154821671,-0.787625885009766
20170308154821672,-2.91622695922852
20170308154821673,0.730623626708984
20170308154821674,-0.711331939697266
20170308154821675,-2.78652725219727
20170308154821676,0.768770599365234
20170308154821677,-1.02413711547852
20170308154821678,-2.74075088500977
20170308154821679,0.738253021240234
20170308154821680,-1.10043106079102
20170308154821681,-2.77126846313477
20170308154821682,0.768770599365234
20170308154821683,-1.19961318969727
20170308154821684,-2.64919815063477
20170308154821685,0.799288177490234
20170308154821686,-1.48953018188477
20170308154821687,-2.46609268188477
20170308154821688,0.738253021240234
20170308154821689,-1.58871231079102
20170308154821690,-2.41268692016602
20170308154821691,0.990023040771484
20170308154821692,-1.65737686157227
20170308154821693,-2.33639297485352
20170308154821694,0.761141204833984
20170308154821695,-1.78707656860352
20170308154821696,-2.17617568969727
20170308154821697,0.730623626708984
20170308154821698,-2.00832901000977
20170308154821699,-2.03884658813477
20170308154821700,0.784029388427734
20170308154821701,-2.22958145141602
20170308154821702,-1.68026504516602
20170308154821703,0.692476654052734
20170308154821704,-2.48135147094727
20170308154821705,-1.48190078735352
20170308154821706,0.837435150146484
20170308154821707,-2.56527481079102
20170308154821708,-1.50478897094727
20170308154821709,0.646700286865234
20170308154821710,-2.53475723266602
20170308154821711,-1.44375381469727
20170308154821712,0.707735443115234
20170308154821713,-2.84756240844727
20170308154821714,-1.26827774047852
20170308154821715,0.631441497802734
20170308154821716,-2.96200332641602
20170308154821717,-1.06228408813477
20170308154821718,0.494112396240234
20170308154821719,-3.07644424438477
20170308154821720,-0.917325592041016
20170308154821721,0.524629974365234
20170308154821722,-3.00777969360352
20170308154821723,-0.825772857666016
20170308154821724,0.417818450927734
20170308154821725,-2.93911514282227
20170308154821726,-0.734220123291016
20170308154821727,0.394930267333984
20170308154821728,-2.84756240844727
20170308154821729,-0.635037994384766
20170308154821730,0.448336029052734
20170308154821731,-2.96200332641602
20170308154821732,-0.779996490478516
20170308154821733,0.326265716552734
20170308154821734,-2.96963272094727
20170308154821735,-1.02413711547852
20170308154821736,0.356783294677734
20170308154821737,-3.06881484985352
20170308154821738,-0.963101959228516
20170308154821739,0.379671478271484
20170308154821740,-2.85519180297852
20170308154821741,-1.07754287719727
20170308154821742,0.364412689208984
20170308154821743,-2.97726211547852
20170308154821744,-1.10043106079102
20170308154821745,0.478853607177734
20170308154821746,-2.95437393188477
20170308154821747,-1.10806045532227
20170308154821748,0.471224212646484
20170308154821749,-3.00015029907227
20170308154821750,-1.13857803344727
20170308154821751,0.455965423583984
20170308154821752,-2.86282119750977
20170308154821753,-1.07754287719727
20170308154821754,0.631441497802734
20170308154821755,-2.95437393188477
20170308154821756,-1.13094863891602
20170308154821757,0.700106048583984
20170308154821758,-2.91622695922852
20170308154821759,-1.13857803344727
20170308154821760,0.539888763427734
20170308154821761,-2.84756240844727
20170308154821762,-0.985990142822266
20170308154821763,0.501741790771484
20170308154821764,-2.90859756469727
20170308154821765,-1.06991348266602
20170308154821766,0.402559661865234
20170308154821767,-2.95437393188477
20170308154821768,-1.16909561157227
20170308154821769,0.463594818115234
20170308154821770,-2.92385635375977
20170308154821771,-1.13094863891602
20170308154821772,0.478853607177734
20170308154821773,-2.82467422485352
20170308154821774,-1.24538955688477
20170308154821775,0.448336029052734
20170308154821776,-2.68734512329102
20170308154821777,-1.37508926391602
20170308154821778,0.547518157958984
20170308154821779,-2.70260391235352
20170308154821780,-1.35983047485352
20170308154821781,0.646700286865234
20170308154821782,-2.84756240844727
20170308154821783,-1.16146621704102
20170308154821784,0.539888763427734
20170308154821785,-2.77889785766602
20170308154821786,-1.32931289672852
20170308154821787,0.501741790771484
20170308154821788,-2.71786270141602
20170308154821789,-1.35220108032227
20170308154821790,0.585665130615234
20170308154821791,-2.67971572875977
20170308154821792,-1.25301895141602
20170308154821793,0.463594818115234
20170308154821794,-2.74075088500977
20170308154821795,-1.29116592407227
20170308154821796,0.661959075927734
20170308154821797,-2.89333877563477
20170308154821798,-1.04702529907227
20170308154821799,0.555147552490234
20170308154821800,-2.93911514282227
20170308154821801,-0.993619537353516
20170308154821802,0.425447845458984
20170308154821803,-2.89333877563477
20170308154821804,-0.955472564697266
20170308154821805,0.623812103271484
20170308154821806,-2.90859756469727
20170308154821807,-0.963101959228516
20170308154821808,0.494112396240234
20170308154821809,-2.96963272094727
20170308154821810,-0.749478912353516
20170308154821811,0.295748138427734
20170308154821812,-2.93911514282227
20170308154821813,-0.734220123291016
20170308154821814,0.402559661865234
20170308154821815,-2.90859756469727
20170308154821816,-0.696073150634766
20170308154821817,0.333895111083984
20170308154821818,-2.87045059204102
20170308154821819,-0.879178619384766
20170308154821820,0.410189056396484
20170308154821821,-3.07644424438477
20170308154821822,-0.688443756103516
20170308154821823,0.318636322021484
20170308154821824,-2.94674453735352
20170308154821825,-0.459561920166016
20170308154821826,0.173677825927734
20170308154821827,-2.93911514282227
20170308154821828,-0.390897369384766
20170308154821829,0.0516075134277344
20170308154821830,-2.94674453735352
20170308154821831,-0.139127349853516
20170308154821832,-0.245938873291016
20170308154821833,-2.94674453735352
20170308154821834,0.135530853271484
20170308154821835,-0.383267974853516
20170308154821836,-2.95437393188477
20170308154821837,0.234712982177734
20170308154821838,-0.520597076416016
20170308154821839,-2.90859756469727
20170308154821840,0.372042083740234
20170308154821841,-0.688443756103516
20170308154821842,-2.80941543579102
20170308154821843,0.379671478271484
20170308154821844,-0.673184967041016
20170308154821845,-2.82467422485352
20170308154821846,0.394930267333984
20170308154821847,-0.741849517822266
20170308154821848,-2.83993301391602
20170308154821849,0.517000579833984
20170308154821850,-0.825772857666016
20170308154821851,-2.82467422485352
20170308154821852,0.837435150146484
20170308154821853,-0.886808013916016
20170308154821854,-2.84756240844727
20170308154821855,0.631441497802734
20170308154821856,-1.07754287719727
20170308154821857,-2.65682754516602
20170308154821858,0.951876068115234
20170308154821859,-1.43612442016602
20170308154821860,-2.48898086547852
20170308154821861,0.753511810302734
20170308154821862,-1.54293594360352
20170308154821863,-2.54238662719727
20170308154821864,0.799288177490234
20170308154821865,-1.55819473266602
20170308154821866,-2.54238662719727
20170308154821867,0.913729095458984
20170308154821868,-1.61922988891602
20170308154821869,-2.43557510375977
20170308154821870,0.745882415771484
20170308154821871,-1.88625869750977
20170308154821872,-2.16854629516602
20170308154821873,0.646700286865234
20170308154821874,-1.90151748657227
20170308154821875,-2.19906387329102
20170308154821876,0.555147552490234
20170308154821877,-2.01595840454102
20170308154821878,-1.92440567016602
20170308154821879,0.684847259521484
20170308154821880,-2.08462295532227
20170308154821881,-1.93966445922852
20170308154821882,0.738253021240234
20170308154821883,-2.06173477172852
20170308154821884,-2.12276992797852
20170308154821885,0.944246673583984
20170308154821886,-2.03884658813477
20170308154821887,-2.09225234985352
20170308154821888,0.898470306396484
20170308154821889,-2.06936416625977
20170308154821890,-1.96255264282227
20170308154821891,0.822176361083984
20170308154821892,-1.88625869750977
20170308154821893,-2.16854629516602
20170308154821894,0.639070892333984
20170308154821895,-1.86337051391602
20170308154821896,-2.09988174438477
20170308154821897,0.722994232177734
20170308154821898,-2.07699356079102
20170308154821899,-2.13039932250977
20170308154821900,0.791658782958984
20170308154821901,-2.09225234985352
20170308154821902,-1.91677627563477
20170308154821903,0.486483001708984
20170308154821904,-2.22195205688477
20170308154821905,-2.02358779907227
20170308154821906,0.845064544677734
20170308154821907,-2.18380508422852
20170308154821908,-1.93966445922852
20170308154821909,0.883211517333984
20170308154821910,-2.26772842407227
20170308154821911,-1.88625869750977
20170308154821912,0.631441497802734
20170308154821913,-2.21432266235352
20170308154821914,-1.88625869750977
20170308154821915,0.631441497802734
20170308154821916,-2.13802871704102
20170308154821917,-2.03884658813477
20170308154821918,0.791658782958984
20170308154821919,-2.28298721313477
20170308154821920,-1.93966445922852
20170308154821921,0.730623626708984
20170308154821922,-2.16854629516602
20170308154821923,-2.02358779907227
20170308154821924,0.623812103271484
20170308154821925,-1.95492324829102
20170308154821926,-2.12276992797852
20170308154821927,0.578035736083984
20170308154821928,-1.81759414672852
20170308154821929,-2.07699356079102
20170308154821930,0.761141204833984
20170308154821931,-1.97781143188477
20170308154821932,-2.00832901000977
20170308154821933,0.661959075927734
20170308154821934,-2.13039932250977
20170308154821935,-1.94729385375977
20170308154821936,0.478853607177734
20170308154821937,-1.97781143188477
20170308154821938,-2.16854629516602
20170308154821939,0.776399993896484
20170308154821940,-2.03884658813477
20170308154821941,-2.06936416625977
20170308154821942,0.463594818115234
20170308154821943,-2.00069961547852
20170308154821944,-2.20669326782227
20170308154821945,0.700106048583984
20170308154821946,-1.87862930297852
20170308154821947,-2.09988174438477
20170308154821948,0.761141204833984
20170308154821949,-2.07699356079102
20170308154821950,-2.00832901000977
20170308154821951,0.654329681396484
20170308154821952,-1.97018203735352
20170308154821953,-2.03121719360352
20170308154821954,0.829805755615234
20170308154821955,-2.05410537719727
20170308154821956,-2.11514053344727
20170308154821957,0.715364837646484
20170308154821958,-1.97018203735352
20170308154821959,-2.13039932250977
20170308154821960,0.631441497802734
20170308154821961,-1.88625869750977
20170308154821962,-2.22958145141602
20170308154821963,0.898470306396484
20170308154821964,-1.80996475219727
20170308154821965,-2.22958145141602
20170308154821966,0.661959075927734
20170308154821967,-1.72604141235352
20170308154821968,-2.38979873657227
20170308154821969,0.700106048583984
20170308154821970,-1.74130020141602
20170308154821971,-2.51186904907227
20170308154821972,0.646700286865234
20170308154821973,-1.64974746704102
20170308154821974,-2.38979873657227
20170308154821975,0.730623626708984
20170308154821976,-1.77944717407227
20170308154821977,-2.39742813110352
20170308154821978,0.761141204833984
20170308154821979,-1.82522354125977
20170308154821980,-2.32113418579102
20170308154821981,0.715364837646484
20170308154821982,-1.87099990844727
20170308154821983,-2.32113418579102
20170308154821984,0.722994232177734
20170308154821985,-1.84811172485352
20170308154821986,-2.19143447875977
20170308154821987,0.608553314208984
20170308154821988,-1.84048233032227
20170308154821989,-2.26772842407227
20170308154821990,0.913729095458984
20170308154821991,-1.72604141235352
20170308154821992,-2.36691055297852
20170308154821993,0.593294525146484
20170308154821994,-1.48953018188477
20170308154821995,-2.35165176391602
20170308154821996,0.921358489990234
20170308154821997,-1.59634170532227
20170308154821998,-2.30587539672852
20170308154821999,0.768770599365234
20170308154822000,-1.63448867797852
20170308154822001,-2.37453994750977
20170308154822002,0.722994232177734
20170308154822003,-1.76418838500977
20170308154822004,-2.20669326782227
20170308154822005,0.669588470458984
20170308154822006,-1.80996475219727
20170308154822007,-2.20669326782227
20170308154822008,0.715364837646484
20170308154822009,-1.74130020141602
20170308154822010,-2.24484024047852
20170308154822011,0.829805755615234
20170308154822012,-1.80996475219727
20170308154822013,-2.10751113891602
20170308154822014,0.768770599365234
20170308154822015,-1.97018203735352
20170308154822016,-1.98544082641602
20170308154822017,0.928987884521484
20170308154822018,-1.99307022094727
20170308154822019,-2.01595840454102
20170308154822020,0.860323333740234
20170308154822021,-2.05410537719727
20170308154822022,-2.03121719360352
20170308154822023,0.890840911865234
20170308154822024,-2.07699356079102
20170308154822025,-1.94729385375977
20170308154822026,0.623812103271484
20170308154822027,-2.04647598266602
20170308154822028,-1.99307022094727
20170308154822029,0.753511810302734
20170308154822030,-2.16854629516602
20170308154822031,-1.94729385375977
20170308154822032,0.646700286865234
20170308154822033,-2.06936416625977
20170308154822034,-2.06936416625977
20170308154822035,0.715364837646484
20170308154822036,-2.14565811157227
20170308154822037,-1.94729385375977
20170308154822038,0.593294525146484
20170308154822039,-2.25246963500977
20170308154822040,-1.66500625610352
20170308154822041,0.722994232177734
20170308154822042,-2.50423965454102
20170308154822043,-1.52767715454102
20170308154822044,0.768770599365234
20170308154822045,-2.70260391235352
20170308154822046,-1.29116592407227
20170308154822047,0.692476654052734
20170308154822048,-2.80941543579102
20170308154822049,-1.21487197875977
20170308154822050,0.677217864990234
20170308154822051,-2.92385635375977
20170308154822052,-1.16146621704102
20170308154822053,0.524629974365234
20170308154822054,-2.93911514282227
20170308154822055,-1.05465469360352
20170308154822056,0.639070892333984
20170308154822057,-2.93911514282227
20170308154822058,-0.833402252197266
20170308154822059,0.349153900146484
20170308154822060,-2.94674453735352
20170308154822061,-0.757108306884766
20170308154822062,0.448336029052734
20170308154822063,-2.97726211547852
20170308154822064,-0.688443756103516
20170308154822065,0.555147552490234
20170308154822066,-2.93148574829102
20170308154822067,-0.627408599853516
20170308154822068,0.272859954833984
20170308154822069,-2.97726211547852
20170308154822070,-0.764737701416016
20170308154822071,0.425447845458984
20170308154822072,-2.98489151000977
20170308154822073,-0.337491607666016
20170308154822074,0.0897544860839844
20170308154822075,-2.88570938110352
20170308154822076,-0.0628334045410156
20170308154822077,-0.169644927978516
20170308154822078,-2.85519180297852
20170308154822079,0.0287193298339844
20170308154822080,-0.345121002197266
20170308154822081,-2.90859756469727
20170308154822082,0.349153900146484
20170308154822083,-0.558744049072266
20170308154822084,-2.78652725219727
20170308154822085,0.341524505615234
20170308154822086,-0.604520416259766
20170308154822087,-2.86282119750977
20170308154822088,0.394930267333984
20170308154822089,-0.665555572509766
20170308154822090,-2.71786270141602
20170308154822091,0.440706634521484
20170308154822092,-0.497708892822266
20170308154822093,-2.71023330688477
20170308154822094,0.600923919677734
20170308154822095,-0.528226470947266
20170308154822096,-2.78652725219727
20170308154822097,0.379671478271484
20170308154822098,-0.619779205322266
20170308154822099,-2.90096817016602
20170308154822100,0.356783294677734
20170308154822101,-0.703702545166016
20170308154822102,-2.72549209594727
20170308154822103,0.288118743896484
20170308154822104,-0.337491607666016
20170308154822105,-2.77889785766602
20170308154822106,0.349153900146484
20170308154822107,-0.406156158447266
20170308154822108,-2.80178604125977
20170308154822109,0.486483001708984
20170308154822110,-0.772367095947266
20170308154822111,-2.81704483032227
20170308154822112,0.722994232177734
20170308154822113,-0.879178619384766
20170308154822114,-2.74075088500977
20170308154822115,0.730623626708984
20170308154822116,-1.04702529907227
20170308154822117,-2.75600967407227
20170308154822118,0.646700286865234
20170308154822119,-1.06991348266602
20170308154822120,-2.76363906860352
20170308154822121,0.860323333740234
20170308154822122,-1.11568984985352
20170308154822123,-2.73312149047852
20170308154822124,1.00528182983398
20170308154822125,-1.19198379516602
20170308154822126,-2.59579238891602
20170308154822127,1.02054061889648
20170308154822128,-1.29879531860352
20170308154822129,-2.65682754516602
20170308154822130,0.799288177490234
20170308154822131,-1.23013076782227
20170308154822132,-2.70260391235352
20170308154822133,1.07394638061523
20170308154822134,-1.29116592407227
20170308154822135,-2.67208633422852
20170308154822136,0.753511810302734
20170308154822137,-1.22250137329102
20170308154822138,-2.61868057250977
20170308154822139,0.845064544677734
20170308154822140,-1.07754287719727
20170308154822141,-2.76363906860352
20170308154822142,0.837435150146484
20170308154822143,-1.04702529907227
20170308154822144,-2.74838027954102
20170308154822145,0.570406341552734
20170308154822146,-1.00124893188477
20170308154822147,-2.75600967407227
20170308154822148,0.669588470458984
20170308154822149,-1.00124893188477
20170308154822150,-2.74838027954102
20170308154822151,0.570406341552734
20170308154822152,-0.886808013916016
20170308154822153,-2.80178604125977
20170308154822154,0.524629974365234
20170308154822155,-0.902066802978516
20170308154822156,-2.79415664672852
20170308154822157,0.715364837646484
20170308154822158,-0.879178619384766
20170308154822159,-2.80941543579102
20170308154822160,0.776399993896484
20170308154822161,-0.833402252197266
20170308154822162,-2.75600967407227
20170308154822163,0.639070892333984
20170308154822164,-0.985990142822266
20170308154822165,-2.81704483032227
20170308154822166,0.791658782958984
20170308154822167,-1.11568984985352
20170308154822168,-2.67208633422852
20170308154822169,0.906099700927734
20170308154822170,-1.16909561157227
20170308154822171,-2.83230361938477
20170308154822172,0.570406341552734
20170308154822173,-0.764737701416016
20170308154822174,-2.88570938110352
20170308154822175,0.654329681396484
20170308154822176,-0.879178619384766
20170308154822177,-2.85519180297852
20170308154822178,0.494112396240234
20170308154822179,-0.856290435791016
20170308154822180,-2.77126846313477
20170308154822181,0.707735443115234
20170308154822182,-0.955472564697266
20170308154822183,-2.87807998657227
20170308154822184,0.860323333740234
20170308154822185,-1.13094863891602
20170308154822186,-2.71786270141602
20170308154822187,0.883211517333984
20170308154822188,-1.35983047485352
20170308154822189,-2.59579238891602
20170308154822190,0.936617279052734
20170308154822191,-1.67263565063477
20170308154822192,-2.35165176391602
20170308154822193,0.753511810302734
20170308154822194,-1.85574111938477
20170308154822195,-2.24484024047852
20170308154822196,0.860323333740234
20170308154822197,-1.97018203735352
20170308154822198,-2.16854629516602
20170308154822199,0.738253021240234
20170308154822200,-2.07699356079102
20170308154822201,-2.09988174438477
20170308154822202,0.768770599365234
20170308154822203,-2.24484024047852
20170308154822204,-1.88625869750977
20170308154822205,0.677217864990234
20170308154822206,-2.18380508422852
20170308154822207,-1.90914688110352
20170308154822208,0.715364837646484
20170308154822209,-2.29824600219727
20170308154822210,-1.60397109985352
20170308154822211,0.875582122802734
20170308154822212,-2.38979873657227
20170308154822213,-1.52004776000977
20170308154822214,0.707735443115234
20170308154822215,-2.63393936157227
20170308154822216,-1.37508926391602
20170308154822217,0.776399993896484
20170308154822218,-2.80941543579102
20170308154822219,-1.14620742797852
20170308154822220,0.570406341552734
20170308154822221,-3.00015029907227
20170308154822222,-0.932584381103516
20170308154822223,0.478853607177734
20170308154822224,-3.03066787719727
20170308154822225,-0.772367095947266
20170308154822226,0.364412689208984
20170308154822227,-2.96963272094727
20170308154822228,-0.726590728759766
20170308154822229,0.532259368896484
20170308154822230,-3.01540908813477
20170308154822231,-0.764737701416016
20170308154822232,0.486483001708984
20170308154822233,-2.96963272094727
20170308154822234,-0.810514068603516
20170308154822235,0.417818450927734
20170308154822236,-2.96200332641602
20170308154822237,-0.871549224853516
20170308154822238,0.425447845458984
20170308154822239,-3.01540908813477
20170308154822240,-0.810514068603516
20170308154822241,0.532259368896484
20170308154822242,-2.87807998657227
20170308154822243,-0.528226470947266
20170308154822244,0.349153900146484
20170308154822245,-2.80941543579102
20170308154822246,-0.688443756103516
20170308154822247,0.532259368896484
20170308154822248,-2.92385635375977
20170308154822249,-0.566373443603516
20170308154822250,0.265230560302734
20170308154822251,-2.89333877563477
20170308154822252,-0.474820709228516
20170308154822253,0.394930267333984
20170308154822254,-2.91622695922852
20170308154822255,-0.451932525634766
20170308154822256,0.143160247802734
20170308154822257,-2.86282119750977
20170308154822258,-0.650296783447266
20170308154822259,0.257601165771484
20170308154822260,-2.84756240844727
20170308154822261,-0.673184967041016
20170308154822262,0.326265716552734
20170308154822263,-2.88570938110352
20170308154822264,-0.856290435791016
20170308154822265,0.356783294677734
20170308154822266,-2.95437393188477
20170308154822267,-0.909696197509766
20170308154822268,0.249971771240234
20170308154822269,-2.89333877563477
20170308154822270,-1.02413711547852
20170308154822271,0.463594818115234
20170308154822272,-2.95437393188477
20170308154822273,-1.03939590454102
20170308154822274,0.494112396240234
20170308154822275,-2.96200332641602
20170308154822276,-0.970731353759766
20170308154822277,0.570406341552734
20170308154822278,-2.89333877563477
20170308154822279,-0.863919830322266
20170308154822280,0.387300872802734
20170308154822281,-2.94674453735352
20170308154822282,-0.657926177978516
20170308154822283,0.356783294677734
20170308154822284,-2.94674453735352
20170308154822285,-0.589261627197266
20170308154822286,0.280489349365234
20170308154822287,-2.90859756469727
20170308154822288,-0.535855865478516
20170308154822289,0.242342376708984
20170308154822290,-2.94674453735352
20170308154822291,-0.490079498291016
20170308154822292,0.219454193115234
20170308154822293,-2.91622695922852
20170308154822294,-0.726590728759766
20170308154822295,0.341524505615234
20170308154822296,-2.90096817016602
20170308154822297,-0.680814361572266
20170308154822298,0.242342376708984
20170308154822299,-2.93148574829102
20170308154822300,-0.512967681884766
20170308154822301,0.173677825927734
20170308154822302,-2.93148574829102
20170308154822303,-0.497708892822266
20170308154822304,0.127901458740234
20170308154822305,-2.99252090454102
20170308154822306,-0.581632232666016
20170308154822307,0.196566009521484
20170308154822308,-2.96963272094727
20170308154822309,-0.566373443603516
20170308154822310,0.0744956970214844
20170308154822311,-2.97726211547852
20170308154822312,-0.375638580322266
20170308154822313,0.158419036865234
20170308154822314,-2.87045059204102
20170308154822315,-0.406156158447266
20170308154822316,0.0897544860839844
20170308154822317,-2.93148574829102
20170308154822318,-0.421414947509766
20170308154822319,0.265230560302734
20170308154822320,-2.93148574829102
20170308154822321,-0.352750396728516
20170308154822322,-0.0017982482910156
20170308154822323,-2.96963272094727
20170308154822324,-0.276456451416016
20170308154822325,-0.0628334045410156
20170308154822326,-2.90859756469727
20170308154822327,-0.0094276428222656
20170308154822328,-0.0704627990722656
20170308154822329,-2.93148574829102
20170308154822330,-0.238309478759766
20170308154822331,-0.162015533447266
20170308154822332,-2.93148574829102
20170308154822333,-0.139127349853516
20170308154822334,-0.184903717041016
20170308154822335,-2.92385635375977
20170308154822336,-0.291715240478516
20170308154822337,-0.169644927978516
20170308154822338,-2.97726211547852
20170308154822339,-0.352750396728516
20170308154822340,-0.123868560791016
20170308154822341,-3.09170303344727
20170308154822342,-0.459561920166016
20170308154822343,0.0744956970214844
20170308154822344,-2.95437393188477
20170308154822345,-0.368009185791016
20170308154822346,0.0058311462402344
20170308154822347,-2.90859756469727
20170308154822348,-0.490079498291016
20170308154822349,0.257601165771484
20170308154822350,-2.91622695922852
20170308154822351,-0.406156158447266
20170308154822352,0.0744956970214844
20170308154822353,-2.87045059204102
20170308154822354,-0.337491607666016
20170308154822355,0.150789642333984
20170308154822356,-2.93148574829102
20170308154822357,-0.299344635009766
20170308154822358,0.0821250915527344
20170308154822359,-2.94674453735352
20170308154822360,-0.100980377197266
20170308154822361,-0.184903717041016
20170308154822362,-2.93148574829102
20170308154822363,-0.238309478759766
20170308154822364,-0.154386138916016
20170308154822365,-2.92385635375977
20170308154822366,-0.0475746154785156
20170308154822367,-0.329862213134766
20170308154822368,-2.84756240844727
20170308154822369,0.173677825927734
20170308154822370,-0.429044342041016
20170308154822371,-2.97726211547852
20170308154822372,0.242342376708984
20170308154822373,-0.543485260009766
20170308154822374,-2.89333877563477
20170308154822375,0.555147552490234
20170308154822376,-0.764737701416016
20170308154822377,-2.81704483032227
20170308154822378,0.448336029052734
20170308154822379,-0.818143463134766
20170308154822380,-2.80941543579102
20170308154822381,0.539888763427734
20170308154822382,-0.871549224853516
20170308154822383,-2.79415664672852
20170308154822384,0.768770599365234
20170308154822385,-0.764737701416016
20170308154822386,-2.82467422485352
20170308154822387,0.669588470458984
20170308154822388,-1.00124893188477
20170308154822389,-2.74838027954102
20170308154822390,0.799288177490234
20170308154822391,-0.863919830322266
20170308154822392,-2.74838027954102
20170308154822393,0.806917572021484
20170308154822394,-1.04702529907227
20170308154822395,-2.71023330688477
20170308154822396,0.768770599365234
20170308154822397,-1.10806045532227
20170308154822398,-2.68734512329102
20170308154822399,0.837435150146484
20170308154822400,-1.37508926391602
20170308154822401,-2.51186904907227
20170308154822402,0.822176361083984
20170308154822403,-1.58108291625977
20170308154822404,-2.56527481079102
20170308154822405,0.715364837646484
20170308154822406,-1.50478897094727
20170308154822407,-2.50423965454102
20170308154822408,0.806917572021484
20170308154822409,-1.65737686157227
20170308154822410,-2.35165176391602
20170308154822411,0.936617279052734
20170308154822412,-1.45138320922852
20170308154822413,-2.57290420532227
20170308154822414,0.784029388427734
20170308154822415,-1.59634170532227
20170308154822416,-2.42031631469727
20170308154822417,0.852693939208984
20170308154822418,-1.64974746704102
20170308154822419,-2.38979873657227
20170308154822420,0.852693939208984
20170308154822421,-1.77944717407227
20170308154822422,-2.48135147094727
20170308154822423,0.715364837646484
20170308154822424,-1.71841201782227
20170308154822425,-2.33639297485352
20170308154822426,0.616182708740234
20170308154822427,-1.80233535766602
20170308154822428,-2.36691055297852
20170308154822429,0.623812103271484
20170308154822430,-1.76418838500977
20170308154822431,-2.25246963500977
20170308154822432,0.608553314208984
20170308154822433,-1.89388809204102
20170308154822434,-2.32113418579102
20170308154822435,0.585665130615234
20170308154822436,-1.82522354125977
20170308154822437,-2.34402236938477
20170308154822438,0.608553314208984
20170308154822439,-1.84048233032227
20170308154822440,-2.20669326782227
20170308154822441,0.852693939208984
20170308154822442,-1.93203506469727
20170308154822443,-2.13802871704102
20170308154822444,0.890840911865234
20170308154822445,-1.95492324829102
20170308154822446,-2.05410537719727
20170308154822447,0.722994232177734
20170308154822448,-2.01595840454102
20170308154822449,-2.02358779907227
20170308154822450,0.753511810302734
20170308154822451,-2.09988174438477
20170308154822452,-1.98544082641602
20170308154822453,0.745882415771484
20170308154822454,-2.14565811157227
20170308154822455,-1.96255264282227
20170308154822456,0.730623626708984
20170308154822457,-2.19906387329102
20170308154822458,-2.04647598266602
20170308154822459,0.669588470458984
20170308154822460,-2.19143447875977
20170308154822461,-1.79470596313477
20170308154822462,0.722994232177734
20170308154822463,-2.36691055297852
20170308154822464,-1.82522354125977
20170308154822465,0.616182708740234
20170308154822466,-2.32113418579102
20170308154822467,-1.80233535766602
20170308154822468,0.639070892333984
20170308154822469,-2.28298721313477
20170308154822470,-1.67263565063477
20170308154822471,0.677217864990234
20170308154822472,-2.51186904907227
20170308154822473,-1.67263565063477
20170308154822474,0.906099700927734
20170308154822475,-2.44320449829102
20170308154822476,-1.66500625610352
20170308154822477,0.715364837646484
20170308154822478,-2.32876358032227
20170308154822479,-1.58871231079102
20170308154822480,0.646700286865234
20170308154822481,-2.24484024047852
20170308154822482,-1.72604141235352
20170308154822483,0.730623626708984
20170308154822484,-2.22195205688477
20170308154822485,-1.71841201782227
20170308154822486,0.784029388427734
20170308154822487,-2.33639297485352
20170308154822488,-1.67263565063477
20170308154822489,0.585665130615234
20170308154822490,-2.39742813110352
20170308154822491,-1.81759414672852
20170308154822492,0.631441497802734
20170308154822493,-2.26009902954102
20170308154822494,-1.74130020141602
20170308154822495,0.890840911865234
20170308154822496,-2.22958145141602
20170308154822497,-1.67263565063477
20170308154822498,0.692476654052734
20170308154822499,-2.38979873657227
20170308154822500,-1.74130020141602
20170308154822501,0.623812103271484
20170308154822502,-2.35165176391602
20170308154822503,-1.64211807250977
20170308154822504,0.707735443115234
20170308154822505,-2.44320449829102
20170308154822506,-1.67263565063477
20170308154822507,0.608553314208984
20170308154822508,-2.39742813110352
20170308154822509,-1.63448867797852
20170308154822510,0.570406341552734
20170308154822511,-2.38979873657227
20170308154822512,-1.58871231079102
20170308154822513,0.639070892333984
20170308154822514,-2.27535781860352
20170308154822515,-1.58871231079102
20170308154822516,0.745882415771484
20170308154822517,-2.45083389282227
20170308154822518,-1.56582412719727
20170308154822519,0.707735443115234
20170308154822520,-2.42794570922852
20170308154822521,-1.56582412719727
20170308154822522,0.669588470458984
20170308154822523,-2.58816299438477
20170308154822524,-1.39034805297852
20170308154822525,0.753511810302734
20170308154822526,-2.71786270141602
20170308154822527,-1.23013076782227
20170308154822528,0.646700286865234
20170308154822529,-2.85519180297852
20170308154822530,-1.07754287719727
20170308154822531,0.463594818115234
20170308154822532,-2.83993301391602
20170308154822533,-1.12331924438477
20170308154822534,0.730623626708984
20170308154822535,-2.91622695922852
20170308154822536,-1.00887832641602
20170308154822537,0.486483001708984
20170308154822538,-2.91622695922852
20170308154822539,-1.01650772094727
20170308154822540,0.455965423583984
20170308154822541,-3.01540908813477
20170308154822542,-0.818143463134766
20170308154822543,0.455965423583984
20170308154822544,-2.91622695922852
20170308154822545,-0.528226470947266
20170308154822546,0.288118743896484
20170308154822547,-2.95437393188477
20170308154822548,-0.642667388916016
20170308154822549,0.341524505615234
20170308154822550,-3.00777969360352
20170308154822551,-0.459561920166016
20170308154822552,0.135530853271484
20170308154822553,-3.02303848266602
20170308154822554,-0.352750396728516
20170308154822555,0.0592369079589844
20170308154822556,-2.85519180297852
20170308154822557,-0.276456451416016
20170308154822558,-0.0933509826660156
20170308154822559,-2.87807998657227
20170308154822560,0.158419036865234
20170308154822561,-0.368009185791016
20170308154822562,-2.80941543579102
20170308154822563,0.249971771240234
20170308154822564,-0.200162506103516
20170308154822565,-2.84756240844727
20170308154822566,0.356783294677734
20170308154822567,-0.413785552978516
20170308154822568,-2.79415664672852
20170308154822569,0.364412689208984
20170308154822570,-0.581632232666016
20170308154822571,-2.84756240844727
20170308154822572,0.318636322021484
20170308154822573,-0.665555572509766
20170308154822574,-2.93148574829102
20170308154822575,0.517000579833984
20170308154822576,-0.802884674072266
20170308154822577,-2.87807998657227
20170308154822578,0.661959075927734
20170308154822579,-0.932584381103516
20170308154822580,-2.78652725219727
20170308154822581,0.715364837646484
20170308154822582,-1.05465469360352
20170308154822583,-2.79415664672852
20170308154822584,0.753511810302734
20170308154822585,-1.24538955688477
20170308154822586,-2.66445693969727
20170308154822587,0.845064544677734
20170308154822588,-1.35220108032227
20170308154822589,-2.65682754516602
20170308154822590,0.768770599365234
20170308154822591,-1.36745986938477
20170308154822592,-2.61868057250977
20170308154822593,0.799288177490234
20170308154822594,-1.37508926391602
20170308154822595,-2.48135147094727
20170308154822596,0.974764251708984
20170308154822597,-1.48953018188477
20170308154822598,-2.51186904907227
20170308154822599,0.745882415771484
20170308154822600,-1.58871231079102
20170308154822601,-2.32876358032227
20170308154822602,0.616182708740234
20170308154822603,-1.68026504516602
20170308154822604,-2.38216934204102
20170308154822605,0.852693939208984
20170308154822606,-1.77944717407227
20170308154822607,-2.30587539672852
20170308154822608,0.784029388427734
20170308154822609,-1.78707656860352
20170308154822610,-2.14565811157227
20170308154822611,0.890840911865234
20170308154822612,-2.03121719360352
20170308154822613,-2.03884658813477
20170308154822614,0.654329681396484
20170308154822615,-2.25246963500977
20170308154822616,-1.75655899047852
20170308154822617,0.661959075927734
20170308154822618,-2.27535781860352
20170308154822619,-1.71078262329102
20170308154822620,0.768770599365234
20170308154822621,-2.29061660766602
20170308154822622,-1.65737686157227
20170308154822623,0.639070892333984
20170308154822624,-2.29824600219727
20170308154822625,-1.71841201782227
20170308154822626,0.829805755615234
20170308154822627,-2.34402236938477
20170308154822628,-1.64974746704102
20170308154822629,0.867952728271484
20170308154822630,-2.40505752563477
20170308154822631,-1.69552383422852
20170308154822632,0.646700286865234
20170308154822633,-2.30587539672852
20170308154822634,-1.80233535766602
20170308154822635,0.692476654052734
20170308154822636,-2.07699356079102
20170308154822637,-1.93203506469727
20170308154822638,0.600923919677734
20170308154822639,-2.04647598266602
20170308154822640,-2.06936416625977
20170308154822641,0.829805755615234
20170308154822642,-1.99307022094727
20170308154822643,-2.09225234985352
20170308154822644,0.661959075927734
20170308154822645,-1.97018203735352
20170308154822646,-2.06936416625977
20170308154822647,0.906099700927734
20170308154822648,-1.95492324829102
20170308154822649,-2.12276992797852
20170308154822650,0.661959075927734
20170308154822651,-1.88625869750977
20170308154822652,-2.22958145141602
20170308154822653,0.661959075927734
20170308154822654,-1.81759414672852
20170308154822655,-2.15328750610352
20170308154822656,0.684847259521484
20170308154822657,-2.07699356079102
20170308154822658,-2.16854629516602
20170308154822659,0.608553314208984
20170308154822660,-2.01595840454102
20170308154822661,-2.12276992797852
20170308154822662,0.784029388427734
20170308154822663,-1.95492324829102
20170308154822664,-2.06936416625977
20170308154822665,0.822176361083984
20170308154822666,-2.19143447875977
20170308154822667,-1.90914688110352
20170308154822668,0.608553314208984
20170308154822669,-2.17617568969727
20170308154822670,-2.08462295532227
20170308154822671,0.806917572021484
20170308154822672,-2.07699356079102
20170308154822673,-2.05410537719727
20170308154822674,0.761141204833984
20170308154822675,-2.08462295532227
20170308154822676,-2.08462295532227
20170308154822677,0.631441497802734
20170308154822678,-2.17617568969727
20170308154822679,-1.89388809204102
20170308154822680,0.684847259521484
20170308154822681,-2.29824600219727
20170308154822682,-1.73367080688477
20170308154822683,0.806917572021484
20170308154822684,-2.31350479125977
20170308154822685,-1.82522354125977
20170308154822686,0.616182708740234
20170308154822687,-2.31350479125977
20170308154822688,-1.81759414672852
20170308154822689,0.616182708740234
20170308154822690,-2.45083389282227
20170308154822691,-1.52767715454102
20170308154822692,0.684847259521484
20170308154822693,-2.55001602172852
20170308154822694,-1.47427139282227
20170308154822695,0.761141204833984
20170308154822696,-2.79415664672852
20170308154822697,-1.23013076782227
20170308154822698,0.631441497802734
20170308154822699,-2.93911514282227
20170308154822700,-1.19961318969727
20170308154822701,0.578035736083984
20170308154822702,-2.97726211547852
20170308154822703,-1.00887832641602
20170308154822704,0.623812103271484
20170308154822705,-2.96200332641602
20170308154822706,-1.03176651000977
20170308154822707,0.356783294677734
20170308154822708,-2.95437393188477
20170308154822709,-0.894437408447266
20170308154822710,0.448336029052734
20170308154822711,-2.98489151000977
20170308154822712,-0.574002838134766
20170308154822713,0.280489349365234
20170308154822714,-2.96963272094727
20170308154822715,-0.352750396728516
20170308154822716,-0.0017982482910156
20170308154822717,-2.98489151000977
20170308154822718,-0.123868560791016
20170308154822719,-0.306974029541016
20170308154822720,-2.94674453735352
20170308154822721,0.127901458740234
20170308154822722,-0.429044342041016
20170308154822723,-2.90859756469727
20170308154822724,0.410189056396484
20170308154822725,-0.581632232666016
20170308154822726,-2.89333877563477
20170308154822727,0.417818450927734
20170308154822728,-0.635037994384766
20170308154822729,-2.90096817016602
20170308154822730,0.539888763427734
20170308154822731,-0.955472564697266
20170308154822732,-2.85519180297852
20170308154822733,0.791658782958984
20170308154822734,-1.11568984985352
20170308154822735,-2.78652725219727
20170308154822736,0.707735443115234
20170308154822737,-1.19198379516602
20170308154822738,-2.71786270141602
20170308154822739,0.745882415771484
20170308154822740,-1.11568984985352
20170308154822741,-2.71786270141602
20170308154822742,0.799288177490234
20170308154822743,-1.32931289672852
20170308154822744,-2.58816299438477
20170308154822745,0.806917572021484
20170308154822746,-1.49715957641602
20170308154822747,-2.51186904907227
20170308154822748,0.784029388427734
20170308154822749,-1.68789443969727
20170308154822750,-2.51186904907227
20170308154822751,0.761141204833984
20170308154822752,-1.78707656860352
20170308154822753,-2.57290420532227
20170308154822754,0.593294525146484
20170308154822755,-1.74892959594727
20170308154822756,-2.42031631469727
20170308154822757,0.684847259521484
20170308154822758,-1.64974746704102
20170308154822759,-2.43557510375977
20170308154822760,0.684847259521484
20170308154822761,-1.64974746704102
20170308154822762,-2.35928115844727
20170308154822763,0.860323333740234
20170308154822764,-1.65737686157227
20170308154822765,-2.42031631469727
20170308154822766,0.730623626708984
20170308154822767,-1.65737686157227
20170308154822768,-2.38216934204102
20170308154822769,0.768770599365234
20170308154822770,-1.69552383422852
20170308154822771,-2.35928115844727
20170308154822772,0.883211517333984
20170308154822773,-1.71078262329102
20170308154822774,-2.32113418579102
20170308154822775,0.692476654052734
20170308154822776,-1.74130020141602
20170308154822777,-2.36691055297852
20170308154822778,0.654329681396484
20170308154822779,-1.48953018188477
20170308154822780,-2.38979873657227
20170308154822781,0.654329681396484
20170308154822782,-1.70315322875977
20170308154822783,-2.38979873657227
20170308154822784,0.707735443115234
20170308154822785,-1.74892959594727
20170308154822786,-2.23721084594727
20170308154822787,0.684847259521484
20170308154822788,-1.99307022094727
20170308154822789,-2.16854629516602
20170308154822790,0.692476654052734
20170308154822791,-2.00832901000977
20170308154822792,-2.07699356079102
20170308154822793,0.608553314208984
20170308154822794,-2.07699356079102
20170308154822795,-1.93966445922852
20170308154822796,0.623812103271484
20170308154822797,-2.02358779907227
20170308154822798,-2.12276992797852
20170308154822799,0.654329681396484
20170308154822800,-2.13039932250977
20170308154822801,-2.03884658813477
20170308154822802,0.806917572021484
20170308154822803,-2.10751113891602
20170308154822804,-1.84811172485352
20170308154822805,0.715364837646484
20170308154822806,-2.20669326782227
20170308154822807,-1.97018203735352
20170308154822808,0.639070892333984
20170308154822809,-2.15328750610352
20170308154822810,-2.01595840454102
20170308154822811,0.745882415771484
20170308154822812,-2.13802871704102
20170308154822813,-1.97781143188477
20170308154822814,0.837435150146484
20170308154822815,-2.16091690063477
20170308154822816,-1.87862930297852
20170308154822817,0.600923919677734
20170308154822818,-2.13039932250977
20170308154822819,-1.82522354125977
20170308154822820,0.730623626708984
20170308154822821,-2.32113418579102
20170308154822822,-1.80233535766602
20170308154822823,0.654329681396484
20170308154822824,-2.38979873657227
20170308154822825,-1.75655899047852
20170308154822826,0.600923919677734
20170308154822827,-2.32876358032227
20170308154822828,-1.85574111938477
20170308154822829,0.661959075927734
20170308154822830,-2.19906387329102
20170308154822831,-1.77181777954102
20170308154822832,0.600923919677734
20170308154822833,-2.25246963500977
20170308154822834,-1.66500625610352
20170308154822835,0.684847259521484
20170308154822836,-2.41268692016602
20170308154822837,-1.58871231079102
20170308154822838,0.692476654052734
20170308154822839,-2.50423965454102
20170308154822840,-1.52767715454102
20170308154822841,0.745882415771484
20170308154822842,-2.43557510375977
20170308154822843,-1.48953018188477
20170308154822844,0.631441497802734
20170308154822845,-2.62630996704102
20170308154822846,-1.36745986938477
20170308154822847,0.639070892333984
20170308154822848,-2.93148574829102
20170308154822849,-1.20724258422852
20170308154822850,0.539888763427734
20170308154822851,-2.98489151000977
20170308154822852,-0.955472564697266
20170308154822853,0.501741790771484
20170308154822854,-2.96963272094727
20170308154822855,-0.879178619384766
20170308154822856,0.417818450927734
20170308154822857,-2.98489151000977
20170308154822858,-0.390897369384766
20170308154822859,0.0897544860839844
20170308154822860,-2.93911514282227
20170308154822861,-0.261197662353516
20170308154822862,-0.0780921936035156
20170308154822863,-2.95437393188477
20170308154822864,-0.0628334045410156
20170308154822865,-0.207791900634766
20170308154822866,-2.98489151000977
20170308154822867,0.356783294677734
20170308154822868,-0.574002838134766
20170308154822869,-2.89333877563477
20170308154822870,0.608553314208984
20170308154822871,-0.886808013916016
20170308154822872,-2.93148574829102
20170308154822873,0.730623626708984
20170308154822874,-0.924954986572266
20170308154822875,-2.79415664672852
20170308154822876,0.753511810302734
20170308154822877,-0.787625885009766
20170308154822878,-2.77126846313477
20170308154822879,0.539888763427734
20170308154822880,-0.955472564697266
20170308154822881,-2.81704483032227
20170308154822882,0.852693939208984
20170308154822883,-1.11568984985352
20170308154822884,-2.83230361938477
20170308154822885,0.684847259521484
20170308154822886,-1.15383682250977
20170308154822887,-2.78652725219727
20170308154822888,0.913729095458984
20170308154822889,-1.10043106079102
20170308154822890,-2.64919815063477
20170308154822891,1.00528182983398
20170308154822892,-1.42849502563477
20170308154822893,-2.58816299438477
20170308154822894,0.898470306396484
20170308154822895,-1.32168350219727
20170308154822896,-2.59579238891602
20170308154822897,0.867952728271484
20170308154822898,-1.35220108032227
20170308154822899,-2.64156875610352
20170308154822900,0.936617279052734
20170308154822901,-1.34457168579102
20170308154822902,-2.47372207641602
20170308154822903,0.784029388427734
20170308154822904,-1.65737686157227
20170308154822905,-2.42031631469727
20170308154822906,0.898470306396484
20170308154822907,-1.67263565063477
20170308154822908,-2.47372207641602
20170308154822909,0.692476654052734
20170308154822910,-1.52004776000977
20170308154822911,-2.59579238891602
20170308154822912,0.684847259521484
20170308154822913,-1.39797744750977
20170308154822914,-2.59579238891602
20170308154822915,0.890840911865234
20170308154822916,-1.55819473266602
20170308154822917,-2.51949844360352
20170308154822918,0.822176361083984
20170308154822919,-1.84811172485352
20170308154822920,-2.22958145141602
20170308154822921,0.623812103271484
20170308154822922,-1.78707656860352
20170308154822923,-2.37453994750977
20170308154822924,0.616182708740234
20170308154822925,-1.68026504516602
20170308154822926,-2.32876358032227
20170308154822927,0.616182708740234
20170308154822928,-1.98544082641602
20170308154822929,-2.08462295532227
20170308154822930,0.730623626708984
20170308154822931,-2.03884658813477
20170308154822932,-2.00832901000977
20170308154822933,0.669588470458984
20170308154822934,-2.12276992797852
20170308154822935,-2.11514053344727
20170308154822936,0.661959075927734
20170308154822937,-2.05410537719727
20170308154822938,-2.22958145141602
20170308154822939,0.654329681396484
20170308154822940,-2.04647598266602
20170308154822941,-2.06936416625977
20170308154822942,0.784029388427734
20170308154822943,-1.98544082641602
20170308154822944,-2.09225234985352
20170308154822945,0.738253021240234
20170308154822946,-2.00832901000977
20170308154822947,-2.16854629516602
20170308154822948,0.616182708740234
20170308154822949,-2.15328750610352
20170308154822950,-2.16854629516602
20170308154822951,0.646700286865234
20170308154822952,-2.14565811157227
20170308154822953,-2.01595840454102
20170308154822954,0.547518157958984
20170308154822955,-2.13802871704102
20170308154822956,-1.84048233032227
20170308154822957,0.646700286865234
20170308154822958,-2.29061660766602
20170308154822959,-1.76418838500977
20170308154822960,0.715364837646484
20170308154822961,-2.39742813110352
20170308154822962,-1.58108291625977
20170308154822963,0.707735443115234
20170308154822964,-2.51949844360352
20170308154822965,-1.58871231079102
20170308154822966,0.616182708740234
20170308154822967,-2.37453994750977
20170308154822968,-1.58871231079102
20170308154822969,0.814546966552734
20170308154822970,-2.45846328735352
20170308154822971,-1.44375381469727
20170308154822972,0.600923919677734
20170308154822973,-2.71786270141602
20170308154822974,-1.45138320922852
20170308154822975,0.593294525146484
20170308154822976,-2.57290420532227
20170308154822977,-1.40560684204102
20170308154822978,0.661959075927734
20170308154822979,-2.71023330688477
20170308154822980,-1.39797744750977
20170308154822981,0.532259368896484
20170308154822982,-2.60342178344727
20170308154822983,-1.42849502563477
20170308154822984,0.570406341552734
20170308154822985,-2.74075088500977
20170308154822986,-1.36745986938477
20170308154822987,0.471224212646484
20170308154822988,-2.77126846313477
20170308154822989,-1.33694229125977
20170308154822990,0.532259368896484
20170308154822991,-2.74075088500977
20170308154822992,-1.13857803344727
20170308154822993,0.539888763427734
20170308154822994,-2.93148574829102
20170308154822995,-1.06991348266602
20170308154822996,0.501741790771484
20170308154822997,-3.02303848266602
20170308154822998,-1.03176651000977
20170308154822999,0.417818450927734
20170308154823000,-3.03066787719727
20170308154823001,-0.985990142822266
20170308154823002,0.448336029052734
20170308154823003,-2.98489151000977
20170308154823004,-0.741849517822266
20170308154823005,0.417818450927734
20170308154823006,-2.93911514282227
20170308154823007,-0.490079498291016
20170308154823008,0.166048431396484
20170308154823009,-2.93911514282227
20170308154823010,-0.337491607666016
20170308154823011,0.0058311462402344
20170308154823012,-2.96963272094727
20170308154823013,-0.360379791259766
20170308154823014,-0.0170570373535156
20170308154823015,-2.97726211547852
20170308154823016,-0.215421295166016
20170308154823017,-0.139127349853516
20170308154823018,-2.96963272094727
20170308154823019,-0.230680084228516
20170308154823020,-0.192533111572266
20170308154823021,-2.90859756469727
20170308154823022,-0.223050689697266
20170308154823023,-0.207791900634766
20170308154823024,-2.91622695922852
20170308154823025,0.120272064208984
20170308154823026,-0.490079498291016
20170308154823027,-2.86282119750977
20170308154823028,0.188936614990234
20170308154823029,-0.528226470947266
20170308154823030,-2.83230361938477
20170308154823031,0.211824798583984
20170308154823032,-0.642667388916016
20170308154823033,-2.87045059204102
20170308154823034,0.593294525146484
20170308154823035,-0.841031646728516
20170308154823036,-2.87807998657227
20170308154823037,0.623812103271484
20170308154823038,-1.01650772094727
20170308154823039,-2.93148574829102
20170308154823040,0.707735443115234
20170308154823041,-0.879178619384766
20170308154823042,-2.85519180297852
20170308154823043,0.745882415771484
20170308154823044,-1.23776016235352
20170308154823045,-2.75600967407227
20170308154823046,0.745882415771484
20170308154823047,-1.23776016235352
20170308154823048,-2.78652725219727
20170308154823049,0.822176361083984
20170308154823050,-1.15383682250977
20170308154823051,-2.72549209594727
20170308154823052,0.852693939208984
20170308154823053,-1.17672500610352
20170308154823054,-2.73312149047852
20170308154823055,0.982393646240234
20170308154823056,-1.19198379516602
20170308154823057,-2.74075088500977
20170308154823058,0.784029388427734
20170308154823059,-1.09280166625977
20170308154823060,-2.72549209594727
20170308154823061,0.837435150146484
20170308154823062,-1.16146621704102
20170308154823063,-2.67208633422852
20170308154823064,0.806917572021484
20170308154823065,-1.19198379516602
20170308154823066,-2.74075088500977
20170308154823067,0.776399993896484
20170308154823068,-1.34457168579102
20170308154823069,-2.68734512329102
20170308154823070,0.829805755615234
20170308154823071,-1.31405410766602
20170308154823072,-2.62630996704102
20170308154823073,0.776399993896484
20170308154823074,-1.29116592407227
20170308154823075,-2.64919815063477
20170308154823076,0.669588470458984
20170308154823077,-1.05465469360352
20170308154823078,-2.61105117797852
20170308154823079,0.791658782958984
20170308154823080,-1.35220108032227
20170308154823081,-2.62630996704102
20170308154823082,0.677217864990234
20170308154823083,-1.31405410766602
20170308154823084,-2.56527481079102
20170308154823085,0.822176361083984
20170308154823086,-1.29116592407227
20170308154823087,-2.58053359985352
20170308154823088,0.822176361083984
20170308154823089,-1.41323623657227
20170308154823090,-2.48135147094727
20170308154823091,0.745882415771484
20170308154823092,-1.41323623657227
20170308154823093,-2.51186904907227
20170308154823094,0.814546966552734
20170308154823095,-1.49715957641602
20170308154823096,-2.42794570922852
20170308154823097,0.784029388427734
20170308154823098,-1.44375381469727
20170308154823099,-2.34402236938477
20170308154823100,0.715364837646484
20170308154823101,-1.68789443969727
20170308154823102,-2.35165176391602
20170308154823103,0.578035736083984
20170308154823104,-1.87099990844727
20170308154823105,-2.22195205688477
20170308154823106,0.761141204833984
20170308154823107,-2.02358779907227
20170308154823108,-2.10751113891602
20170308154823109,0.791658782958984
20170308154823110,-1.98544082641602
20170308154823111,-1.91677627563477
20170308154823112,0.547518157958984
20170308154823113,-2.22958145141602
20170308154823114,-1.79470596313477
20170308154823115,0.700106048583984
20170308154823116,-2.32876358032227
20170308154823117,-1.73367080688477
20170308154823118,0.684847259521484
20170308154823119,-2.34402236938477
20170308154823120,-1.57345352172852
20170308154823121,0.623812103271484
20170308154823122,-2.42031631469727
20170308154823123,-1.55056533813477
20170308154823124,0.814546966552734
20170308154823125,-2.55764541625977
20170308154823126,-1.30642471313477
20170308154823127,0.623812103271484
20170308154823128,-2.65682754516602
20170308154823129,-1.22250137329102
20170308154823130,0.631441497802734
20170308154823131,-2.90096817016602
20170308154823132,-1.03176651000977
20170308154823133,0.784029388427734
20170308154823134,-2.91622695922852
20170308154823135,-0.894437408447266
20170308154823136,0.623812103271484
20170308154823137,-2.96200332641602
20170308154823138,-0.764737701416016
20170308154823139,0.394930267333984
20170308154823140,-2.96963272094727
20170308154823141,-0.551114654541016
20170308154823142,0.219454193115234
20170308154823143,-2.96200332641602
20170308154823144,-0.406156158447266
20170308154823145,0.0134605407714844
20170308154823146,-2.94674453735352
20170308154823147,-0.131497955322266
20170308154823148,-0.0170570373535156
20170308154823149,-2.93148574829102
20170308154823150,-0.421414947509766
20170308154823151,0.0897544860839844
20170308154823152,-2.97726211547852
20170308154823153,-0.421414947509766
20170308154823154,-0.0399452209472656
20170308154823155,-3.01540908813477
20170308154823156,-0.268827056884766
20170308154823157,-0.0780921936035156
20170308154823158,-2.93911514282227
20170308154823159,-0.329862213134766
20170308154823160,-0.0246864318847656
20170308154823161,-2.96963272094727
20170308154823162,-0.0094276428222656
20170308154823163,-0.0399452209472656
20170308154823164,-2.93911514282227
20170308154823165,-0.100980377197266
20170308154823166,-0.0323158264160156
20170308154823167,-2.95437393188477
20170308154823168,-0.139127349853516
20170308154823169,-0.238309478759766
20170308154823170,-2.90096817016602
20170308154823171,-0.139127349853516
20170308154823172,-0.0323158264160156
20170308154823173,-2.90859756469727
20170308154823174,-0.482450103759766
20170308154823175,-0.0857215881347656
20170308154823176,-2.91622695922852
20170308154823177,-0.245938873291016
20170308154823178,0.0592369079589844
20170308154823179,-2.92385635375977
20170308154823180,-0.215421295166016
20170308154823181,-0.0933509826660156
20170308154823182,-2.95437393188477
20170308154823183,-0.284085845947266
20170308154823184,-0.192533111572266
20170308154823185,-2.96963272094727
20170308154823186,-0.192533111572266
20170308154823187,-0.268827056884766
20170308154823188,-2.96200332641602
20170308154823189,0.0744956970214844
20170308154823190,-0.360379791259766
20170308154823191,-2.91622695922852
20170308154823192,0.0287193298339844
20170308154823193,-0.192533111572266
20170308154823194,-2.93148574829102
20170308154823195,-0.0170570373535156
20170308154823196,-0.390897369384766
20170308154823197,-2.96200332641602
20170308154823198,0.166048431396484
20170308154823199,-0.291715240478516
20170308154823200,-2.94674453735352
20170308154823201,0.379671478271484
20170308154823202,-0.451932525634766
20170308154823203,-2.88570938110352
20170308154823204,0.379671478271484
20170308154823205,-0.657926177978516
20170308154823206,-2.80941543579102
20170308154823207,0.463594818115234
20170308154823208,-0.528226470947266
20170308154823209,-2.81704483032227
20170308154823210,0.364412689208984
20170308154823211,-0.482450103759766
20170308154823212,-2.84756240844727
20170308154823213,0.333895111083984
20170308154823214,-0.673184967041016
20170308154823215,-2.82467422485352
20170308154823216,0.402559661865234
20170308154823217,-0.718961334228516
20170308154823218,-2.87045059204102
20170308154823219,0.524629974365234
20170308154823220,-0.680814361572266
20170308154823221,-2.83993301391602
20170308154823222,0.639070892333984
20170308154823223,-0.787625885009766
20170308154823224,-2.80941543579102
20170308154823225,0.318636322021484
20170308154823226,-0.703702545166016
20170308154823227,-2.81704483032227
20170308154823228,0.578035736083984
20170308154823229,-0.757108306884766
20170308154823230,-2.71786270141602
20170308154823231,0.585665130615234
20170308154823232,-0.833402252197266
20170308154823233,-2.83230361938477
20170308154823234,0.677217864990234
20170308154823235,-0.955472564697266
20170308154823236,-2.77126846313477
20170308154823237,0.890840911865234
20170308154823238,-1.00124893188477
20170308154823239,-2.82467422485352
20170308154823240,0.799288177490234
20170308154823241,-0.963101959228516
20170308154823242,-2.80941543579102
20170308154823243,0.616182708740234
20170308154823244,-0.863919830322266
20170308154823245,-2.83993301391602
20170308154823246,0.845064544677734
20170308154823247,-0.902066802978516
20170308154823248,-2.82467422485352
20170308154823249,0.707735443115234
20170308154823250,-1.07754287719727
20170308154823251,-2.86282119750977
20170308154823252,0.631441497802734
20170308154823253,-1.02413711547852
20170308154823254,-2.79415664672852
20170308154823255,0.822176361083984
20170308154823256,-0.947843170166016
20170308154823257,-2.80178604125977
20170308154823258,0.707735443115234
20170308154823259,-1.06991348266602
20170308154823260,-2.68734512329102
20170308154823261,0.761141204833984
20170308154823262,-1.21487197875977
20170308154823263,-2.67971572875977
20170308154823264,0.829805755615234
20170308154823265,-1.27590713500977
20170308154823266,-2.67971572875977
20170308154823267,0.822176361083984
20170308154823268,-1.64974746704102
20170308154823269,-2.42794570922852
20170308154823270,0.722994232177734
20170308154823271,-1.86337051391602
20170308154823272,-2.23721084594727
20170308154823273,0.707735443115234
20170308154823274,-2.14565811157227
20170308154823275,-1.97018203735352
20170308154823276,0.631441497802734
20170308154823277,-2.22958145141602
20170308154823278,-1.84048233032227
20170308154823279,0.623812103271484
20170308154823280,-2.47372207641602
20170308154823281,-1.49715957641602
20170308154823282,0.784029388427734
20170308154823283,-2.89333877563477
20170308154823284,-1.01650772094727
20170308154823285,0.509371185302734
20170308154823286,-2.93148574829102
20170308154823287,-1.02413711547852
20170308154823288,0.433077239990234
20170308154823289,-3.00015029907227
20170308154823290,-1.09280166625977
20170308154823291,0.455965423583984
20170308154823292,-2.92385635375977
20170308154823293,-0.970731353759766
20170308154823294,0.593294525146484
20170308154823295,-2.90859756469727
20170308154823296,-0.703702545166016
20170308154823297,0.471224212646484
20170308154823298,-2.96963272094727
20170308154823299,-0.764737701416016
20170308154823300,0.394930267333984
20170308154823301,-2.99252090454102
20170308154823302,-0.787625885009766
20170308154823303,0.402559661865234
20170308154823304,-2.96200332641602
20170308154823305,-0.566373443603516
20170308154823306,0.242342376708984
20170308154823307,-3.00015029907227
20170308154823308,-0.497708892822266
20170308154823309,0.181307220458984
20170308154823310,-2.95437393188477
20170308154823311,-0.360379791259766
20170308154823312,0.181307220458984
20170308154823313,-2.93148574829102
20170308154823314,-0.169644927978516
20170308154823315,0.143160247802734
20170308154823316,-2.97726211547852
20170308154823317,-0.329862213134766
20170308154823318,0.204195404052734
20170308154823319,-2.93148574829102
20170308154823320,-0.131497955322266
20170308154823321,-0.306974029541016
20170308154823322,-3.03066787719727
20170308154823323,-0.383267974853516
20170308154823324,-0.131497955322266
20170308154823325,-3.06881484985352
20170308154823326,-0.169644927978516
20170308154823327,-0.192533111572266
20170308154823328,-2.96963272094727
20170308154823329,-0.0780921936035156
20170308154823330,-0.139127349853516
20170308154823331,-2.88570938110352
20170308154823332,-0.284085845947266
20170308154823333,-0.177274322509766
20170308154823334,-2.92385635375977
20170308154823335,-0.268827056884766
20170308154823336,0.0210899353027344
20170308154823337,-2.97726211547852
20170308154823338,-0.329862213134766
20170308154823339,-0.108609771728516
20170308154823340,-2.95437393188477
20170308154823341,-0.108609771728516
20170308154823342,-0.329862213134766
20170308154823343,-2.98489151000977
20170308154823344,0.181307220458984
20170308154823345,-0.360379791259766
20170308154823346,-2.87045059204102
20170308154823347,0.219454193115234
20170308154823348,-0.612149810791016
20170308154823349,-2.86282119750977
20170308154823350,0.234712982177734
20170308154823351,-0.497708892822266
20170308154823352,-2.80941543579102
20170308154823353,0.166048431396484
20170308154823354,-0.490079498291016
20170308154823355,-2.80941543579102
20170308154823356,-0.100980377197266
20170308154823357,-0.345121002197266
20170308154823358,-2.93148574829102
20170308154823359,-0.215421295166016
20170308154823360,-0.100980377197266
20170308154823361,-2.90096817016602
20170308154823362,-0.299344635009766
20170308154823363,-0.0933509826660156
20170308154823364,-2.90096817016602
20170308154823365,-0.200162506103516
20170308154823366,-0.169644927978516
20170308154823367,-2.95437393188477
20170308154823368,0.0210899353027344
20170308154823369,-0.207791900634766
20170308154823370,-2.83993301391602
20170308154823371,0.188936614990234
20170308154823372,-0.482450103759766
20170308154823373,-2.90859756469727
20170308154823374,0.196566009521484
20170308154823375,-0.520597076416016
20170308154823376,-2.82467422485352
20170308154823377,0.509371185302734
20170308154823378,-0.429044342041016
20170308154823379,-2.80178604125977
20170308154823380,0.509371185302734
20170308154823381,-0.711331939697266
20170308154823382,-2.80941543579102
20170308154823383,0.593294525146484
20170308154823384,-0.718961334228516
20170308154823385,-2.83230361938477
20170308154823386,0.715364837646484
20170308154823387,-0.764737701416016
20170308154823388,-2.80941543579102
20170308154823389,0.433077239990234
20170308154823390,-0.711331939697266
20170308154823391,-2.83230361938477
20170308154823392,0.433077239990234
20170308154823393,-0.810514068603516
20170308154823394,-2.71786270141602
20170308154823395,0.669588470458984
20170308154823396,-0.886808013916016
20170308154823397,-2.77126846313477
20170308154823398,0.341524505615234
20170308154823399,-0.886808013916016
20170308154823400,-2.87807998657227
20170308154823401,0.631441497802734
20170308154823402,-0.993619537353516
20170308154823403,-2.77126846313477
20170308154823404,0.776399993896484
20170308154823405,-0.902066802978516
20170308154823406,-2.70260391235352
20170308154823407,0.822176361083984
20170308154823408,-1.26827774047852
20170308154823409,-2.61868057250977
20170308154823410,0.799288177490234
20170308154823411,-1.48953018188477
20170308154823412,-2.51186904907227
20170308154823413,0.799288177490234
20170308154823414,-1.55056533813477
20170308154823415,-2.38979873657227
20170308154823416,0.753511810302734
20170308154823417,-1.64974746704102
20170308154823418,-2.38979873657227
20170308154823419,0.730623626708984
20170308154823420,-1.75655899047852
20170308154823421,-2.29061660766602
20170308154823422,0.776399993896484
20170308154823423,-1.80996475219727
20170308154823424,-2.15328750610352
20170308154823425,0.738253021240234
20170308154823426,-2.00069961547852
20170308154823427,-2.06936416625977
20170308154823428,0.753511810302734
20170308154823429,-2.06936416625977
20170308154823430,-1.93203506469727
20170308154823431,0.784029388427734
20170308154823432,-2.28298721313477
20170308154823433,-1.89388809204102
20170308154823434,0.730623626708984
20170308154823435,-2.26772842407227
20170308154823436,-1.82522354125977
20170308154823437,0.738253021240234
20170308154823438,-2.43557510375977
20170308154823439,-1.54293594360352
20170308154823440,0.707735443115234
20170308154823441,-2.64919815063477
20170308154823442,-1.42849502563477
20170308154823443,0.600923919677734
20170308154823444,-2.63393936157227
20170308154823445,-1.26827774047852
20170308154823446,0.646700286865234
20170308154823447,-2.90859756469727
20170308154823448,-0.886808013916016
20170308154823449,0.486483001708984
20170308154823450,-2.96200332641602
20170308154823451,-0.734220123291016
20170308154823452,0.425447845458984
20170308154823453,-3.01540908813477
20170308154823454,-0.696073150634766
20170308154823455,0.539888763427734
20170308154823456,-2.97726211547852
20170308154823457,-0.787625885009766
20170308154823458,0.387300872802734
20170308154823459,-2.89333877563477
20170308154823460,-0.787625885009766
20170308154823461,0.517000579833984
20170308154823462,-2.90859756469727
20170308154823463,-0.581632232666016
20170308154823464,0.311006927490234
20170308154823465,-2.90859756469727
20170308154823466,-0.528226470947266
20170308154823467,0.166048431396484
20170308154823468,-2.90096817016602
20170308154823469,-0.551114654541016
20170308154823470,0.410189056396484
20170308154823471,-2.96963272094727
20170308154823472,-0.474820709228516
20170308154823473,0.188936614990234
20170308154823474,-2.95437393188477
20170308154823475,-0.200162506103516
20170308154823476,-0.131497955322266
20170308154823477,-2.97726211547852
20170308154823478,-0.207791900634766
20170308154823479,-0.238309478759766
20170308154823480,-2.90096817016602
20170308154823481,-0.0628334045410156
20170308154823482,-0.329862213134766
20170308154823483,-2.93148574829102
20170308154823484,-0.0475746154785156
20170308154823485,-0.322232818603516
20170308154823486,-2.86282119750977
20170308154823487,-0.0780921936035156
20170308154823488,-0.215421295166016
20170308154823489,-2.87045059204102
20170308154823490,-0.0170570373535156
20170308154823491,-0.0017982482910156
20170308154823492,-2.89333877563477
20170308154823493,0.0287193298339844
20170308154823494,-0.268827056884766
20170308154823495,-2.87807998657227
20170308154823496,0.303377532958984
20170308154823497,-0.482450103759766
20170308154823498,-2.83230361938477
20170308154823499,0.249971771240234
20170308154823500,-0.459561920166016
20170308154823501,-2.90859756469727
20170308154823502,0.265230560302734
20170308154823503,-0.413785552978516
20170308154823504,-2.88570938110352
20170308154823505,-0.0857215881347656
20170308154823506,-0.131497955322266
20170308154823507,-2.82467422485352
20170308154823508,-0.345121002197266
20170308154823509,-0.0552040100097656
20170308154823510,-2.93911514282227
20170308154823511,-0.451932525634766
20170308154823512,0.227083587646484
20170308154823513,-2.90096817016602
20170308154823514,-0.383267974853516
20170308154823515,0.150789642333984
20170308154823516,-2.87807998657227
20170308154823517,-0.291715240478516
20170308154823518,-0.100980377197266
20170308154823519,-2.95437393188477
20170308154823520,-0.329862213134766
20170308154823521,-0.108609771728516
20170308154823522,-2.97726211547852
20170308154823523,-0.352750396728516
20170308154823524,0.0821250915527344
20170308154823525,-2.93148574829102
20170308154823526,-0.322232818603516
20170308154823527,0.105013275146484
20170308154823528,-2.93911514282227
20170308154823529,-0.360379791259766
20170308154823530,-0.0170570373535156
20170308154823531,-2.93911514282227
20170308154823532,-0.406156158447266
20170308154823533,-0.0399452209472656
20170308154823534,-2.94674453735352
20170308154823535,-0.100980377197266
20170308154823536,-0.108609771728516
20170308154823537,-2.96200332641602
20170308154823538,-0.108609771728516
20170308154823539,-0.162015533447266
20170308154823540,-2.91622695922852
20170308154823541,-0.146756744384766
20170308154823542,-0.154386138916016
20170308154823543,-2.93148574829102
20170308154823544,-0.0552040100097656
20170308154823545,-0.230680084228516
20170308154823546,-2.84756240844727
20170308154823547,0.349153900146484
20170308154823548,-0.276456451416016
20170308154823549,-2.91622695922852
20170308154823550,0.196566009521484
20170308154823551,-0.429044342041016
20170308154823552,-2.83993301391602
20170308154823553,0.349153900146484
20170308154823554,-0.619779205322266
20170308154823555,-2.82467422485352
20170308154823556,0.524629974365234
20170308154823557,-0.787625885009766
20170308154823558,-2.84756240844727
20170308154823559,0.639070892333984
20170308154823560,-1.09280166625977
20170308154823561,-2.73312149047852
20170308154823562,0.707735443115234
20170308154823563,-1.13857803344727
20170308154823564,-2.79415664672852
20170308154823565,0.707735443115234
20170308154823566,-1.09280166625977
20170308154823567,-2.71786270141602
20170308154823568,0.684847259521484
20170308154823569,-1.09280166625977
20170308154823570,-2.60342178344727
20170308154823571,0.707735443115234
20170308154823572,-1.41323623657227
20170308154823573,-2.51186904907227
20170308154823574,0.860323333740234
20170308154823575,-1.71078262329102
20170308154823576,-2.31350479125977
20170308154823577,0.860323333740234
20170308154823578,-1.91677627563477
20170308154823579,-2.09988174438477
20170308154823580,0.913729095458984
20170308154823581,-1.97018203735352
20170308154823582,-2.03121719360352
20170308154823583,0.700106048583984
20170308154823584,-1.90914688110352
20170308154823585,-1.95492324829102
20170308154823586,0.738253021240234
20170308154823587,-2.19906387329102
20170308154823588,-1.80233535766602
20170308154823589,0.852693939208984
20170308154823590,-2.29061660766602
20170308154823591,-1.66500625610352
20170308154823592,0.738253021240234
20170308154823593,-2.42031631469727
20170308154823594,-1.55056533813477
20170308154823595,0.784029388427734
20170308154823596,-2.58816299438477
20170308154823597,-1.43612442016602
20170308154823598,0.822176361083984
20170308154823599,-2.77126846313477
20170308154823600,-1.21487197875977
20170308154823601,0.631441497802734
20170308154823602,-2.86282119750977
20170308154823603,-1.16146621704102
20170308154823604,0.555147552490234
20170308154823605,-2.88570938110352
20170308154823606,-1.25301895141602
20170308154823607,0.555147552490234
20170308154823608,-2.91622695922852
20170308154823609,-1.09280166625977
20170308154823610,0.555147552490234
20170308154823611,-2.97726211547852
20170308154823612,-0.833402252197266
20170308154823613,0.402559661865234
20170308154823614,-2.96963272094727
20170308154823615,-0.825772857666016
20170308154823616,0.410189056396484
20170308154823617,-3.00015029907227
20170308154823618,-0.924954986572266
20170308154823619,0.517000579833984
20170308154823620,-3.03829727172852
20170308154823621,-0.856290435791016
20170308154823622,0.440706634521484
20170308154823623,-2.99252090454102
20170308154823624,-0.696073150634766
20170308154823625,0.295748138427734
20170308154823626,-2.94674453735352
20170308154823627,-0.726590728759766
20170308154823628,0.372042083740234
20170308154823629,-2.90859756469727
20170308154823630,-0.909696197509766
20170308154823631,0.372042083740234
20170308154823632,-2.89333877563477
20170308154823633,-1.13094863891602
20170308154823634,0.509371185302734
20170308154823635,-2.87045059204102
20170308154823636,-1.18435440063477
20170308154823637,0.570406341552734
20170308154823638,-2.93911514282227
20170308154823639,-1.13857803344727
20170308154823640,0.555147552490234
20170308154823641,-2.93911514282227
20170308154823642,-1.00124893188477
20170308154823643,0.440706634521484
20170308154823644,-2.91622695922852
20170308154823645,-1.01650772094727
20170308154823646,0.585665130615234
20170308154823647,-2.93148574829102
20170308154823648,-0.764737701416016
20170308154823649,0.379671478271484
20170308154823650,-2.95437393188477
20170308154823651,-0.810514068603516
20170308154823652,0.364412689208984
20170308154823653,-3.02303848266602
20170308154823654,-0.703702545166016
20170308154823655,0.372042083740234
20170308154823656,-3.00777969360352
20170308154823657,-0.665555572509766
20170308154823658,0.379671478271484
20170308154823659,-2.89333877563477
20170308154823660,-1.07754287719727
20170308154823661,0.661959075927734
20170308154823662,-2.96200332641602
20170308154823663,-0.879178619384766
20170308154823664,0.417818450927734
20170308154823665,-2.89333877563477
20170308154823666,-0.917325592041016
20170308154823667,0.402559661865234
20170308154823668,-2.90859756469727
20170308154823669,-0.894437408447266
20170308154823670,0.486483001708984
20170308154823671,-2.96200332641602
20170308154823672,-0.558744049072266
20170308154823673,0.219454193115234
20170308154823674,-2.86282119750977
20170308154823675,-0.528226470947266
20170308154823676,0.425447845458984
20170308154823677,-2.92385635375977
20170308154823678,-0.467191314697266
20170308154823679,0.272859954833984
20170308154823680,-2.90859756469727
20170308154823681,-0.619779205322266
20170308154823682,0.242342376708984
20170308154823683,-3.00777969360352
20170308154823684,-0.772367095947266
20170308154823685,0.234712982177734
20170308154823686,-2.92385635375977
20170308154823687,-0.604520416259766
20170308154823688,0.295748138427734
20170308154823689,-2.98489151000977
20170308154823690,-0.505338287353516
20170308154823691,0.242342376708984
20170308154823692,-2.96200332641602
20170308154823693,-0.413785552978516
20170308154823694,0.0134605407714844
20170308154823695,-2.96200332641602
20170308154823696,-0.451932525634766
20170308154823697,0.135530853271484
20170308154823698,-2.95437393188477
20170308154823699,-0.284085845947266
20170308154823700,0.204195404052734
20170308154823701,-2.85519180297852
20170308154823702,-0.291715240478516
20170308154823703,-0.0552040100097656
20170308154823704,-2.87807998657227
20170308154823705,-0.177274322509766
20170308154823706,-0.223050689697266
20170308154823707,-2.93148574829102
20170308154823708,-0.0552040100097656
20170308154823709,-0.223050689697266
20170308154823710,-2.94674453735352
20170308154823711,0.0134605407714844
20170308154823712,-0.245938873291016
20170308154823713,-2.90096817016602
20170308154823714,-0.0933509826660156
20170308154823715,-0.261197662353516
20170308154823716,-2.89333877563477
20170308154823717,0.112642669677734
20170308154823718,-0.459561920166016
20170308154823719,-2.86282119750977
20170308154823720,0.364412689208984
20170308154823721,-0.528226470947266
20170308154823722,-2.93148574829102
20170308154823723,0.272859954833984
20170308154823724,-0.398526763916016
20170308154823725,-2.83993301391602
20170308154823726,0.494112396240234
20170308154823727,-0.833402252197266
20170308154823728,-2.83230361938477
20170308154823729,0.646700286865234
20170308154823730,-0.970731353759766
20170308154823731,-2.78652725219727
20170308154823732,0.967134857177734
20170308154823733,-1.16909561157227
20170308154823734,-2.56527481079102
20170308154823735,0.791658782958984
20170308154823736,-1.41323623657227
20170308154823737,-2.58053359985352
20170308154823738,0.875582122802734
20170308154823739,-1.39797744750977
20170308154823740,-2.42794570922852
20170308154823741,0.791658782958984
20170308154823742,-1.51241836547852
20170308154823743,-2.41268692016602
20170308154823744,0.730623626708984
20170308154823745,-1.49715957641602
20170308154823746,-2.46609268188477
20170308154823747,1.00528182983398
20170308154823748,-1.43612442016602
20170308154823749,-2.49661026000977
20170308154823750,0.784029388427734
20170308154823751,-1.46664199829102
20170308154823752,-2.41268692016602
20170308154823753,0.677217864990234
20170308154823754,-1.59634170532227
20170308154823755,-2.33639297485352
20170308154823756,0.768770599365234
20170308154823757,-1.76418838500977
20170308154823758,-2.35928115844727
20170308154823759,0.784029388427734
20170308154823760,-1.75655899047852
20170308154823761,-2.22958145141602
20170308154823762,0.654329681396484
20170308154823763,-1.83285293579102
20170308154823764,-1.97018203735352
20170308154823765,0.646700286865234
20170308154823766,-2.06173477172852
20170308154823767,-1.91677627563477
20170308154823768,0.677217864990234
20170308154823769,-2.12276992797852
20170308154823770,-1.84811172485352
20170308154823771,0.928987884521484
20170308154823772,-2.44320449829102
20170308154823773,-1.64974746704102
20170308154823774,0.715364837646484
20170308154823775,-2.66445693969727
20170308154823776,-1.42849502563477
20170308154823777,0.890840911865234
20170308154823778,-2.70260391235352
20170308154823779,-1.37508926391602
20170308154823780,0.700106048583984
20170308154823781,-2.63393936157227
20170308154823782,-1.28353652954102
20170308154823783,0.570406341552734
20170308154823784,-2.64156875610352
20170308154823785,-1.29879531860352
20170308154823786,0.654329681396484
20170308154823787,-2.74838027954102
20170308154823788,-1.21487197875977
20170308154823789,0.517000579833984
20170308154823790,-2.86282119750977
20170308154823791,-1.00124893188477
20170308154823792,0.738253021240234
20170308154823793,-2.87807998657227
20170308154823794,-1.10043106079102
20170308154823795,0.532259368896484
20170308154823796,-2.93148574829102
20170308154823797,-1.10806045532227
20170308154823798,0.501741790771484
20170308154823799,-2.89333877563477
20170308154823800,-1.16146621704102
20170308154823801,0.517000579833984
20170308154823802,-2.90859756469727
20170308154823803,-1.11568984985352
20170308154823804,0.532259368896484
20170308154823805,-2.83230361938477
20170308154823806,-1.22250137329102
20170308154823807,0.845064544677734
20170308154823808,-2.80178604125977
20170308154823809,-1.19961318969727
20170308154823810,0.517000579833984
20170308154823811,-2.69497451782227
20170308154823812,-1.38271865844727
20170308154823813,0.761141204833984
20170308154823814,-2.55764541625977
20170308154823815,-1.45901260375977
20170308154823816,0.631441497802734
20170308154823817,-2.67208633422852
20170308154823818,-1.46664199829102
20170308154823819,0.715364837646484
20170308154823820,-2.59579238891602
20170308154823821,-1.61160049438477
20170308154823822,0.852693939208984
20170308154823823,-2.51949844360352
20170308154823824,-1.55819473266602
20170308154823825,0.768770599365234
20170308154823826,-2.53475723266602
20170308154823827,-1.46664199829102
20170308154823828,0.806917572021484
20170308154823829,-2.46609268188477
20170308154823830,-1.42086563110352
20170308154823831,0.700106048583984
20170308154823832,-2.58816299438477
20170308154823833,-1.40560684204102
20170308154823834,0.745882415771484
20170308154823835,-2.80178604125977
20170308154823836,-1.22250137329102
20170308154823837,0.478853607177734
20170308154823838,-2.79415664672852
20170308154823839,-1.23776016235352
20170308154823840,0.593294525146484
20170308154823841,-2.91622695922852
20170308154823842,-1.14620742797852
20170308154823843,0.669588470458984
20170308154823844,-3.00777969360352
20170308154823845,-1.08517227172852
20170308154823846,0.486483001708984
20170308154823847,-2.91622695922852
20170308154823848,-0.985990142822266
20170308154823849,0.585665130615234
20170308154823850,-2.97726211547852
20170308154823851,-0.947843170166016
20170308154823852,0.433077239990234
20170308154823853,-3.02303848266602
20170308154823854,-0.749478912353516
20170308154823855,0.326265716552734
20170308154823856,-3.04592666625977
20170308154823857,-0.612149810791016
20170308154823858,0.311006927490234
20170308154823859,-2.96200332641602
20170308154823860,-0.741849517822266
20170308154823861,0.448336029052734
20170308154823862,-2.96963272094727
20170308154823863,-0.764737701416016
20170308154823864,0.517000579833984
20170308154823865,-2.95437393188477
20170308154823866,-0.833402252197266
20170308154823867,0.379671478271484
20170308154823868,-2.90096817016602
20170308154823869,-0.734220123291016
20170308154823870,0.440706634521484
20170308154823871,-2.89333877563477
20170308154823872,-0.512967681884766
20170308154823873,0.135530853271484
20170308154823874,-2.93148574829102
20170308154823875,-0.558744049072266
20170308154823876,0.356783294677734
20170308154823877,-2.97726211547852
20170308154823878,-0.406156158447266
20170308154823879,0.211824798583984
20170308154823880,-2.93148574829102
20170308154823881,-0.398526763916016
20170308154823882,0.166048431396484
20170308154823883,-2.95437393188477
20170308154823884,-0.352750396728516
20170308154823885,-0.0933509826660156
20170308154823886,-2.92385635375977
20170308154823887,-0.329862213134766
20170308154823888,-0.0933509826660156
20170308154823889,-2.96963272094727
20170308154823890,-0.154386138916016
20170308154823891,-0.215421295166016
20170308154823892,-2.95437393188477
20170308154823893,0.280489349365234
20170308154823894,-0.581632232666016
20170308154823895,-2.89333877563477
20170308154823896,0.272859954833984
20170308154823897,-0.650296783447266
20170308154823898,-2.87045059204102
20170308154823899,0.722994232177734
20170308154823900,-0.963101959228516
20170308154823901,-2.79415664672852
20170308154823902,0.784029388427734
20170308154823903,-0.978360748291016
20170308154823904,-2.77126846313477
20170308154823905,0.799288177490234
20170308154823906,-1.10043106079102
20170308154823907,-2.64919815063477
20170308154823908,0.997652435302734
20170308154823909,-1.06991348266602
20170308154823910,-2.53475723266602
20170308154823911,1.04342880249023
20170308154823912,-1.24538955688477
20170308154823913,-2.44320449829102
20170308154823914,1.08157577514648
20170308154823915,-1.44375381469727
20170308154823916,-2.55001602172852
20170308154823917,0.806917572021484
20170308154823918,-1.23013076782227
20170308154823919,-2.55764541625977
20170308154823920,0.700106048583984
20170308154823921,-1.26064834594727
20170308154823922,-2.61105117797852
20170308154823923,0.806917572021484
20170308154823924,-1.59634170532227
20170308154823925,-2.47372207641602
20170308154823926,0.700106048583984
20170308154823927,-1.55056533813477
20170308154823928,-2.46609268188477
20170308154823929,0.806917572021484
20170308154823930,-1.69552383422852
20170308154823931,-2.35928115844727
20170308154823932,0.921358489990234
20170308154823933,-1.78707656860352
20170308154823934,-2.29061660766602
20170308154823935,0.738253021240234
20170308154823936,-1.85574111938477
20170308154823937,-2.14565811157227
20170308154823938,0.585665130615234
20170308154823939,-1.91677627563477
20170308154823940,-2.07699356079102
20170308154823941,0.745882415771484
20170308154823942,-1.87099990844727
20170308154823943,-2.00832901000977
20170308154823944,0.745882415771484
20170308154823945,-2.12276992797852
20170308154823946,-1.90914688110352
20170308154823947,0.982393646240234
20170308154823948,-2.11514053344727
20170308154823949,-1.90151748657227
20170308154823950,0.814546966552734
20170308154823951,-2.32876358032227
20170308154823952,-1.72604141235352
20170308154823953,0.928987884521484
20170308154823954,-2.22958145141602
20170308154823955,-1.79470596313477
20170308154823956,0.745882415771484
20170308154823957,-2.42794570922852
20170308154823958,-1.77944717407227
20170308154823959,0.722994232177734
20170308154823960,-2.31350479125977
20170308154823961,-1.80996475219727
20170308154823962,0.692476654052734
20170308154823963,-2.21432266235352
20170308154823964,-1.92440567016602
20170308154823965,0.623812103271484
20170308154823966,-2.10751113891602
20170308154823967,-2.07699356079102
20170308154823968,0.768770599365234
20170308154823969,-2.17617568969727
20170308154823970,-2.10751113891602
20170308154823971,0.639070892333984
20170308154823972,-2.06936416625977
20170308154823973,-2.05410537719727
20170308154823974,0.837435150146484
20170308154823975,-2.11514053344727
20170308154823976,-2.07699356079102
20170308154823977,0.707735443115234
20170308154823978,-1.92440567016602
20170308154823979,-2.16091690063477
20170308154823980,0.677217864990234
20170308154823981,-1.76418838500977
20170308154823982,-2.28298721313477
20170308154823983,0.829805755615234
20170308154823984,-1.69552383422852
20170308154823985,-2.38216934204102
20170308154823986,0.646700286865234
20170308154823987,-1.65737686157227
20170308154823988,-2.40505752563477
20170308154823989,0.791658782958984
20170308154823990,-1.74892959594727
20170308154823991,-2.28298721313477
20170308154823992,0.730623626708984
20170308154823993,-1.73367080688477
20170308154823994,-2.19906387329102
20170308154823995,0.814546966552734
20170308154823996,-1.93966445922852
20170308154823997,-2.05410537719727
20170308154823998,0.745882415771484
20170308154823999,-2.01595840454102
20170308154824000,-2.15328750610352
20170308154824001,0.745882415771484
20170308154824002,-2.08462295532227
20170308154824003,-2.05410537719727
20170308154824004,0.845064544677734
20170308154824005,-2.02358779907227
20170308154824006,-2.07699356079102
20170308154824007,0.700106048583984
20170308154824008,-2.13802871704102
20170308154824009,-1.99307022094727
20170308154824010,0.822176361083984
20170308154824011,-2.22958145141602
20170308154824012,-1.95492324829102
20170308154824013,0.707735443115234
20170308154824014,-2.04647598266602
20170308154824015,-1.97018203735352
20170308154824016,0.707735443115234
20170308154824017,-2.06173477172852
20170308154824018,-2.00832901000977
20170308154824019,0.776399993896484
20170308154824020,-2.16854629516602
20170308154824021,-1.90914688110352
20170308154824022,0.745882415771484
20170308154824023,-2.33639297485352
20170308154824024,-1.68026504516602
20170308154824025,0.730623626708984
20170308154824026,-2.38979873657227
20170308154824027,-1.42086563110352
20170308154824028,0.707735443115234
20170308154824029,-2.69497451782227
20170308154824030,-1.33694229125977
20170308154824031,0.745882415771484
20170308154824032,-2.90859756469727
20170308154824033,-1.04702529907227
20170308154824034,0.517000579833984
20170308154824035,-3.00015029907227
20170308154824036,-0.787625885009766
20170308154824037,0.600923919677734
20170308154824038,-2.93911514282227
20170308154824039,-0.635037994384766
20170308154824040,0.219454193115234
20170308154824041,-2.97726211547852
20170308154824042,-0.375638580322266
20170308154824043,0.0287193298339844
20170308154824044,-2.94674453735352
20170308154824045,-0.0094276428222656
20170308154824046,-0.116239166259766
20170308154824047,-2.93148574829102
20170308154824048,-0.0475746154785156
20170308154824049,-0.306974029541016
20170308154824050,-2.85519180297852
20170308154824051,0.326265716552734
20170308154824052,-0.383267974853516
20170308154824053,-2.83993301391602
20170308154824054,0.364412689208984
20170308154824055,-0.497708892822266
20170308154824056,-2.86282119750977
20170308154824057,0.455965423583984
20170308154824058,-0.802884674072266
20170308154824059,-2.87807998657227
20170308154824060,0.692476654052734
20170308154824061,-0.947843170166016
20170308154824062,-2.85519180297852
20170308154824063,0.768770599365234
20170308154824064,-1.06228408813477
20170308154824065,-2.79415664672852
20170308154824066,0.753511810302734
20170308154824067,-1.09280166625977
20170308154824068,-2.72549209594727
20170308154824069,0.745882415771484
20170308154824070,-1.03176651000977
20170308154824071,-2.75600967407227
20170308154824072,0.883211517333984
20170308154824073,-0.825772857666016
20170308154824074,-2.80178604125977
20170308154824075,0.684847259521484
20170308154824076,-0.909696197509766
20170308154824077,-2.77126846313477
20170308154824078,0.898470306396484
20170308154824079,-1.06228408813477
20170308154824080,-2.72549209594727
20170308154824081,0.646700286865234
20170308154824082,-0.772367095947266
20170308154824083,-2.80941543579102
20170308154824084,0.768770599365234
20170308154824085,-1.08517227172852
20170308154824086,-2.71023330688477
20170308154824087,0.784029388427734
20170308154824088,-1.27590713500977
20170308154824089,-2.71023330688477
20170308154824090,0.822176361083984
20170308154824091,-1.36745986938477
20170308154824092,-2.66445693969727
20170308154824093,0.753511810302734
20170308154824094,-1.42086563110352
20170308154824095,-2.61868057250977
20170308154824096,0.814546966552734
20170308154824097,-1.36745986938477
20170308154824098,-2.55764541625977
20170308154824099,1.03579940795898
20170308154824100,-1.46664199829102
20170308154824101,-2.56527481079102
20170308154824102,0.776399993896484
20170308154824103,-1.58108291625977
20170308154824104,-2.39742813110352
20170308154824105,0.898470306396484
20170308154824106,-1.70315322875977
20170308154824107,-2.50423965454102
20170308154824108,0.745882415771484
20170308154824109,-1.54293594360352
20170308154824110,-2.51186904907227
20170308154824111,0.707735443115234
20170308154824112,-1.60397109985352
20170308154824113,-2.25246963500977
20170308154824114,0.684847259521484
20170308154824115,-1.66500625610352
20170308154824116,-2.35928115844727
20170308154824117,0.753511810302734
20170308154824118,-1.83285293579102
20170308154824119,-2.21432266235352
20170308154824120,0.761141204833984
20170308154824121,-1.84811172485352
20170308154824122,-2.23721084594727
20170308154824123,0.570406341552734
20170308154824124,-1.93203506469727
20170308154824125,-2.24484024047852
20170308154824126,0.715364837646484
20170308154824127,-2.09225234985352
20170308154824128,-2.00832901000977
20170308154824129,0.700106048583984
20170308154824130,-2.06173477172852
20170308154824131,-2.05410537719727
20170308154824132,0.608553314208984
20170308154824133,-1.90914688110352
20170308154824134,-2.06936416625977
20170308154824135,0.684847259521484
20170308154824136,-2.06936416625977
20170308154824137,-2.04647598266602
20170308154824138,0.532259368896484
20170308154824139,-1.95492324829102
20170308154824140,-2.07699356079102
20170308154824141,0.600923919677734
20170308154824142,-2.23721084594727
20170308154824143,-2.01595840454102
20170308154824144,0.806917572021484
20170308154824145,-2.23721084594727
20170308154824146,-1.98544082641602
20170308154824147,0.692476654052734
20170308154824148,-2.03884658813477
20170308154824149,-1.92440567016602
20170308154824150,0.829805755615234
20170308154824151,-2.13802871704102
20170308154824152,-2.01595840454102
20170308154824153,0.677217864990234
20170308154824154,-2.27535781860352
20170308154824155,-1.80996475219727
20170308154824156,0.822176361083984
20170308154824157,-2.35928115844727
20170308154824158,-1.64974746704102
20170308154824159,0.677217864990234
20170308154824160,-2.67971572875977
20170308154824161,-1.37508926391602
20170308154824162,0.608553314208984
20170308154824163,-2.75600967407227
20170308154824164,-1.32931289672852
20170308154824165,0.761141204833984
20170308154824166,-2.94674453735352
20170308154824167,-1.23776016235352
20170308154824168,0.578035736083984
20170308154824169,-2.90096817016602
20170308154824170,-1.09280166625977
20170308154824171,0.486483001708984
20170308154824172,-2.96963272094727
20170308154824173,-1.05465469360352
20170308154824174,0.600923919677734
20170308154824175,-2.98489151000977
20170308154824176,-0.924954986572266
20170308154824177,0.410189056396484
20170308154824178,-3.00777969360352
20170308154824179,-0.642667388916016
20170308154824180,0.341524505615234
20170308154824181,-2.94674453735352
20170308154824182,-0.665555572509766
20170308154824183,0.509371185302734
20170308154824184,-2.97726211547852
20170308154824185,-0.497708892822266
20170308154824186,0.227083587646484
20170308154824187,-2.92385635375977
20170308154824188,-0.558744049072266
20170308154824189,0.150789642333984
20170308154824190,-2.93148574829102
20170308154824191,-0.490079498291016
20170308154824192,0.0897544860839844
20170308154824193,-3.00015029907227
20170308154824194,-0.284085845947266
20170308154824195,0.0058311462402344
20170308154824196,-2.83993301391602
20170308154824197,-0.238309478759766
20170308154824198,-0.146756744384766
20170308154824199,-3.00777969360352
20170308154824200,0.0210899353027344
20170308154824201,-0.375638580322266
20170308154824202,-2.93148574829102
20170308154824203,0.272859954833984
20170308154824204,-0.383267974853516
20170308154824205,-2.87045059204102
20170308154824206,0.463594818115234
20170308154824207,-0.711331939697266
20170308154824208,-2.90096817016602
20170308154824209,0.578035736083984
20170308154824210,-0.779996490478516
20170308154824211,-2.85519180297852
20170308154824212,0.608553314208984
20170308154824213,-0.932584381103516
20170308154824214,-2.91622695922852
20170308154824215,0.845064544677734
20170308154824216,-0.970731353759766
20170308154824217,-2.84756240844727
20170308154824218,0.837435150146484
20170308154824219,-1.03176651000977
20170308154824220,-2.78652725219727
20170308154824221,0.692476654052734
20170308154824222,-0.894437408447266
20170308154824223,-2.78652725219727
20170308154824224,0.761141204833984
20170308154824225,-1.06991348266602
20170308154824226,-2.67208633422852
20170308154824227,0.806917572021484
20170308154824228,-1.05465469360352
20170308154824229,-2.73312149047852
20170308154824230,0.997652435302734
20170308154824231,-1.12331924438477
20170308154824232,-2.68734512329102
20170308154824233,0.860323333740234
20170308154824234,-1.27590713500977
20170308154824235,-2.60342178344727
20170308154824236,0.913729095458984
20170308154824237,-1.14620742797852
20170308154824238,-2.55764541625977
20170308154824239,0.761141204833984
20170308154824240,-1.35983047485352
20170308154824241,-2.58816299438477
20170308154824242,0.883211517333984
20170308154824243,-1.35983047485352
20170308154824244,-2.63393936157227
20170308154824245,0.990023040771484
20170308154824246,-1.53530654907227
20170308154824247,-2.50423965454102
20170308154824248,0.883211517333984
20170308154824249,-1.64211807250977
20170308154824250,-2.39742813110352
20170308154824251,0.722994232177734
20170308154824252,-1.69552383422852
20170308154824253,-2.45083389282227
20170308154824254,0.692476654052734
20170308154824255,-1.58871231079102
20170308154824256,-2.41268692016602
20170308154824257,0.692476654052734
20170308154824258,-1.61160049438477
20170308154824259,-2.38979873657227
20170308154824260,0.692476654052734
20170308154824261,-1.77944717407227
20170308154824262,-2.42031631469727
20170308154824263,0.936617279052734
20170308154824264,-1.60397109985352
20170308154824265,-2.43557510375977
20170308154824266,0.722994232177734
20170308154824267,-1.54293594360352
20170308154824268,-2.48898086547852
20170308154824269,0.738253021240234
20170308154824270,-1.32168350219727
20170308154824271,-2.55001602172852
20170308154824272,0.776399993896484
20170308154824273,-1.62685928344727
20170308154824274,-2.32113418579102
20170308154824275,0.799288177490234
20170308154824276,-1.80996475219727
20170308154824277,-2.20669326782227
20170308154824278,0.738253021240234
20170308154824279,-1.80233535766602
20170308154824280,-2.20669326782227
20170308154824281,0.722994232177734
20170308154824282,-1.71841201782227
20170308154824283,-2.26009902954102
20170308154824284,0.738253021240234
20170308154824285,-1.94729385375977
20170308154824286,-2.22958145141602
20170308154824287,0.692476654052734
20170308154824288,-1.83285293579102
20170308154824289,-2.28298721313477
20170308154824290,0.593294525146484
20170308154824291,-1.72604141235352
20170308154824292,-2.28298721313477
20170308154824293,0.669588470458984
20170308154824294,-1.68789443969727
20170308154824295,-2.34402236938477
20170308154824296,0.692476654052734
20170308154824297,-1.70315322875977
20170308154824298,-2.42031631469727
20170308154824299,0.799288177490234
20170308154824300,-1.97018203735352
20170308154824301,-2.18380508422852
20170308154824302,0.700106048583984
20170308154824303,-2.06936416625977
20170308154824304,-2.12276992797852
20170308154824305,0.738253021240234
20170308154824306,-2.18380508422852
20170308154824307,-1.79470596313477
20170308154824308,0.669588470458984
20170308154824309,-2.17617568969727
20170308154824310,-1.64974746704102
20170308154824311,0.600923919677734
20170308154824312,-2.41268692016602
20170308154824313,-1.58108291625977
20170308154824314,0.738253021240234
20170308154824315,-2.69497451782227
20170308154824316,-1.29879531860352
20170308154824317,0.845064544677734
20170308154824318,-2.64919815063477
20170308154824319,-1.36745986938477
20170308154824320,0.722994232177734
20170308154824321,-2.85519180297852
20170308154824322,-1.28353652954102
20170308154824323,0.654329681396484
20170308154824324,-2.89333877563477
20170308154824325,-1.16146621704102
20170308154824326,0.501741790771484
20170308154824327,-2.80178604125977
20170308154824328,-1.16909561157227
20170308154824329,0.539888763427734
20170308154824330,-2.90096817016602
20170308154824331,-0.909696197509766
20170308154824332,0.478853607177734
20170308154824333,-2.97726211547852
20170308154824334,-0.665555572509766
20170308154824335,0.311006927490234
20170308154824336,-2.95437393188477
20170308154824337,-0.749478912353516
20170308154824338,0.417818450927734
20170308154824339,-2.97726211547852
20170308154824340,-0.581632232666016
20170308154824341,0.295748138427734
20170308154824342,-2.93148574829102
20170308154824343,-0.467191314697266
20170308154824344,0.249971771240234
20170308154824345,-2.91622695922852
20170308154824346,-0.589261627197266
20170308154824347,0.211824798583984
20170308154824348,-2.89333877563477
20170308154824349,-0.368009185791016
20170308154824350,-0.0323158264160156
20170308154824351,-2.96963272094727
20170308154824352,-0.306974029541016
20170308154824353,-0.100980377197266
20170308154824354,-2.95437393188477
20170308154824355,0.0439781188964844
20170308154824356,-0.390897369384766
20170308154824357,-2.83993301391602
20170308154824358,0.0592369079589844
20170308154824359,-0.108609771728516
20170308154824360,-2.88570938110352
20170308154824361,0.143160247802734
20170308154824362,-0.413785552978516
20170308154824363,-2.87807998657227
20170308154824364,0.196566009521484
20170308154824365,-0.360379791259766
20170308154824366,-2.91622695922852
20170308154824367,0.166048431396484
20170308154824368,-0.421414947509766
20170308154824369,-2.85519180297852
20170308154824370,0.303377532958984
20170308154824371,-0.406156158447266
20170308154824372,-2.84756240844727
20170308154824373,0.105013275146484
20170308154824374,-0.512967681884766
20170308154824375,-2.86282119750977
20170308154824376,0.356783294677734
20170308154824377,-0.711331939697266
20170308154824378,-2.82467422485352
20170308154824379,0.311006927490234
20170308154824380,-0.604520416259766
20170308154824381,-2.90096817016602
20170308154824382,0.372042083740234
20170308154824383,-0.490079498291016
20170308154824384,-2.87807998657227
20170308154824385,0.387300872802734
20170308154824386,-0.726590728759766
20170308154824387,-2.88570938110352
20170308154824388,0.433077239990234
20170308154824389,-0.680814361572266
20170308154824390,-2.90859756469727
20170308154824391,0.448336029052734
20170308154824392,-0.741849517822266
20170308154824393,-2.80941543579102
20170308154824394,0.578035736083984
20170308154824395,-0.818143463134766
20170308154824396,-2.80178604125977
20170308154824397,0.494112396240234
20170308154824398,-0.558744049072266
20170308154824399,-2.79415664672852
20170308154824400,0.494112396240234
20170308154824401,-0.741849517822266
20170308154824402,-2.85519180297852
20170308154824403,0.455965423583984
20170308154824404,-0.596891021728516
20170308154824405,-2.81704483032227
20170308154824406,0.242342376708984
20170308154824407,-0.635037994384766
20170308154824408,-2.80941543579102
20170308154824409,0.570406341552734
20170308154824410,-0.566373443603516
20170308154824411,-2.81704483032227
20170308154824412,0.463594818115234
20170308154824413,-0.718961334228516
20170308154824414,-2.80178604125977
20170308154824415,0.562776947021484
20170308154824416,-0.711331939697266
20170308154824417,-2.88570938110352
20170308154824418,0.272859954833984
20170308154824419,-0.741849517822266
20170308154824420,-2.90859756469727
20170308154824421,0.349153900146484
20170308154824422,-0.635037994384766
20170308154824423,-2.84756240844727
20170308154824424,0.478853607177734
20170308154824425,-0.924954986572266
20170308154824426,-2.85519180297852
20170308154824427,0.509371185302734
20170308154824428,-0.726590728759766
20170308154824429,-2.82467422485352
20170308154824430,0.890840911865234
20170308154824431,-1.03176651000977
20170308154824432,-2.71786270141602
20170308154824433,0.730623626708984
20170308154824434,-1.19198379516602
20170308154824435,-2.74838027954102
20170308154824436,0.890840911865234
20170308154824437,-1.29116592407227
20170308154824438,-2.67971572875977
20170308154824439,0.852693939208984
20170308154824440,-1.29116592407227
20170308154824441,-2.55001602172852
20170308154824442,0.936617279052734
20170308154824443,-1.63448867797852
20170308154824444,-2.42031631469727
20170308154824445,0.753511810302734
20170308154824446,-1.78707656860352
20170308154824447,-2.20669326782227
20170308154824448,0.738253021240234
20170308154824449,-2.00069961547852
20170308154824450,-2.22958145141602
20170308154824451,0.730623626708984
20170308154824452,-2.05410537719727
20170308154824453,-2.00069961547852
20170308154824454,0.623812103271484
20170308154824455,-2.14565811157227
20170308154824456,-1.77181777954102
20170308154824457,0.722994232177734
20170308154824458,-2.56527481079102
20170308154824459,-1.51241836547852
20170308154824460,0.745882415771484
20170308154824461,-2.57290420532227
20170308154824462,-1.43612442016602
20170308154824463,0.623812103271484
20170308154824464,-2.73312149047852
20170308154824465,-1.35220108032227
20170308154824466,0.585665130615234
20170308154824467,-2.92385635375977
20170308154824468,-1.16146621704102
20170308154824469,0.669588470458984
20170308154824470,-2.96200332641602
20170308154824471,-0.963101959228516
20170308154824472,0.501741790771484
20170308154824473,-2.96963272094727
20170308154824474,-0.650296783447266
20170308154824475,0.356783294677734
20170308154824476,-2.91622695922852
20170308154824477,-0.688443756103516
20170308154824478,0.272859954833984
20170308154824479,-2.97726211547852
20170308154824480,-0.665555572509766
20170308154824481,0.318636322021484
20170308154824482,-2.94674453735352
20170308154824483,-0.558744049072266
20170308154824484,0.219454193115234
20170308154824485,-2.93148574829102
20170308154824486,-0.535855865478516
20170308154824487,0.204195404052734
20170308154824488,-2.97726211547852
20170308154824489,-0.337491607666016
20170308154824490,0.127901458740234
20170308154824491,-2.96963272094727
20170308154824492,-0.215421295166016
20170308154824493,-0.108609771728516
20170308154824494,-2.98489151000977
20170308154824495,-0.345121002197266
20170308154824496,-0.108609771728516
20170308154824497,-2.98489151000977
20170308154824498,-0.253568267822266
20170308154824499,-0.169644927978516
20170308154824500,-2.97726211547852
20170308154824501,-0.100980377197266
20170308154824502,-0.230680084228516
20170308154824503,-2.96200332641602
20170308154824504,-0.268827056884766
20170308154824505,-0.184903717041016
20170308154824506,-3.01540908813477
20170308154824507,-0.0628334045410156
20170308154824508,-0.268827056884766
20170308154824509,-2.91622695922852
20170308154824510,-0.0552040100097656
20170308154824511,-0.276456451416016
20170308154824512,-2.91622695922852
20170308154824513,-0.139127349853516
20170308154824514,-0.215421295166016
20170308154824515,-2.89333877563477
20170308154824516,-0.284085845947266
20170308154824517,-0.223050689697266
20170308154824518,-2.97726211547852
20170308154824519,-0.139127349853516
20170308154824520,-0.238309478759766
20170308154824521,-2.96963272094727
20170308154824522,-0.131497955322266
20170308154824523,-0.0628334045410156
20170308154824524,-2.95437393188477
20170308154824525,-0.368009185791016
20170308154824526,-0.139127349853516
20170308154824527,-2.96200332641602
20170308154824528,-0.154386138916016
20170308154824529,-0.0170570373535156
20170308154824530,-2.91622695922852
20170308154824531,-0.535855865478516
20170308154824532,0.249971771240234
20170308154824533,-2.94674453735352
20170308154824534,-0.551114654541016
20170308154824535,0.0744956970214844
20170308154824536,-2.88570938110352
20170308154824537,-0.612149810791016
20170308154824538,0.181307220458984
20170308154824539,-2.93148574829102
20170308154824540,-0.528226470947266
20170308154824541,0.158419036865234
20170308154824542,-3.00777969360352
20170308154824543,-0.581632232666016
20170308154824544,0.326265716552734
20170308154824545,-3.00777969360352
20170308154824546,-0.520597076416016
20170308154824547,0.219454193115234
20170308154824548,-2.99252090454102
20170308154824549,-0.543485260009766
20170308154824550,0.127901458740234
20170308154824551,-2.97726211547852
20170308154824552,-0.474820709228516
20170308154824553,0.166048431396484
20170308154824554,-2.95437393188477
20170308154824555,-0.421414947509766
20170308154824556,0.303377532958984
20170308154824557,-2.95437393188477
20170308154824558,-0.528226470947266
20170308154824559,0.0897544860839844
20170308154824560,-2.97726211547852
20170308154824561,-0.390897369384766
20170308154824562,-0.0704627990722656
20170308154824563,-2.93148574829102
20170308154824564,-0.0323158264160156
20170308154824565,-0.0628334045410156
20170308154824566,-2.92385635375977
20170308154824567,-0.0246864318847656
20170308154824568,-0.429044342041016
20170308154824569,-2.87807998657227
20170308154824570,0.249971771240234
20170308154824571,-0.505338287353516
20170308154824572,-2.87045059204102
20170308154824573,0.288118743896484
20170308154824574,-0.383267974853516
20170308154824575,-2.81704483032227
20170308154824576,0.417818450927734
20170308154824577,-0.673184967041016
20170308154824578,-2.86282119750977
20170308154824579,0.379671478271484
20170308154824580,-0.551114654541016
20170308154824581,-2.83993301391602
20170308154824582,0.372042083740234
20170308154824583,-0.718961334228516
20170308154824584,-2.80941543579102
20170308154824585,0.249971771240234
20170308154824586,-0.657926177978516
20170308154824587,-2.94674453735352
20170308154824588,0.478853607177734
20170308154824589,-0.886808013916016
20170308154824590,-2.88570938110352
20170308154824591,0.845064544677734
20170308154824592,-1.10043106079102
20170308154824593,-2.76363906860352
20170308154824594,0.913729095458984
20170308154824595,-1.16146621704102
20170308154824596,-2.65682754516602
20170308154824597,0.867952728271484
20170308154824598,-1.35220108032227
20170308154824599,-2.63393936157227
20170308154824600,0.806917572021484
20170308154824601,-1.61160049438477
20170308154824602,-2.55001602172852
20170308154824603,0.745882415771484
20170308154824604,-1.67263565063477
20170308154824605,-2.42031631469727
20170308154824606,0.700106048583984
20170308154824607,-1.64211807250977
20170308154824608,-2.40505752563477
20170308154824609,0.730623626708984
20170308154824610,-1.61922988891602
20170308154824611,-2.27535781860352
20170308154824612,0.768770599365234
20170308154824613,-1.89388809204102
20170308154824614,-2.00832901000977
20170308154824615,0.913729095458984
20170308154824616,-2.15328750610352
20170308154824617,-2.04647598266602
20170308154824618,0.837435150146484
20170308154824619,-2.21432266235352
20170308154824620,-1.86337051391602
20170308154824621,0.555147552490234
20170308154824622,-2.32876358032227
20170308154824623,-1.79470596313477
20170308154824624,0.661959075927734
20170308154824625,-2.35928115844727
20170308154824626,-1.81759414672852
20170308154824627,0.745882415771484
20170308154824628,-2.45083389282227
20170308154824629,-1.57345352172852
20170308154824630,0.631441497802734
20170308154824631,-2.45083389282227
20170308154824632,-1.53530654907227
20170308154824633,0.845064544677734
20170308154824634,-2.69497451782227
20170308154824635,-1.37508926391602
20170308154824636,0.600923919677734
20170308154824637,-2.77126846313477
20170308154824638,-1.42086563110352
20170308154824639,0.600923919677734
20170308154824640,-2.85519180297852
20170308154824641,-1.24538955688477
20170308154824642,0.555147552490234
20170308154824643,-2.87045059204102
20170308154824644,-1.24538955688477
20170308154824645,0.654329681396484
20170308154824646,-2.90096817016602
20170308154824647,-1.23013076782227
20170308154824648,0.730623626708984
20170308154824649,-2.83230361938477
20170308154824650,-1.30642471313477
20170308154824651,0.776399993896484
20170308154824652,-2.96963272094727
20170308154824653,-1.06991348266602
20170308154824654,0.623812103271484
20170308154824655,-2.89333877563477
20170308154824656,-1.03176651000977
20170308154824657,0.440706634521484
20170308154824658,-2.99252090454102
20170308154824659,-0.955472564697266
20170308154824660,0.562776947021484
20170308154824661,-2.90096817016602
20170308154824662,-0.886808013916016
20170308154824663,0.570406341552734
20170308154824664,-2.91622695922852
20170308154824665,-0.718961334228516
20170308154824666,0.341524505615234
20170308154824667,-2.96963272094727
20170308154824668,-0.772367095947266
20170308154824669,0.486483001708984
20170308154824670,-3.01540908813477
20170308154824671,-0.673184967041016
20170308154824672,0.295748138427734
20170308154824673,-3.01540908813477
20170308154824674,-0.612149810791016
20170308154824675,0.211824798583984
20170308154824676,-2.94674453735352
20170308154824677,-0.436673736572266
20170308154824678,0.295748138427734
20170308154824679,-2.95437393188477
20170308154824680,-0.528226470947266
20170308154824681,0.188936614990234
20170308154824682,-2.87045059204102
20170308154824683,-0.566373443603516
20170308154824684,0.356783294677734
20170308154824685,-2.93148574829102
20170308154824686,-0.528226470947266
20170308154824687,0.265230560302734
20170308154824688,-3.00015029907227
20170308154824689,-0.459561920166016
20170308154824690,0.158419036865234
20170308154824691,-2.90096817016602
20170308154824692,-0.528226470947266
20170308154824693,0.257601165771484
20170308154824694,-2.93148574829102
20170308154824695,-0.459561920166016
20170308154824696,0.249971771240234
20170308154824697,-2.90859756469727
20170308154824698,-0.642667388916016
20170308154824699,0.272859954833984
20170308154824700,-2.98489151000977
20170308154824701,-0.581632232666016
20170308154824702,0.249971771240234
20170308154824703,-2.93148574829102
20170308154824704,-0.497708892822266
20170308154824705,0.0973838806152344
20170308154824706,-2.99252090454102
20170308154824707,-0.398526763916016
20170308154824708,0.0439781188964844
20170308154824709,-2.90096817016602
20170308154824710,-0.512967681884766
20170308154824711,0.234712982177734
20170308154824712,-2.99252090454102
20170308154824713,-0.383267974853516
20170308154824714,0.0363487243652344
20170308154824715,-2.93148574829102
20170308154824716,-0.444303131103516
20170308154824717,0.150789642333984
20170308154824718,-2.98489151000977
20170308154824719,-0.0933509826660156
20170308154824720,-0.207791900634766
20170308154824721,-2.93911514282227
20170308154824722,0.0439781188964844
20170308154824723,-0.154386138916016
20170308154824724,-2.96963272094727
20170308154824725,0.257601165771484
20170308154824726,-0.520597076416016
20170308154824727,-2.85519180297852
20170308154824728,0.501741790771484
20170308154824729,-0.436673736572266
20170308154824730,-2.79415664672852
20170308154824731,0.341524505615234
20170308154824732,-0.734220123291016
20170308154824733,-2.84756240844727
20170308154824734,0.684847259521484
20170308154824735,-0.902066802978516
20170308154824736,-2.85519180297852
20170308154824737,0.433077239990234
20170308154824738,-0.795255279541016
20170308154824739,-2.93148574829102
20170308154824740,0.875582122802734
20170308154824741,-1.05465469360352
20170308154824742,-2.72549209594727
20170308154824743,0.806917572021484
20170308154824744,-1.21487197875977
20170308154824745,-2.71023330688477
20170308154824746,0.791658782958984
20170308154824747,-1.13094863891602
20170308154824748,-2.69497451782227
20170308154824749,1.00528182983398
20170308154824750,-1.36745986938477
20170308154824751,-2.58053359985352
20170308154824752,0.784029388427734
20170308154824753,-1.52767715454102
20170308154824754,-2.42031631469727
20170308154824755,0.715364837646484
20170308154824756,-1.77944717407227
20170308154824757,-2.25246963500977
20170308154824758,0.845064544677734
20170308154824759,-1.81759414672852
20170308154824760,-2.19906387329102
20170308154824761,0.829805755615234
20170308154824762,-1.96255264282227
20170308154824763,-2.13039932250977
20170308154824764,0.562776947021484
20170308154824765,-1.93966445922852
20170308154824766,-2.19143447875977
20170308154824767,0.707735443115234
20170308154824768,-2.08462295532227
20170308154824769,-2.00832901000977
20170308154824770,0.585665130615234
20170308154824771,-1.98544082641602
20170308154824772,-2.07699356079102
20170308154824773,0.951876068115234
20170308154824774,-2.09225234985352
20170308154824775,-2.06936416625977
20170308154824776,0.768770599365234
20170308154824777,-2.18380508422852
20170308154824778,-1.84811172485352
20170308154824779,0.677217864990234
20170308154824780,-2.27535781860352
20170308154824781,-1.80233535766602
20170308154824782,0.837435150146484
20170308154824783,-2.28298721313477
20170308154824784,-2.06936416625977
20170308154824785,0.677217864990234
20170308154824786,-2.15328750610352
20170308154824787,-2.01595840454102
20170308154824788,0.608553314208984
20170308154824789,-2.16854629516602
20170308154824790,-2.09988174438477
20170308154824791,0.799288177490234
20170308154824792,-2.11514053344727
20170308154824793,-1.90914688110352
20170308154824794,0.768770599365234
20170308154824795,-2.11514053344727
20170308154824796,-1.72604141235352
20170308154824797,0.745882415771484
20170308154824798,-2.42031631469727
20170308154824799,-1.52004776000977
20170308154824800,0.677217864990234
20170308154824801,-2.67208633422852
20170308154824802,-1.43612442016602
20170308154824803,0.623812103271484
20170308154824804,-2.71786270141602
20170308154824805,-1.27590713500977
20170308154824806,0.585665130615234
20170308154824807,-2.77126846313477
20170308154824808,-1.21487197875977
20170308154824809,0.616182708740234
20170308154824810,-2.89333877563477
20170308154824811,-1.26064834594727
20170308154824812,0.539888763427734
20170308154824813,-2.63393936157227
20170308154824814,-1.31405410766602
20170308154824815,0.555147552490234
20170308154824816,-2.59579238891602
20170308154824817,-1.37508926391602
20170308154824818,0.768770599365234
20170308154824819,-2.67208633422852
20170308154824820,-1.32931289672852
20170308154824821,0.555147552490234
20170308154824822,-2.58053359985352
20170308154824823,-1.47427139282227
20170308154824824,0.501741790771484
20170308154824825,-2.35165176391602
20170308154824826,-1.81759414672852
20170308154824827,0.623812103271484
20170308154824828,-2.09988174438477
20170308154824829,-1.88625869750977
20170308154824830,0.845064544677734
20170308154824831,-1.98544082641602
20170308154824832,-1.87099990844727
20170308154824833,0.768770599365234
20170308154824834,-2.24484024047852
20170308154824835,-1.80233535766602
20170308154824836,0.715364837646484
20170308154824837,-2.36691055297852
20170308154824838,-1.61922988891602
20170308154824839,0.623812103271484
20170308154824840,-2.26772842407227
20170308154824841,-1.78707656860352
20170308154824842,0.700106048583984
20170308154824843,-2.16091690063477
20170308154824844,-1.87862930297852
20170308154824845,0.639070892333984
20170308154824846,-2.00832901000977
20170308154824847,-1.93203506469727
20170308154824848,0.730623626708984
20170308154824849,-2.13802871704102
20170308154824850,-1.85574111938477
20170308154824851,0.791658782958984
20170308154824852,-2.24484024047852
20170308154824853,-1.92440567016602
20170308154824854,0.669588470458984
20170308154824855,-2.21432266235352
20170308154824856,-1.96255264282227
20170308154824857,0.860323333740234
20170308154824858,-2.36691055297852
20170308154824859,-1.77944717407227
20170308154824860,0.799288177490234
20170308154824861,-2.24484024047852
20170308154824862,-1.64211807250977
20170308154824863,0.768770599365234
20170308154824864,-2.32876358032227
20170308154824865,-1.72604141235352
20170308154824866,0.700106048583984
20170308154824867,-2.36691055297852
20170308154824868,-1.80996475219727
20170308154824869,0.707735443115234
20170308154824870,-2.38216934204102
20170308154824871,-1.75655899047852
20170308154824872,0.639070892333984
20170308154824873,-2.27535781860352
20170308154824874,-1.92440567016602
20170308154824875,0.570406341552734
20170308154824876,-2.00832901000977
20170308154824877,-1.93203506469727
20170308154824878,0.600923919677734
20170308154824879,-2.09225234985352
20170308154824880,-2.02358779907227
20170308154824881,0.730623626708984
20170308154824882,-2.08462295532227
20170308154824883,-1.95492324829102
20170308154824884,0.677217864990234
20170308154824885,-2.26772842407227
20170308154824886,-1.80233535766602
20170308154824887,0.898470306396484
20170308154824888,-2.29061660766602
20170308154824889,-1.62685928344727
20170308154824890,0.761141204833984
20170308154824891,-2.44320449829102
20170308154824892,-1.56582412719727
20170308154824893,0.867952728271484
20170308154824894,-2.42031631469727
20170308154824895,-1.56582412719727
20170308154824896,0.738253021240234
20170308154824897,-2.67971572875977
20170308154824898,-1.47427139282227
20170308154824899,0.654329681396484
20170308154824900,-2.68734512329102
20170308154824901,-1.45901260375977
20170308154824902,0.753511810302734
20170308154824903,-2.87807998657227
20170308154824904,-1.12331924438477
20170308154824905,0.631441497802734
20170308154824906,-3.00777969360352
20170308154824907,-0.932584381103516
20170308154824908,0.394930267333984
20170308154824909,-3.04592666625977
20170308154824910,-0.764737701416016
20170308154824911,0.425447845458984
20170308154824912,-3.00777969360352
20170308154824913,-0.642667388916016
20170308154824914,0.288118743896484
20170308154824915,-2.98489151000977
20170308154824916,-0.535855865478516
20170308154824917,0.387300872802734
20170308154824918,-2.97726211547852
20170308154824919,-0.451932525634766
20170308154824920,0.0897544860839844
20170308154824921,-2.96200332641602
20170308154824922,-0.284085845947266
20170308154824923,-0.0780921936035156
20170308154824924,-2.94674453735352
20170308154824925,-0.0170570373535156
20170308154824926,-0.276456451416016
20170308154824927,-2.95437393188477
20170308154824928,0.0058311462402344
20170308154824929,-0.375638580322266
20170308154824930,-2.91622695922852
20170308154824931,0.0439781188964844
20170308154824932,-0.375638580322266
20170308154824933,-2.82467422485352
20170308154824934,0.0439781188964844
20170308154824935,-0.528226470947266
20170308154824936,-2.84756240844727
20170308154824937,0.341524505615234
20170308154824938,-0.749478912353516
20170308154824939,-2.92385635375977
20170308154824940,0.715364837646484
20170308154824941,-0.657926177978516
20170308154824942,-2.92385635375977
20170308154824943,0.829805755615234
20170308154824944,-0.787625885009766
20170308154824945,-2.83993301391602
20170308154824946,0.768770599365234
20170308154824947,-0.924954986572266
20170308154824948,-2.77126846313477
20170308154824949,0.936617279052734
20170308154824950,-1.10806045532227
20170308154824951,-2.67208633422852
20170308154824952,0.692476654052734
20170308154824953,-1.19198379516602
20170308154824954,-2.85519180297852
20170308154824955,0.654329681396484
20170308154824956,-0.863919830322266
20170308154824957,-2.85519180297852
20170308154824958,0.463594818115234
20170308154824959,-0.902066802978516
20170308154824960,-2.82467422485352
20170308154824961,0.631441497802734
20170308154824962,-0.978360748291016
20170308154824963,-2.77126846313477
20170308154824964,0.517000579833984
20170308154824965,-0.902066802978516
20170308154824966,-2.81704483032227
20170308154824967,0.692476654052734
20170308154824968,-1.00124893188477
20170308154824969,-2.80941543579102
20170308154824970,0.654329681396484
20170308154824971,-0.985990142822266
20170308154824972,-2.83993301391602
20170308154824973,0.661959075927734
20170308154824974,-0.818143463134766
20170308154824975,-2.85519180297852
20170308154824976,0.730623626708984
20170308154824977,-1.01650772094727
20170308154824978,-2.83230361938477
20170308154824979,0.623812103271484
20170308154824980,-0.810514068603516
20170308154824981,-2.77889785766602
20170308154824982,0.700106048583984
20170308154824983,-1.13857803344727
20170308154824984,-2.78652725219727
20170308154824985,0.623812103271484
20170308154824986,-1.07754287719727
20170308154824987,-2.84756240844727
20170308154824988,0.684847259521484
20170308154824989,-0.955472564697266
20170308154824990,-2.76363906860352
20170308154824991,0.791658782958984
20170308154824992,-1.24538955688477
20170308154824993,-2.72549209594727
20170308154824994,0.784029388427734
20170308154824995,-1.36745986938477
20170308154824996,-2.58816299438477
20170308154824997,0.822176361083984
20170308154824998,-1.45901260375977
20170308154824999,-2.52712783813477
20170308154825000,0.707735443115234
20170308154825001,-1.31405410766602
20170308154825002,-2.66445693969727
20170308154825003,0.906099700927734
20170308154825004,-1.24538955688477
20170308154825005,-2.52712783813477
20170308154825006,0.890840911865234
20170308154825007,-1.39034805297852
20170308154825008,-2.53475723266602
20170308154825009,1.02817001342773
20170308154825010,-1.48953018188477
20170308154825011,-2.44320449829102
20170308154825012,0.761141204833984
20170308154825013,-1.36745986938477
20170308154825014,-2.61868057250977
20170308154825015,0.791658782958984
20170308154825016,-1.16146621704102
20170308154825017,-2.70260391235352
20170308154825018,0.669588470458984
20170308154825019,-1.10806045532227
20170308154825020,-2.77889785766602
20170308154825021,0.745882415771484
20170308154825022,-1.10043106079102
20170308154825023,-2.74075088500977
20170308154825024,0.639070892333984
20170308154825025,-0.856290435791016
20170308154825026,-2.73312149047852
20170308154825027,0.730623626708984
20170308154825028,-1.17672500610352
20170308154825029,-2.67208633422852
20170308154825030,0.722994232177734
20170308154825031,-0.932584381103516
20170308154825032,-2.72549209594727
20170308154825033,0.669588470458984
20170308154825034,-0.833402252197266
20170308154825035,-2.75600967407227
20170308154825036,0.730623626708984
20170308154825037,-1.02413711547852
20170308154825038,-2.82467422485352
20170308154825039,0.715364837646484
20170308154825040,-0.879178619384766
20170308154825041,-2.78652725219727
20170308154825042,0.616182708740234
20170308154825043,-0.871549224853516
20170308154825044,-2.81704483032227
20170308154825045,0.944246673583984
20170308154825046,-1.05465469360352
20170308154825047,-2.67971572875977
20170308154825048,0.944246673583984
20170308154825049,-1.19961318969727
20170308154825050,-2.69497451782227
20170308154825051,0.928987884521484
20170308154825052,-1.42086563110352
20170308154825053,-2.45083389282227
20170308154825054,0.784029388427734
20170308154825055,-1.77944717407227
20170308154825056,-2.09225234985352
20170308154825057,0.730623626708984
20170308154825058,-2.04647598266602
20170308154825059,-2.02358779907227
20170308154825060,0.860323333740234
20170308154825061,-1.85574111938477
20170308154825062,-2.17617568969727
20170308154825063,0.776399993896484
20170308154825064,-2.00069961547852
20170308154825065,-2.07699356079102
20170308154825066,0.669588470458984
20170308154825067,-2.20669326782227
20170308154825068,-1.68026504516602
20170308154825069,0.692476654052734
20170308154825070,-2.40505752563477
20170308154825071,-1.50478897094727
20170308154825072,0.730623626708984
20170308154825073,-2.80941543579102
20170308154825074,-1.41323623657227
20170308154825075,0.646700286865234
20170308154825076,-2.96200332641602
20170308154825077,-1.12331924438477
20170308154825078,0.524629974365234
20170308154825079,-2.86282119750977
20170308154825080,-1.06991348266602
20170308154825081,0.593294525146484
20170308154825082,-2.95437393188477
20170308154825083,-0.909696197509766
20170308154825084,0.532259368896484
20170308154825085,-2.96963272094727
20170308154825086,-0.604520416259766
20170308154825087,0.318636322021484
20170308154825088,-2.93911514282227
20170308154825089,-0.741849517822266
20170308154825090,0.562776947021484
20170308154825091,-2.95437393188477
20170308154825092,-0.688443756103516
20170308154825093,0.303377532958984
20170308154825094,-2.95437393188477
20170308154825095,-0.482450103759766
20170308154825096,0.257601165771484
20170308154825097,-2.93911514282227
20170308154825098,-0.306974029541016
20170308154825099,0.0439781188964844
20170308154825100,-3.00777969360352
20170308154825101,-0.0628334045410156
20170308154825102,-0.306974029541016
20170308154825103,-2.96200332641602
20170308154825104,0.234712982177734
20170308154825105,-0.436673736572266
20170308154825106,-2.88570938110352
20170308154825107,0.524629974365234
20170308154825108,-0.451932525634766
20170308154825109,-2.90096817016602
20170308154825110,0.448336029052734
20170308154825111,-0.665555572509766
20170308154825112,-2.83230361938477
20170308154825113,0.356783294677734
20170308154825114,-0.734220123291016
20170308154825115,-2.90859756469727
20170308154825116,0.806917572021484
20170308154825117,-0.833402252197266
20170308154825118,-2.78652725219727
20170308154825119,0.852693939208984
20170308154825120,-1.12331924438477
20170308154825121,-2.71786270141602
20170308154825122,0.936617279052734
20170308154825123,-1.24538955688477
20170308154825124,-2.51949844360352
20170308154825125,0.738253021240234
20170308154825126,-1.05465469360352
20170308154825127,-2.59579238891602
20170308154825128,0.944246673583984
20170308154825129,-1.13094863891602
20170308154825130,-2.55001602172852
20170308154825131,0.982393646240234
20170308154825132,-1.45901260375977
20170308154825133,-2.50423965454102
20170308154825134,0.974764251708984
20170308154825135,-1.74892959594727
20170308154825136,-2.17617568969727
20170308154825137,0.982393646240234
20170308154825138,-1.73367080688477
20170308154825139,-2.23721084594727
20170308154825140,0.928987884521484
20170308154825141,-1.98544082641602
20170308154825142,-2.12276992797852
20170308154825143,0.799288177490234
20170308154825144,-1.93203506469727
20170308154825145,-2.08462295532227
20170308154825146,0.730623626708984
20170308154825147,-2.16091690063477
20170308154825148,-1.73367080688477
20170308154825149,0.593294525146484
20170308154825150,-2.16091690063477
20170308154825151,-1.83285293579102
20170308154825152,0.715364837646484
20170308154825153,-2.32113418579102
20170308154825154,-1.90151748657227
20170308154825155,0.684847259521484
20170308154825156,-2.19143447875977
20170308154825157,-1.97018203735352
20170308154825158,0.692476654052734
20170308154825159,-2.06173477172852
20170308154825160,-1.94729385375977
20170308154825161,0.890840911865234
20170308154825162,-1.94729385375977
20170308154825163,-2.00832901000977
20170308154825164,0.677217864990234
20170308154825165,-1.95492324829102
20170308154825166,-2.16091690063477
20170308154825167,0.753511810302734
20170308154825168,-1.91677627563477
20170308154825169,-2.13039932250977
20170308154825170,0.616182708740234
20170308154825171,-1.71841201782227
20170308154825172,-2.36691055297852
20170308154825173,0.707735443115234
20170308154825174,-1.50478897094727
20170308154825175,-2.57290420532227
20170308154825176,0.921358489990234
20170308154825177,-1.28353652954102
20170308154825178,-2.58053359985352
20170308154825179,0.753511810302734
20170308154825180,-1.06991348266602
20170308154825181,-2.67208633422852
20170308154825182,0.761141204833984
20170308154825183,-1.06991348266602
20170308154825184,-2.68734512329102
20170308154825185,0.791658782958984
20170308154825186,-0.886808013916016
20170308154825187,-2.63393936157227
20170308154825188,0.875582122802734
20170308154825189,-1.25301895141602
20170308154825190,-2.65682754516602
20170308154825191,0.822176361083984
20170308154825192,-1.17672500610352
20170308154825193,-2.63393936157227
20170308154825194,0.593294525146484
20170308154825195,-0.886808013916016
20170308154825196,-2.75600967407227
20170308154825197,0.982393646240234
20170308154825198,-1.07754287719727
20170308154825199,-2.69497451782227
20170308154825200,0.600923919677734
20170308154825201,-1.03176651000977
20170308154825202,-2.74838027954102
20170308154825203,0.730623626708984
20170308154825204,-1.06228408813477
20170308154825205,-2.65682754516602
20170308154825206,0.661959075927734
20170308154825207,-0.924954986572266
20170308154825208,-2.83230361938477
20170308154825209,0.692476654052734
20170308154825210,-0.963101959228516
20170308154825211,-2.77126846313477
20170308154825212,0.616182708740234
20170308154825213,-0.802884674072266
20170308154825214,-2.74075088500977
20170308154825215,0.715364837646484
20170308154825216,-0.802884674072266
20170308154825217,-2.75600967407227
20170308154825218,0.326265716552734
20170308154825219,-0.558744049072266
20170308154825220,-2.83993301391602
20170308154825221,0.440706634521484
20170308154825222,-0.490079498291016
20170308154825223,-2.81704483032227
20170308154825224,0.257601165771484
20170308154825225,-0.490079498291016
20170308154825226,-2.78652725219727
20170308154825227,0.349153900146484
20170308154825228,-0.566373443603516
20170308154825229,-2.81704483032227
20170308154825230,0.379671478271484
20170308154825231,-0.642667388916016
20170308154825232,-2.83230361938477
20170308154825233,0.219454193115234
20170308154825234,-0.383267974853516
20170308154825235,-2.82467422485352
20170308154825236,0.364412689208984
20170308154825237,-0.390897369384766
20170308154825238,-2.75600967407227
20170308154825239,0.227083587646484
20170308154825240,-0.337491607666016
20170308154825241,-2.70260391235352
20170308154825242,0.0134605407714844
20170308154825243,-0.223050689697266
20170308154825244,-2.86282119750977
20170308154825245,-0.169644927978516
20170308154825246,-0.0323158264160156
20170308154825247,-2.87807998657227
20170308154825248,-0.261197662353516
20170308154825249,-0.162015533447266
20170308154825250,-2.90859756469727
20170308154825251,0.166048431396484
20170308154825252,-0.261197662353516
20170308154825253,-2.88570938110352
20170308154825254,0.0973838806152344
20170308154825255,-0.360379791259766
20170308154825256,-2.92385635375977
20170308154825257,-0.0170570373535156
20170308154825258,-0.291715240478516
20170308154825259,-2.83993301391602
20170308154825260,0.0287193298339844
20170308154825261,-0.261197662353516
20170308154825262,-2.87807998657227
20170308154825263,-0.0094276428222656
20170308154825264,-0.322232818603516
20170308154825265,-2.82467422485352
20170308154825266,0.181307220458984
20170308154825267,-0.329862213134766
20170308154825268,-2.80941543579102
20170308154825269,0.249971771240234
20170308154825270,-0.551114654541016
20170308154825271,-2.85519180297852
20170308154825272,0.333895111083984
20170308154825273,-0.718961334228516
20170308154825274,-2.80941543579102
20170308154825275,0.318636322021484
20170308154825276,-0.383267974853516
20170308154825277,-2.79415664672852
20170308154825278,0.303377532958984
20170308154825279,-0.566373443603516
20170308154825280,-2.77889785766602
20170308154825281,0.494112396240234
20170308154825282,-0.520597076416016
20170308154825283,-2.77126846313477
20170308154825284,0.578035736083984
20170308154825285,-0.551114654541016
20170308154825286,-2.81704483032227
20170308154825287,0.471224212646484
20170308154825288,-0.757108306884766
20170308154825289,-2.83230361938477
20170308154825290,0.524629974365234
20170308154825291,-0.802884674072266
20170308154825292,-2.88570938110352
20170308154825293,0.616182708740234
20170308154825294,-0.917325592041016
20170308154825295,-2.70260391235352
20170308154825296,0.906099700927734
20170308154825297,-0.993619537353516
20170308154825298,-2.71023330688477
20170308154825299,1.00528182983398
20170308154825300,-1.21487197875977
20170308154825301,-2.60342178344727
20170308154825302,0.845064544677734
20170308154825303,-1.49715957641602
20170308154825304,-2.56527481079102
20170308154825305,0.761141204833984
20170308154825306,-1.59634170532227
20170308154825307,-2.49661026000977
20170308154825308,0.875582122802734
20170308154825309,-1.66500625610352
20170308154825310,-2.19906387329102
20170308154825311,0.730623626708984
20170308154825312,-1.92440567016602
20170308154825313,-1.93203506469727
20170308154825314,0.921358489990234
20170308154825315,-2.18380508422852
20170308154825316,-1.65737686157227
20170308154825317,0.898470306396484
20170308154825318,-2.49661026000977
20170308154825319,-1.45901260375977
20170308154825320,0.799288177490234
20170308154825321,-2.73312149047852
20170308154825322,-1.24538955688477
20170308154825323,0.814546966552734
20170308154825324,-2.71023330688477
20170308154825325,-1.29879531860352
20170308154825326,0.753511810302734
20170308154825327,-2.83993301391602
20170308154825328,-1.20724258422852
20170308154825329,0.562776947021484
20170308154825330,-2.80178604125977
20170308154825331,-1.11568984985352
20170308154825332,0.616182708740234
20170308154825333,-2.91622695922852
20170308154825334,-0.963101959228516
20170308154825335,0.555147552490234
20170308154825336,-2.93148574829102
20170308154825337,-0.757108306884766
20170308154825338,0.425447845458984
20170308154825339,-2.93148574829102
20170308154825340,-0.985990142822266
20170308154825341,0.578035736083984
20170308154825342,-2.97726211547852
20170308154825343,-0.810514068603516
20170308154825344,0.394930267333984
20170308154825345,-2.93148574829102
20170308154825346,-0.680814361572266
20170308154825347,0.341524505615234
20170308154825348,-3.02303848266602
20170308154825349,-0.589261627197266
20170308154825350,0.257601165771484
20170308154825351,-3.05355606079102
20170308154825352,-0.413785552978516
20170308154825353,0.150789642333984
20170308154825354,-3.00015029907227
20170308154825355,-0.253568267822266
20170308154825356,0.0897544860839844
20170308154825357,-2.99252090454102
20170308154825358,-0.505338287353516
20170308154825359,0.166048431396484
20170308154825360,-2.80178604125977
20170308154825361,-0.589261627197266
20170308154825362,0.0973838806152344
20170308154825363,-2.90096817016602
20170308154825364,-0.306974029541016
20170308154825365,0.0516075134277344
20170308154825366,-2.84756240844727
20170308154825367,-0.528226470947266
20170308154825368,0.135530853271484
20170308154825369,-2.91622695922852
20170308154825370,-0.451932525634766
20170308154825371,0.166048431396484
20170308154825372,-2.95437393188477
20170308154825373,-0.421414947509766
20170308154825374,0.219454193115234
20170308154825375,-2.90096817016602
20170308154825376,-0.574002838134766
20170308154825377,0.394930267333984
20170308154825378,-2.91622695922852
20170308154825379,-0.497708892822266
20170308154825380,0.227083587646484
20170308154825381,-2.92385635375977
20170308154825382,-0.459561920166016
20170308154825383,0.188936614990234
20170308154825384,-2.96200332641602
20170308154825385,-0.612149810791016
20170308154825386,0.303377532958984
20170308154825387,-2.91622695922852
20170308154825388,-0.696073150634766
20170308154825389,0.547518157958984
20170308154825390,-2.94674453735352
20170308154825391,-0.627408599853516
20170308154825392,0.524629974365234
20170308154825393,-2.90096817016602
20170308154825394,-0.581632232666016
20170308154825395,0.288118743896484
20170308154825396,-2.89333877563477
20170308154825397,-0.482450103759766
20170308154825398,0.135530853271484
20170308154825399,-2.87807998657227
20170308154825400,-0.375638580322266
20170308154825401,-0.0094276428222656
20170308154825402,-2.80941543579102
20170308154825403,-0.154386138916016
20170308154825404,0.0134605407714844
20170308154825405,-2.87045059204102
20170308154825406,-0.467191314697266
20170308154825407,0.196566009521484
20170308154825408,-2.97726211547852
20170308154825409,-0.146756744384766
20170308154825410,0.0744956970214844
20170308154825411,-2.78652725219727
20170308154825412,-0.551114654541016
20170308154825413,0.257601165771484
20170308154825414,-2.93911514282227
20170308154825415,-0.612149810791016
20170308154825416,0.272859954833984
20170308154825417,-2.93148574829102
20170308154825418,-0.505338287353516
20170308154825419,0.417818450927734
20170308154825420,-2.96200332641602
20170308154825421,-0.497708892822266
20170308154825422,0.288118743896484
20170308154825423,-2.93911514282227
20170308154825424,-0.444303131103516
20170308154825425,0.0821250915527344
20170308154825426,-2.94674453735352
20170308154825427,-0.467191314697266
20170308154825428,0.112642669677734
20170308154825429,-2.98489151000977
20170308154825430,-0.230680084228516
20170308154825431,0.173677825927734
20170308154825432,-2.93911514282227
20170308154825433,-0.299344635009766
20170308154825434,-0.108609771728516
20170308154825435,-2.93148574829102
20170308154825436,-0.223050689697266
20170308154825437,-0.207791900634766
20170308154825438,-2.90096817016602
20170308154825439,-0.245938873291016
20170308154825440,-0.200162506103516
20170308154825441,-2.89333877563477
20170308154825442,-0.352750396728516
20170308154825443,-0.116239166259766
20170308154825444,-2.96963272094727
20170308154825445,-0.238309478759766
20170308154825446,-0.154386138916016
20170308154825447,-2.89333877563477
20170308154825448,-0.223050689697266
20170308154825449,-0.0094276428222656
20170308154825450,-2.83993301391602
20170308154825451,0.150789642333984
20170308154825452,-0.154386138916016
20170308154825453,-2.83993301391602
20170308154825454,0.219454193115234
20170308154825455,-0.299344635009766
20170308154825456,-2.85519180297852
20170308154825457,0.478853607177734
20170308154825458,-0.696073150634766
20170308154825459,-2.86282119750977
20170308154825460,0.112642669677734
20170308154825461,-0.497708892822266
20170308154825462,-2.90859756469727
20170308154825463,0.402559661865234
20170308154825464,-0.680814361572266
20170308154825465,-2.88570938110352
20170308154825466,0.745882415771484
20170308154825467,-0.749478912353516
20170308154825468,-2.83230361938477
20170308154825469,0.875582122802734
20170308154825470,-1.06228408813477
20170308154825471,-2.74075088500977
20170308154825472,0.791658782958984
20170308154825473,-1.13094863891602
20170308154825474,-2.65682754516602
20170308154825475,0.784029388427734
20170308154825476,-1.13857803344727
20170308154825477,-2.67971572875977
20170308154825478,0.959505462646484
20170308154825479,-1.21487197875977
20170308154825480,-2.57290420532227
20170308154825481,0.852693939208984
20170308154825482,-1.28353652954102
20170308154825483,-2.56527481079102
20170308154825484,0.875582122802734
20170308154825485,-1.29116592407227
20170308154825486,-2.48135147094727
20170308154825487,0.898470306396484
20170308154825488,-1.61922988891602
20170308154825489,-2.37453994750977
20170308154825490,0.722994232177734
20170308154825491,-1.72604141235352
20170308154825492,-2.28298721313477
20170308154825493,0.875582122802734
20170308154825494,-1.93203506469727
20170308154825495,-2.16091690063477
20170308154825496,0.883211517333984
20170308154825497,-2.06173477172852
20170308154825498,-1.87099990844727
20170308154825499,0.684847259521484
20170308154825500,-2.13039932250977
20170308154825501,-1.97018203735352
20170308154825502,0.928987884521484
20170308154825503,-2.16091690063477
20170308154825504,-1.83285293579102
20170308154825505,0.875582122802734
20170308154825506,-2.26772842407227
20170308154825507,-1.87099990844727
20170308154825508,0.745882415771484
20170308154825509,-2.31350479125977
20170308154825510,-1.74130020141602
20170308154825511,0.738253021240234
20170308154825512,-2.54238662719727
20170308154825513,-1.34457168579102
20170308154825514,0.623812103271484
20170308154825515,-2.90859756469727
20170308154825516,-1.15383682250977
20170308154825517,0.654329681396484
20170308154825518,-2.97726211547852
20170308154825519,-0.924954986572266
20170308154825520,0.524629974365234
20170308154825521,-2.97726211547852
20170308154825522,-1.08517227172852
20170308154825523,0.707735443115234
20170308154825524,-2.90859756469727
20170308154825525,-0.841031646728516
20170308154825526,0.730623626708984
20170308154825527,-2.87045059204102
20170308154825528,-0.848661041259766
20170308154825529,0.417818450927734
20170308154825530,-2.90096817016602
20170308154825531,-0.802884674072266
20170308154825532,0.661959075927734
20170308154825533,-2.88570938110352
20170308154825534,-0.871549224853516
20170308154825535,0.471224212646484
20170308154825536,-2.96963272094727
20170308154825537,-0.802884674072266
20170308154825538,0.364412689208984
20170308154825539,-2.98489151000977
20170308154825540,-0.833402252197266
20170308154825541,0.585665130615234
20170308154825542,-2.92385635375977
20170308154825543,-0.726590728759766
20170308154825544,0.539888763427734
20170308154825545,-2.87045059204102
20170308154825546,-0.642667388916016
20170308154825547,0.295748138427734
20170308154825548,-2.87807998657227
20170308154825549,-0.673184967041016
20170308154825550,0.364412689208984
20170308154825551,-2.97726211547852
20170308154825552,-0.627408599853516
20170308154825553,0.280489349365234
20170308154825554,-2.94674453735352
20170308154825555,-0.642667388916016
20170308154825556,0.372042083740234
20170308154825557,-2.96200332641602
20170308154825558,-0.574002838134766
20170308154825559,0.303377532958984
20170308154825560,-2.87045059204102
20170308154825561,-0.612149810791016
20170308154825562,0.272859954833984
20170308154825563,-2.86282119750977
20170308154825564,-0.490079498291016
20170308154825565,0.257601165771484
20170308154825566,-2.88570938110352
20170308154825567,-0.535855865478516
20170308154825568,0.265230560302734
20170308154825569,-2.94674453735352
20170308154825570,-0.184903717041016
20170308154825571,-0.0246864318847656
20170308154825572,-2.90859756469727
20170308154825573,-0.291715240478516
20170308154825574,0.0973838806152344
20170308154825575,-2.90096817016602
20170308154825576,-0.421414947509766
20170308154825577,0.204195404052734
20170308154825578,-2.97726211547852
20170308154825579,-0.383267974853516
20170308154825580,0.234712982177734
20170308154825581,-2.90859756469727
20170308154825582,-0.261197662353516
20170308154825583,-0.139127349853516
20170308154825584,-2.93148574829102
20170308154825585,-0.146756744384766
20170308154825586,-0.123868560791016
20170308154825587,-2.94674453735352
20170308154825588,-0.108609771728516
20170308154825589,-0.284085845947266
20170308154825590,-2.87807998657227
20170308154825591,-0.0857215881347656
20170308154825592,-0.230680084228516
20170308154825593,-2.93148574829102
20170308154825594,-0.238309478759766
20170308154825595,-0.0017982482910156
20170308154825596,-2.92385635375977
20170308154825597,-0.0094276428222656
20170308154825598,-0.314603424072266
20170308154825599,-2.85519180297852
20170308154825600,0.196566009521484
20170308154825601,-0.451932525634766
20170308154825602,-2.85519180297852
20170308154825603,0.463594818115234
20170308154825604,-0.688443756103516
20170308154825605,-2.83230361938477
20170308154825606,0.524629974365234
20170308154825607,-0.825772857666016
20170308154825608,-2.84756240844727
20170308154825609,0.646700286865234
20170308154825610,-0.970731353759766
20170308154825611,-2.80178604125977
20170308154825612,0.913729095458984
20170308154825613,-1.05465469360352
20170308154825614,-2.75600967407227
20170308154825615,0.768770599365234
20170308154825616,-0.963101959228516
20170308154825617,-2.76363906860352
20170308154825618,0.661959075927734
20170308154825619,-0.917325592041016
20170308154825620,-2.80178604125977
20170308154825621,0.890840911865234
20170308154825622,-0.970731353759766
20170308154825623,-2.80941543579102
20170308154825624,0.692476654052734
20170308154825625,-0.902066802978516
20170308154825626,-2.74838027954102
20170308154825627,0.883211517333984
20170308154825628,-1.05465469360352
20170308154825629,-2.71023330688477
20170308154825630,0.822176361083984
20170308154825631,-1.25301895141602
20170308154825632,-2.77126846313477
20170308154825633,0.784029388427734
20170308154825634,-1.21487197875977
20170308154825635,-2.69497451782227
20170308154825636,0.845064544677734
20170308154825637,-1.42849502563477
20170308154825638,-2.50423965454102
20170308154825639,0.768770599365234
20170308154825640,-1.35983047485352
20170308154825641,-2.56527481079102
20170308154825642,0.784029388427734
20170308154825643,-1.28353652954102
20170308154825644,-2.74838027954102
20170308154825645,0.745882415771484
20170308154825646,-1.14620742797852
20170308154825647,-2.66445693969727
20170308154825648,0.837435150146484
20170308154825649,-1.32168350219727
20170308154825650,-2.58816299438477
20170308154825651,0.806917572021484
20170308154825652,-1.42086563110352
20170308154825653,-2.52712783813477
20170308154825654,0.974764251708984
20170308154825655,-1.60397109985352
20170308154825656,-2.58053359985352
20170308154825657,0.990023040771484
20170308154825658,-1.55056533813477
20170308154825659,-2.46609268188477
20170308154825660,0.784029388427734
20170308154825661,-1.74130020141602
20170308154825662,-2.26009902954102
20170308154825663,0.768770599365234
20170308154825664,-1.94729385375977
20170308154825665,-2.06936416625977
20170308154825666,0.707735443115234
20170308154825667,-2.09988174438477
20170308154825668,-1.95492324829102
20170308154825669,0.745882415771484
20170308154825670,-2.19906387329102
20170308154825671,-1.77181777954102
20170308154825672,0.677217864990234
20170308154825673,-2.29061660766602
20170308154825674,-1.68789443969727
20170308154825675,0.898470306396484
20170308154825676,-2.58053359985352
20170308154825677,-1.41323623657227
20170308154825678,0.684847259521484
20170308154825679,-2.70260391235352
20170308154825680,-1.26064834594727
20170308154825681,0.837435150146484
20170308154825682,-2.87045059204102
20170308154825683,-1.30642471313477
20170308154825684,0.600923919677734
20170308154825685,-2.86282119750977
20170308154825686,-1.26827774047852
20170308154825687,0.661959075927734
20170308154825688,-2.74075088500977
20170308154825689,-1.13857803344727
20170308154825690,0.684847259521484
20170308154825691,-2.92385635375977
20170308154825692,-0.978360748291016
20170308154825693,0.517000579833984
20170308154825694,-2.90096817016602
20170308154825695,-0.726590728759766
20170308154825696,0.455965423583984
20170308154825697,-2.91622695922852
20170308154825698,-0.535855865478516
20170308154825699,0.150789642333984
20170308154825700,-2.97726211547852
20170308154825701,-0.322232818603516
20170308154825702,0.127901458740234
20170308154825703,-2.91622695922852
20170308154825704,-0.352750396728516
20170308154825705,-0.131497955322266
20170308154825706,-2.94674453735352
20170308154825707,-0.291715240478516
20170308154825708,-0.0704627990722656
20170308154825709,-2.97726211547852
20170308154825710,-0.261197662353516
20170308154825711,-0.177274322509766
20170308154825712,-2.96200332641602
20170308154825713,-0.398526763916016
20170308154825714,-0.100980377197266
20170308154825715,-3.01540908813477
20170308154825716,-0.421414947509766
20170308154825717,-0.0628334045410156
20170308154825718,-2.96963272094727
20170308154825719,-0.505338287353516
20170308154825720,0.112642669677734
20170308154825721,-2.87045059204102
20170308154825722,-0.703702545166016
20170308154825723,0.387300872802734
20170308154825724,-2.90859756469727
20170308154825725,-0.635037994384766
20170308154825726,0.303377532958984
20170308154825727,-2.87045059204102
20170308154825728,-0.657926177978516
20170308154825729,0.311006927490234
20170308154825730,-2.87807998657227
20170308154825731,-0.642667388916016
20170308154825732,0.349153900146484
20170308154825733,-2.95437393188477
20170308154825734,-0.711331939697266
20170308154825735,0.196566009521484
20170308154825736,-2.90859756469727
20170308154825737,-0.810514068603516
20170308154825738,0.311006927490234
20170308154825739,-2.93148574829102
20170308154825740,-0.902066802978516
20170308154825741,0.593294525146484
20170308154825742,-2.92385635375977
20170308154825743,-0.856290435791016
20170308154825744,0.372042083740234
20170308154825745,-2.87807998657227
20170308154825746,-0.879178619384766
20170308154825747,0.341524505615234
20170308154825748,-2.93911514282227
20170308154825749,-0.726590728759766
20170308154825750,0.394930267333984
20170308154825751,-2.90096817016602
20170308154825752,-0.810514068603516
20170308154825753,0.356783294677734
20170308154825754,-2.91622695922852
20170308154825755,-0.970731353759766
20170308154825756,0.448336029052734
20170308154825757,-2.94674453735352
20170308154825758,-0.581632232666016
20170308154825759,0.257601165771484
20170308154825760,-2.91622695922852
20170308154825761,-0.757108306884766
20170308154825762,0.402559661865234
20170308154825763,-2.91622695922852
20170308154825764,-0.841031646728516
20170308154825765,0.372042083740234
20170308154825766,-2.91622695922852
20170308154825767,-0.848661041259766
20170308154825768,0.402559661865234
20170308154825769,-2.90859756469727
20170308154825770,-0.726590728759766
20170308154825771,0.417818450927734
20170308154825772,-2.97726211547852
20170308154825773,-0.528226470947266
20170308154825774,0.0973838806152344
20170308154825775,-2.96963272094727
20170308154825776,-0.512967681884766
20170308154825777,0.280489349365234
20170308154825778,-2.90859756469727
20170308154825779,-0.360379791259766
20170308154825780,-0.0094276428222656
20170308154825781,-2.94674453735352
20170308154825782,-0.0704627990722656
20170308154825783,-0.131497955322266
20170308154825784,-2.92385635375977
20170308154825785,0.219454193115234
20170308154825786,-0.474820709228516
20170308154825787,-2.85519180297852
20170308154825788,0.448336029052734
20170308154825789,-0.795255279541016
20170308154825790,-2.89333877563477
20170308154825791,0.631441497802734
20170308154825792,-0.879178619384766
20170308154825793,-2.82467422485352
20170308154825794,0.730623626708984
20170308154825795,-0.993619537353516
20170308154825796,-2.81704483032227
20170308154825797,0.829805755615234
20170308154825798,-1.12331924438477
20170308154825799,-2.67208633422852
20170308154825800,0.745882415771484
20170308154825801,-1.21487197875977
20170308154825802,-2.66445693969727
20170308154825803,0.997652435302734
20170308154825804,-1.51241836547852
20170308154825805,-2.53475723266602
20170308154825806,0.722994232177734
20170308154825807,-1.65737686157227
20170308154825808,-2.28298721313477
20170308154825809,0.967134857177734
20170308154825810,-1.77944717407227
20170308154825811,-2.20669326782227
20170308154825812,0.722994232177734
20170308154825813,-2.04647598266602
20170308154825814,-2.03121719360352
20170308154825815,0.883211517333984
20170308154825816,-2.23721084594727
20170308154825817,-1.84811172485352
20170308154825818,0.730623626708984
20170308154825819,-2.32113418579102
20170308154825820,-1.64974746704102
20170308154825821,0.616182708740234
20170308154825822,-2.33639297485352
20170308154825823,-1.64211807250977
20170308154825824,0.639070892333984
20170308154825825,-2.56527481079102
20170308154825826,-1.35220108032227
20170308154825827,0.761141204833984
20170308154825828,-2.69497451782227
20170308154825829,-1.30642471313477
20170308154825830,0.593294525146484
20170308154825831,-2.92385635375977
20170308154825832,-1.19961318969727
20170308154825833,0.532259368896484
20170308154825834,-3.01540908813477
20170308154825835,-1.06228408813477
20170308154825836,0.402559661865234
20170308154825837,-2.83993301391602
20170308154825838,-1.15383682250977
20170308154825839,0.539888763427734
20170308154825840,-3.03066787719727
20170308154825841,-0.955472564697266
20170308154825842,0.677217864990234
20170308154825843,-2.99252090454102
20170308154825844,-0.978360748291016
20170308154825845,0.417818450927734
20170308154825846,-3.01540908813477
20170308154825847,-0.703702545166016
20170308154825848,0.349153900146484
20170308154825849,-2.93911514282227
20170308154825850,-0.932584381103516
20170308154825851,0.608553314208984
20170308154825852,-2.97726211547852
20170308154825853,-0.917325592041016
20170308154825854,0.608553314208984
20170308154825855,-2.86282119750977
20170308154825856,-0.963101959228516
20170308154825857,0.333895111083984
20170308154825858,-2.91622695922852
20170308154825859,-0.856290435791016
20170308154825860,0.433077239990234
20170308154825861,-2.95437393188477
20170308154825862,-0.871549224853516
20170308154825863,0.394930267333984
20170308154825864,-3.00015029907227
20170308154825865,-0.589261627197266
20170308154825866,0.196566009521484
20170308154825867,-2.99252090454102
20170308154825868,-0.398526763916016
20170308154825869,0.173677825927734
20170308154825870,-2.93911514282227
20170308154825871,-0.284085845947266
20170308154825872,-0.0017982482910156
20170308154825873,-2.96963272094727
20170308154825874,-0.314603424072266
20170308154825875,-0.184903717041016
20170308154825876,-3.00015029907227
20170308154825877,-0.131497955322266
20170308154825878,-0.177274322509766
20170308154825879,-2.95437393188477
20170308154825880,-0.0628334045410156
20170308154825881,-0.223050689697266
20170308154825882,-2.96200332641602
20170308154825883,0.112642669677734
20170308154825884,-0.390897369384766
20170308154825885,-3.03829727172852
20170308154825886,0.188936614990234
20170308154825887,-0.238309478759766
20170308154825888,-2.87807998657227
20170308154825889,0.341524505615234
20170308154825890,-0.665555572509766
20170308154825891,-2.87807998657227
20170308154825892,0.204195404052734
20170308154825893,-0.505338287353516
20170308154825894,-2.81704483032227
20170308154825895,0.486483001708984
20170308154825896,-0.642667388916016
20170308154825897,-2.83993301391602
20170308154825898,0.257601165771484
20170308154825899,-0.558744049072266
20170308154825900,-2.90096817016602
20170308154825901,0.288118743896484
20170308154825902,-0.505338287353516
20170308154825903,-2.72549209594727
20170308154825904,0.0668663024902344
20170308154825905,-0.398526763916016
20170308154825906,-2.93911514282227
20170308154825907,-0.0017982482910156
20170308154825908,-0.268827056884766
20170308154825909,-2.90859756469727
20170308154825910,-0.0704627990722656
20170308154825911,-0.322232818603516
20170308154825912,-2.83993301391602
20170308154825913,0.0592369079589844
20170308154825914,-0.169644927978516
20170308154825915,-2.91622695922852
20170308154825916,0.0439781188964844
20170308154825917,-0.261197662353516
20170308154825918,-2.93148574829102
20170308154825919,0.0744956970214844
20170308154825920,-0.490079498291016
20170308154825921,-2.93911514282227
20170308154825922,0.578035736083984
20170308154825923,-0.711331939697266
20170308154825924,-2.88570938110352
20170308154825925,0.661959075927734
20170308154825926,-0.848661041259766
20170308154825927,-2.87045059204102
20170308154825928,0.593294525146484
20170308154825929,-0.947843170166016
20170308154825930,-2.81704483032227
20170308154825931,0.936617279052734
20170308154825932,-1.02413711547852
20170308154825933,-2.66445693969727
20170308154825934,0.928987884521484
20170308154825935,-1.20724258422852
20170308154825936,-2.71023330688477
20170308154825937,0.814546966552734
20170308154825938,-1.10043106079102
20170308154825939,-2.64919815063477
20170308154825940,0.822176361083984
20170308154825941,-1.16146621704102
20170308154825942,-2.61105117797852
20170308154825943,0.997652435302734
20170308154825944,-1.49715957641602
20170308154825945,-2.46609268188477
20170308154825946,0.722994232177734
20170308154825947,-1.54293594360352
20170308154825948,-2.48898086547852
20170308154825949,0.951876068115234
20170308154825950,-1.55056533813477
20170308154825951,-2.46609268188477
20170308154825952,0.883211517333984
20170308154825953,-1.80233535766602
20170308154825954,-2.35928115844727
20170308154825955,0.654329681396484
20170308154825956,-1.90914688110352
20170308154825957,-2.18380508422852
20170308154825958,0.700106048583984
20170308154825959,-2.04647598266602
20170308154825960,-2.03121719360352
20170308154825961,0.745882415771484
20170308154825962,-2.18380508422852
20170308154825963,-1.89388809204102
20170308154825964,0.654329681396484
20170308154825965,-2.22958145141602
20170308154825966,-1.90914688110352
20170308154825967,0.661959075927734
20170308154825968,-2.45846328735352
20170308154825969,-1.62685928344727
20170308154825970,0.593294525146484
20170308154825971,-2.51186904907227
20170308154825972,-1.39034805297852
20170308154825973,0.646700286865234
20170308154825974,-2.77889785766602
20170308154825975,-1.32931289672852
20170308154825976,0.631441497802734
20170308154825977,-2.81704483032227
20170308154825978,-1.10043106079102
20170308154825979,0.616182708740234
20170308154825980,-2.90096817016602
20170308154825981,-0.932584381103516
20170308154825982,0.684847259521484
20170308154825983,-2.91622695922852
20170308154825984,-0.802884674072266
20170308154825985,0.448336029052734
20170308154825986,-2.90096817016602
20170308154825987,-0.665555572509766
20170308154825988,0.402559661865234
20170308154825989,-2.96200332641602
20170308154825990,-0.474820709228516
20170308154825991,0.0973838806152344
20170308154825992,-2.95437393188477
20170308154825993,-0.474820709228516
20170308154825994,0.112642669677734
20170308154825995,-2.95437393188477
20170308154825996,-0.505338287353516
20170308154825997,0.265230560302734
20170308154825998,-2.98489151000977
20170308154825999,-0.383267974853516
20170308154826000,0.211824798583984
20170308154826001,-2.93148574829102
20170308154826002,-0.459561920166016
20170308154826003,0.204195404052734
20170308154826004,-2.90859756469727
20170308154826005,-0.551114654541016
20170308154826006,0.127901458740234
20170308154826007,-2.95437393188477
20170308154826008,-0.581632232666016
20170308154826009,0.257601165771484
20170308154826010,-3.00015029907227
20170308154826011,-0.680814361572266
20170308154826012,0.257601165771484
20170308154826013,-2.92385635375977
20170308154826014,-0.551114654541016
20170308154826015,0.173677825927734
20170308154826016,-2.92385635375977
20170308154826017,-0.535855865478516
20170308154826018,0.166048431396484
20170308154826019,-2.94674453735352
20170308154826020,-0.543485260009766
20170308154826021,0.333895111083984
20170308154826022,-2.90859756469727
20170308154826023,-0.451932525634766
20170308154826024,0.295748138427734
20170308154826025,-2.88570938110352
20170308154826026,-0.314603424072266
20170308154826027,0.0668663024902344
20170308154826028,-2.83993301391602
20170308154826029,-0.596891021728516
20170308154826030,0.227083587646484
20170308154826031,-2.88570938110352
20170308154826032,-0.543485260009766
20170308154826033,0.288118743896484
20170308154826034,-2.94674453735352
20170308154826035,-0.436673736572266
20170308154826036,0.173677825927734
20170308154826037,-2.90096817016602
20170308154826038,-0.574002838134766
20170308154826039,0.120272064208984
20170308154826040,-3.00015029907227
20170308154826041,-0.406156158447266
20170308154826042,0.0516075134277344
20170308154826043,-2.96200332641602
20170308154826044,-0.421414947509766
20170308154826045,0.0668663024902344
20170308154826046,-3.01540908813477
20170308154826047,-0.337491607666016
20170308154826048,0.127901458740234
20170308154826049,-2.89333877563477
20170308154826050,-0.444303131103516
20170308154826051,0.112642669677734
20170308154826052,-2.90096817016602
20170308154826053,-0.345121002197266
20170308154826054,-0.0094276428222656
20170308154826055,-2.99252090454102
20170308154826056,-0.223050689697266
20170308154826057,-0.184903717041016
20170308154826058,-2.84756240844727
20170308154826059,-0.314603424072266
20170308154826060,-0.0094276428222656
20170308154826061,-2.94674453735352
20170308154826062,-0.398526763916016
20170308154826063,0.227083587646484
20170308154826064,-2.90859756469727
20170308154826065,-0.390897369384766
20170308154826066,0.0210899353027344
20170308154826067,-2.90859756469727
20170308154826068,-0.528226470947266
20170308154826069,0.0592369079589844
20170308154826070,-2.95437393188477
20170308154826071,-0.512967681884766
20170308154826072,0.120272064208984
20170308154826073,-2.98489151000977
20170308154826074,-0.451932525634766
20170308154826075,0.127901458740234
20170308154826076,-2.94674453735352
20170308154826077,-0.512967681884766
20170308154826078,0.0744956970214844
20170308154826079,-3.03829727172852
20170308154826080,-0.383267974853516
20170308154826081,0.0058311462402344
20170308154826082,-3.03829727172852
20170308154826083,-0.192533111572266
20170308154826084,-0.131497955322266
20170308154826085,-2.93911514282227
20170308154826086,-0.192533111572266
20170308154826087,-0.184903717041016
20170308154826088,-3.00015029907227
20170308154826089,-0.0933509826660156
20170308154826090,-0.230680084228516
20170308154826091,-2.95437393188477
20170308154826092,0.0821250915527344
20170308154826093,-0.245938873291016
20170308154826094,-2.87045059204102
20170308154826095,-0.0246864318847656
20170308154826096,-0.131497955322266
20170308154826097,-2.88570938110352
20170308154826098,-0.261197662353516
20170308154826099,-0.207791900634766
20170308154826100,-2.99252090454102
20170308154826101,-0.108609771728516
20170308154826102,-0.223050689697266
20170308154826103,-2.95437393188477
20170308154826104,0.166048431396484
20170308154826105,-0.512967681884766
20170308154826106,-2.96200332641602
20170308154826107,0.303377532958984
20170308154826108,-0.604520416259766
20170308154826109,-2.91622695922852
20170308154826110,0.478853607177734
20170308154826111,-0.779996490478516
20170308154826112,-2.81704483032227
20170308154826113,0.486483001708984
20170308154826114,-0.818143463134766
20170308154826115,-2.84756240844727
20170308154826116,0.776399993896484
20170308154826117,-1.03176651000977
20170308154826118,-2.75600967407227
20170308154826119,0.722994232177734
20170308154826120,-1.08517227172852
20170308154826121,-2.82467422485352
20170308154826122,0.738253021240234
20170308154826123,-1.08517227172852
20170308154826124,-2.77126846313477
20170308154826125,0.814546966552734
20170308154826126,-1.05465469360352
20170308154826127,-2.71786270141602
20170308154826128,0.600923919677734
20170308154826129,-0.848661041259766
20170308154826130,-2.73312149047852
20170308154826131,0.745882415771484
20170308154826132,-1.10043106079102
20170308154826133,-2.67971572875977
20170308154826134,0.867952728271484
20170308154826135,-1.17672500610352
20170308154826136,-2.64156875610352
20170308154826137,0.906099700927734
20170308154826138,-1.46664199829102
20170308154826139,-2.59579238891602
20170308154826140,0.928987884521484
20170308154826141,-1.49715957641602
20170308154826142,-2.49661026000977
20170308154826143,0.768770599365234
20170308154826144,-1.64974746704102
20170308154826145,-2.38216934204102
20170308154826146,0.677217864990234
20170308154826147,-1.68026504516602
20170308154826148,-2.14565811157227
20170308154826149,0.799288177490234
20170308154826150,-2.06173477172852
20170308154826151,-2.02358779907227
20170308154826152,0.677217864990234
20170308154826153,-2.26009902954102
20170308154826154,-1.77181777954102
20170308154826155,0.722994232177734
20170308154826156,-2.42031631469727
20170308154826157,-1.68026504516602
20170308154826158,0.776399993896484
20170308154826159,-2.50423965454102
20170308154826160,-1.41323623657227
20170308154826161,0.623812103271484
20170308154826162,-2.74075088500977
20170308154826163,-1.36745986938477
20170308154826164,0.707735443115234
20170308154826165,-2.78652725219727
20170308154826166,-1.26064834594727
20170308154826167,0.677217864990234
20170308154826168,-3.03066787719727
20170308154826169,-1.08517227172852
20170308154826170,0.463594818115234
20170308154826171,-2.98489151000977
20170308154826172,-1.13857803344727
20170308154826173,0.517000579833984
20170308154826174,-3.06881484985352
20170308154826175,-1.15383682250977
20170308154826176,0.562776947021484
20170308154826177,-3.03066787719727
20170308154826178,-1.04702529907227
20170308154826179,0.440706634521484
20170308154826180,-2.96200332641602
20170308154826181,-0.909696197509766
20170308154826182,0.524629974365234
20170308154826183,-2.94674453735352
20170308154826184,-0.757108306884766
20170308154826185,0.341524505615234
20170308154826186,-2.98489151000977
20170308154826187,-0.841031646728516
20170308154826188,0.387300872802734
20170308154826189,-2.96200332641602
20170308154826190,-0.596891021728516
20170308154826191,0.181307220458984
20170308154826192,-2.95437393188477
20170308154826193,-0.627408599853516
20170308154826194,0.204195404052734
20170308154826195,-2.98489151000977
20170308154826196,-0.306974029541016
20170308154826197,-0.0857215881347656
20170308154826198,-2.90859756469727
20170308154826199,-0.131497955322266
20170308154826200,-0.162015533447266
20170308154826201,-2.93148574829102
20170308154826202,-0.474820709228516
20170308154826203,-0.0170570373535156
20170308154826204,-2.95437393188477
20170308154826205,-0.421414947509766
20170308154826206,0.105013275146484
20170308154826207,-2.95437393188477
20170308154826208,-0.322232818603516
20170308154826209,-0.0552040100097656
20170308154826210,-2.93148574829102
20170308154826211,-0.0323158264160156
20170308154826212,-0.169644927978516
20170308154826213,-2.90096817016602
20170308154826214,-0.154386138916016
20170308154826215,0.143160247802734
20170308154826216,-2.94674453735352
20170308154826217,-0.314603424072266
20170308154826218,-0.100980377197266
20170308154826219,-2.90859756469727
20170308154826220,-0.215421295166016
20170308154826221,-0.108609771728516
20170308154826222,-2.89333877563477
20170308154826223,-0.230680084228516
20170308154826224,-0.230680084228516
20170308154826225,-3.01540908813477
20170308154826226,-0.0323158264160156
20170308154826227,-0.345121002197266
20170308154826228,-2.85519180297852
20170308154826229,0.0668663024902344
20170308154826230,-0.139127349853516
20170308154826231,-2.90859756469727
20170308154826232,-0.0780921936035156
20170308154826233,-0.390897369384766
20170308154826234,-2.93148574829102
20170308154826235,0.196566009521484
20170308154826236,-0.322232818603516
20170308154826237,-2.90096817016602
20170308154826238,-0.0780921936035156
20170308154826239,-0.268827056884766
20170308154826240,-3.01540908813477
20170308154826241,-0.375638580322266
20170308154826242,-0.0017982482910156
20170308154826243,-2.89333877563477
20170308154826244,-0.0857215881347656
20170308154826245,-0.253568267822266
20170308154826246,-2.90096817016602
20170308154826247,-0.0246864318847656
20170308154826248,-0.108609771728516
20170308154826249,-2.85519180297852
20170308154826250,-0.100980377197266
20170308154826251,-0.284085845947266
20170308154826252,-2.94674453735352
20170308154826253,-0.131497955322266
20170308154826254,-0.223050689697266
20170308154826255,-2.94674453735352
20170308154826256,-0.284085845947266
20170308154826257,-0.0857215881347656
20170308154826258,-2.92385635375977
20170308154826259,-0.306974029541016
20170308154826260,0.166048431396484
20170308154826261,-2.87045059204102
20170308154826262,-0.520597076416016
20170308154826263,0.0516075134277344
20170308154826264,-2.92385635375977
20170308154826265,-0.474820709228516
20170308154826266,0.112642669677734
20170308154826267,-2.92385635375977
20170308154826268,-0.436673736572266
20170308154826269,0.0516075134277344
20170308154826270,-2.97726211547852
20170308154826271,-0.429044342041016
20170308154826272,0.0668663024902344
20170308154826273,-2.98489151000977
20170308154826274,-0.596891021728516
20170308154826275,0.188936614990234
20170308154826276,-2.93911514282227
20170308154826277,-0.619779205322266
20170308154826278,0.242342376708984
20170308154826279,-2.89333877563477
20170308154826280,-0.642667388916016
20170308154826281,0.326265716552734
20170308154826282,-2.97726211547852
20170308154826283,-0.467191314697266
20170308154826284,0.105013275146484
20170308154826285,-3.04592666625977
20170308154826286,-0.436673736572266
20170308154826287,0.0210899353027344
20170308154826288,-2.97726211547852
20170308154826289,-0.322232818603516
20170308154826290,-0.0780921936035156
20170308154826291,-2.95437393188477
20170308154826292,-0.291715240478516
20170308154826293,-0.0780921936035156
20170308154826294,-2.93148574829102
20170308154826295,-0.215421295166016
20170308154826296,-0.139127349853516
20170308154826297,-2.89333877563477
20170308154826298,0.0821250915527344
20170308154826299,-0.299344635009766
20170308154826300,-2.86282119750977
20170308154826301,0.135530853271484
20170308154826302,-0.383267974853516
20170308154826303,-2.90096817016602
20170308154826304,0.0897544860839844
20170308154826305,-0.413785552978516
20170308154826306,-2.90859756469727
20170308154826307,0.272859954833984
20170308154826308,-0.459561920166016
20170308154826309,-2.91622695922852
20170308154826310,-0.0323158264160156
20170308154826311,-0.459561920166016
20170308154826312,-2.86282119750977
20170308154826313,0.242342376708984
20170308154826314,-0.253568267822266
20170308154826315,-2.85519180297852
20170308154826316,0.105013275146484
20170308154826317,-0.490079498291016
20170308154826318,-2.87045059204102
20170308154826319,0.402559661865234
20170308154826320,-0.711331939697266
20170308154826321,-2.81704483032227
20170308154826322,0.661959075927734
20170308154826323,-0.848661041259766
20170308154826324,-2.89333877563477
20170308154826325,0.822176361083984
20170308154826326,-1.03176651000977
20170308154826327,-2.81704483032227
20170308154826328,0.669588470458984
20170308154826329,-1.07754287719727
20170308154826330,-2.73312149047852
20170308154826331,0.738253021240234
20170308154826332,-1.21487197875977
20170308154826333,-2.74838027954102
20170308154826334,0.967134857177734
20170308154826335,-1.35983047485352
20170308154826336,-2.65682754516602
20170308154826337,0.898470306396484
20170308154826338,-1.32168350219727
20170308154826339,-2.49661026000977
20170308154826340,0.784029388427734
20170308154826341,-1.42849502563477
20170308154826342,-2.30587539672852
20170308154826343,0.692476654052734
20170308154826344,-1.71078262329102
20170308154826345,-2.24484024047852
20170308154826346,0.784029388427734
20170308154826347,-1.90151748657227
20170308154826348,-2.14565811157227
20170308154826349,0.730623626708984
20170308154826350,-1.94729385375977
20170308154826351,-2.16091690063477
20170308154826352,0.684847259521484
20170308154826353,-1.77181777954102
20170308154826354,-2.13039932250977
20170308154826355,0.738253021240234
20170308154826356,-2.09988174438477
20170308154826357,-1.93966445922852
20170308154826358,0.677217864990234
20170308154826359,-2.32876358032227
20170308154826360,-1.66500625610352
20170308154826361,0.661959075927734
20170308154826362,-2.58816299438477
20170308154826363,-1.45138320922852
20170308154826364,0.837435150146484
20170308154826365,-2.59579238891602
20170308154826366,-1.64211807250977
20170308154826367,0.585665130615234
20170308154826368,-2.48898086547852
20170308154826369,-1.46664199829102
20170308154826370,0.600923919677734
20170308154826371,-2.77126846313477
20170308154826372,-1.17672500610352
20170308154826373,0.555147552490234
20170308154826374,-2.93911514282227
20170308154826375,-1.13094863891602
20170308154826376,0.555147552490234
20170308154826377,-2.80941543579102
20170308154826378,-1.11568984985352
20170308154826379,0.585665130615234
20170308154826380,-2.80941543579102
20170308154826381,-1.13094863891602
20170308154826382,0.616182708740234
20170308154826383,-2.93148574829102
20170308154826384,-1.16146621704102
20170308154826385,0.501741790771484
20170308154826386,-2.87807998657227
20170308154826387,-1.13857803344727
20170308154826388,0.471224212646484
20170308154826389,-2.75600967407227
20170308154826390,-1.16909561157227
20170308154826391,0.623812103271484
20170308154826392,-2.95437393188477
20170308154826393,-1.09280166625977
20170308154826394,0.547518157958984
20170308154826395,-2.97726211547852
20170308154826396,-1.00124893188477
20170308154826397,0.455965423583984
20170308154826398,-2.99252090454102
20170308154826399,-0.940213775634766
20170308154826400,0.425447845458984
20170308154826401,-3.00015029907227
20170308154826402,-0.985990142822266
20170308154826403,0.341524505615234
20170308154826404,-3.03829727172852
20170308154826405,-0.917325592041016
20170308154826406,0.562776947021484
20170308154826407,-2.94674453735352
20170308154826408,-0.795255279541016
20170308154826409,0.349153900146484
20170308154826410,-2.99252090454102
20170308154826411,-0.963101959228516
20170308154826412,0.402559661865234
20170308154826413,-2.97726211547852
20170308154826414,-0.856290435791016
20170308154826415,0.433077239990234
20170308154826416,-2.96963272094727
20170308154826417,-0.947843170166016
20170308154826418,0.646700286865234
20170308154826419,-2.97726211547852
20170308154826420,-1.05465469360352
20170308154826421,0.394930267333984
20170308154826422,-2.97726211547852
20170308154826423,-1.08517227172852
20170308154826424,0.440706634521484
20170308154826425,-2.94674453735352
20170308154826426,-0.978360748291016
20170308154826427,0.501741790771484
20170308154826428,-3.01540908813477
20170308154826429,-0.779996490478516
20170308154826430,0.318636322021484
20170308154826431,-2.89333877563477
20170308154826432,-0.924954986572266
20170308154826433,0.570406341552734
20170308154826434,-3.00777969360352
20170308154826435,-0.879178619384766
20170308154826436,0.341524505615234
20170308154826437,-2.95437393188477
20170308154826438,-0.902066802978516
20170308154826439,0.341524505615234
20170308154826440,-3.00015029907227
20170308154826441,-0.696073150634766
20170308154826442,0.349153900146484
20170308154826443,-2.90096817016602
20170308154826444,-0.589261627197266
20170308154826445,0.173677825927734
20170308154826446,-3.07644424438477
20170308154826447,-0.429044342041016
20170308154826448,0.0744956970214844
20170308154826449,-3.00015029907227
20170308154826450,-0.268827056884766
20170308154826451,0.0058311462402344
20170308154826452,-3.01540908813477
20170308154826453,-0.322232818603516
20170308154826454,0.143160247802734
20170308154826455,-2.90859756469727
20170308154826456,-0.291715240478516
20170308154826457,-0.215421295166016
20170308154826458,-2.90859756469727
20170308154826459,-0.0399452209472656
20170308154826460,-0.322232818603516
20170308154826461,-2.86282119750977
20170308154826462,-0.0017982482910156
20170308154826463,-0.406156158447266
20170308154826464,-2.90859756469727
20170308154826465,0.188936614990234
20170308154826466,-0.505338287353516
20170308154826467,-2.88570938110352
20170308154826468,0.448336029052734
20170308154826469,-0.757108306884766
20170308154826470,-2.83993301391602
20170308154826471,0.600923919677734
20170308154826472,-0.909696197509766
20170308154826473,-2.90859756469727
20170308154826474,0.578035736083984
20170308154826475,-0.924954986572266
20170308154826476,-2.89333877563477
20170308154826477,0.829805755615234
20170308154826478,-0.947843170166016
20170308154826479,-2.81704483032227
20170308154826480,0.898470306396484
20170308154826481,-1.07754287719727
20170308154826482,-2.71786270141602
20170308154826483,0.814546966552734
20170308154826484,-1.19198379516602
20170308154826485,-2.69497451782227
20170308154826486,0.784029388427734
20170308154826487,-1.31405410766602
20170308154826488,-2.62630996704102
20170308154826489,0.913729095458984
20170308154826490,-1.51241836547852
20170308154826491,-2.55001602172852
20170308154826492,0.715364837646484
20170308154826493,-1.55056533813477
20170308154826494,-2.49661026000977
20170308154826495,0.684847259521484
20170308154826496,-1.61160049438477
20170308154826497,-2.43557510375977
20170308154826498,0.654329681396484
20170308154826499,-1.71841201782227
20170308154826500,-2.36691055297852
20170308154826501,0.745882415771484
20170308154826502,-1.80996475219727
20170308154826503,-2.32113418579102
20170308154826504,0.677217864990234
20170308154826505,-1.90151748657227
20170308154826506,-2.20669326782227
20170308154826507,0.738253021240234
20170308154826508,-2.13039932250977
20170308154826509,-1.98544082641602
20170308154826510,0.761141204833984
20170308154826511,-2.22195205688477
20170308154826512,-1.81759414672852
20170308154826513,0.715364837646484
20170308154826514,-2.26772842407227
20170308154826515,-1.65737686157227
20170308154826516,0.814546966552734
20170308154826517,-2.34402236938477
20170308154826518,-1.66500625610352
20170308154826519,0.806917572021484
20170308154826520,-2.66445693969727
20170308154826521,-1.20724258422852
20170308154826522,0.570406341552734
20170308154826523,-2.80941543579102
20170308154826524,-1.26064834594727
20170308154826525,0.539888763427734
20170308154826526,-2.99252090454102
20170308154826527,-1.02413711547852
20170308154826528,0.562776947021484
20170308154826529,-3.03066787719727
20170308154826530,-1.09280166625977
20170308154826531,0.440706634521484
20170308154826532,-2.93911514282227
20170308154826533,-1.06991348266602
20170308154826534,0.471224212646484
20170308154826535,-2.77889785766602
20170308154826536,-1.11568984985352
20170308154826537,0.501741790771484
20170308154826538,-2.90096817016602
20170308154826539,-0.932584381103516
20170308154826540,0.455965423583984
20170308154826541,-2.93911514282227
20170308154826542,-1.09280166625977
20170308154826543,0.501741790771484
20170308154826544,-2.83993301391602
20170308154826545,-1.21487197875977
20170308154826546,0.562776947021484
20170308154826547,-2.80941543579102
20170308154826548,-1.30642471313477
20170308154826549,0.532259368896484
20170308154826550,-2.64919815063477
20170308154826551,-1.34457168579102
20170308154826552,0.784029388427734
20170308154826553,-2.64919815063477
20170308154826554,-1.39797744750977
20170308154826555,0.539888763427734
20170308154826556,-2.84756240844727
20170308154826557,-1.26064834594727
20170308154826558,0.539888763427734
20170308154826559,-2.80941543579102
20170308154826560,-1.22250137329102
20170308154826561,0.684847259521484
20170308154826562,-2.74838027954102
20170308154826563,-1.30642471313477
20170308154826564,0.593294525146484
20170308154826565,-2.65682754516602
20170308154826566,-1.27590713500977
20170308154826567,0.509371185302734
20170308154826568,-2.90096817016602
20170308154826569,-1.02413711547852
20170308154826570,0.570406341552734
20170308154826571,-2.94674453735352
20170308154826572,-0.894437408447266
20170308154826573,0.379671478271484
20170308154826574,-3.01540908813477
20170308154826575,-0.680814361572266
20170308154826576,0.402559661865234
20170308154826577,-2.99252090454102
20170308154826578,-0.604520416259766
20170308154826579,0.417818450927734
20170308154826580,-2.92385635375977
20170308154826581,-0.657926177978516
20170308154826582,0.532259368896484
20170308154826583,-2.84756240844727
20170308154826584,-0.764737701416016
20170308154826585,0.272859954833984
20170308154826586,-2.93148574829102
20170308154826587,-0.619779205322266
20170308154826588,0.471224212646484
20170308154826589,-2.94674453735352
20170308154826590,-0.619779205322266
20170308154826591,0.272859954833984
20170308154826592,-2.94674453735352
20170308154826593,-0.612149810791016
20170308154826594,0.288118743896484
20170308154826595,-2.93911514282227
20170308154826596,-0.512967681884766
20170308154826597,0.0973838806152344
20170308154826598,-2.95437393188477
20170308154826599,-0.589261627197266
20170308154826600,0.166048431396484
20170308154826601,-3.02303848266602
20170308154826602,-0.490079498291016
20170308154826603,0.249971771240234
20170308154826604,-2.97726211547852
20170308154826605,-0.261197662353516
20170308154826606,-0.192533111572266
20170308154826607,-2.95437393188477
20170308154826608,-0.139127349853516
20170308154826609,-0.146756744384766
20170308154826610,-2.90096817016602
20170308154826611,0.135530853271484
20170308154826612,-0.474820709228516
20170308154826613,-2.86282119750977
20170308154826614,0.417818450927734
20170308154826615,-0.703702545166016
20170308154826616,-2.85519180297852
20170308154826617,0.715364837646484
20170308154826618,-0.940213775634766
20170308154826619,-2.85519180297852
20170308154826620,0.646700286865234
20170308154826621,-1.03176651000977
20170308154826622,-2.80941543579102
20170308154826623,0.753511810302734
20170308154826624,-1.12331924438477
20170308154826625,-2.70260391235352
20170308154826626,0.860323333740234
20170308154826627,-1.38271865844727
20170308154826628,-2.58816299438477
20170308154826629,0.860323333740234
20170308154826630,-1.61922988891602
20170308154826631,-2.41268692016602
20170308154826632,0.761141204833984
20170308154826633,-1.89388809204102
20170308154826634,-2.34402236938477
20170308154826635,0.684847259521484
20170308154826636,-1.96255264282227
20170308154826637,-2.11514053344727
20170308154826638,0.684847259521484
20170308154826639,-2.02358779907227
20170308154826640,-2.10751113891602
20170308154826641,0.631441497802734
20170308154826642,-2.05410537719727
20170308154826643,-2.11514053344727
20170308154826644,0.677217864990234
20170308154826645,-2.01595840454102
20170308154826646,-2.12276992797852
20170308154826647,0.684847259521484
20170308154826648,-2.06936416625977
20170308154826649,-2.02358779907227
20170308154826650,0.707735443115234
20170308154826651,-2.29061660766602
20170308154826652,-1.89388809204102
20170308154826653,0.639070892333984
20170308154826654,-2.19143447875977
20170308154826655,-1.81759414672852
20170308154826656,0.784029388427734
20170308154826657,-2.25246963500977
20170308154826658,-1.68789443969727
20170308154826659,0.761141204833984
20170308154826660,-2.25246963500977
20170308154826661,-1.69552383422852
20170308154826662,0.677217864990234
20170308154826663,-2.48135147094727
20170308154826664,-1.58108291625977
20170308154826665,0.623812103271484
20170308154826666,-2.67971572875977
20170308154826667,-1.48190078735352
20170308154826668,0.867952728271484
20170308154826669,-2.64156875610352
20170308154826670,-1.38271865844727
20170308154826671,0.547518157958984
20170308154826672,-2.56527481079102
20170308154826673,-1.33694229125977
20170308154826674,0.776399993896484
20170308154826675,-2.80178604125977
20170308154826676,-1.21487197875977
20170308154826677,0.608553314208984
20170308154826678,-2.93911514282227
20170308154826679,-1.00124893188477
20170308154826680,0.486483001708984
20170308154826681,-2.87807998657227
20170308154826682,-1.00887832641602
20170308154826683,0.524629974365234
20170308154826684,-2.96963272094727
20170308154826685,-0.886808013916016
20170308154826686,0.425447845458984
20170308154826687,-2.90859756469727
20170308154826688,-0.902066802978516
20170308154826689,0.402559661865234
20170308154826690,-2.93911514282227
20170308154826691,-0.940213775634766
20170308154826692,0.448336029052734
20170308154826693,-2.94674453735352
20170308154826694,-0.696073150634766
20170308154826695,0.326265716552734
20170308154826696,-2.93911514282227
20170308154826697,-0.619779205322266
20170308154826698,0.372042083740234
20170308154826699,-2.95437393188477
20170308154826700,-0.558744049072266
20170308154826701,0.219454193115234
20170308154826702,-3.02303848266602
20170308154826703,-0.635037994384766
20170308154826704,0.501741790771484
20170308154826705,-2.94674453735352
20170308154826706,-0.680814361572266
20170308154826707,0.364412689208984
20170308154826708,-2.90096817016602
20170308154826709,-0.680814361572266
20170308154826710,0.272859954833984
20170308154826711,-2.96200332641602
20170308154826712,-0.589261627197266
20170308154826713,0.173677825927734
20170308154826714,-2.87045059204102
20170308154826715,-0.543485260009766
20170308154826716,0.257601165771484
20170308154826717,-2.90096817016602
20170308154826718,-0.528226470947266
20170308154826719,0.173677825927734
20170308154826720,-2.90859756469727
20170308154826721,-0.436673736572266
20170308154826722,0.0821250915527344
20170308154826723,-2.91622695922852
20170308154826724,-0.169644927978516
20170308154826725,-0.0857215881347656
20170308154826726,-2.96200332641602
20170308154826727,-0.253568267822266
20170308154826728,-0.116239166259766
20170308154826729,-2.92385635375977
20170308154826730,-0.268827056884766
20170308154826731,-0.131497955322266
20170308154826732,-2.92385635375977
20170308154826733,-0.291715240478516
20170308154826734,0.0668663024902344
20170308154826735,-2.91622695922852
20170308154826736,-0.291715240478516
20170308154826737,-0.108609771728516
20170308154826738,-2.93148574829102
20170308154826739,-0.131497955322266
20170308154826740,-0.100980377197266
20170308154826741,-2.87045059204102
20170308154826742,-0.238309478759766
20170308154826743,-0.0857215881347656
20170308154826744,-2.90096817016602
20170308154826745,-0.123868560791016
20170308154826746,-0.139127349853516
20170308154826747,-2.90859756469727
20170308154826748,-0.200162506103516
20170308154826749,-0.131497955322266
20170308154826750,-2.90096817016602
20170308154826751,-0.223050689697266
20170308154826752,-0.253568267822266
20170308154826753,-2.93148574829102
20170308154826754,0.181307220458984
20170308154826755,-0.352750396728516
20170308154826756,-2.90859756469727
20170308154826757,0.303377532958984
20170308154826758,-0.474820709228516
20170308154826759,-2.83230361938477
20170308154826760,0.524629974365234
20170308154826761,-0.703702545166016
20170308154826762,-2.80941543579102
20170308154826763,0.661959075927734
20170308154826764,-0.917325592041016
20170308154826765,-2.77126846313477
20170308154826766,0.967134857177734
20170308154826767,-1.17672500610352
20170308154826768,-2.62630996704102
20170308154826769,0.753511810302734
20170308154826770,-1.51241836547852
20170308154826771,-2.45083389282227
20170308154826772,0.867952728271484
20170308154826773,-1.84048233032227
20170308154826774,-2.24484024047852
20170308154826775,0.860323333740234
20170308154826776,-2.09988174438477
20170308154826777,-1.97781143188477
20170308154826778,0.928987884521484
20170308154826779,-2.13039932250977
20170308154826780,-2.04647598266602
20170308154826781,0.768770599365234
20170308154826782,-2.20669326782227
20170308154826783,-1.83285293579102
20170308154826784,0.661959075927734
20170308154826785,-2.21432266235352
20170308154826786,-1.71841201782227
20170308154826787,0.768770599365234
20170308154826788,-2.34402236938477
20170308154826789,-1.64211807250977
20170308154826790,0.700106048583984
20170308154826791,-2.29061660766602
20170308154826792,-1.62685928344727
20170308154826793,0.730623626708984
20170308154826794,-2.38979873657227
20170308154826795,-1.63448867797852
20170308154826796,0.722994232177734
20170308154826797,-2.57290420532227
20170308154826798,-1.52767715454102
20170308154826799,0.661959075927734
20170308154826800,-2.31350479125977
20170308154826801,-1.66500625610352
20170308154826802,0.852693939208984
20170308154826803,-2.35165176391602
20170308154826804,-1.64211807250977
20170308154826805,0.623812103271484
20170308154826806,-2.71023330688477
20170308154826807,-1.43612442016602
20170308154826808,0.539888763427734
20170308154826809,-2.78652725219727
20170308154826810,-1.06991348266602
20170308154826811,0.677217864990234
20170308154826812,-2.92385635375977
20170308154826813,-1.11568984985352
20170308154826814,0.562776947021484
20170308154826815,-2.97726211547852
20170308154826816,-0.917325592041016
20170308154826817,0.463594818115234
20170308154826818,-3.01540908813477
20170308154826819,-0.718961334228516
20170308154826820,0.517000579833984
20170308154826821,-2.97726211547852
20170308154826822,-0.505338287353516
20170308154826823,0.112642669677734
20170308154826824,-2.98489151000977
20170308154826825,-0.444303131103516
20170308154826826,0.288118743896484
20170308154826827,-2.93148574829102
20170308154826828,-0.551114654541016
20170308154826829,0.173677825927734
20170308154826830,-2.95437393188477
20170308154826831,-0.474820709228516
20170308154826832,0.188936614990234
20170308154826833,-2.93148574829102
20170308154826834,-0.284085845947266
20170308154826835,0.219454193115234
20170308154826836,-2.85519180297852
20170308154826837,-0.436673736572266
20170308154826838,0.219454193115234
20170308154826839,-2.86282119750977
20170308154826840,-0.581632232666016
20170308154826841,0.280489349365234
20170308154826842,-2.89333877563477
20170308154826843,-0.657926177978516
20170308154826844,0.410189056396484
20170308154826845,-2.93148574829102
20170308154826846,-0.375638580322266
20170308154826847,0.0439781188964844
20170308154826848,-2.92385635375977
20170308154826849,-0.284085845947266
20170308154826850,-0.139127349853516
20170308154826851,-3.03066787719727
20170308154826852,0.0744956970214844
20170308154826853,-0.0246864318847656
20170308154826854,-2.90859756469727
20170308154826855,-0.154386138916016
20170308154826856,-0.207791900634766
20170308154826857,-2.93148574829102
20170308154826858,-0.261197662353516
20170308154826859,-0.0933509826660156
20170308154826860,-2.87807998657227
20170308154826861,-0.177274322509766
20170308154826862,0.0134605407714844
20170308154826863,-2.91622695922852
20170308154826864,-0.306974029541016
20170308154826865,0.0058311462402344
20170308154826866,-2.88570938110352
20170308154826867,-0.291715240478516
20170308154826868,0.227083587646484
20170308154826869,-2.83230361938477
20170308154826870,-0.337491607666016
20170308154826871,0.0287193298339844
20170308154826872,-2.87045059204102
20170308154826873,-0.322232818603516
20170308154826874,-0.108609771728516
20170308154826875,-2.88570938110352
20170308154826876,-0.0552040100097656
20170308154826877,-0.184903717041016
20170308154826878,-2.89333877563477
20170308154826879,0.311006927490234
20170308154826880,-0.398526763916016
20170308154826881,-2.79415664672852
20170308154826882,0.326265716552734
20170308154826883,-0.375638580322266
20170308154826884,-2.81704483032227
20170308154826885,0.410189056396484
20170308154826886,-0.642667388916016
20170308154826887,-2.78652725219727
20170308154826888,0.249971771240234
20170308154826889,-0.413785552978516
20170308154826890,-2.87045059204102
20170308154826891,0.471224212646484
20170308154826892,-0.505338287353516
20170308154826893,-2.79415664672852
20170308154826894,0.318636322021484
20170308154826895,-0.574002838134766
20170308154826896,-2.79415664672852
20170308154826897,0.425447845458984
20170308154826898,-0.589261627197266
20170308154826899,-2.79415664672852
20170308154826900,0.478853607177734
20170308154826901,-0.703702545166016
20170308154826902,-2.80941543579102
20170308154826903,0.547518157958984
20170308154826904,-0.810514068603516
20170308154826905,-2.81704483032227
20170308154826906,0.722994232177734
20170308154826907,-0.825772857666016
20170308154826908,-2.71023330688477
20170308154826909,0.745882415771484
20170308154826910,-0.924954986572266
20170308154826911,-2.59579238891602
20170308154826912,0.799288177490234
20170308154826913,-1.14620742797852
20170308154826914,-2.64919815063477
20170308154826915,0.845064544677734
20170308154826916,-1.19198379516602
20170308154826917,-2.53475723266602
20170308154826918,1.01291122436523
20170308154826919,-1.42086563110352
20170308154826920,-2.47372207641602
20170308154826921,0.829805755615234
20170308154826922,-1.61160049438477
20170308154826923,-2.31350479125977
20170308154826924,0.799288177490234
20170308154826925,-1.90151748657227
20170308154826926,-2.25246963500977
20170308154826927,0.684847259521484
20170308154826928,-1.93203506469727
20170308154826929,-2.07699356079102
20170308154826930,0.883211517333984
20170308154826931,-2.11514053344727
20170308154826932,-1.97018203735352
20170308154826933,0.791658782958984
20170308154826934,-2.24484024047852
20170308154826935,-1.88625869750977
20170308154826936,0.722994232177734
20170308154826937,-2.36691055297852
20170308154826938,-1.61160049438477
20170308154826939,0.677217864990234
20170308154826940,-2.36691055297852
20170308154826941,-1.77944717407227
20170308154826942,0.791658782958984
20170308154826943,-2.35165176391602
20170308154826944,-1.41323623657227
20170308154826945,0.661959075927734
20170308154826946,-2.69497451782227
20170308154826947,-1.32931289672852
20170308154826948,0.753511810302734
20170308154826949,-2.76363906860352
20170308154826950,-1.29879531860352
20170308154826951,0.532259368896484
20170308154826952,-2.93911514282227
20170308154826953,-1.13094863891602
20170308154826954,0.661959075927734
20170308154826955,-2.96200332641602
20170308154826956,-0.741849517822266
20170308154826957,0.463594818115234
20170308154826958,-2.94674453735352
20170308154826959,-0.467191314697266
20170308154826960,0.249971771240234
20170308154826961,-2.92385635375977
20170308154826962,-0.276456451416016
20170308154826963,0.0363487243652344
20170308154826964,-2.96963272094727
20170308154826965,-0.177274322509766
20170308154826966,0.0821250915527344
20170308154826967,-2.89333877563477
20170308154826968,-0.520597076416016
20170308154826969,0.150789642333984
20170308154826970,-2.87807998657227
20170308154826971,-0.566373443603516
20170308154826972,0.257601165771484
20170308154826973,-2.83230361938477
20170308154826974,-0.673184967041016
20170308154826975,0.356783294677734
20170308154826976,-2.96200332641602
20170308154826977,-0.505338287353516
20170308154826978,0.364412689208984
20170308154826979,-2.89333877563477
20170308154826980,-0.566373443603516
20170308154826981,0.188936614990234
20170308154826982,-2.99252090454102
20170308154826983,-0.451932525634766
20170308154826984,0.0210899353027344
20170308154826985,-3.05355606079102
20170308154826986,-0.146756744384766
20170308154826987,-0.100980377197266
20170308154826988,-2.94674453735352
20170308154826989,-0.436673736572266
20170308154826990,0.0058311462402344
20170308154826991,-3.03066787719727
20170308154826992,-0.558744049072266
20170308154826993,0.166048431396484
20170308154826994,-2.89333877563477
20170308154826995,-0.779996490478516
20170308154826996,0.280489349365234
20170308154826997,-2.90096817016602
20170308154826998,-0.635037994384766
20170308154826999,0.173677825927734
20170308154827000,-2.91622695922852
20170308154827001,-0.627408599853516
20170308154827002,0.295748138427734
20170308154827003,-2.89333877563477
20170308154827004,-0.520597076416016
20170308154827005,0.303377532958984
20170308154827006,-2.89333877563477
20170308154827007,-0.528226470947266
20170308154827008,0.166048431396484
20170308154827009,-2.95437393188477
20170308154827010,-0.482450103759766
20170308154827011,0.127901458740234
20170308154827012,-2.88570938110352
20170308154827013,-0.490079498291016
20170308154827014,0.372042083740234
20170308154827015,-2.85519180297852
20170308154827016,-0.512967681884766
20170308154827017,0.196566009521484
20170308154827018,-2.90859756469727
20170308154827019,-0.413785552978516
20170308154827020,-0.0017982482910156
20170308154827021,-2.92385635375977
20170308154827022,-0.291715240478516
20170308154827023,-0.139127349853516
20170308154827024,-2.99252090454102
20170308154827025,-0.169644927978516
20170308154827026,-0.162015533447266
20170308154827027,-2.96200332641602
20170308154827028,-0.0857215881347656
20170308154827029,-0.200162506103516
20170308154827030,-2.91622695922852
20170308154827031,0.0744956970214844
20170308154827032,-0.284085845947266
20170308154827033,-2.80941543579102
20170308154827034,0.181307220458984
20170308154827035,-0.329862213134766
20170308154827036,-2.76363906860352
20170308154827037,0.211824798583984
20170308154827038,-0.352750396728516
20170308154827039,-2.72549209594727
20170308154827040,0.295748138427734
20170308154827041,-0.245938873291016
20170308154827042,-2.81704483032227
20170308154827043,0.356783294677734
20170308154827044,-0.360379791259766
20170308154827045,-2.83993301391602
20170308154827046,0.539888763427734
20170308154827047,-0.680814361572266
20170308154827048,-2.80178604125977
20170308154827049,0.394930267333984
20170308154827050,-0.627408599853516
20170308154827051,-2.88570938110352
20170308154827052,0.547518157958984
20170308154827053,-0.535855865478516
20170308154827054,-2.83230361938477
20170308154827055,0.463594818115234
20170308154827056,-0.818143463134766
20170308154827057,-2.90096817016602
20170308154827058,0.806917572021484
20170308154827059,-1.07754287719727
20170308154827060,-2.77889785766602
20170308154827061,1.03579940795898
20170308154827062,-1.26827774047852
20170308154827063,-2.64156875610352
20170308154827064,0.860323333740234
20170308154827065,-1.42849502563477
20170308154827066,-2.47372207641602
20170308154827067,1.01291122436523
20170308154827068,-1.72604141235352
20170308154827069,-2.25246963500977
20170308154827070,0.906099700927734
20170308154827071,-2.15328750610352
20170308154827072,-1.75655899047852
20170308154827073,0.684847259521484
20170308154827074,-2.28298721313477
20170308154827075,-1.70315322875977
20170308154827076,0.791658782958984
20170308154827077,-2.41268692016602
20170308154827078,-1.64211807250977
20170308154827079,0.669588470458984
20170308154827080,-2.38216934204102
20170308154827081,-1.52767715454102
20170308154827082,0.669588470458984
20170308154827083,-2.50423965454102
20170308154827084,-1.55056533813477
20170308154827085,0.677217864990234
20170308154827086,-2.55001602172852
20170308154827087,-1.42849502563477
20170308154827088,0.814546966552734
20170308154827089,-2.73312149047852
20170308154827090,-1.36745986938477
20170308154827091,0.562776947021484
20170308154827092,-2.74075088500977
20170308154827093,-1.28353652954102
20170308154827094,0.692476654052734
20170308154827095,-2.90859756469727
20170308154827096,-0.940213775634766
20170308154827097,0.494112396240234
20170308154827098,-2.90096817016602
20170308154827099,-0.711331939697266
20170308154827100,0.631441497802734
20170308154827101,-2.93911514282227
20170308154827102,-0.574002838134766
20170308154827103,0.349153900146484
20170308154827104,-2.94674453735352
20170308154827105,-0.390897369384766
20170308154827106,0.135530853271484
20170308154827107,-2.97726211547852
20170308154827108,-0.543485260009766
20170308154827109,0.227083587646484
20170308154827110,-3.03829727172852
20170308154827111,-0.589261627197266
20170308154827112,0.280489349365234
20170308154827113,-2.95437393188477
20170308154827114,-0.749478912353516
20170308154827115,0.326265716552734
20170308154827116,-2.99252090454102
20170308154827117,-0.612149810791016
20170308154827118,0.341524505615234
20170308154827119,-3.01540908813477
20170308154827120,-0.444303131103516
20170308154827121,0.372042083740234
20170308154827122,-2.93148574829102
20170308154827123,-0.574002838134766
20170308154827124,0.219454193115234
20170308154827125,-2.91622695922852
20170308154827126,-0.574002838134766
20170308154827127,0.211824798583984
20170308154827128,-3.01540908813477
20170308154827129,-0.535855865478516
20170308154827130,0.280489349365234
20170308154827131,-2.83993301391602
20170308154827132,-0.291715240478516
20170308154827133,0.188936614990234
20170308154827134,-2.88570938110352
20170308154827135,-0.383267974853516
20170308154827136,0.112642669677734
20170308154827137,-2.91622695922852
20170308154827138,-0.474820709228516
20170308154827139,-0.0017982482910156
20170308154827140,-2.94674453735352
20170308154827141,-0.368009185791016
20170308154827142,0.0287193298339844
20170308154827143,-3.00777969360352
20170308154827144,-0.345121002197266
20170308154827145,-0.0170570373535156
20170308154827146,-3.00015029907227
20170308154827147,-0.299344635009766
20170308154827148,0.127901458740234
20170308154827149,-2.93911514282227
20170308154827150,-0.360379791259766
20170308154827151,-0.0170570373535156
20170308154827152,-3.00015029907227
20170308154827153,-0.238309478759766
20170308154827154,0.0744956970214844
20170308154827155,-2.93148574829102
20170308154827156,-0.261197662353516
20170308154827157,-0.108609771728516
20170308154827158,-2.84756240844727
20170308154827159,-0.230680084228516
20170308154827160,-0.0017982482910156
20170308154827161,-2.87807998657227
20170308154827162,-0.268827056884766
20170308154827163,0.135530853271484
20170308154827164,-2.83230361938477
20170308154827165,-0.162015533447266
20170308154827166,-0.123868560791016
20170308154827167,-2.91622695922852
20170308154827168,-0.146756744384766
20170308154827169,-0.215421295166016
20170308154827170,-2.87045059204102
20170308154827171,-0.0017982482910156
20170308154827172,-0.139127349853516
20170308154827173,-2.92385635375977
20170308154827174,-0.238309478759766
20170308154827175,-0.146756744384766
20170308154827176,-3.01540908813477
20170308154827177,-0.429044342041016
20170308154827178,-0.0246864318847656
20170308154827179,-2.88570938110352
20170308154827180,-0.253568267822266
20170308154827181,-0.100980377197266
20170308154827182,-2.95437393188477
20170308154827183,-0.245938873291016
20170308154827184,-0.0857215881347656
20170308154827185,-2.95437393188477
20170308154827186,-0.230680084228516
20170308154827187,-0.200162506103516
20170308154827188,-2.93148574829102
20170308154827189,-0.108609771728516
20170308154827190,-0.0552040100097656
20170308154827191,-2.97726211547852
20170308154827192,-0.268827056884766
20170308154827193,-0.100980377197266
20170308154827194,-2.92385635375977
20170308154827195,-0.390897369384766
20170308154827196,0.227083587646484
20170308154827197,-2.74075088500977
20170308154827198,-0.223050689697266
20170308154827199,0.0363487243652344
20170308154827200,-2.90859756469727
20170308154827201,-0.467191314697266
20170308154827202,0.0821250915527344
20170308154827203,-2.93148574829102
20170308154827204,-0.299344635009766
20170308154827205,-0.0399452209472656
20170308154827206,-2.91622695922852
20170308154827207,-0.383267974853516
20170308154827208,0.127901458740234
20170308154827209,-2.90096817016602
20170308154827210,-0.581632232666016
20170308154827211,0.288118743896484
20170308154827212,-2.93911514282227
20170308154827213,-0.406156158447266
20170308154827214,0.127901458740234
20170308154827215,-2.92385635375977
20170308154827216,-0.619779205322266
20170308154827217,0.295748138427734
20170308154827218,-3.01540908813477
20170308154827219,-0.581632232666016
20170308154827220,0.227083587646484
20170308154827221,-2.90859756469727
20170308154827222,-0.673184967041016
20170308154827223,0.333895111083984
20170308154827224,-2.94674453735352
20170308154827225,-0.879178619384766
20170308154827226,0.410189056396484
20170308154827227,-2.94674453735352
20170308154827228,-0.779996490478516
20170308154827229,0.402559661865234
20170308154827230,-2.93148574829102
20170308154827231,-0.703702545166016
20170308154827232,0.349153900146484
20170308154827233,-2.88570938110352
20170308154827234,-0.558744049072266
20170308154827235,0.448336029052734
20170308154827236,-2.90096817016602
20170308154827237,-0.726590728759766
20170308154827238,0.364412689208984
20170308154827239,-2.96963272094727
20170308154827240,-0.566373443603516
20170308154827241,0.295748138427734
20170308154827242,-2.90096817016602
20170308154827243,-0.482450103759766
20170308154827244,0.188936614990234
20170308154827245,-2.89333877563477
20170308154827246,-0.520597076416016
20170308154827247,0.242342376708984
20170308154827248,-2.94674453735352
20170308154827249,-0.581632232666016
20170308154827250,0.303377532958984
20170308154827251,-2.93148574829102
20170308154827252,-0.276456451416016
20170308154827253,0.0516075134277344
20170308154827254,-2.88570938110352
20170308154827255,-0.268827056884766
20170308154827256,-0.146756744384766
20170308154827257,-2.95437393188477
20170308154827258,0.0363487243652344
20170308154827259,-0.360379791259766
20170308154827260,-2.91622695922852
20170308154827261,0.394930267333984
20170308154827262,-0.482450103759766
20170308154827263,-2.87045059204102
20170308154827264,0.0134605407714844
20170308154827265,-0.291715240478516
20170308154827266,-2.92385635375977
20170308154827267,0.394930267333984
20170308154827268,-0.558744049072266
20170308154827269,-2.83230361938477
20170308154827270,0.440706634521484
20170308154827271,-0.703702545166016
20170308154827272,-2.77126846313477
20170308154827273,0.616182708740234
20170308154827274,-0.924954986572266
20170308154827275,-2.79415664672852
20170308154827276,0.753511810302734
20170308154827277,-1.03939590454102
20170308154827278,-2.81704483032227
20170308154827279,0.539888763427734
20170308154827280,-1.00887832641602
20170308154827281,-2.77889785766602
20170308154827282,0.806917572021484
20170308154827283,-0.970731353759766
20170308154827284,-2.72549209594727
20170308154827285,0.738253021240234
20170308154827286,-0.894437408447266
20170308154827287,-2.71786270141602
20170308154827288,0.982393646240234
20170308154827289,-1.20724258422852
20170308154827290,-2.60342178344727
20170308154827291,0.898470306396484
20170308154827292,-1.53530654907227
20170308154827293,-2.47372207641602
20170308154827294,0.730623626708984
20170308154827295,-1.57345352172852
20170308154827296,-2.55764541625977
20170308154827297,0.806917572021484
20170308154827298,-1.64974746704102
20170308154827299,-2.42031631469727
20170308154827300,0.860323333740234
20170308154827301,-1.77944717407227
20170308154827302,-2.41268692016602
20170308154827303,0.684847259521484
20170308154827304,-1.65737686157227
20170308154827305,-2.25246963500977
20170308154827306,0.631441497802734
20170308154827307,-1.88625869750977
20170308154827308,-2.32113418579102
20170308154827309,0.631441497802734
20170308154827310,-1.94729385375977
20170308154827311,-2.10751113891602
20170308154827312,0.669588470458984
20170308154827313,-2.03121719360352
20170308154827314,-1.95492324829102
20170308154827315,0.639070892333984
20170308154827316,-2.07699356079102
20170308154827317,-1.88625869750977
20170308154827318,0.867952728271484
20170308154827319,-2.36691055297852
20170308154827320,-1.70315322875977
20170308154827321,0.700106048583984
20170308154827322,-2.43557510375977
20170308154827323,-1.57345352172852
20170308154827324,0.852693939208984
20170308154827325,-2.52712783813477
20170308154827326,-1.45901260375977
20170308154827327,0.661959075927734
20170308154827328,-2.70260391235352
20170308154827329,-1.33694229125977
20170308154827330,0.608553314208984
20170308154827331,-2.80178604125977
20170308154827332,-1.25301895141602
20170308154827333,0.585665130615234
20170308154827334,-2.90859756469727
20170308154827335,-1.12331924438477
20170308154827336,0.494112396240234
20170308154827337,-2.90859756469727
20170308154827338,-1.12331924438477
20170308154827339,0.623812103271484
20170308154827340,-2.93148574829102
20170308154827341,-1.10806045532227
20170308154827342,0.364412689208984
20170308154827343,-2.89333877563477
20170308154827344,-1.26064834594727
20170308154827345,0.478853607177734
20170308154827346,-2.69497451782227
20170308154827347,-1.31405410766602
20170308154827348,0.661959075927734
20170308154827349,-2.77889785766602
20170308154827350,-1.26064834594727
20170308154827351,0.532259368896484
20170308154827352,-2.80941543579102
20170308154827353,-1.10043106079102
20170308154827354,0.509371185302734
20170308154827355,-2.83993301391602
20170308154827356,-1.17672500610352
20170308154827357,0.616182708740234
20170308154827358,-2.82467422485352
20170308154827359,-1.03176651000977
20170308154827360,0.593294525146484
20170308154827361,-2.93148574829102
20170308154827362,-1.03939590454102
20170308154827363,0.646700286865234
20170308154827364,-2.83230361938477
20170308154827365,-1.13857803344727
20170308154827366,0.669588470458984
20170308154827367,-2.83993301391602
20170308154827368,-1.17672500610352
20170308154827369,0.600923919677734
20170308154827370,-2.87045059204102
20170308154827371,-1.06991348266602
20170308154827372,0.455965423583984
20170308154827373,-2.84756240844727
20170308154827374,-1.11568984985352
20170308154827375,0.684847259521484
20170308154827376,-2.98489151000977
20170308154827377,-0.871549224853516
20170308154827378,0.654329681396484
20170308154827379,-2.86282119750977
20170308154827380,-0.757108306884766
20170308154827381,0.326265716552734
20170308154827382,-2.92385635375977
20170308154827383,-0.818143463134766
20170308154827384,0.379671478271484
20170308154827385,-2.90859756469727
20170308154827386,-1.10806045532227
20170308154827387,0.616182708740234
20170308154827388,-2.90859756469727
20170308154827389,-1.07754287719727
20170308154827390,0.570406341552734
20170308154827391,-2.95437393188477
20170308154827392,-0.779996490478516
20170308154827393,0.410189056396484
20170308154827394,-2.92385635375977
20170308154827395,-0.833402252197266
20170308154827396,0.364412689208984
20170308154827397,-3.00015029907227
20170308154827398,-0.619779205322266
20170308154827399,0.333895111083984
20170308154827400,-2.90859756469727
20170308154827401,-0.329862213134766
20170308154827402,0.219454193115234
20170308154827403,-2.94674453735352
20170308154827404,-0.383267974853516
20170308154827405,0.0210899353027344
20170308154827406,-2.87807998657227
20170308154827407,-0.253568267822266
20170308154827408,-0.0780921936035156
20170308154827409,-2.90096817016602
20170308154827410,-0.139127349853516
20170308154827411,-0.177274322509766
20170308154827412,-2.94674453735352
20170308154827413,-0.245938873291016
20170308154827414,0.135530853271484
20170308154827415,-2.85519180297852
20170308154827416,-0.0628334045410156
20170308154827417,-0.207791900634766
20170308154827418,-2.87045059204102
20170308154827419,0.303377532958984
20170308154827420,-0.482450103759766
20170308154827421,-2.86282119750977
20170308154827422,0.517000579833984
20170308154827423,-0.741849517822266
20170308154827424,-2.90859756469727
20170308154827425,0.585665130615234
20170308154827426,-0.940213775634766
20170308154827427,-2.84756240844727
20170308154827428,0.898470306396484
20170308154827429,-1.08517227172852
20170308154827430,-2.81704483032227
20170308154827431,0.761141204833984
20170308154827432,-1.19198379516602
20170308154827433,-2.63393936157227
20170308154827434,0.791658782958984
20170308154827435,-1.38271865844727
20170308154827436,-2.58053359985352
20170308154827437,0.814546966552734
20170308154827438,-1.51241836547852
20170308154827439,-2.57290420532227
20170308154827440,0.730623626708984
20170308154827441,-1.49715957641602
20170308154827442,-2.35928115844727
20170308154827443,0.867952728271484
20170308154827444,-1.76418838500977
20170308154827445,-2.29824600219727
20170308154827446,0.715364837646484
20170308154827447,-1.72604141235352
20170308154827448,-2.29061660766602
20170308154827449,0.921358489990234
20170308154827450,-1.80233535766602
20170308154827451,-2.18380508422852
20170308154827452,0.761141204833984
20170308154827453,-1.96255264282227
20170308154827454,-2.16091690063477
20170308154827455,0.600923919677734
20170308154827456,-1.84811172485352
20170308154827457,-2.12276992797852
20170308154827458,0.791658782958984
20170308154827459,-2.05410537719727
20170308154827460,-1.99307022094727
20170308154827461,0.677217864990234
20170308154827462,-2.00069961547852
20170308154827463,-1.93966445922852
20170308154827464,0.639070892333984
20170308154827465,-1.97018203735352
20170308154827466,-2.01595840454102
20170308154827467,0.722994232177734
20170308154827468,-1.97781143188477
20170308154827469,-2.06936416625977
20170308154827470,0.684847259521484
20170308154827471,-2.04647598266602
20170308154827472,-2.13802871704102
20170308154827473,0.654329681396484
20170308154827474,-1.87099990844727
20170308154827475,-2.04647598266602
20170308154827476,0.738253021240234
20170308154827477,-1.84811172485352
20170308154827478,-2.10751113891602
20170308154827479,0.829805755615234
20170308154827480,-1.87862930297852
20170308154827481,-2.05410537719727
20170308154827482,0.768770599365234
20170308154827483,-2.09988174438477
20170308154827484,-1.93966445922852
20170308154827485,0.631441497802734
20170308154827486,-2.27535781860352
20170308154827487,-1.86337051391602
20170308154827488,0.921358489990234
20170308154827489,-2.38979873657227
20170308154827490,-1.73367080688477
20170308154827491,0.898470306396484
20170308154827492,-2.38216934204102
20170308154827493,-1.56582412719727
20170308154827494,0.722994232177734
20170308154827495,-2.42031631469727
20170308154827496,-1.55819473266602
20170308154827497,0.661959075927734
20170308154827498,-2.34402236938477
20170308154827499,-1.47427139282227
20170308154827500,0.654329681396484
20170308154827501,-2.66445693969727
20170308154827502,-1.31405410766602
20170308154827503,0.562776947021484
20170308154827504,-2.73312149047852
20170308154827505,-1.34457168579102
20170308154827506,0.600923919677734
20170308154827507,-2.71786270141602
20170308154827508,-1.35220108032227
20170308154827509,0.623812103271484
20170308154827510,-2.80178604125977
20170308154827511,-1.26064834594727
20170308154827512,0.539888763427734
20170308154827513,-2.95437393188477
20170308154827514,-1.06228408813477
20170308154827515,0.433077239990234
20170308154827516,-2.82467422485352
20170308154827517,-1.23776016235352
20170308154827518,0.585665130615234
20170308154827519,-2.89333877563477
20170308154827520,-1.15383682250977
20170308154827521,0.509371185302734
20170308154827522,-2.87807998657227
20170308154827523,-1.19198379516602
20170308154827524,0.562776947021484
20170308154827525,-2.72549209594727
20170308154827526,-1.30642471313477
20170308154827527,0.524629974365234
20170308154827528,-2.61105117797852
20170308154827529,-1.34457168579102
20170308154827530,0.623812103271484
20170308154827531,-2.88570938110352
20170308154827532,-1.20724258422852
20170308154827533,0.532259368896484
20170308154827534,-2.87045059204102
20170308154827535,-1.16146621704102
20170308154827536,0.547518157958984
20170308154827537,-2.92385635375977
20170308154827538,-1.12331924438477
20170308154827539,0.494112396240234
20170308154827540,-2.80941543579102
20170308154827541,-1.21487197875977
20170308154827542,0.539888763427734
20170308154827543,-2.91622695922852
20170308154827544,-1.10806045532227
20170308154827545,0.532259368896484
20170308154827546,-2.88570938110352
20170308154827547,-1.10043106079102
20170308154827548,0.562776947021484
20170308154827549,-2.99252090454102
20170308154827550,-1.02413711547852
20170308154827551,0.440706634521484
20170308154827552,-2.96200332641602
20170308154827553,-1.08517227172852
20170308154827554,0.494112396240234
20170308154827555,-2.92385635375977
20170308154827556,-0.955472564697266
20170308154827557,0.463594818115234
20170308154827558,-2.99252090454102
20170308154827559,-0.848661041259766
20170308154827560,0.372042083740234
20170308154827561,-2.96200332641602
20170308154827562,-0.833402252197266
20170308154827563,0.311006927490234
20170308154827564,-2.93148574829102
20170308154827565,-0.902066802978516
20170308154827566,0.616182708740234
20170308154827567,-2.87807998657227
20170308154827568,-1.03176651000977
20170308154827569,0.463594818115234
20170308154827570,-2.93148574829102
20170308154827571,-0.856290435791016
20170308154827572,0.372042083740234
20170308154827573,-2.96200332641602
20170308154827574,-0.795255279541016
20170308154827575,0.333895111083984
20170308154827576,-2.93911514282227
20170308154827577,-0.749478912353516
20170308154827578,0.379671478271484
20170308154827579,-2.90096817016602
20170308154827580,-0.779996490478516
20170308154827581,0.295748138427734
20170308154827582,-2.96963272094727
20170308154827583,-0.551114654541016
20170308154827584,0.166048431396484
20170308154827585,-2.98489151000977
20170308154827586,-0.490079498291016
20170308154827587,0.0592369079589844
20170308154827588,-3.02303848266602
20170308154827589,-0.375638580322266
20170308154827590,-0.0170570373535156
20170308154827591,-3.06118545532227
20170308154827592,-0.200162506103516
20170308154827593,0.0058311462402344
20170308154827594,-2.96200332641602
20170308154827595,-0.0780921936035156
20170308154827596,-0.299344635009766
20170308154827597,-2.96963272094727
20170308154827598,-0.0323158264160156
20170308154827599,-0.238309478759766
20170308154827600,-2.88570938110352
20170308154827601,0.0821250915527344
20170308154827602,-0.375638580322266
20170308154827603,-2.83230361938477
20170308154827604,0.478853607177734
20170308154827605,-0.673184967041016
20170308154827606,-2.78652725219727
20170308154827607,0.486483001708984
20170308154827608,-0.848661041259766
20170308154827609,-2.85519180297852
20170308154827610,0.669588470458984
20170308154827611,-0.894437408447266
20170308154827612,-2.83230361938477
20170308154827613,0.616182708740234
20170308154827614,-0.909696197509766
20170308154827615,-2.81704483032227
20170308154827616,0.600923919677734
20170308154827617,-0.932584381103516
20170308154827618,-2.78652725219727
20170308154827619,0.745882415771484
20170308154827620,-1.11568984985352
20170308154827621,-2.73312149047852
20170308154827622,0.890840911865234
20170308154827623,-1.39034805297852
20170308154827624,-2.74838027954102
20170308154827625,0.722994232177734
20170308154827626,-1.35220108032227
20170308154827627,-2.67971572875977
20170308154827628,0.936617279052734
20170308154827629,-1.29879531860352
20170308154827630,-2.66445693969727
20170308154827631,0.791658782958984
20170308154827632,-1.27590713500977
20170308154827633,-2.61868057250977
20170308154827634,0.852693939208984
20170308154827635,-1.50478897094727
20170308154827636,-2.60342178344727
20170308154827637,0.661959075927734
20170308154827638,-1.59634170532227
20170308154827639,-2.49661026000977
20170308154827640,0.700106048583984
20170308154827641,-1.74892959594727
20170308154827642,-2.39742813110352
20170308154827643,0.677217864990234
20170308154827644,-1.87862930297852
20170308154827645,-2.31350479125977
20170308154827646,0.692476654052734
20170308154827647,-1.97018203735352
20170308154827648,-2.31350479125977
20170308154827649,0.898470306396484
20170308154827650,-1.90914688110352
20170308154827651,-2.19143447875977
20170308154827652,0.845064544677734
20170308154827653,-2.16091690063477
20170308154827654,-1.99307022094727
20170308154827655,0.585665130615234
20170308154827656,-1.95492324829102
20170308154827657,-2.11514053344727
20170308154827658,0.806917572021484
20170308154827659,-1.97018203735352
20170308154827660,-2.19906387329102
20170308154827661,0.776399993896484
20170308154827662,-1.90914688110352
20170308154827663,-2.11514053344727
20170308154827664,0.745882415771484
20170308154827665,-1.87099990844727
20170308154827666,-2.16091690063477
20170308154827667,0.600923919677734
20170308154827668,-1.79470596313477
20170308154827669,-2.19906387329102
20170308154827670,0.646700286865234
20170308154827671,-1.77944717407227
20170308154827672,-2.29061660766602
20170308154827673,0.692476654052734
20170308154827674,-1.76418838500977
20170308154827675,-2.27535781860352
20170308154827676,0.829805755615234
20170308154827677,-1.82522354125977
20170308154827678,-2.22958145141602
20170308154827679,0.837435150146484
20170308154827680,-1.75655899047852
20170308154827681,-2.22958145141602
20170308154827682,0.585665130615234
20170308154827683,-1.81759414672852
20170308154827684,-2.13039932250977
20170308154827685,0.631441497802734
20170308154827686,-1.93966445922852
20170308154827687,-2.27535781860352
20170308154827688,0.753511810302734
20170308154827689,-2.00069961547852
20170308154827690,-2.10751113891602
20170308154827691,0.639070892333984
20170308154827692,-2.03884658813477
20170308154827693,-1.97781143188477
20170308154827694,0.906099700927734
20170308154827695,-2.21432266235352
20170308154827696,-1.89388809204102
20170308154827697,0.677217864990234
20170308154827698,-2.29824600219727
20170308154827699,-1.76418838500977
20170308154827700,0.837435150146484
20170308154827701,-2.24484024047852
20170308154827702,-1.71078262329102
20170308154827703,0.684847259521484
20170308154827704,-2.32876358032227
20170308154827705,-1.62685928344727
20170308154827706,0.593294525146484
20170308154827707,-2.38979873657227
20170308154827708,-1.83285293579102
20170308154827709,0.776399993896484
20170308154827710,-2.32113418579102
20170308154827711,-1.76418838500977
20170308154827712,0.616182708740234
20170308154827713,-2.17617568969727
20170308154827714,-1.88625869750977
20170308154827715,0.608553314208984
20170308154827716,-2.17617568969727
20170308154827717,-1.80996475219727
20170308154827718,0.585665130615234
20170308154827719,-2.15328750610352
20170308154827720,-2.06936416625977
20170308154827721,0.616182708740234
20170308154827722,-2.08462295532227
20170308154827723,-2.16854629516602
20170308154827724,0.768770599365234
20170308154827725,-2.05410537719727
20170308154827726,-2.16854629516602
20170308154827727,0.608553314208984
20170308154827728,-2.02358779907227
20170308154827729,-2.07699356079102
20170308154827730,0.600923919677734
20170308154827731,-2.09225234985352
20170308154827732,-1.98544082641602
20170308154827733,0.692476654052734
20170308154827734,-2.22195205688477
20170308154827735,-1.97018203735352
20170308154827736,0.784029388427734
20170308154827737,-2.43557510375977
20170308154827738,-1.50478897094727
20170308154827739,0.639070892333984
20170308154827740,-2.73312149047852
20170308154827741,-1.39797744750977
20170308154827742,0.646700286865234
20170308154827743,-3.00015029907227
20170308154827744,-1.06228408813477
20170308154827745,0.692476654052734
20170308154827746,-2.93911514282227
20170308154827747,-0.947843170166016
20170308154827748,0.417818450927734
20170308154827749,-3.03066787719727
20170308154827750,-0.596891021728516
20170308154827751,0.204195404052734
20170308154827752,-2.97726211547852
20170308154827753,-0.680814361572266
20170308154827754,0.265230560302734
20170308154827755,-3.01540908813477
20170308154827756,-0.459561920166016
20170308154827757,-0.0170570373535156
20170308154827758,-2.93148574829102
20170308154827759,-0.314603424072266
20170308154827760,-0.0323158264160156
20170308154827761,-3.04592666625977
20170308154827762,-0.322232818603516
20170308154827763,-0.0704627990722656
20170308154827764,-2.97726211547852
20170308154827765,-0.245938873291016
20170308154827766,-0.162015533447266
20170308154827767,-2.98489151000977
20170308154827768,0.0744956970214844
20170308154827769,-0.398526763916016
20170308154827770,-2.87045059204102
20170308154827771,0.150789642333984
20170308154827772,-0.535855865478516
20170308154827773,-2.90096817016602
20170308154827774,0.433077239990234
20170308154827775,-0.741849517822266
20170308154827776,-2.82467422485352
20170308154827777,0.379671478271484
20170308154827778,-0.650296783447266
20170308154827779,-2.88570938110352
20170308154827780,0.463594818115234
20170308154827781,-0.512967681884766
20170308154827782,-2.86282119750977
20170308154827783,0.715364837646484
20170308154827784,-0.963101959228516
20170308154827785,-2.80941543579102
20170308154827786,0.730623626708984
20170308154827787,-0.856290435791016
20170308154827788,-2.82467422485352
20170308154827789,0.700106048583984
20170308154827790,-1.08517227172852
20170308154827791,-2.84756240844727
20170308154827792,0.921358489990234
20170308154827793,-1.18435440063477
20170308154827794,-2.75600967407227
20170308154827795,0.730623626708984
20170308154827796,-1.26827774047852
20170308154827797,-2.60342178344727
20170308154827798,0.845064544677734
20170308154827799,-1.39034805297852
20170308154827800,-2.65682754516602
20170308154827801,0.768770599365234
20170308154827802,-1.44375381469727
20170308154827803,-2.58053359985352
20170308154827804,0.669588470458984
20170308154827805,-1.61922988891602
20170308154827806,-2.55764541625977
20170308154827807,0.715364837646484
20170308154827808,-1.54293594360352
20170308154827809,-2.42794570922852
20170308154827810,0.890840911865234
20170308154827811,-1.61160049438477
20170308154827812,-2.55001602172852
20170308154827813,0.677217864990234
20170308154827814,-1.35220108032227
20170308154827815,-2.62630996704102
20170308154827816,0.745882415771484
20170308154827817,-1.29879531860352
20170308154827818,-2.71023330688477
20170308154827819,0.799288177490234
20170308154827820,-1.26827774047852
20170308154827821,-2.70260391235352
20170308154827822,0.829805755615234
20170308154827823,-1.24538955688477
20170308154827824,-2.70260391235352
20170308154827825,0.982393646240234
20170308154827826,-1.32931289672852
20170308154827827,-2.64156875610352
20170308154827828,0.700106048583984
20170308154827829,-1.16146621704102
20170308154827830,-2.64156875610352
20170308154827831,0.646700286865234
20170308154827832,-1.33694229125977
20170308154827833,-2.67971572875977
20170308154827834,0.745882415771484
20170308154827835,-1.32168350219727
20170308154827836,-2.74075088500977
20170308154827837,0.822176361083984
20170308154827838,-1.21487197875977
20170308154827839,-2.64156875610352
20170308154827840,0.951876068115234
20170308154827841,-1.22250137329102
20170308154827842,-2.64919815063477
20170308154827843,0.715364837646484
20170308154827844,-1.07754287719727
20170308154827845,-2.65682754516602
20170308154827846,0.829805755615234
20170308154827847,-1.23013076782227
20170308154827848,-2.63393936157227
20170308154827849,0.753511810302734
20170308154827850,-1.22250137329102
20170308154827851,-2.61105117797852
20170308154827852,0.829805755615234
20170308154827853,-1.21487197875977
20170308154827854,-2.77889785766602
20170308154827855,0.883211517333984
20170308154827856,-1.08517227172852
20170308154827857,-2.73312149047852
20170308154827858,0.921358489990234
20170308154827859,-1.28353652954102
20170308154827860,-2.61105117797852
20170308154827861,0.761141204833984
20170308154827862,-1.38271865844727
20170308154827863,-2.64156875610352
20170308154827864,0.944246673583984
20170308154827865,-1.47427139282227
20170308154827866,-2.54238662719727
20170308154827867,0.730623626708984
20170308154827868,-1.54293594360352
20170308154827869,-2.44320449829102
20170308154827870,0.921358489990234
20170308154827871,-1.64974746704102
20170308154827872,-2.45083389282227
20170308154827873,0.677217864990234
20170308154827874,-1.73367080688477
20170308154827875,-2.27535781860352
20170308154827876,0.791658782958984
20170308154827877,-2.01595840454102
20170308154827878,-2.03121719360352
20170308154827879,0.631441497802734
20170308154827880,-2.29061660766602
20170308154827881,-1.82522354125977
20170308154827882,0.829805755615234
20170308154827883,-2.59579238891602
20170308154827884,-1.45901260375977
20170308154827885,0.776399993896484
20170308154827886,-2.67971572875977
20170308154827887,-1.30642471313477
20170308154827888,0.776399993896484
20170308154827889,-2.80941543579102
20170308154827890,-1.23776016235352
20170308154827891,0.631441497802734
20170308154827892,-2.92385635375977
20170308154827893,-1.06228408813477
20170308154827894,0.425447845458984
20170308154827895,-2.96200332641602
20170308154827896,-0.902066802978516
20170308154827897,0.471224212646484
20170308154827898,-2.93911514282227
20170308154827899,-0.764737701416016
20170308154827900,0.402559661865234
20170308154827901,-2.93911514282227
20170308154827902,-0.627408599853516
20170308154827903,0.280489349365234
20170308154827904,-3.00015029907227
20170308154827905,-0.558744049072266
20170308154827906,0.150789642333984
20170308154827907,-3.06881484985352
20170308154827908,-0.413785552978516
20170308154827909,-0.0246864318847656
20170308154827910,-2.96200332641602
20170308154827911,-0.322232818603516
20170308154827912,-0.0246864318847656
20170308154827913,-2.92385635375977
20170308154827914,-0.146756744384766
20170308154827915,-0.268827056884766
20170308154827916,-2.93148574829102
20170308154827917,0.234712982177734
20170308154827918,-0.566373443603516
20170308154827919,-2.90096817016602
20170308154827920,0.379671478271484
20170308154827921,-0.657926177978516
20170308154827922,-2.91622695922852
20170308154827923,0.333895111083984
20170308154827924,-0.505338287353516
20170308154827925,-2.80941543579102
20170308154827926,0.547518157958984
20170308154827927,-0.757108306884766
20170308154827928,-2.80178604125977
20170308154827929,0.547518157958984
20170308154827930,-0.879178619384766
20170308154827931,-2.77889785766602
20170308154827932,0.585665130615234
20170308154827933,-0.833402252197266
20170308154827934,-2.88570938110352
20170308154827935,0.776399993896484
20170308154827936,-1.00124893188477
20170308154827937,-2.83230361938477
20170308154827938,0.822176361083984
20170308154827939,-1.10806045532227
20170308154827940,-2.71786270141602
20170308154827941,1.01291122436523
20170308154827942,-1.36745986938477
20170308154827943,-2.61105117797852
20170308154827944,0.791658782958984
20170308154827945,-1.52004776000977
20170308154827946,-2.51949844360352
20170308154827947,0.745882415771484
20170308154827948,-1.52004776000977
20170308154827949,-2.42794570922852
20170308154827950,0.959505462646484
20170308154827951,-1.52004776000977
20170308154827952,-2.63393936157227
20170308154827953,0.883211517333984
20170308154827954,-1.31405410766602
20170308154827955,-2.49661026000977
20170308154827956,0.593294525146484
20170308154827957,-1.68789443969727
20170308154827958,-2.33639297485352
20170308154827959,0.684847259521484
20170308154827960,-1.90151748657227
20170308154827961,-2.03884658813477
20170308154827962,0.616182708740234
20170308154827963,-2.00832901000977
20170308154827964,-2.15328750610352
20170308154827965,0.806917572021484
20170308154827966,-2.12276992797852
20170308154827967,-2.03884658813477
20170308154827968,0.738253021240234
20170308154827969,-1.92440567016602
20170308154827970,-2.15328750610352
20170308154827971,0.776399993896484
20170308154827972,-1.91677627563477
20170308154827973,-2.20669326782227
20170308154827974,0.860323333740234
20170308154827975,-2.00069961547852
20170308154827976,-2.14565811157227
20170308154827977,0.646700286865234
20170308154827978,-1.90914688110352
20170308154827979,-2.13802871704102
20170308154827980,0.722994232177734
20170308154827981,-1.99307022094727
20170308154827982,-2.17617568969727
20170308154827983,0.661959075927734
20170308154827984,-1.90151748657227
20170308154827985,-2.14565811157227
20170308154827986,0.639070892333984
20170308154827987,-1.99307022094727
20170308154827988,-2.13039932250977
20170308154827989,0.814546966552734
20170308154827990,-2.06936416625977
20170308154827991,-2.13802871704102
20170308154827992,0.654329681396484
20170308154827993,-2.09988174438477
20170308154827994,-1.99307022094727
20170308154827995,0.768770599365234
20170308154827996,-2.22958145141602
20170308154827997,-1.91677627563477
20170308154827998,0.722994232177734
20170308154827999,-2.27535781860352
20170308154828000,-1.98544082641602
20170308154828001,0.715364837646484
20170308154828002,-2.31350479125977
20170308154828003,-1.80233535766602
20170308154828004,0.707735443115234
20170308154828005,-2.30587539672852
20170308154828006,-1.93966445922852
20170308154828007,0.616182708740234
20170308154828008,-2.09225234985352
20170308154828009,-1.94729385375977
20170308154828010,0.646700286865234
20170308154828011,-2.02358779907227
20170308154828012,-2.19906387329102
20170308154828013,0.600923919677734
20170308154828014,-2.03884658813477
20170308154828015,-2.01595840454102
20170308154828016,0.623812103271484
20170308154828017,-2.09225234985352
20170308154828018,-1.96255264282227
20170308154828019,0.745882415771484
20170308154828020,-2.26772842407227
20170308154828021,-1.71841201782227
20170308154828022,0.867952728271484
20170308154828023,-2.32113418579102
20170308154828024,-1.83285293579102
20170308154828025,0.745882415771484
20170308154828026,-2.36691055297852
20170308154828027,-1.56582412719727
20170308154828028,0.669588470458984
20170308154828029,-2.61868057250977
20170308154828030,-1.45138320922852
20170308154828031,0.631441497802734
20170308154828032,-2.82467422485352
20170308154828033,-1.21487197875977
20170308154828034,0.547518157958984
20170308154828035,-2.93911514282227
20170308154828036,-1.01650772094727
20170308154828037,0.494112396240234
20170308154828038,-3.02303848266602
20170308154828039,-0.856290435791016
20170308154828040,0.364412689208984
20170308154828041,-3.00015029907227
20170308154828042,-0.726590728759766
20170308154828043,0.257601165771484
20170308154828044,-2.98489151000977
20170308154828045,-0.688443756103516
20170308154828046,0.402559661865234
20170308154828047,-2.94674453735352
20170308154828048,-0.543485260009766
20170308154828049,0.257601165771484
20170308154828050,-2.96963272094727
20170308154828051,-0.398526763916016
20170308154828052,-0.0780921936035156
20170308154828053,-2.98489151000977
20170308154828054,-0.108609771728516
20170308154828055,-0.238309478759766
20170308154828056,-3.01540908813477
20170308154828057,-0.0017982482910156
20170308154828058,-0.390897369384766
20170308154828059,-2.95437393188477
20170308154828060,0.318636322021484
20170308154828061,-0.635037994384766
20170308154828062,-2.81704483032227
20170308154828063,0.318636322021484
20170308154828064,-0.535855865478516
20170308154828065,-2.89333877563477
20170308154828066,0.455965423583984
20170308154828067,-0.406156158447266
20170308154828068,-2.80941543579102
20170308154828069,0.478853607177734
20170308154828070,-0.764737701416016
20170308154828071,-2.74075088500977
20170308154828072,0.646700286865234
20170308154828073,-1.02413711547852
20170308154828074,-2.81704483032227
20170308154828075,0.852693939208984
20170308154828076,-1.13857803344727
20170308154828077,-2.74838027954102
20170308154828078,0.707735443115234
20170308154828079,-1.15383682250977
20170308154828080,-2.74838027954102
20170308154828081,0.730623626708984
20170308154828082,-1.48953018188477
20170308154828083,-2.51949844360352
20170308154828084,0.799288177490234
20170308154828085,-1.69552383422852
20170308154828086,-2.50423965454102
20170308154828087,0.593294525146484
20170308154828088,-1.69552383422852
20170308154828089,-2.26009902954102
20170308154828090,0.646700286865234
20170308154828091,-1.83285293579102
20170308154828092,-2.18380508422852
20170308154828093,0.707735443115234
20170308154828094,-2.02358779907227
20170308154828095,-2.09225234985352
20170308154828096,0.631441497802734
20170308154828097,-2.06173477172852
20170308154828098,-2.09225234985352
20170308154828099,0.600923919677734
20170308154828100,-2.02358779907227
20170308154828101,-2.21432266235352
20170308154828102,0.700106048583984
20170308154828103,-1.87862930297852
20170308154828104,-2.22958145141602
20170308154828105,0.845064544677734
20170308154828106,-1.80233535766602
20170308154828107,-2.16854629516602
20170308154828108,0.661959075927734
20170308154828109,-1.91677627563477
20170308154828110,-2.07699356079102
20170308154828111,0.654329681396484
20170308154828112,-2.06936416625977
20170308154828113,-2.12276992797852
20170308154828114,0.722994232177734
20170308154828115,-2.16854629516602
20170308154828116,-1.87099990844727
20170308154828117,0.829805755615234
20170308154828118,-2.20669326782227
20170308154828119,-1.93203506469727
20170308154828120,0.639070892333984
20170308154828121,-2.18380508422852
20170308154828122,-1.88625869750977
20170308154828123,0.585665130615234
20170308154828124,-2.18380508422852
20170308154828125,-1.80233535766602
20170308154828126,0.692476654052734
20170308154828127,-2.41268692016602
20170308154828128,-1.40560684204102
20170308154828129,0.776399993896484
20170308154828130,-2.64919815063477
20170308154828131,-1.44375381469727
20170308154828132,0.654329681396484
20170308154828133,-2.41268692016602
20170308154828134,-1.53530654907227
20170308154828135,0.562776947021484
20170308154828136,-2.37453994750977
20170308154828137,-1.71841201782227
20170308154828138,0.677217864990234
20170308154828139,-2.44320449829102
20170308154828140,-1.60397109985352
20170308154828141,0.654329681396484
20170308154828142,-2.57290420532227
20170308154828143,-1.42849502563477
20170308154828144,0.616182708740234
20170308154828145,-2.56527481079102
20170308154828146,-1.46664199829102
20170308154828147,0.600923919677734
20170308154828148,-2.42031631469727
20170308154828149,-1.65737686157227
20170308154828150,0.852693939208984
20170308154828151,-2.36691055297852
20170308154828152,-1.58108291625977
20170308154828153,0.730623626708984
20170308154828154,-2.44320449829102
20170308154828155,-1.59634170532227
20170308154828156,0.608553314208984
20170308154828157,-2.52712783813477
20170308154828158,-1.51241836547852
20170308154828159,0.875582122802734
20170308154828160,-2.68734512329102
20170308154828161,-1.42086563110352
20170308154828162,0.722994232177734
20170308154828163,-2.87807998657227
20170308154828164,-1.29879531860352
20170308154828165,0.524629974365234
20170308154828166,-2.98489151000977
20170308154828167,-1.17672500610352
20170308154828168,0.494112396240234
20170308154828169,-3.03066787719727
20170308154828170,-1.07754287719727
20170308154828171,0.394930267333984
20170308154828172,-2.96200332641602
20170308154828173,-1.21487197875977
20170308154828174,0.532259368896484
20170308154828175,-3.05355606079102
20170308154828176,-1.06228408813477
20170308154828177,0.585665130615234
20170308154828178,-3.00015029907227
20170308154828179,-1.10806045532227
20170308154828180,0.448336029052734
20170308154828181,-2.86282119750977
20170308154828182,-1.11568984985352
20170308154828183,0.608553314208984
20170308154828184,-2.93148574829102
20170308154828185,-1.06228408813477
20170308154828186,0.501741790771484
20170308154828187,-3.07644424438477
20170308154828188,-0.627408599853516
20170308154828189,0.272859954833984
20170308154828190,-2.99252090454102
20170308154828191,-0.551114654541016
20170308154828192,0.105013275146484
20170308154828193,-3.02303848266602
20170308154828194,-0.230680084228516
20170308154828195,0.0363487243652344
20170308154828196,-2.96963272094727
20170308154828197,-0.123868560791016
20170308154828198,-0.230680084228516
20170308154828199,-2.91622695922852
20170308154828200,-0.0017982482910156
20170308154828201,-0.352750396728516
20170308154828202,-2.99252090454102
20170308154828203,0.158419036865234
20170308154828204,-0.528226470947266
20170308154828205,-2.95437393188477
20170308154828206,0.692476654052734
20170308154828207,-0.924954986572266
20170308154828208,-2.90096817016602
20170308154828209,0.494112396240234
20170308154828210,-0.955472564697266
20170308154828211,-2.80178604125977
20170308154828212,0.845064544677734
20170308154828213,-1.10806045532227
20170308154828214,-2.79415664672852
20170308154828215,0.776399993896484
20170308154828216,-1.10043106079102
20170308154828217,-2.77889785766602
20170308154828218,0.623812103271484
20170308154828219,-1.00887832641602
20170308154828220,-2.85519180297852
20170308154828221,0.852693939208984
20170308154828222,-1.08517227172852
20170308154828223,-2.78652725219727
20170308154828224,0.730623626708984
20170308154828225,-1.10043106079102
20170308154828226,-2.79415664672852
20170308154828227,0.799288177490234
20170308154828228,-1.03176651000977
20170308154828229,-2.75600967407227
20170308154828230,0.593294525146484
20170308154828231,-1.02413711547852
20170308154828232,-2.75600967407227
20170308154828233,0.661959075927734
20170308154828234,-1.16909561157227
20170308154828235,-2.72549209594727
20170308154828236,0.959505462646484
20170308154828237,-1.27590713500977
20170308154828238,-2.55001602172852
20170308154828239,0.822176361083984
20170308154828240,-1.49715957641602
20170308154828241,-2.56527481079102
20170308154828242,0.722994232177734
20170308154828243,-1.46664199829102
20170308154828244,-2.55764541625977
20170308154828245,0.822176361083984
20170308154828246,-1.72604141235352
20170308154828247,-2.43557510375977
20170308154828248,0.639070892333984
20170308154828249,-1.80996475219727
20170308154828250,-2.33639297485352
20170308154828251,0.814546966552734
20170308154828252,-1.67263565063477
20170308154828253,-2.38979873657227
20170308154828254,0.814546966552734
20170308154828255,-1.77944717407227
20170308154828256,-2.26009902954102
20170308154828257,0.669588470458984
20170308154828258,-1.82522354125977
20170308154828259,-2.31350479125977
20170308154828260,0.661959075927734
20170308154828261,-1.67263565063477
20170308154828262,-2.42031631469727
20170308154828263,0.684847259521484
20170308154828264,-1.65737686157227
20170308154828265,-2.25246963500977
20170308154828266,0.898470306396484
20170308154828267,-1.79470596313477
20170308154828268,-2.11514053344727
20170308154828269,0.829805755615234
20170308154828270,-2.07699356079102
20170308154828271,-1.89388809204102
20170308154828272,0.700106048583984
20170308154828273,-2.13802871704102
20170308154828274,-2.14565811157227
20170308154828275,0.715364837646484
20170308154828276,-2.06173477172852
20170308154828277,-2.14565811157227
20170308154828278,0.852693939208984
20170308154828279,-1.97018203735352
20170308154828280,-2.09225234985352
20170308154828281,0.600923919677734
20170308154828282,-2.01595840454102
20170308154828283,-1.97781143188477
20170308154828284,0.593294525146484
20170308154828285,-1.98544082641602
20170308154828286,-2.17617568969727
20170308154828287,0.684847259521484
20170308154828288,-1.98544082641602
20170308154828289,-2.06936416625977
20170308154828290,0.677217864990234
20170308154828291,-2.10751113891602
20170308154828292,-1.98544082641602
20170308154828293,0.639070892333984
20170308154828294,-2.13039932250977
20170308154828295,-1.98544082641602
20170308154828296,0.738253021240234
20170308154828297,-2.10751113891602
20170308154828298,-1.75655899047852
20170308154828299,0.898470306396484
20170308154828300,-2.23721084594727
20170308154828301,-1.78707656860352
20170308154828302,0.707735443115234
20170308154828303,-2.25246963500977
20170308154828304,-1.90914688110352
20170308154828305,0.639070892333984
20170308154828306,-2.22958145141602
20170308154828307,-1.79470596313477
20170308154828308,0.707735443115234
20170308154828309,-2.16854629516602
20170308154828310,-1.93203506469727
20170308154828311,0.623812103271484
20170308154828312,-2.03884658813477
20170308154828313,-1.79470596313477
20170308154828314,0.669588470458984
20170308154828315,-2.04647598266602
20170308154828316,-1.83285293579102
20170308154828317,0.677217864990234
20170308154828318,-2.28298721313477
20170308154828319,-1.80233535766602
20170308154828320,0.784029388427734
20170308154828321,-2.46609268188477
20170308154828322,-1.42849502563477
20170308154828323,0.745882415771484
20170308154828324,-2.71786270141602
20170308154828325,-1.35220108032227
20170308154828326,0.768770599365234
20170308154828327,-2.77889785766602
20170308154828328,-1.33694229125977
20170308154828329,0.761141204833984
20170308154828330,-2.83230361938477
20170308154828331,-1.23776016235352
20170308154828332,0.661959075927734
20170308154828333,-2.97726211547852
20170308154828334,-0.825772857666016
20170308154828335,0.570406341552734
20170308154828336,-3.04592666625977
20170308154828337,-0.619779205322266
20170308154828338,0.341524505615234
20170308154828339,-2.95437393188477
20170308154828340,-0.551114654541016
20170308154828341,0.425447845458984
20170308154828342,-2.94674453735352
20170308154828343,-0.268827056884766
20170308154828344,0.0058311462402344
20170308154828345,-3.00015029907227
20170308154828346,-0.123868560791016
20170308154828347,-0.177274322509766
20170308154828348,-2.88570938110352
20170308154828349,-0.0017982482910156
20170308154828350,-0.337491607666016
20170308154828351,-2.82467422485352
20170308154828352,0.227083587646484
20170308154828353,-0.459561920166016
20170308154828354,-2.85519180297852
20170308154828355,0.211824798583984
20170308154828356,-0.284085845947266
20170308154828357,-2.88570938110352
20170308154828358,0.318636322021484
20170308154828359,-0.566373443603516
20170308154828360,-2.90096817016602
20170308154828361,0.311006927490234
20170308154828362,-0.642667388916016
20170308154828363,-2.81704483032227
20170308154828364,0.478853607177734
20170308154828365,-0.863919830322266
20170308154828366,-2.90096817016602
20170308154828367,0.707735443115234
20170308154828368,-0.902066802978516
20170308154828369,-2.74838027954102
20170308154828370,0.654329681396484
20170308154828371,-1.03176651000977
20170308154828372,-2.76363906860352
20170308154828373,0.692476654052734
20170308154828374,-1.07754287719727
20170308154828375,-2.74838027954102
20170308154828376,0.822176361083984
20170308154828377,-1.29116592407227
20170308154828378,-2.58816299438477
20170308154828379,0.814546966552734
20170308154828380,-1.47427139282227
20170308154828381,-2.47372207641602
20170308154828382,0.738253021240234
20170308154828383,-1.44375381469727
20170308154828384,-2.52712783813477
20170308154828385,0.791658782958984
20170308154828386,-1.57345352172852
20170308154828387,-2.42031631469727
20170308154828388,0.875582122802734
20170308154828389,-1.64974746704102
20170308154828390,-2.35165176391602
20170308154828391,0.784029388427734
20170308154828392,-1.69552383422852
20170308154828393,-2.22958145141602
20170308154828394,0.753511810302734
20170308154828395,-1.78707656860352
20170308154828396,-2.29824600219727
20170308154828397,0.768770599365234
20170308154828398,-1.86337051391602
20170308154828399,-2.15328750610352
20170308154828400,0.738253021240234
20170308154828401,-1.97781143188477
20170308154828402,-2.12276992797852
20170308154828403,0.669588470458984
20170308154828404,-2.12276992797852
20170308154828405,-1.87099990844727
20170308154828406,0.692476654052734
20170308154828407,-2.30587539672852
20170308154828408,-1.67263565063477
20170308154828409,0.852693939208984
20170308154828410,-2.32113418579102
20170308154828411,-1.63448867797852
20170308154828412,0.707735443115234
20170308154828413,-2.29824600219727
20170308154828414,-1.74892959594727
20170308154828415,0.654329681396484
20170308154828416,-2.34402236938477
20170308154828417,-1.60397109985352
20170308154828418,0.700106048583984
20170308154828419,-2.51186904907227
20170308154828420,-1.55819473266602
20170308154828421,0.845064544677734
20170308154828422,-2.55001602172852
20170308154828423,-1.48190078735352
20170308154828424,0.684847259521484
20170308154828425,-2.45083389282227
20170308154828426,-1.61160049438477
20170308154828427,0.654329681396484
20170308154828428,-2.48898086547852
20170308154828429,-1.55056533813477
20170308154828430,0.814546966552734
20170308154828431,-2.48898086547852
20170308154828432,-1.58871231079102
20170308154828433,0.860323333740234
20170308154828434,-2.44320449829102
20170308154828435,-1.63448867797852
20170308154828436,0.532259368896484
20170308154828437,-2.20669326782227
20170308154828438,-1.68026504516602
20170308154828439,0.661959075927734
20170308154828440,-2.29061660766602
20170308154828441,-1.75655899047852
20170308154828442,0.616182708740234
20170308154828443,-2.25246963500977
20170308154828444,-1.71078262329102
20170308154828445,0.661959075927734
20170308154828446,-2.32876358032227
20170308154828447,-1.72604141235352
20170308154828448,0.845064544677734
20170308154828449,-2.33639297485352
20170308154828450,-1.61922988891602
20170308154828451,0.799288177490234
20170308154828452,-2.59579238891602
20170308154828453,-1.40560684204102
20170308154828454,0.822176361083984
20170308154828455,-2.90859756469727
20170308154828456,-1.13094863891602
20170308154828457,0.700106048583984
20170308154828458,-2.86282119750977
20170308154828459,-1.05465469360352
20170308154828460,0.631441497802734
20170308154828461,-2.99252090454102
20170308154828462,-0.947843170166016
20170308154828463,0.478853607177734
20170308154828464,-2.87807998657227
20170308154828465,-0.818143463134766
20170308154828466,0.661959075927734
20170308154828467,-2.82467422485352
20170308154828468,-0.680814361572266
20170308154828469,0.333895111083984
20170308154828470,-2.87807998657227
20170308154828471,-0.772367095947266
20170308154828472,0.402559661865234
20170308154828473,-2.92385635375977
20170308154828474,-0.665555572509766
20170308154828475,0.303377532958984
20170308154828476,-2.92385635375977
20170308154828477,-0.413785552978516
20170308154828478,0.150789642333984
20170308154828479,-2.90096817016602
20170308154828480,-0.200162506103516
20170308154828481,-0.100980377197266
20170308154828482,-2.84756240844727
20170308154828483,0.181307220458984
20170308154828484,-0.322232818603516
20170308154828485,-2.83230361938477
20170308154828486,0.524629974365234
20170308154828487,-0.589261627197266
20170308154828488,-2.79415664672852
20170308154828489,0.570406341552734
20170308154828490,-0.749478912353516
20170308154828491,-2.90096817016602
20170308154828492,0.753511810302734
20170308154828493,-0.871549224853516
20170308154828494,-2.86282119750977
20170308154828495,0.555147552490234
20170308154828496,-0.886808013916016
20170308154828497,-2.82467422485352
20170308154828498,0.669588470458984
20170308154828499,-0.970731353759766
20170308154828500,-2.76363906860352
20170308154828501,0.715364837646484
20170308154828502,-1.11568984985352
20170308154828503,-2.74075088500977
20170308154828504,0.799288177490234
20170308154828505,-1.08517227172852
20170308154828506,-2.64919815063477
20170308154828507,0.913729095458984
20170308154828508,-1.41323623657227
20170308154828509,-2.45083389282227
20170308154828510,0.776399993896484
20170308154828511,-1.57345352172852
20170308154828512,-2.35165176391602
20170308154828513,0.753511810302734
20170308154828514,-1.71841201782227
20170308154828515,-2.31350479125977
20170308154828516,0.791658782958984
20170308154828517,-1.82522354125977
20170308154828518,-2.13802871704102
20170308154828519,0.738253021240234
20170308154828520,-2.05410537719727
20170308154828521,-1.85574111938477
20170308154828522,0.791658782958984
20170308154828523,-2.22195205688477
20170308154828524,-1.68789443969727
20170308154828525,0.875582122802734
20170308154828526,-2.46609268188477
20170308154828527,-1.57345352172852
20170308154828528,0.684847259521484
20170308154828529,-2.47372207641602
20170308154828530,-1.48953018188477
20170308154828531,0.784029388427734
20170308154828532,-2.51186904907227
20170308154828533,-1.46664199829102
20170308154828534,0.623812103271484
20170308154828535,-2.49661026000977
20170308154828536,-1.48953018188477
20170308154828537,0.639070892333984
20170308154828538,-2.58053359985352
20170308154828539,-1.35220108032227
20170308154828540,0.700106048583984
20170308154828541,-2.92385635375977
20170308154828542,-1.27590713500977
20170308154828543,0.616182708740234
20170308154828544,-2.78652725219727
20170308154828545,-1.29116592407227
20170308154828546,0.539888763427734
20170308154828547,-2.51949844360352
20170308154828548,-1.52004776000977
20170308154828549,0.730623626708984
20170308154828550,-2.54238662719727
20170308154828551,-1.39797744750977
20170308154828552,0.776399993896484
20170308154828553,-2.45846328735352
20170308154828554,-1.45901260375977
20170308154828555,0.814546966552734
20170308154828556,-2.45083389282227
20170308154828557,-1.45138320922852
20170308154828558,0.738253021240234
20170308154828559,-2.43557510375977
20170308154828560,-1.40560684204102
20170308154828561,0.745882415771484
20170308154828562,-2.68734512329102
20170308154828563,-1.30642471313477
20170308154828564,0.608553314208984
20170308154828565,-2.60342178344727
20170308154828566,-1.39797744750977
20170308154828567,0.776399993896484
20170308154828568,-2.67971572875977
20170308154828569,-1.42086563110352
20170308154828570,0.608553314208984
20170308154828571,-2.53475723266602
20170308154828572,-1.49715957641602
20170308154828573,0.799288177490234
20170308154828574,-2.51949844360352
20170308154828575,-1.56582412719727
20170308154828576,0.661959075927734
20170308154828577,-2.55001602172852
20170308154828578,-1.48953018188477
20170308154828579,0.791658782958984
20170308154828580,-2.62630996704102
20170308154828581,-1.39797744750977
20170308154828582,0.639070892333984
20170308154828583,-2.48898086547852
20170308154828584,-1.43612442016602
20170308154828585,0.616182708740234
20170308154828586,-2.55001602172852
20170308154828587,-1.45901260375977
20170308154828588,0.791658782958984
20170308154828589,-2.58816299438477
20170308154828590,-1.40560684204102
20170308154828591,0.455965423583984
20170308154828592,-2.74838027954102
20170308154828593,-1.29879531860352
20170308154828594,0.570406341552734
20170308154828595,-2.71023330688477
20170308154828596,-1.21487197875977
20170308154828597,0.707735443115234
20170308154828598,-2.85519180297852
20170308154828599,-1.10806045532227
20170308154828600,0.547518157958984
20170308154828601,-2.74838027954102
20170308154828602,-1.26064834594727
20170308154828603,0.745882415771484
20170308154828604,-2.78652725219727
20170308154828605,-1.18435440063477
20170308154828606,0.600923919677734
20170308154828607,-2.87045059204102
20170308154828608,-1.14620742797852
20170308154828609,0.517000579833984
20170308154828610,-2.94674453735352
20170308154828611,-1.12331924438477
20170308154828612,0.517000579833984
20170308154828613,-2.91622695922852
20170308154828614,-1.06991348266602
20170308154828615,0.455965423583984
20170308154828616,-2.87807998657227
20170308154828617,-1.06228408813477
20170308154828618,0.562776947021484
20170308154828619,-2.94674453735352
20170308154828620,-0.924954986572266
20170308154828621,0.486483001708984
20170308154828622,-2.98489151000977
20170308154828623,-0.741849517822266
20170308154828624,0.440706634521484
20170308154828625,-2.95437393188477
20170308154828626,-0.673184967041016
20170308154828627,0.570406341552734
20170308154828628,-2.94674453735352
20170308154828629,-0.741849517822266
20170308154828630,0.341524505615234
20170308154828631,-2.88570938110352
20170308154828632,-0.841031646728516
20170308154828633,0.463594818115234
20170308154828634,-2.92385635375977
20170308154828635,-0.764737701416016
20170308154828636,0.387300872802734
20170308154828637,-2.77889785766602
20170308154828638,-0.688443756103516
20170308154828639,0.257601165771484
20170308154828640,-2.98489151000977
20170308154828641,-0.512967681884766
20170308154828642,0.234712982177734
20170308154828643,-2.93911514282227
20170308154828644,-0.474820709228516
20170308154828645,0.158419036865234
20170308154828646,-2.93148574829102
20170308154828647,-0.184903717041016
20170308154828648,0.0973838806152344
20170308154828649,-2.84756240844727
20170308154828650,-0.0170570373535156
20170308154828651,-0.284085845947266
20170308154828652,-2.85519180297852
20170308154828653,0.372042083740234
20170308154828654,-0.398526763916016
20170308154828655,-2.82467422485352
20170308154828656,0.539888763427734
20170308154828657,-0.841031646728516
20170308154828658,-2.91622695922852
20170308154828659,0.684847259521484
20170308154828660,-0.970731353759766
20170308154828661,-2.81704483032227
20170308154828662,0.967134857177734
20170308154828663,-1.23776016235352
20170308154828664,-2.53475723266602
20170308154828665,0.875582122802734
20170308154828666,-1.72604141235352
20170308154828667,-2.47372207641602
20170308154828668,0.784029388427734
20170308154828669,-1.87099990844727
20170308154828670,-2.06173477172852
20170308154828671,0.730623626708984
20170308154828672,-2.03121719360352
20170308154828673,-1.80996475219727
20170308154828674,0.791658782958984
20170308154828675,-2.24484024047852
20170308154828676,-1.79470596313477
20170308154828677,0.768770599365234
20170308154828678,-2.33639297485352
20170308154828679,-1.71841201782227
20170308154828680,0.784029388427734
20170308154828681,-2.51186904907227
20170308154828682,-1.39034805297852
20170308154828683,0.738253021240234
20170308154828684,-2.68734512329102
20170308154828685,-1.27590713500977
20170308154828686,0.776399993896484
20170308154828687,-2.89333877563477
20170308154828688,-1.06991348266602
20170308154828689,0.585665130615234
20170308154828690,-2.83230361938477
20170308154828691,-1.27590713500977
20170308154828692,0.585665130615234
20170308154828693,-2.93911514282227
20170308154828694,-1.18435440063477
20170308154828695,0.600923919677734
20170308154828696,-2.91622695922852
20170308154828697,-1.00124893188477
20170308154828698,0.532259368896484
20170308154828699,-2.90859756469727
20170308154828700,-1.02413711547852
20170308154828701,0.448336029052734
20170308154828702,-2.83230361938477
20170308154828703,-1.18435440063477
20170308154828704,0.593294525146484
20170308154828705,-2.90096817016602
20170308154828706,-1.13857803344727
20170308154828707,0.402559661865234
20170308154828708,-2.93911514282227
20170308154828709,-1.17672500610352
20170308154828710,0.661959075927734
20170308154828711,-2.94674453735352
20170308154828712,-1.01650772094727
20170308154828713,0.646700286865234
20170308154828714,-2.99252090454102
20170308154828715,-0.917325592041016
20170308154828716,0.532259368896484
20170308154828717,-2.86282119750977
20170308154828718,-1.06228408813477
20170308154828719,0.707735443115234
20170308154828720,-2.83993301391602
20170308154828721,-1.10043106079102
20170308154828722,0.532259368896484
20170308154828723,-2.73312149047852
20170308154828724,-1.30642471313477
20170308154828725,0.585665130615234
20170308154828726,-2.77889785766602
20170308154828727,-1.26064834594727
20170308154828728,0.768770599365234
20170308154828729,-2.84756240844727
20170308154828730,-1.13857803344727
20170308154828731,0.616182708740234
20170308154828732,-2.92385635375977
20170308154828733,-0.955472564697266
20170308154828734,0.455965423583984
20170308154828735,-2.93911514282227
20170308154828736,-0.841031646728516
20170308154828737,0.654329681396484
20170308154828738,-2.93148574829102
20170308154828739,-0.886808013916016
20170308154828740,0.440706634521484
20170308154828741,-2.98489151000977
20170308154828742,-0.787625885009766
20170308154828743,0.379671478271484
20170308154828744,-2.96200332641602
20170308154828745,-0.795255279541016
20170308154828746,0.639070892333984
20170308154828747,-2.93911514282227
20170308154828748,-0.558744049072266
20170308154828749,0.272859954833984
20170308154828750,-2.97726211547852
20170308154828751,-0.482450103759766
20170308154828752,0.372042083740234
20170308154828753,-2.92385635375977
20170308154828754,-0.673184967041016
20170308154828755,0.486483001708984
20170308154828756,-2.88570938110352
20170308154828757,-0.581632232666016
20170308154828758,0.249971771240234
20170308154828759,-2.87045059204102
20170308154828760,-0.543485260009766
20170308154828761,0.196566009521484
20170308154828762,-2.89333877563477
20170308154828763,-0.665555572509766
20170308154828764,0.288118743896484
20170308154828765,-2.83230361938477
20170308154828766,-0.421414947509766
20170308154828767,0.227083587646484
20170308154828768,-2.87807998657227
20170308154828769,-0.505338287353516
20170308154828770,0.249971771240234
20170308154828771,-2.96200332641602
20170308154828772,-0.245938873291016
20170308154828773,0.0287193298339844
20170308154828774,-3.00015029907227
20170308154828775,-0.360379791259766
20170308154828776,-0.0246864318847656
20170308154828777,-2.80941543579102
20170308154828778,-0.291715240478516
20170308154828779,-0.0399452209472656
20170308154828780,-2.93148574829102
20170308154828781,-0.352750396728516
20170308154828782,0.0287193298339844
20170308154828783,-2.94674453735352
20170308154828784,-0.345121002197266
20170308154828785,-0.0552040100097656
20170308154828786,-2.99252090454102
20170308154828787,-0.0552040100097656
20170308154828788,-0.245938873291016
20170308154828789,-2.84756240844727
20170308154828790,0.0210899353027344
20170308154828791,-0.398526763916016
20170308154828792,-2.87807998657227
20170308154828793,0.0134605407714844
20170308154828794,-0.368009185791016
20170308154828795,-2.90096817016602
20170308154828796,0.188936614990234
20170308154828797,-0.375638580322266
20170308154828798,-2.71023330688477
20170308154828799,0.555147552490234
20170308154828800,-0.581632232666016
20170308154828801,-2.79415664672852
20170308154828802,0.692476654052734
20170308154828803,-0.795255279541016
20170308154828804,-2.81704483032227
20170308154828805,0.661959075927734
20170308154828806,-0.802884674072266
20170308154828807,-2.73312149047852
20170308154828808,0.745882415771484
20170308154828809,-0.940213775634766
20170308154828810,-2.80178604125977
20170308154828811,0.829805755615234
20170308154828812,-0.940213775634766
20170308154828813,-2.64919815063477
20170308154828814,0.890840911865234
20170308154828815,-1.18435440063477
20170308154828816,-2.52712783813477
20170308154828817,0.761141204833984
20170308154828818,-1.47427139282227
20170308154828819,-2.46609268188477
20170308154828820,0.990023040771484
20170308154828821,-1.67263565063477
20170308154828822,-2.47372207641602
20170308154828823,0.784029388427734
20170308154828824,-1.59634170532227
20170308154828825,-2.32113418579102
20170308154828826,0.745882415771484
20170308154828827,-1.82522354125977
20170308154828828,-2.08462295532227
20170308154828829,0.661959075927734
20170308154828830,-1.90914688110352
20170308154828831,-2.09988174438477
20170308154828832,0.799288177490234
20170308154828833,-2.01595840454102
20170308154828834,-2.00832901000977
20170308154828835,0.784029388427734
20170308154828836,-2.08462295532227
20170308154828837,-1.82522354125977
20170308154828838,0.791658782958984
20170308154828839,-2.19906387329102
20170308154828840,-1.74130020141602
20170308154828841,0.761141204833984
20170308154828842,-2.25246963500977
20170308154828843,-1.82522354125977
20170308154828844,0.814546966552734
20170308154828845,-2.25246963500977
20170308154828846,-1.68789443969727
20170308154828847,0.791658782958984
20170308154828848,-2.52712783813477
20170308154828849,-1.38271865844727
20170308154828850,0.631441497802734
20170308154828851,-2.58816299438477
20170308154828852,-1.35983047485352
20170308154828853,0.661959075927734
20170308154828854,-2.70260391235352
20170308154828855,-1.21487197875977
20170308154828856,0.578035736083984
20170308154828857,-2.80941543579102
20170308154828858,-1.23776016235352
20170308154828859,0.623812103271484
20170308154828860,-2.83993301391602
20170308154828861,-1.18435440063477
20170308154828862,0.517000579833984
20170308154828863,-2.94674453735352
20170308154828864,-1.06228408813477
20170308154828865,0.471224212646484
20170308154828866,-2.87807998657227
20170308154828867,-1.04702529907227
20170308154828868,0.494112396240234
20170308154828869,-2.92385635375977
20170308154828870,-1.05465469360352
20170308154828871,0.661959075927734
20170308154828872,-2.92385635375977
20170308154828873,-0.978360748291016
20170308154828874,0.509371185302734
20170308154828875,-2.88570938110352
20170308154828876,-1.08517227172852
20170308154828877,0.532259368896484
20170308154828878,-2.83230361938477
20170308154828879,-1.04702529907227
20170308154828880,0.776399993896484
20170308154828881,-2.82467422485352
20170308154828882,-0.993619537353516
20170308154828883,0.532259368896484
20170308154828884,-2.87045059204102
20170308154828885,-0.856290435791016
20170308154828886,0.669588470458984
20170308154828887,-2.83993301391602
20170308154828888,-0.924954986572266
20170308154828889,0.440706634521484
20170308154828890,-2.88570938110352
20170308154828891,-0.909696197509766
20170308154828892,0.684847259521484
20170308154828893,-2.87045059204102
20170308154828894,-0.848661041259766
20170308154828895,0.463594818115234
20170308154828896,-2.84756240844727
20170308154828897,-0.810514068603516
20170308154828898,0.455965423583984
20170308154828899,-2.90859756469727
20170308154828900,-0.764737701416016
20170308154828901,0.349153900146484
20170308154828902,-2.96963272094727
20170308154828903,-0.841031646728516
20170308154828904,0.364412689208984
20170308154828905,-2.93911514282227
20170308154828906,-0.818143463134766
20170308154828907,0.555147552490234
20170308154828908,-2.95437393188477
20170308154828909,-0.589261627197266
20170308154828910,0.295748138427734
20170308154828911,-2.98489151000977
20170308154828912,-0.490079498291016
20170308154828913,0.143160247802734
20170308154828914,-2.93911514282227
20170308154828915,-0.589261627197266
20170308154828916,0.311006927490234
20170308154828917,-2.97726211547852
20170308154828918,-0.543485260009766
20170308154828919,0.234712982177734
20170308154828920,-2.86282119750977
20170308154828921,-0.528226470947266
20170308154828922,0.242342376708984
20170308154828923,-2.80941543579102
20170308154828924,-0.589261627197266
20170308154828925,0.272859954833984
20170308154828926,-2.96963272094727
20170308154828927,-0.482450103759766
20170308154828928,0.196566009521484
20170308154828929,-2.92385635375977
20170308154828930,-0.108609771728516
20170308154828931,-0.100980377197266
20170308154828932,-2.83230361938477
20170308154828933,-0.284085845947266
20170308154828934,-0.0323158264160156
20170308154828935,-2.99252090454102
20170308154828936,-0.139127349853516
20170308154828937,-0.215421295166016
20170308154828938,-2.86282119750977
20170308154828939,0.0287193298339844
20170308154828940,-0.337491607666016
20170308154828941,-2.90859756469727
20170308154828942,0.311006927490234
20170308154828943,-0.429044342041016
20170308154828944,-2.86282119750977
20170308154828945,0.600923919677734
20170308154828946,-0.741849517822266
20170308154828947,-2.91622695922852
20170308154828948,0.532259368896484
20170308154828949,-0.825772857666016
20170308154828950,-2.79415664672852
20170308154828951,0.791658782958984
20170308154828952,-0.993619537353516
20170308154828953,-2.78652725219727
20170308154828954,0.890840911865234
20170308154828955,-1.23776016235352
20170308154828956,-2.61868057250977
20170308154828957,0.761141204833984
20170308154828958,-1.42086563110352
20170308154828959,-2.54238662719727
20170308154828960,0.997652435302734
20170308154828961,-1.42849502563477
20170308154828962,-2.53475723266602
20170308154828963,0.822176361083984
20170308154828964,-1.76418838500977
20170308154828965,-2.28298721313477
20170308154828966,0.845064544677734
20170308154828967,-2.08462295532227
20170308154828968,-2.05410537719727
20170308154828969,0.837435150146484
20170308154828970,-2.16854629516602
20170308154828971,-1.97018203735352
20170308154828972,0.745882415771484
20170308154828973,-2.15328750610352
20170308154828974,-1.94729385375977
20170308154828975,0.707735443115234
20170308154828976,-2.22958145141602
20170308154828977,-1.84048233032227
20170308154828978,0.852693939208984
20170308154828979,-2.22958145141602
20170308154828980,-1.80996475219727
20170308154828981,0.570406341552734
20170308154828982,-2.26772842407227
20170308154828983,-1.56582412719727
20170308154828984,0.677217864990234
20170308154828985,-2.55764541625977
20170308154828986,-1.45901260375977
20170308154828987,0.684847259521484
20170308154828988,-2.75600967407227
20170308154828989,-1.35220108032227
20170308154828990,0.692476654052734
20170308154828991,-2.80941543579102
20170308154828992,-1.06228408813477
20170308154828993,0.600923919677734
20170308154828994,-2.94674453735352
20170308154828995,-1.09280166625977
20170308154828996,0.555147552490234
20170308154828997,-2.96200332641602
20170308154828998,-0.963101959228516
20170308154828999,0.440706634521484
20170308154829000,-2.93148574829102
20170308154829001,-0.924954986572266
20170308154829002,0.455965423583984
20170308154829003,-2.96200332641602
20170308154829004,-0.749478912353516
20170308154829005,0.311006927490234
20170308154829006,-2.99252090454102
20170308154829007,-0.680814361572266
20170308154829008,0.349153900146484
20170308154829009,-2.89333877563477
20170308154829010,-0.772367095947266
20170308154829011,0.509371185302734
20170308154829012,-2.94674453735352
20170308154829013,-0.482450103759766
20170308154829014,0.333895111083984
20170308154829015,-2.90859756469727
20170308154829016,-0.490079498291016
20170308154829017,0.112642669677734
20170308154829018,-2.89333877563477
20170308154829019,-0.520597076416016
20170308154829020,0.303377532958984
20170308154829021,-2.90859756469727
20170308154829022,-0.581632232666016
20170308154829023,0.173677825927734
20170308154829024,-2.93148574829102
20170308154829025,-0.482450103759766
20170308154829026,0.227083587646484
20170308154829027,-2.91622695922852
20170308154829028,-0.734220123291016
20170308154829029,0.326265716552734
20170308154829030,-2.96963272094727
20170308154829031,-0.596891021728516
20170308154829032,0.379671478271484
20170308154829033,-2.86282119750977
20170308154829034,-0.406156158447266
20170308154829035,0.0058311462402344
20170308154829036,-2.95437393188477
20170308154829037,-0.497708892822266
20170308154829038,0.249971771240234
20170308154829039,-3.00015029907227
20170308154829040,-0.345121002197266
20170308154829041,0.0363487243652344
20170308154829042,-2.93911514282227
20170308154829043,-0.223050689697266
20170308154829044,-0.131497955322266
20170308154829045,-2.88570938110352
20170308154829046,-0.253568267822266
20170308154829047,0.188936614990234
20170308154829048,-2.90859756469727
20170308154829049,-0.230680084228516
20170308154829050,-0.0399452209472656
20170308154829051,-2.99252090454102
20170308154829052,-0.139127349853516
20170308154829053,-0.184903717041016
20170308154829054,-2.90859756469727
20170308154829055,-0.245938873291016
20170308154829056,0.0821250915527344
20170308154829057,-2.89333877563477
20170308154829058,-0.162015533447266
20170308154829059,-0.200162506103516
20170308154829060,-2.87045059204102
20170308154829061,0.112642669677734
20170308154829062,-0.184903717041016
20170308154829063,-2.84756240844727
20170308154829064,0.127901458740234
20170308154829065,-0.429044342041016
20170308154829066,-2.84756240844727
20170308154829067,0.394930267333984
20170308154829068,-0.406156158447266
20170308154829069,-2.87807998657227
20170308154829070,0.242342376708984
20170308154829071,-0.467191314697266
20170308154829072,-2.88570938110352
20170308154829073,0.532259368896484
20170308154829074,-0.734220123291016
20170308154829075,-2.85519180297852
20170308154829076,0.517000579833984
20170308154829077,-0.795255279541016
20170308154829078,-2.87045059204102
20170308154829079,0.570406341552734
20170308154829080,-0.902066802978516
20170308154829081,-2.86282119750977
20170308154829082,0.814546966552734
20170308154829083,-0.978360748291016
20170308154829084,-2.81704483032227
20170308154829085,0.799288177490234
20170308154829086,-1.03939590454102
20170308154829087,-2.77889785766602
20170308154829088,0.730623626708984
20170308154829089,-1.05465469360352
20170308154829090,-2.74838027954102
20170308154829091,0.883211517333984
20170308154829092,-1.25301895141602
20170308154829093,-2.58816299438477
20170308154829094,0.990023040771484
20170308154829095,-1.55056533813477
20170308154829096,-2.48898086547852
20170308154829097,0.753511810302734
20170308154829098,-1.61922988891602
20170308154829099,-2.37453994750977
20170308154829100,0.883211517333984
20170308154829101,-2.13802871704102
20170308154829102,-1.90914688110352
20170308154829103,0.791658782958984
20170308154829104,-2.29824600219727
20170308154829105,-1.58871231079102
20170308154829106,0.890840911865234
20170308154829107,-2.52712783813477
20170308154829108,-1.42849502563477
20170308154829109,0.822176361083984
20170308154829110,-2.84756240844727
20170308154829111,-1.11568984985352
20170308154829112,0.501741790771484
20170308154829113,-2.94674453735352
20170308154829114,-0.772367095947266
20170308154829115,0.555147552490234
20170308154829116,-2.95437393188477
20170308154829117,-0.665555572509766
20170308154829118,0.524629974365234
20170308154829119,-2.96963272094727
20170308154829120,-0.520597076416016
20170308154829121,0.181307220458984
20170308154829122,-2.97726211547852
20170308154829123,-0.429044342041016
20170308154829124,0.227083587646484
20170308154829125,-2.94674453735352
20170308154829126,-0.345121002197266
20170308154829127,-0.0933509826660156
20170308154829128,-3.00015029907227
20170308154829129,-0.169644927978516
20170308154829130,-0.123868560791016
20170308154829131,-2.97726211547852
20170308154829132,-0.0475746154785156
20170308154829133,-0.123868560791016
20170308154829134,-2.90859756469727
20170308154829135,-0.0857215881347656
20170308154829136,0.173677825927734
20170308154829137,-2.86282119750977
20170308154829138,-0.276456451416016
20170308154829139,0.0363487243652344
20170308154829140,-2.87807998657227
20170308154829141,-0.245938873291016
20170308154829142,-0.100980377197266
20170308154829143,-2.93911514282227
20170308154829144,-0.0475746154785156
20170308154829145,-0.253568267822266
20170308154829146,-2.91622695922852
20170308154829147,0.0668663024902344
20170308154829148,-0.177274322509766
20170308154829149,-2.82467422485352
20170308154829150,0.0668663024902344
20170308154829151,-0.406156158447266
20170308154829152,-2.86282119750977
20170308154829153,0.532259368896484
20170308154829154,-0.589261627197266
20170308154829155,-2.79415664672852
20170308154829156,0.539888763427734
20170308154829157,-0.772367095947266
20170308154829158,-2.90096817016602
20170308154829159,0.524629974365234
20170308154829160,-0.871549224853516
20170308154829161,-2.85519180297852
20170308154829162,0.738253021240234
20170308154829163,-0.879178619384766
20170308154829164,-2.74075088500977
20170308154829165,0.890840911865234
20170308154829166,-1.00887832641602
20170308154829167,-2.77889785766602
20170308154829168,0.784029388427734
20170308154829169,-1.12331924438477
20170308154829170,-2.87045059204102
20170308154829171,0.585665130615234
20170308154829172,-0.993619537353516
20170308154829173,-2.81704483032227
20170308154829174,0.608553314208984
20170308154829175,-1.04702529907227
20170308154829176,-2.72549209594727
20170308154829177,0.646700286865234
20170308154829178,-0.902066802978516
20170308154829179,-2.85519180297852
20170308154829180,0.578035736083984
20170308154829181,-0.909696197509766
20170308154829182,-2.76363906860352
20170308154829183,0.578035736083984
20170308154829184,-0.886808013916016
20170308154829185,-2.79415664672852
20170308154829186,0.860323333740234
20170308154829187,-1.02413711547852
20170308154829188,-2.78652725219727
20170308154829189,0.738253021240234
20170308154829190,-0.985990142822266
20170308154829191,-2.85519180297852
20170308154829192,0.639070892333984
20170308154829193,-0.810514068603516
20170308154829194,-2.75600967407227
20170308154829195,0.822176361083984
20170308154829196,-1.01650772094727
20170308154829197,-2.79415664672852
20170308154829198,0.745882415771484
20170308154829199,-0.818143463134766
20170308154829200,-2.83993301391602
20170308154829201,0.700106048583984
20170308154829202,-0.825772857666016
20170308154829203,-2.77889785766602
20170308154829204,0.776399993896484
20170308154829205,-1.03939590454102
20170308154829206,-2.77889785766602
20170308154829207,0.707735443115234
20170308154829208,-1.04702529907227
20170308154829209,-2.76363906860352
20170308154829210,0.761141204833984
20170308154829211,-0.863919830322266
20170308154829212,-2.71023330688477
20170308154829213,0.745882415771484
20170308154829214,-1.10043106079102
20170308154829215,-2.64919815063477
20170308154829216,0.913729095458984
20170308154829217,-1.24538955688477
20170308154829218,-2.55764541625977
20170308154829219,0.982393646240234
20170308154829220,-1.42849502563477
20170308154829221,-2.55001602172852
20170308154829222,0.715364837646484
20170308154829223,-1.44375381469727
20170308154829224,-2.45846328735352
20170308154829225,0.784029388427734
20170308154829226,-1.38271865844727
20170308154829227,-2.49661026000977
20170308154829228,0.814546966552734
20170308154829229,-1.62685928344727
20170308154829230,-2.24484024047852
20170308154829231,0.707735443115234
20170308154829232,-1.82522354125977
20170308154829233,-2.26772842407227
20170308154829234,0.646700286865234
20170308154829235,-1.80233535766602
20170308154829236,-2.25246963500977
20170308154829237,0.661959075927734
20170308154829238,-1.90914688110352
20170308154829239,-2.13802871704102
20170308154829240,0.654329681396484
20170308154829241,-2.16091690063477
20170308154829242,-2.03121719360352
20170308154829243,0.608553314208984
20170308154829244,-2.09225234985352
20170308154829245,-1.94729385375977
20170308154829246,0.715364837646484
20170308154829247,-2.06936416625977
20170308154829248,-1.93966445922852
20170308154829249,0.677217864990234
20170308154829250,-2.23721084594727
20170308154829251,-1.80233535766602
20170308154829252,0.715364837646484
20170308154829253,-2.41268692016602
20170308154829254,-1.73367080688477
20170308154829255,0.700106048583984
20170308154829256,-2.45083389282227
20170308154829257,-1.48190078735352
20170308154829258,0.722994232177734
20170308154829259,-2.49661026000977
20170308154829260,-1.45138320922852
20170308154829261,0.768770599365234
20170308154829262,-2.74075088500977
20170308154829263,-1.19961318969727
20170308154829264,0.677217864990234
20170308154829265,-2.96963272094727
20170308154829266,-0.894437408447266
20170308154829267,0.402559661865234
20170308154829268,-2.96200332641602
20170308154829269,-0.642667388916016
20170308154829270,0.295748138427734
20170308154829271,-2.91622695922852
20170308154829272,-0.566373443603516
20170308154829273,0.234712982177734
20170308154829274,-2.93148574829102
20170308154829275,-0.497708892822266
20170308154829276,0.196566009521484
20170308154829277,-2.93148574829102
20170308154829278,-0.375638580322266
20170308154829279,0.0668663024902344
20170308154829280,-2.97726211547852
20170308154829281,-0.322232818603516
20170308154829282,-0.0246864318847656
20170308154829283,-2.96963272094727
20170308154829284,-0.253568267822266
20170308154829285,-0.146756744384766
20170308154829286,-2.99252090454102
20170308154829287,-0.131497955322266
20170308154829288,-0.177274322509766
20170308154829289,-2.95437393188477
20170308154829290,-0.444303131103516
20170308154829291,-0.116239166259766
20170308154829292,-3.02303848266602
20170308154829293,-0.192533111572266
20170308154829294,-0.184903717041016
20170308154829295,-2.98489151000977
20170308154829296,0.0363487243652344
20170308154829297,-0.352750396728516
20170308154829298,-2.93148574829102
20170308154829299,0.288118743896484
20170308154829300,-0.619779205322266
20170308154829301,-2.90859756469727
20170308154829302,0.623812103271484
20170308154829303,-0.886808013916016
20170308154829304,-2.82467422485352
20170308154829305,0.440706634521484
20170308154829306,-0.551114654541016
20170308154829307,-2.90859756469727
20170308154829308,0.532259368896484
20170308154829309,-0.886808013916016
20170308154829310,-2.82467422485352
20170308154829311,0.715364837646484
20170308154829312,-0.947843170166016
20170308154829313,-2.80178604125977
20170308154829314,0.784029388427734
20170308154829315,-1.10806045532227
20170308154829316,-2.74838027954102
20170308154829317,0.707735443115234
20170308154829318,-1.13857803344727
20170308154829319,-2.76363906860352
20170308154829320,0.906099700927734
20170308154829321,-1.19961318969727
20170308154829322,-2.63393936157227
20170308154829323,0.867952728271484
20170308154829324,-1.29116592407227
20170308154829325,-2.74838027954102
20170308154829326,0.822176361083984
20170308154829327,-1.35220108032227
20170308154829328,-2.65682754516602
20170308154829329,0.806917572021484
20170308154829330,-1.51241836547852
20170308154829331,-2.55001602172852
20170308154829332,0.753511810302734
20170308154829333,-1.56582412719727
20170308154829334,-2.50423965454102
20170308154829335,0.784029388427734
20170308154829336,-1.50478897094727
20170308154829337,-2.41268692016602
20170308154829338,0.707735443115234
20170308154829339,-1.59634170532227
20170308154829340,-2.45083389282227
20170308154829341,0.745882415771484
20170308154829342,-1.58871231079102
20170308154829343,-2.42794570922852
20170308154829344,0.707735443115234
20170308154829345,-1.65737686157227
20170308154829346,-2.46609268188477
20170308154829347,0.639070892333984
20170308154829348,-1.69552383422852
20170308154829349,-2.42794570922852
20170308154829350,0.684847259521484
20170308154829351,-1.61922988891602
20170308154829352,-2.43557510375977
20170308154829353,0.707735443115234
20170308154829354,-1.48190078735352
20170308154829355,-2.56527481079102
20170308154829356,0.806917572021484
20170308154829357,-1.45901260375977
20170308154829358,-2.61868057250977
20170308154829359,0.639070892333984
20170308154829360,-1.48190078735352
20170308154829361,-2.65682754516602
20170308154829362,0.677217864990234
20170308154829363,-1.47427139282227
20170308154829364,-2.58816299438477
20170308154829365,0.768770599365234
20170308154829366,-1.70315322875977
20170308154829367,-2.41268692016602
20170308154829368,0.867952728271484
20170308154829369,-1.96255264282227
20170308154829370,-2.27535781860352
20170308154829371,0.631441497802734
20170308154829372,-1.92440567016602
20170308154829373,-2.38216934204102
20170308154829374,0.806917572021484
20170308154829375,-1.85574111938477
20170308154829376,-2.12276992797852
20170308154829377,0.677217864990234
20170308154829378,-2.18380508422852
20170308154829379,-1.88625869750977
20170308154829380,0.654329681396484
20170308154829381,-2.29824600219727
20170308154829382,-1.64211807250977
20170308154829383,0.745882415771484
20170308154829384,-2.55001602172852
20170308154829385,-1.51241836547852
20170308154829386,0.692476654052734
20170308154829387,-2.70260391235352
20170308154829388,-1.29879531860352
20170308154829389,0.562776947021484
20170308154829390,-2.92385635375977
20170308154829391,-1.16146621704102
20170308154829392,0.478853607177734
20170308154829393,-3.00015029907227
20170308154829394,-1.06228408813477
20170308154829395,0.448336029052734
20170308154829396,-2.94674453735352
20170308154829397,-1.10043106079102
20170308154829398,0.539888763427734
20170308154829399,-2.98489151000977
20170308154829400,-1.10043106079102
20170308154829401,0.440706634521484
20170308154829402,-2.91622695922852
20170308154829403,-1.23013076782227
20170308154829404,0.722994232177734
20170308154829405,-2.92385635375977
20170308154829406,-1.06228408813477
20170308154829407,0.486483001708984
20170308154829408,-3.02303848266602
20170308154829409,-0.993619537353516
20170308154829410,0.440706634521484
20170308154829411,-2.97726211547852
20170308154829412,-0.833402252197266
20170308154829413,0.326265716552734
20170308154829414,-3.09170303344727
20170308154829415,-0.696073150634766
20170308154829416,0.379671478271484
20170308154829417,-2.96963272094727
20170308154829418,-0.444303131103516
20170308154829419,0.0668663024902344
20170308154829420,-3.03066787719727
20170308154829421,-0.711331939697266
20170308154829422,0.288118743896484
20170308154829423,-3.02303848266602
20170308154829424,-0.574002838134766
20170308154829425,0.0973838806152344
20170308154829426,-2.93911514282227
20170308154829427,-0.474820709228516
20170308154829428,-0.0399452209472656
20170308154829429,-2.96200332641602
20170308154829430,-0.0017982482910156
20170308154829431,-0.261197662353516
20170308154829432,-2.95437393188477
20170308154829433,-0.306974029541016
20170308154829434,0.0592369079589844
20170308154829435,-2.91622695922852
20170308154829436,-0.238309478759766
20170308154829437,-0.238309478759766
20170308154829438,-2.88570938110352
20170308154829439,-0.0933509826660156
20170308154829440,-0.352750396728516
20170308154829441,-2.93911514282227
20170308154829442,0.211824798583984
20170308154829443,-0.390897369384766
20170308154829444,-2.95437393188477
20170308154829445,0.120272064208984
20170308154829446,-0.413785552978516
20170308154829447,-2.91622695922852
20170308154829448,0.196566009521484
20170308154829449,-0.345121002197266
20170308154829450,-2.90859756469727
20170308154829451,0.448336029052734
20170308154829452,-0.520597076416016
20170308154829453,-2.83230361938477
20170308154829454,0.379671478271484
20170308154829455,-0.581632232666016
20170308154829456,-2.91622695922852
20170308154829457,0.112642669677734
20170308154829458,-0.543485260009766
20170308154829459,-2.92385635375977
20170308154829460,0.311006927490234
20170308154829461,-0.413785552978516
20170308154829462,-2.86282119750977
20170308154829463,0.341524505615234
20170308154829464,-0.696073150634766
20170308154829465,-2.83993301391602
20170308154829466,0.440706634521484
20170308154829467,-0.657926177978516
20170308154829468,-2.80178604125977
20170308154829469,0.105013275146484
20170308154829470,-0.551114654541016
20170308154829471,-2.83993301391602
20170308154829472,0.272859954833984
20170308154829473,-0.535855865478516
20170308154829474,-2.87045059204102
20170308154829475,0.394930267333984
20170308154829476,-0.619779205322266
20170308154829477,-2.83993301391602
20170308154829478,0.349153900146484
20170308154829479,-0.680814361572266
20170308154829480,-2.83230361938477
20170308154829481,0.517000579833984
20170308154829482,-0.741849517822266
20170308154829483,-2.85519180297852
20170308154829484,0.433077239990234
20170308154829485,-0.650296783447266
20170308154829486,-2.80178604125977
20170308154829487,0.402559661865234
20170308154829488,-0.757108306884766
20170308154829489,-2.83993301391602
20170308154829490,0.570406341552734
20170308154829491,-0.879178619384766
20170308154829492,-2.90096817016602
20170308154829493,0.646700286865234
20170308154829494,-0.795255279541016
20170308154829495,-2.80178604125977
20170308154829496,0.700106048583984
20170308154829497,-1.06228408813477
20170308154829498,-2.83230361938477
20170308154829499,0.845064544677734
20170308154829500,-1.12331924438477
20170308154829501,-2.76363906860352
20170308154829502,0.707735443115234
20170308154829503,-1.09280166625977
20170308154829504,-2.79415664672852
20170308154829505,0.913729095458984
20170308154829506,-0.993619537353516
20170308154829507,-2.78652725219727
20170308154829508,0.921358489990234
20170308154829509,-1.00887832641602
20170308154829510,-2.71786270141602
20170308154829511,0.867952728271484
20170308154829512,-1.32931289672852
20170308154829513,-2.70260391235352
20170308154829514,0.707735443115234
20170308154829515,-1.10043106079102
20170308154829516,-2.71786270141602
20170308154829517,0.845064544677734
20170308154829518,-1.42086563110352
20170308154829519,-2.59579238891602
20170308154829520,0.722994232177734
20170308154829521,-1.54293594360352
20170308154829522,-2.48898086547852
20170308154829523,0.829805755615234
20170308154829524,-1.68789443969727
20170308154829525,-2.43557510375977
20170308154829526,0.578035736083984
20170308154829527,-1.71841201782227
20170308154829528,-2.32113418579102
20170308154829529,0.631441497802734
20170308154829530,-1.85574111938477
20170308154829531,-2.16854629516602
20170308154829532,0.677217864990234
20170308154829533,-1.91677627563477
20170308154829534,-2.10751113891602
20170308154829535,0.692476654052734
20170308154829536,-2.19143447875977
20170308154829537,-1.93203506469727
20170308154829538,0.669588470458984
20170308154829539,-2.33639297485352
20170308154829540,-1.52004776000977
20170308154829541,0.677217864990234
20170308154829542,-2.61868057250977
20170308154829543,-1.40560684204102
20170308154829544,0.700106048583984
20170308154829545,-2.84756240844727
20170308154829546,-1.26064834594727
20170308154829547,0.623812103271484
20170308154829548,-2.90096817016602
20170308154829549,-1.07754287719727
20170308154829550,0.501741790771484
20170308154829551,-2.90859756469727
20170308154829552,-1.11568984985352
20170308154829553,0.517000579833984
20170308154829554,-2.92385635375977
20170308154829555,-1.02413711547852
20170308154829556,0.570406341552734
20170308154829557,-3.00777969360352
20170308154829558,-0.627408599853516
20170308154829559,0.181307220458984
20170308154829560,-3.02303848266602
20170308154829561,-0.406156158447266
20170308154829562,0.0592369079589844
20170308154829563,-3.03066787719727
20170308154829564,-0.322232818603516
20170308154829565,-0.146756744384766
20170308154829566,-3.07644424438477
20170308154829567,-0.177274322509766
20170308154829568,-0.184903717041016
20170308154829569,-3.00015029907227
20170308154829570,-0.261197662353516
20170308154829571,0.0287193298339844
20170308154829572,-3.00777969360352
20170308154829573,-0.154386138916016
20170308154829574,-0.207791900634766
20170308154829575,-2.95437393188477
20170308154829576,-0.0094276428222656
20170308154829577,-0.306974029541016
20170308154829578,-2.87807998657227
20170308154829579,0.0516075134277344
20170308154829580,-0.459561920166016
20170308154829581,-2.93148574829102
20170308154829582,0.211824798583984
20170308154829583,-0.451932525634766
20170308154829584,-2.90859756469727
20170308154829585,0.318636322021484
20170308154829586,-0.490079498291016
20170308154829587,-2.90859756469727
20170308154829588,0.440706634521484
20170308154829589,-0.749478912353516
20170308154829590,-2.86282119750977
20170308154829591,0.387300872802734
20170308154829592,-0.741849517822266
20170308154829593,-2.83993301391602
20170308154829594,0.600923919677734
20170308154829595,-0.657926177978516
20170308154829596,-2.87045059204102
20170308154829597,0.364412689208984
20170308154829598,-0.604520416259766
20170308154829599,-2.86282119750977
20170308154829600,0.700106048583984
20170308154829601,-0.863919830322266
20170308154829602,-2.80178604125977
20170308154829603,0.684847259521484
20170308154829604,-1.01650772094727
20170308154829605,-2.77889785766602
20170308154829606,0.791658782958984
20170308154829607,-1.11568984985352
20170308154829608,-2.78652725219727
20170308154829609,0.799288177490234
20170308154829610,-1.17672500610352
20170308154829611,-2.64156875610352
20170308154829612,0.883211517333984
20170308154829613,-1.19198379516602
20170308154829614,-2.78652725219727
20170308154829615,0.677217864990234
20170308154829616,-1.11568984985352
20170308154829617,-2.73312149047852
20170308154829618,0.501741790771484
20170308154829619,-0.764737701416016
20170308154829620,-2.87045059204102
20170308154829621,0.684847259521484
20170308154829622,-1.00887832641602
20170308154829623,-2.76363906860352
20170308154829624,0.852693939208984
20170308154829625,-1.34457168579102
20170308154829626,-2.71786270141602
20170308154829627,0.997652435302734
20170308154829628,-1.28353652954102
20170308154829629,-2.71786270141602
20170308154829630,0.936617279052734
20170308154829631,-1.40560684204102
20170308154829632,-2.58053359985352
20170308154829633,0.883211517333984
20170308154829634,-1.62685928344727
20170308154829635,-2.50423965454102
20170308154829636,0.677217864990234
20170308154829637,-1.56582412719727
20170308154829638,-2.45846328735352
20170308154829639,0.669588470458984
20170308154829640,-1.57345352172852
20170308154829641,-2.41268692016602
20170308154829642,0.730623626708984
20170308154829643,-1.74892959594727
20170308154829644,-2.34402236938477
20170308154829645,0.654329681396484
20170308154829646,-1.84048233032227
20170308154829647,-2.17617568969727
20170308154829648,0.806917572021484
20170308154829649,-1.83285293579102
20170308154829650,-2.03884658813477
20170308154829651,0.730623626708984
20170308154829652,-2.07699356079102
20170308154829653,-1.89388809204102
20170308154829654,0.715364837646484
20170308154829655,-2.35928115844727
20170308154829656,-1.64211807250977
20170308154829657,0.639070892333984
20170308154829658,-2.49661026000977
20170308154829659,-1.60397109985352
20170308154829660,0.875582122802734
20170308154829661,-2.64919815063477
20170308154829662,-1.23776016235352
20170308154829663,0.585665130615234
20170308154829664,-2.96963272094727
20170308154829665,-1.13857803344727
20170308154829666,0.623812103271484
20170308154829667,-3.01540908813477
20170308154829668,-0.833402252197266
20170308154829669,0.440706634521484
20170308154829670,-3.00777969360352
20170308154829671,-0.635037994384766
20170308154829672,0.478853607177734
20170308154829673,-2.99252090454102
20170308154829674,-0.505338287353516
20170308154829675,0.0821250915527344
20170308154829676,-2.96200332641602
20170308154829677,-0.352750396728516
20170308154829678,0.211824798583984
20170308154829679,-2.87807998657227
20170308154829680,-0.215421295166016
20170308154829681,-0.108609771728516
20170308154829682,-2.94674453735352
20170308154829683,-0.184903717041016
20170308154829684,-0.268827056884766
20170308154829685,-2.93911514282227
20170308154829686,0.127901458740234
20170308154829687,-0.215421295166016
20170308154829688,-2.90096817016602
20170308154829689,0.288118743896484
20170308154829690,-0.589261627197266
20170308154829691,-2.87807998657227
20170308154829692,0.562776947021484
20170308154829693,-0.726590728759766
20170308154829694,-2.79415664672852
20170308154829695,0.753511810302734
20170308154829696,-0.963101959228516
20170308154829697,-2.85519180297852
20170308154829698,0.791658782958984
20170308154829699,-1.16909561157227
20170308154829700,-2.72549209594727
20170308154829701,0.845064544677734
20170308154829702,-1.19198379516602
20170308154829703,-2.74075088500977
20170308154829704,0.585665130615234
20170308154829705,-1.13094863891602
20170308154829706,-2.77126846313477
20170308154829707,0.776399993896484
20170308154829708,-1.15383682250977
20170308154829709,-2.71786270141602
20170308154829710,0.906099700927734
20170308154829711,-1.35983047485352
20170308154829712,-2.62630996704102
20170308154829713,0.784029388427734
20170308154829714,-1.34457168579102
20170308154829715,-2.62630996704102
20170308154829716,0.951876068115234
20170308154829717,-1.31405410766602
20170308154829718,-2.51949844360352
20170308154829719,0.715364837646484
20170308154829720,-1.57345352172852
20170308154829721,-2.51949844360352
20170308154829722,0.738253021240234
20170308154829723,-1.69552383422852
20170308154829724,-2.35928115844727
20170308154829725,0.951876068115234
20170308154829726,-1.75655899047852
20170308154829727,-2.30587539672852
20170308154829728,0.845064544677734
20170308154829729,-1.87862930297852
20170308154829730,-2.26009902954102
20170308154829731,0.715364837646484
20170308154829732,-1.94729385375977
20170308154829733,-2.12276992797852
20170308154829734,0.578035736083984
20170308154829735,-1.91677627563477
20170308154829736,-2.19143447875977
20170308154829737,0.631441497802734
20170308154829738,-1.97018203735352
20170308154829739,-2.13039932250977
20170308154829740,0.753511810302734
20170308154829741,-1.93966445922852
20170308154829742,-2.17617568969727
20170308154829743,0.608553314208984
20170308154829744,-1.89388809204102
20170308154829745,-2.22195205688477
20170308154829746,0.806917572021484
20170308154829747,-1.93203506469727
20170308154829748,-2.11514053344727
20170308154829749,0.631441497802734
20170308154829750,-1.93203506469727
20170308154829751,-2.16854629516602
20170308154829752,0.654329681396484
20170308154829753,-1.80233535766602
20170308154829754,-2.10751113891602
20170308154829755,0.562776947021484
20170308154829756,-1.91677627563477
20170308154829757,-2.19143447875977
20170308154829758,0.677217864990234
20170308154829759,-1.68789443969727
20170308154829760,-2.26009902954102
20170308154829761,0.906099700927734
20170308154829762,-1.82522354125977
20170308154829763,-2.22958145141602
20170308154829764,0.700106048583984
20170308154829765,-1.95492324829102
20170308154829766,-2.04647598266602
20170308154829767,0.661959075927734
20170308154829768,-1.87099990844727
20170308154829769,-2.10751113891602
20170308154829770,0.761141204833984
20170308154829771,-2.14565811157227
20170308154829772,-1.98544082641602
20170308154829773,0.707735443115234
20170308154829774,-2.26772842407227
20170308154829775,-1.86337051391602
20170308154829776,0.654329681396484
20170308154829777,-2.34402236938477
20170308154829778,-1.80233535766602
20170308154829779,0.768770599365234
20170308154829780,-2.40505752563477
20170308154829781,-1.73367080688477
20170308154829782,0.936617279052734
20170308154829783,-2.27535781860352
20170308154829784,-1.80233535766602
20170308154829785,0.570406341552734
20170308154829786,-2.19143447875977
20170308154829787,-1.90914688110352
20170308154829788,0.669588470458984
20170308154829789,-2.07699356079102
20170308154829790,-1.93966445922852
20170308154829791,0.639070892333984
20170308154829792,-2.29824600219727
20170308154829793,-1.90914688110352
20170308154829794,0.669588470458984
20170308154829795,-2.17617568969727
20170308154829796,-1.97018203735352
20170308154829797,0.799288177490234
20170308154829798,-2.15328750610352
20170308154829799,-2.06173477172852
20170308154829800,0.928987884521484
20170308154829801,-2.15328750610352
20170308154829802,-1.99307022094727
20170308154829803,0.822176361083984
20170308154829804,-2.12276992797852
20170308154829805,-1.77181777954102
20170308154829806,0.669588470458984
20170308154829807,-2.44320449829102
20170308154829808,-1.47427139282227
20170308154829809,0.715364837646484
20170308154829810,-2.77126846313477
20170308154829811,-1.20724258422852
20170308154829812,0.669588470458984
20170308154829813,-2.98489151000977
20170308154829814,-0.978360748291016
20170308154829815,0.517000579833984
20170308154829816,-2.98489151000977
20170308154829817,-0.917325592041016
20170308154829818,0.494112396240234
20170308154829819,-3.02303848266602
20170308154829820,-0.833402252197266
20170308154829821,0.394930267333984
20170308154829822,-2.95437393188477
20170308154829823,-0.528226470947266
20170308154829824,0.127901458740234
20170308154829825,-2.97726211547852
20170308154829826,-0.390897369384766
20170308154829827,-0.0628334045410156
20170308154829828,-2.97726211547852
20170308154829829,0.0363487243652344
20170308154829830,-0.261197662353516
20170308154829831,-2.99252090454102
20170308154829832,0.425447845458984
20170308154829833,-0.627408599853516
20170308154829834,-2.86282119750977
20170308154829835,0.898470306396484
20170308154829836,-1.07754287719727
20170308154829837,-2.75600967407227
20170308154829838,0.867952728271484
20170308154829839,-1.26064834594727
20170308154829840,-2.63393936157227
20170308154829841,0.974764251708984
20170308154829842,-1.49715957641602
20170308154829843,-2.51949844360352
20170308154829844,0.784029388427734
20170308154829845,-1.68026504516602
20170308154829846,-2.28298721313477
20170308154829847,0.738253021240234
20170308154829848,-1.78707656860352
20170308154829849,-2.26772842407227
20170308154829850,0.761141204833984
20170308154829851,-1.80233535766602
20170308154829852,-2.22195205688477
20170308154829853,0.623812103271484
20170308154829854,-1.84811172485352
20170308154829855,-2.20669326782227
20170308154829856,0.845064544677734
20170308154829857,-2.13039932250977
20170308154829858,-2.01595840454102
20170308154829859,0.616182708740234
20170308154829860,-2.19906387329102
20170308154829861,-1.96255264282227
20170308154829862,0.753511810302734
20170308154829863,-2.19143447875977
20170308154829864,-1.83285293579102
20170308154829865,0.829805755615234
20170308154829866,-2.31350479125977
20170308154829867,-1.61922988891602
20170308154829868,0.829805755615234
20170308154829869,-2.37453994750977
20170308154829870,-1.64211807250977
20170308154829871,0.692476654052734
20170308154829872,-2.58816299438477
20170308154829873,-1.46664199829102
20170308154829874,0.829805755615234
20170308154829875,-2.65682754516602
20170308154829876,-1.38271865844727
20170308154829877,0.547518157958984
20170308154829878,-2.61105117797852
20170308154829879,-1.51241836547852
20170308154829880,0.852693939208984
20170308154829881,-2.59579238891602
20170308154829882,-1.41323623657227
20170308154829883,0.738253021240234
20170308154829884,-2.64156875610352
20170308154829885,-1.36745986938477
20170308154829886,0.646700286865234
20170308154829887,-2.61105117797852
20170308154829888,-1.36745986938477
20170308154829889,0.646700286865234
20170308154829890,-2.65682754516602
20170308154829891,-1.45138320922852
20170308154829892,0.799288177490234
20170308154829893,-2.62630996704102
20170308154829894,-1.36745986938477
20170308154829895,0.677217864990234
20170308154829896,-2.81704483032227
20170308154829897,-1.16909561157227
20170308154829898,0.623812103271484
20170308154829899,-2.98489151000977
20170308154829900,-0.985990142822266
20170308154829901,0.555147552490234
20170308154829902,-3.04592666625977
20170308154829903,-0.886808013916016
20170308154829904,0.455965423583984
20170308154829905,-2.96963272094727
20170308154829906,-0.635037994384766
20170308154829907,0.272859954833984
20170308154829908,-2.98489151000977
20170308154829909,-0.604520416259766
20170308154829910,0.311006927490234
20170308154829911,-2.96200332641602
20170308154829912,-0.497708892822266
20170308154829913,0.158419036865234
20170308154829914,-2.94674453735352
20170308154829915,-0.444303131103516
20170308154829916,0.234712982177734
20170308154829917,-2.98489151000977
20170308154829918,-0.337491607666016
20170308154829919,0.0668663024902344
20170308154829920,-3.00777969360352
20170308154829921,-0.436673736572266
20170308154829922,0.0744956970214844
20170308154829923,-2.95437393188477
20170308154829924,-0.551114654541016
20170308154829925,0.135530853271484
20170308154829926,-2.91622695922852
20170308154829927,-0.528226470947266
20170308154829928,0.181307220458984
20170308154829929,-2.92385635375977
20170308154829930,-0.635037994384766
20170308154829931,0.463594818115234
20170308154829932,-2.88570938110352
20170308154829933,-0.604520416259766
20170308154829934,0.272859954833984
20170308154829935,-3.01540908813477
20170308154829936,-0.451932525634766
20170308154829937,0.127901458740234
20170308154829938,-2.92385635375977
20170308154829939,-0.291715240478516
20170308154829940,-0.139127349853516
20170308154829941,-3.01540908813477
20170308154829942,-0.276456451416016
20170308154829943,0.120272064208984
20170308154829944,-2.95437393188477
20170308154829945,-0.413785552978516
20170308154829946,0.0134605407714844
20170308154829947,-2.93148574829102
20170308154829948,-0.146756744384766
20170308154829949,-0.215421295166016
20170308154829950,-2.93911514282227
20170308154829951,0.242342376708984
20170308154829952,-0.314603424072266
20170308154829953,-2.91622695922852
20170308154829954,0.303377532958984
20170308154829955,-0.390897369384766
20170308154829956,-2.84756240844727
20170308154829957,0.448336029052734
20170308154829958,-0.757108306884766
20170308154829959,-2.89333877563477
20170308154829960,0.784029388427734
20170308154829961,-1.01650772094727
20170308154829962,-2.78652725219727
20170308154829963,0.738253021240234
20170308154829964,-1.23776016235352
20170308154829965,-2.59579238891602
20170308154829966,1.08920516967773
20170308154829967,-1.49715957641602
20170308154829968,-2.50423965454102
20170308154829969,0.768770599365234
20170308154829970,-1.60397109985352
20170308154829971,-2.29824600219727
20170308154829972,0.867952728271484
20170308154829973,-1.97781143188477
20170308154829974,-1.96255264282227
20170308154829975,0.661959075927734
20170308154829976,-2.23721084594727
20170308154829977,-1.73367080688477
20170308154829978,0.982393646240234
20170308154829979,-2.38216934204102
20170308154829980,-1.61922988891602
20170308154829981,0.661959075927734
20170308154829982,-2.36691055297852
20170308154829983,-1.47427139282227
20170308154829984,0.730623626708984
20170308154829985,-2.70260391235352
20170308154829986,-1.39034805297852
20170308154829987,0.738253021240234
20170308154829988,-2.73312149047852
20170308154829989,-1.28353652954102
20170308154829990,0.669588470458984
20170308154829991,-2.61868057250977
20170308154829992,-1.29116592407227
20170308154829993,0.578035736083984
20170308154829994,-2.85519180297852
20170308154829995,-1.16909561157227
20170308154829996,0.791658782958984
20170308154829997,-2.89333877563477
20170308154829998,-1.17672500610352
20170308154829999,0.547518157958984
20170308154830000,-3.00015029907227
20170308154830001,-1.10043106079102
20170308154830002,0.532259368896484
20170308154830003,-3.07644424438477
20170308154830004,-0.955472564697266
20170308154830005,0.486483001708984
20170308154830006,-3.04592666625977
20170308154830007,-0.810514068603516
20170308154830008,0.600923919677734
20170308154830009,-3.00015029907227
20170308154830010,-0.718961334228516
20170308154830011,0.570406341552734
20170308154830012,-2.92385635375977
20170308154830013,-0.757108306884766
20170308154830014,0.425447845458984
20170308154830015,-2.97726211547852
20170308154830016,-0.688443756103516
20170308154830017,0.410189056396484
20170308154830018,-2.95437393188477
20170308154830019,-0.467191314697266
20170308154830020,0.311006927490234
20170308154830021,-2.93911514282227
20170308154830022,-0.726590728759766
20170308154830023,0.402559661865234
20170308154830024,-3.01540908813477
20170308154830025,-0.566373443603516
20170308154830026,0.219454193115234
20170308154830027,-2.90096817016602
20170308154830028,-0.574002838134766
20170308154830029,0.0897544860839844
20170308154830030,-2.95437393188477
20170308154830031,-0.497708892822266
20170308154830032,0.166048431396484
20170308154830033,-2.99252090454102
20170308154830034,-0.398526763916016
20170308154830035,0.0592369079589844
20170308154830036,-3.00015029907227
20170308154830037,-0.474820709228516
20170308154830038,0.0973838806152344
20170308154830039,-2.96200332641602
20170308154830040,-0.421414947509766
20170308154830041,-0.0094276428222656
20170308154830042,-2.98489151000977
20170308154830043,-0.0857215881347656
20170308154830044,-0.329862213134766
20170308154830045,-2.93148574829102
20170308154830046,-0.0017982482910156
20170308154830047,-0.322232818603516
20170308154830048,-2.99252090454102
20170308154830049,0.349153900146484
20170308154830050,-0.223050689697266
20170308154830051,-2.83993301391602
20170308154830052,-0.0399452209472656
20170308154830053,-0.268827056884766
20170308154830054,-2.86282119750977
20170308154830055,-0.192533111572266
20170308154830056,-0.162015533447266
20170308154830057,-2.96200332641602
20170308154830058,-0.200162506103516
20170308154830059,-0.0170570373535156
20170308154830060,-2.89333877563477
20170308154830061,-0.0017982482910156
20170308154830062,-0.314603424072266
20170308154830063,-2.98489151000977
20170308154830064,0.120272064208984
20170308154830065,-0.146756744384766
20170308154830066,-2.87045059204102
20170308154830067,0.0821250915527344
20170308154830068,-0.398526763916016
20170308154830069,-2.89333877563477
20170308154830070,0.0592369079589844
20170308154830071,-0.383267974853516
20170308154830072,-2.90859756469727
20170308154830073,-0.0933509826660156
20170308154830074,-0.261197662353516
20170308154830075,-2.95437393188477
20170308154830076,-0.192533111572266
20170308154830077,-0.184903717041016
20170308154830078,-2.93148574829102
20170308154830079,-0.0475746154785156
20170308154830080,-0.116239166259766
20170308154830081,-2.93911514282227
20170308154830082,-0.131497955322266
20170308154830083,-0.0094276428222656
20170308154830084,-2.89333877563477
20170308154830085,-0.0628334045410156
20170308154830086,-0.268827056884766
20170308154830087,-2.85519180297852
20170308154830088,-0.0399452209472656
20170308154830089,-0.169644927978516
20170308154830090,-2.94674453735352
20170308154830091,-0.207791900634766
20170308154830092,-0.0704627990722656
20170308154830093,-2.80178604125977
20170308154830094,-0.337491607666016
20170308154830095,-0.0323158264160156
20170308154830096,-2.92385635375977
20170308154830097,-0.505338287353516
20170308154830098,0.272859954833984
20170308154830099,-2.87807998657227
20170308154830100,-0.490079498291016
20170308154830101,0.318636322021484
20170308154830102,-2.90859756469727
20170308154830103,-0.543485260009766
20170308154830104,0.196566009521484
20170308154830105,-2.85519180297852
20170308154830106,-0.711331939697266
20170308154830107,0.333895111083984
20170308154830108,-2.93911514282227
20170308154830109,-0.772367095947266
20170308154830110,0.570406341552734
20170308154830111,-2.87807998657227
20170308154830112,-0.688443756103516
20170308154830113,0.532259368896484
20170308154830114,-2.92385635375977
20170308154830115,-0.711331939697266
20170308154830116,0.364412689208984
20170308154830117,-2.85519180297852
20170308154830118,-0.696073150634766
20170308154830119,0.272859954833984
20170308154830120,-2.94674453735352
20170308154830121,-0.482450103759766
20170308154830122,0.425447845458984
20170308154830123,-2.86282119750977
20170308154830124,-0.482450103759766
20170308154830125,0.135530853271484
20170308154830126,-2.90859756469727
20170308154830127,-0.421414947509766
20170308154830128,0.0973838806152344
20170308154830129,-2.97726211547852
20170308154830130,-0.360379791259766
20170308154830131,0.0363487243652344
20170308154830132,-2.90096817016602
20170308154830133,-0.314603424072266
20170308154830134,0.0058311462402344
20170308154830135,-2.88570938110352
20170308154830136,-0.444303131103516
20170308154830137,0.0897544860839844
20170308154830138,-2.88570938110352
20170308154830139,-0.337491607666016
20170308154830140,0.0973838806152344
20170308154830141,-2.74838027954102
20170308154830142,-0.421414947509766
20170308154830143,0.127901458740234
20170308154830144,-2.91622695922852
20170308154830145,-0.200162506103516
20170308154830146,-0.0933509826660156
20170308154830147,-2.95437393188477
20170308154830148,0.105013275146484
20170308154830149,-0.383267974853516
20170308154830150,-2.86282119750977
20170308154830151,0.318636322021484
20170308154830152,-0.642667388916016
20170308154830153,-2.89333877563477
20170308154830154,0.654329681396484
20170308154830155,-0.711331939697266
20170308154830156,-2.87045059204102
20170308154830157,0.730623626708984
20170308154830158,-1.01650772094727
20170308154830159,-2.71023330688477
20170308154830160,0.806917572021484
20170308154830161,-1.24538955688477
20170308154830162,-2.62630996704102
20170308154830163,0.852693939208984
20170308154830164,-1.57345352172852
20170308154830165,-2.38979873657227
20170308154830166,0.768770599365234
20170308154830167,-1.71078262329102
20170308154830168,-2.21432266235352
20170308154830169,0.753511810302734
20170308154830170,-1.98544082641602
20170308154830171,-2.06936416625977
20170308154830172,0.631441497802734
20170308154830173,-1.80233535766602
20170308154830174,-2.20669326782227
20170308154830175,0.982393646240234
20170308154830176,-1.81759414672852
20170308154830177,-2.27535781860352
20170308154830178,0.898470306396484
20170308154830179,-1.84048233032227
20170308154830180,-2.14565811157227
20170308154830181,0.738253021240234
20170308154830182,-2.06173477172852
20170308154830183,-1.95492324829102
20170308154830184,0.898470306396484
20170308154830185,-2.28298721313477
20170308154830186,-1.82522354125977
20170308154830187,0.639070892333984
20170308154830188,-2.09988174438477
20170308154830189,-1.80233535766602
20170308154830190,0.913729095458984
20170308154830191,-2.27535781860352
20170308154830192,-1.79470596313477
20170308154830193,0.761141204833984
20170308154830194,-2.43557510375977
20170308154830195,-1.54293594360352
20170308154830196,0.776399993896484
20170308154830197,-2.53475723266602
20170308154830198,-1.42849502563477
20170308154830199,0.616182708740234
20170308154830200,-2.68734512329102
20170308154830201,-1.29879531860352
20170308154830202,0.623812103271484
20170308154830203,-2.75600967407227
20170308154830204,-1.19198379516602
20170308154830205,0.623812103271484
20170308154830206,-2.77889785766602
20170308154830207,-1.18435440063477
20170308154830208,0.532259368896484
20170308154830209,-2.82467422485352
20170308154830210,-1.16909561157227
20170308154830211,0.639070892333984
20170308154830212,-2.83993301391602
20170308154830213,-1.10043106079102
20170308154830214,0.532259368896484
20170308154830215,-2.78652725219727
20170308154830216,-1.13857803344727
20170308154830217,0.555147552490234
20170308154830218,-2.86282119750977
20170308154830219,-1.00887832641602
20170308154830220,0.455965423583984
20170308154830221,-2.87045059204102
20170308154830222,-1.04702529907227
20170308154830223,0.593294525146484
20170308154830224,-2.93911514282227
20170308154830225,-0.978360748291016
20170308154830226,0.555147552490234
20170308154830227,-2.97726211547852
20170308154830228,-0.802884674072266
20170308154830229,0.364412689208984
20170308154830230,-2.93148574829102
20170308154830231,-0.833402252197266
20170308154830232,0.455965423583984
20170308154830233,-2.88570938110352
20170308154830234,-0.963101959228516
20170308154830235,0.425447845458984
20170308154830236,-2.93911514282227
20170308154830237,-0.902066802978516
20170308154830238,0.661959075927734
20170308154830239,-2.98489151000977
20170308154830240,-0.802884674072266
20170308154830241,0.326265716552734
20170308154830242,-2.99252090454102
20170308154830243,-0.833402252197266
20170308154830244,0.417818450927734
20170308154830245,-2.95437393188477
20170308154830246,-0.978360748291016
20170308154830247,0.448336029052734
20170308154830248,-2.93911514282227
20170308154830249,-1.00124893188477
20170308154830250,0.394930267333984
20170308154830251,-2.83230361938477
20170308154830252,-1.12331924438477
20170308154830253,0.448336029052734
20170308154830254,-2.82467422485352
20170308154830255,-1.26064834594727
20170308154830256,0.654329681396484
20170308154830257,-2.78652725219727
20170308154830258,-1.08517227172852
20170308154830259,0.494112396240234
20170308154830260,-2.85519180297852
20170308154830261,-1.12331924438477
20170308154830262,0.570406341552734
20170308154830263,-2.93148574829102
20170308154830264,-1.06991348266602
20170308154830265,0.494112396240234
20170308154830266,-2.77126846313477
20170308154830267,-1.11568984985352
20170308154830268,0.761141204833984
20170308154830269,-2.94674453735352
20170308154830270,-1.10806045532227
20170308154830271,0.593294525146484
20170308154830272,-3.00015029907227
20170308154830273,-0.963101959228516
20170308154830274,0.501741790771484
20170308154830275,-3.00015029907227
20170308154830276,-0.772367095947266
20170308154830277,0.455965423583984
20170308154830278,-2.96963272094727
20170308154830279,-0.490079498291016
20170308154830280,0.196566009521484
20170308154830281,-3.00777969360352
20170308154830282,-0.497708892822266
20170308154830283,0.150789642333984
20170308154830284,-3.03066787719727
20170308154830285,-0.390897369384766
20170308154830286,0.0134605407714844
20170308154830287,-2.93148574829102
20170308154830288,-0.184903717041016
20170308154830289,-0.215421295166016
20170308154830290,-2.91622695922852
20170308154830291,-0.0094276428222656
20170308154830292,-0.352750396728516
20170308154830293,-2.91622695922852
20170308154830294,0.257601165771484
20170308154830295,-0.551114654541016
20170308154830296,-2.85519180297852
20170308154830297,0.455965423583984
20170308154830298,-0.787625885009766
20170308154830299,-2.80941543579102
20170308154830300,0.814546966552734
20170308154830301,-1.13857803344727
20170308154830302,-2.71023330688477
20170308154830303,1.09683456420898
20170308154830304,-1.40560684204102
20170308154830305,-2.62630996704102
20170308154830306,0.791658782958984
20170308154830307,-1.49715957641602
20170308154830308,-2.58053359985352
20170308154830309,0.806917572021484
20170308154830310,-1.75655899047852
20170308154830311,-2.39742813110352
20170308154830312,0.761141204833984
20170308154830313,-1.76418838500977
20170308154830314,-2.25246963500977
20170308154830315,0.799288177490234
20170308154830316,-2.00069961547852
20170308154830317,-2.04647598266602
20170308154830318,0.822176361083984
20170308154830319,-2.28298721313477
20170308154830320,-1.72604141235352
20170308154830321,0.631441497802734
20170308154830322,-2.41268692016602
20170308154830323,-1.60397109985352
20170308154830324,0.814546966552734
20170308154830325,-2.52712783813477
20170308154830326,-1.44375381469727
20170308154830327,0.814546966552734
20170308154830328,-2.71786270141602
20170308154830329,-1.26064834594727
20170308154830330,0.768770599365234
20170308154830331,-2.85519180297852
20170308154830332,-1.13857803344727
20170308154830333,0.608553314208984
20170308154830334,-2.96200332641602
20170308154830335,-1.01650772094727
20170308154830336,0.471224212646484
20170308154830337,-2.93148574829102
20170308154830338,-0.978360748291016
20170308154830339,0.425447845458984
20170308154830340,-2.95437393188477
20170308154830341,-0.871549224853516
20170308154830342,0.425447845458984
20170308154830343,-2.90859756469727
20170308154830344,-0.932584381103516
20170308154830345,0.433077239990234
20170308154830346,-2.96963272094727
20170308154830347,-0.879178619384766
20170308154830348,0.578035736083984
20170308154830349,-2.93148574829102
20170308154830350,-0.779996490478516
20170308154830351,0.341524505615234
20170308154830352,-2.94674453735352
20170308154830353,-0.635037994384766
20170308154830354,0.265230560302734
20170308154830355,-2.94674453735352
20170308154830356,-0.779996490478516
20170308154830357,0.524629974365234
20170308154830358,-2.97726211547852
20170308154830359,-0.726590728759766
20170308154830360,0.379671478271484
20170308154830361,-2.96200332641602
20170308154830362,-0.734220123291016
20170308154830363,0.303377532958984
20170308154830364,-2.99252090454102
20170308154830365,-0.772367095947266
20170308154830366,0.532259368896484
20170308154830367,-2.92385635375977
20170308154830368,-0.688443756103516
20170308154830369,0.318636322021484
20170308154830370,-2.97726211547852
20170308154830371,-0.497708892822266
20170308154830372,0.173677825927734
20170308154830373,-2.93911514282227
20170308154830374,-0.627408599853516
20170308154830375,0.448336029052734
20170308154830376,-2.95437393188477
20170308154830377,-0.619779205322266
20170308154830378,0.379671478271484
20170308154830379,-2.91622695922852
20170308154830380,-0.543485260009766
20170308154830381,0.295748138427734
20170308154830382,-2.88570938110352
20170308154830383,-0.444303131103516
20170308154830384,0.0821250915527344
20170308154830385,-2.94674453735352
20170308154830386,-0.375638580322266
20170308154830387,0.188936614990234
20170308154830388,-2.89333877563477
20170308154830389,-0.375638580322266
20170308154830390,-0.0704627990722656
20170308154830391,-2.96200332641602
20170308154830392,-0.459561920166016
20170308154830393,0.0592369079589844
20170308154830394,-2.90859756469727
20170308154830395,-0.261197662353516
20170308154830396,-0.0094276428222656
20170308154830397,-2.85519180297852
20170308154830398,-0.329862213134766
20170308154830399,-0.0628334045410156
20170308154830400,-2.98489151000977
20170308154830401,-0.314603424072266
20170308154830402,0.143160247802734
20170308154830403,-2.96200332641602
20170308154830404,-0.116239166259766
20170308154830405,-0.276456451416016
20170308154830406,-2.89333877563477
20170308154830407,-0.230680084228516
20170308154830408,-0.0628334045410156
20170308154830409,-2.93911514282227
20170308154830410,-0.398526763916016
20170308154830411,-0.0399452209472656
20170308154830412,-2.93911514282227
20170308154830413,-0.306974029541016
20170308154830414,0.188936614990234
20170308154830415,-2.93148574829102
20170308154830416,-0.223050689697266
20170308154830417,-0.108609771728516
20170308154830418,-2.88570938110352
20170308154830419,-0.162015533447266
20170308154830420,0.0210899353027344
20170308154830421,-2.81704483032227
20170308154830422,0.204195404052734
20170308154830423,-0.345121002197266
20170308154830424,-2.85519180297852
20170308154830425,0.326265716552734
20170308154830426,-0.543485260009766
20170308154830427,-2.81704483032227
20170308154830428,0.333895111083984
20170308154830429,-0.368009185791016
20170308154830430,-2.84756240844727
20170308154830431,0.417818450927734
20170308154830432,-0.688443756103516
20170308154830433,-2.86282119750977
20170308154830434,0.555147552490234
20170308154830435,-0.726590728759766
20170308154830436,-2.85519180297852
20170308154830437,0.837435150146484
20170308154830438,-0.955472564697266
20170308154830439,-2.73312149047852
20170308154830440,0.822176361083984
20170308154830441,-1.27590713500977
20170308154830442,-2.71786270141602
20170308154830443,0.890840911865234
20170308154830444,-1.11568984985352
20170308154830445,-2.58816299438477
20170308154830446,0.829805755615234
20170308154830447,-1.41323623657227
20170308154830448,-2.42794570922852
20170308154830449,0.974764251708984
20170308154830450,-1.74892959594727
20170308154830451,-2.25246963500977
20170308154830452,0.852693939208984
20170308154830453,-1.93966445922852
20170308154830454,-2.16854629516602
20170308154830455,0.814546966552734
20170308154830456,-2.16091690063477
20170308154830457,-1.82522354125977
20170308154830458,0.753511810302734
20170308154830459,-2.29061660766602
20170308154830460,-1.75655899047852
20170308154830461,0.806917572021484
20170308154830462,-2.29061660766602
20170308154830463,-1.58871231079102
20170308154830464,0.722994232177734
20170308154830465,-2.56527481079102
20170308154830466,-1.45901260375977
20170308154830467,0.761141204833984
20170308154830468,-2.60342178344727
20170308154830469,-1.45901260375977
20170308154830470,0.585665130615234
20170308154830471,-2.47372207641602
20170308154830472,-1.54293594360352
20170308154830473,0.784029388427734
20170308154830474,-2.54238662719727
20170308154830475,-1.56582412719727
20170308154830476,0.623812103271484
20170308154830477,-2.39742813110352
20170308154830478,-1.52004776000977
20170308154830479,0.600923919677734
20170308154830480,-2.51186904907227
20170308154830481,-1.56582412719727
20170308154830482,0.623812103271484
20170308154830483,-2.38979873657227
20170308154830484,-1.55819473266602
20170308154830485,0.700106048583984
20170308154830486,-2.32876358032227
20170308154830487,-1.68026504516602
20170308154830488,0.677217864990234
20170308154830489,-2.26009902954102
20170308154830490,-1.64211807250977
20170308154830491,0.669588470458984
20170308154830492,-2.64156875610352
20170308154830493,-1.35983047485352
20170308154830494,0.593294525146484
20170308154830495,-2.80178604125977
20170308154830496,-1.30642471313477
20170308154830497,0.631441497802734
20170308154830498,-3.00015029907227
20170308154830499,-1.10043106079102
20170308154830500,0.776399993896484
20170308154830501,-2.98489151000977
20170308154830502,-0.741849517822266
20170308154830503,0.478853607177734
20170308154830504,-2.91622695922852
20170308154830505,-0.581632232666016
20170308154830506,0.105013275146484
20170308154830507,-3.00015029907227
20170308154830508,-0.329862213134766
20170308154830509,0.158419036865234
20170308154830510,-2.88570938110352
20170308154830511,-0.192533111572266
20170308154830512,-0.0704627990722656
20170308154830513,-2.86282119750977
20170308154830514,-0.0933509826660156
20170308154830515,-0.352750396728516
20170308154830516,-2.93148574829102
20170308154830517,-0.0475746154785156
20170308154830518,-0.177274322509766
20170308154830519,-2.91622695922852
20170308154830520,-0.261197662353516
20170308154830521,-0.0628334045410156
20170308154830522,-2.96200332641602
20170308154830523,-0.299344635009766
20170308154830524,-0.154386138916016
20170308154830525,-2.91622695922852
20170308154830526,-0.268827056884766
20170308154830527,-0.162015533447266
20170308154830528,-3.04592666625977
20170308154830529,-0.253568267822266
20170308154830530,-0.200162506103516
20170308154830531,-3.00015029907227
20170308154830532,-0.215421295166016
20170308154830533,-0.100980377197266
20170308154830534,-2.91622695922852
20170308154830535,-0.291715240478516
20170308154830536,-0.0933509826660156
20170308154830537,-2.93911514282227
20170308154830538,-0.436673736572266
20170308154830539,0.257601165771484
20170308154830540,-2.92385635375977
20170308154830541,-0.398526763916016
20170308154830542,-0.0170570373535156
20170308154830543,-2.90859756469727
20170308154830544,-0.207791900634766
20170308154830545,-0.177274322509766
20170308154830546,-2.94674453735352
20170308154830547,-0.0857215881347656
20170308154830548,-0.329862213134766
20170308154830549,-2.88570938110352
20170308154830550,0.135530853271484
20170308154830551,-0.406156158447266
20170308154830552,-2.85519180297852
20170308154830553,0.402559661865234
20170308154830554,-0.574002838134766
20170308154830555,-2.87045059204102
20170308154830556,0.455965423583984
20170308154830557,-0.558744049072266
20170308154830558,-2.86282119750977
20170308154830559,0.326265716552734
20170308154830560,-0.688443756103516
20170308154830561,-2.87807998657227
20170308154830562,0.600923919677734
20170308154830563,-0.787625885009766
20170308154830564,-2.82467422485352
20170308154830565,0.639070892333984
20170308154830566,-0.825772857666016
20170308154830567,-2.80941543579102
20170308154830568,0.784029388427734
20170308154830569,-0.917325592041016
20170308154830570,-2.83230361938477
20170308154830571,0.944246673583984
20170308154830572,-1.06991348266602
20170308154830573,-2.72549209594727
20170308154830574,0.852693939208984
20170308154830575,-1.30642471313477
20170308154830576,-2.63393936157227
20170308154830577,0.814546966552734
20170308154830578,-1.64974746704102
20170308154830579,-2.32876358032227
20170308154830580,0.616182708740234
20170308154830581,-1.80233535766602
20170308154830582,-2.22958145141602
20170308154830583,0.799288177490234
20170308154830584,-1.87862930297852
20170308154830585,-2.16854629516602
20170308154830586,0.661959075927734
20170308154830587,-1.93966445922852
20170308154830588,-2.05410537719727
20170308154830589,0.883211517333984
20170308154830590,-2.17617568969727
20170308154830591,-1.93966445922852
20170308154830592,0.913729095458984
20170308154830593,-2.13039932250977
20170308154830594,-1.83285293579102
20170308154830595,0.722994232177734
20170308154830596,-2.26772842407227
20170308154830597,-1.77181777954102
20170308154830598,0.738253021240234
20170308154830599,-2.32876358032227
20170308154830600,-1.73367080688477
20170308154830601,0.791658782958984
20170308154830602,-2.47372207641602
20170308154830603,-1.52004776000977
20170308154830604,0.661959075927734
20170308154830605,-2.69497451782227
20170308154830606,-1.30642471313477
20170308154830607,0.600923919677734
20170308154830608,-2.80941543579102
20170308154830609,-1.26064834594727
20170308154830610,0.539888763427734
20170308154830611,-2.76363906860352
20170308154830612,-1.24538955688477
20170308154830613,0.585665130615234
20170308154830614,-2.90859756469727
20170308154830615,-1.06228408813477
20170308154830616,0.524629974365234
20170308154830617,-2.96200332641602
20170308154830618,-1.02413711547852
20170308154830619,0.707735443115234
20170308154830620,-2.95437393188477
20170308154830621,-0.917325592041016
20170308154830622,0.646700286865234
20170308154830623,-2.93911514282227
20170308154830624,-0.528226470947266
20170308154830625,0.234712982177734
20170308154830626,-3.03066787719727
20170308154830627,-0.368009185791016
20170308154830628,0.150789642333984
20170308154830629,-3.06881484985352
20170308154830630,-0.299344635009766
20170308154830631,-0.0323158264160156
20170308154830632,-2.87807998657227
20170308154830633,-0.284085845947266
20170308154830634,-0.0933509826660156
20170308154830635,-2.87045059204102
20170308154830636,-0.383267974853516
20170308154830637,-0.0857215881347656
20170308154830638,-2.99252090454102
20170308154830639,-0.535855865478516
20170308154830640,0.0897544860839844
20170308154830641,-2.95437393188477
20170308154830642,-0.505338287353516
20170308154830643,0.280489349365234
20170308154830644,-2.95437393188477
20170308154830645,-0.482450103759766
20170308154830646,0.0516075134277344
20170308154830647,-2.93148574829102
20170308154830648,-0.230680084228516
20170308154830649,-0.0857215881347656
20170308154830650,-2.93911514282227
20170308154830651,-0.192533111572266
20170308154830652,-0.108609771728516
20170308154830653,-2.94674453735352
20170308154830654,0.0439781188964844
20170308154830655,-0.322232818603516
20170308154830656,-2.96200332641602
20170308154830657,0.143160247802734
20170308154830658,-0.375638580322266
20170308154830659,-2.90859756469727
20170308154830660,0.150789642333984
20170308154830661,-0.337491607666016
20170308154830662,-2.88570938110352
20170308154830663,-0.0017982482910156
20170308154830664,-0.413785552978516
20170308154830665,-2.90096817016602
20170308154830666,0.272859954833984
20170308154830667,-0.413785552978516
20170308154830668,-2.80178604125977
20170308154830669,0.265230560302734
20170308154830670,-0.284085845947266
20170308154830671,-2.80178604125977
20170308154830672,0.341524505615234
20170308154830673,-0.284085845947266
20170308154830674,-2.79415664672852
20170308154830675,0.196566009521484
20170308154830676,-0.482450103759766
20170308154830677,-2.84756240844727
20170308154830678,0.0744956970214844
20170308154830679,-0.352750396728516
20170308154830680,-2.87045059204102
20170308154830681,0.150789642333984
20170308154830682,-0.322232818603516
20170308154830683,-2.80178604125977
20170308154830684,0.0973838806152344
20170308154830685,-0.398526763916016
20170308154830686,-2.96200332641602
20170308154830687,0.364412689208984
20170308154830688,-0.215421295166016
20170308154830689,-2.83993301391602
20170308154830690,0.425447845458984
20170308154830691,-0.589261627197266
20170308154830692,-2.95437393188477
20170308154830693,0.356783294677734
20170308154830694,-0.490079498291016
20170308154830695,-2.89333877563477
20170308154830696,0.387300872802734
20170308154830697,-0.688443756103516
20170308154830698,-2.86282119750977
20170308154830699,0.677217864990234
20170308154830700,-0.757108306884766
20170308154830701,-2.90096817016602
20170308154830702,0.402559661865234
20170308154830703,-0.497708892822266
20170308154830704,-2.80178604125977
20170308154830705,0.417818450927734
20170308154830706,-0.741849517822266
20170308154830707,-2.87045059204102
20170308154830708,0.661959075927734
20170308154830709,-1.02413711547852
20170308154830710,-2.79415664672852
20170308154830711,0.845064544677734
20170308154830712,-1.00124893188477
20170308154830713,-2.83993301391602
20170308154830714,0.738253021240234
20170308154830715,-1.10806045532227
20170308154830716,-2.77126846313477
20170308154830717,0.921358489990234
20170308154830718,-1.13094863891602
20170308154830719,-2.73312149047852
20170308154830720,0.936617279052734
20170308154830721,-1.35983047485352
20170308154830722,-2.60342178344727
20170308154830723,0.822176361083984
20170308154830724,-1.42086563110352
20170308154830725,-2.61105117797852
20170308154830726,0.753511810302734
20170308154830727,-1.44375381469727
20170308154830728,-2.56527481079102
20170308154830729,0.768770599365234
20170308154830730,-1.64211807250977
20170308154830731,-2.37453994750977
20170308154830732,0.822176361083984
20170308154830733,-1.94729385375977
20170308154830734,-2.06173477172852
20170308154830735,0.822176361083984
20170308154830736,-2.30587539672852
20170308154830737,-1.81759414672852
20170308154830738,0.700106048583984
20170308154830739,-2.45083389282227
20170308154830740,-1.57345352172852
20170308154830741,0.761141204833984
20170308154830742,-2.68734512329102
20170308154830743,-1.29879531860352
20170308154830744,0.692476654052734
20170308154830745,-2.82467422485352
20170308154830746,-1.14620742797852
20170308154830747,0.539888763427734
20170308154830748,-2.99252090454102
20170308154830749,-1.13857803344727
20170308154830750,0.555147552490234
20170308154830751,-2.92385635375977
20170308154830752,-1.09280166625977
20170308154830753,0.448336029052734
20170308154830754,-2.90096817016602
20170308154830755,-0.863919830322266
20170308154830756,0.661959075927734
20170308154830757,-2.87807998657227
20170308154830758,-0.718961334228516
20170308154830759,0.524629974365234
20170308154830760,-2.87807998657227
20170308154830761,-0.657926177978516
20170308154830762,0.509371185302734
20170308154830763,-2.90096817016602
20170308154830764,-0.566373443603516
20170308154830765,0.295748138427734
20170308154830766,-2.91622695922852
20170308154830767,-0.490079498291016
20170308154830768,0.211824798583984
20170308154830769,-2.94674453735352
20170308154830770,-0.467191314697266
20170308154830771,0.0744956970214844
20170308154830772,-2.92385635375977
20170308154830773,-0.436673736572266
20170308154830774,-0.0552040100097656
20170308154830775,-2.96963272094727
20170308154830776,-0.238309478759766
20170308154830777,-0.131497955322266
20170308154830778,-2.93911514282227
20170308154830779,-0.154386138916016
20170308154830780,-0.184903717041016
20170308154830781,-2.91622695922852
20170308154830782,-0.0780921936035156
20170308154830783,-0.0475746154785156
20170308154830784,-2.83993301391602
20170308154830785,-0.192533111572266
20170308154830786,-0.116239166259766
20170308154830787,-2.98489151000977
20170308154830788,-0.238309478759766
20170308154830789,-0.116239166259766
20170308154830790,-2.90859756469727
20170308154830791,-0.215421295166016
20170308154830792,-0.146756744384766
20170308154830793,-2.84756240844727
20170308154830794,0.0210899353027344
20170308154830795,-0.223050689697266
20170308154830796,-2.90859756469727
20170308154830797,-0.192533111572266
20170308154830798,-0.261197662353516
20170308154830799,-2.91622695922852
20170308154830800,0.303377532958984
20170308154830801,-0.253568267822266
20170308154830802,-2.85519180297852
20170308154830803,0.120272064208984
20170308154830804,-0.192533111572266
20170308154830805,-2.87045059204102
20170308154830806,0.265230560302734
20170308154830807,-0.520597076416016
20170308154830808,-2.83230361938477
20170308154830809,0.341524505615234
20170308154830810,-0.467191314697266
20170308154830811,-2.89333877563477
20170308154830812,0.120272064208984
20170308154830813,-0.398526763916016
20170308154830814,-2.89333877563477
20170308154830815,-0.184903717041016
20170308154830816,-0.238309478759766
20170308154830817,-2.99252090454102
20170308154830818,-0.192533111572266
20170308154830819,-0.215421295166016
20170308154830820,-2.91622695922852
20170308154830821,-0.0780921936035156
20170308154830822,-0.245938873291016
20170308154830823,-2.92385635375977
20170308154830824,0.150789642333984
20170308154830825,-0.451932525634766
20170308154830826,-2.89333877563477
20170308154830827,0.425447845458984
20170308154830828,-0.558744049072266
20170308154830829,-2.92385635375977
20170308154830830,0.394930267333984
20170308154830831,-0.650296783447266
20170308154830832,-2.93148574829102
20170308154830833,0.585665130615234
20170308154830834,-0.818143463134766
20170308154830835,-2.83993301391602
20170308154830836,0.410189056396484
20170308154830837,-0.474820709228516
20170308154830838,-2.79415664672852
20170308154830839,0.204195404052734
20170308154830840,-0.543485260009766
20170308154830841,-2.87045059204102
20170308154830842,0.364412689208984
20170308154830843,-0.627408599853516
20170308154830844,-2.87807998657227
20170308154830845,0.562776947021484
20170308154830846,-0.757108306884766
20170308154830847,-2.85519180297852
20170308154830848,0.669588470458984
20170308154830849,-0.856290435791016
20170308154830850,-2.83230361938477
20170308154830851,0.860323333740234
20170308154830852,-1.09280166625977
20170308154830853,-2.80178604125977
20170308154830854,0.883211517333984
20170308154830855,-1.27590713500977
20170308154830856,-2.67971572875977
20170308154830857,1.02054061889648
20170308154830858,-1.51241836547852
20170308154830859,-2.49661026000977
20170308154830860,0.791658782958984
20170308154830861,-1.68026504516602
20170308154830862,-2.46609268188477
20170308154830863,0.730623626708984
20170308154830864,-1.74130020141602
20170308154830865,-2.26772842407227
20170308154830866,0.845064544677734
20170308154830867,-2.03884658813477
20170308154830868,-2.00832901000977
20170308154830869,0.898470306396484
20170308154830870,-2.03884658813477
20170308154830871,-1.97018203735352
20170308154830872,0.906099700927734
20170308154830873,-2.29061660766602
20170308154830874,-1.77181777954102
20170308154830875,0.761141204833984
20170308154830876,-2.29824600219727
20170308154830877,-1.68789443969727
20170308154830878,0.867952728271484
20170308154830879,-2.74075088500977
20170308154830880,-1.30642471313477
20170308154830881,0.669588470458984
20170308154830882,-2.88570938110352
20170308154830883,-1.06991348266602
20170308154830884,0.509371185302734
20170308154830885,-2.87045059204102
20170308154830886,-1.13094863891602
20170308154830887,0.562776947021484
20170308154830888,-2.90096817016602
20170308154830889,-1.01650772094727
20170308154830890,0.494112396240234
20170308154830891,-2.97726211547852
20170308154830892,-0.734220123291016
20170308154830893,0.288118743896484
20170308154830894,-2.97726211547852
20170308154830895,-0.474820709228516
20170308154830896,0.112642669677734
20170308154830897,-2.92385635375977
20170308154830898,-0.360379791259766
20170308154830899,0.0744956970214844
20170308154830900,-2.94674453735352
20170308154830901,-0.284085845947266
20170308154830902,-0.100980377197266
20170308154830903,-3.06881484985352
20170308154830904,-0.162015533447266
20170308154830905,-0.276456451416016
20170308154830906,-2.98489151000977
20170308154830907,0.166048431396484
20170308154830908,-0.543485260009766
20170308154830909,-2.96200332641602
20170308154830910,0.204195404052734
20170308154830911,-0.520597076416016
20170308154830912,-2.93148574829102
20170308154830913,0.394930267333984
20170308154830914,-0.467191314697266
20170308154830915,-2.75600967407227
20170308154830916,-0.0475746154785156
20170308154830917,-0.0399452209472656
20170308154830918,-2.80178604125977
20170308154830919,-0.0170570373535156
20170308154830920,-0.238309478759766
20170308154830921,-2.86282119750977
20170308154830922,-0.0094276428222656
20170308154830923,-0.360379791259766
20170308154830924,-2.93148574829102
20170308154830925,-0.169644927978516
20170308154830926,-0.230680084228516
20170308154830927,-2.95437393188477
20170308154830928,0.257601165771484
20170308154830929,-0.413785552978516
20170308154830930,-2.85519180297852
20170308154830931,0.379671478271484
20170308154830932,-0.535855865478516
20170308154830933,-2.80941543579102
20170308154830934,0.539888763427734
20170308154830935,-0.825772857666016
20170308154830936,-2.83230361938477
20170308154830937,0.608553314208984
20170308154830938,-0.795255279541016
20170308154830939,-2.88570938110352
20170308154830940,0.440706634521484
20170308154830941,-0.856290435791016
20170308154830942,-2.87807998657227
20170308154830943,0.509371185302734
20170308154830944,-0.757108306884766
20170308154830945,-2.88570938110352
20170308154830946,0.440706634521484
20170308154830947,-0.711331939697266
20170308154830948,-2.90096817016602
20170308154830949,0.387300872802734
20170308154830950,-0.696073150634766
20170308154830951,-2.87045059204102
20170308154830952,0.242342376708984
20170308154830953,-0.528226470947266
20170308154830954,-2.94674453735352
20170308154830955,0.188936614990234
20170308154830956,-0.558744049072266
20170308154830957,-2.85519180297852
20170308154830958,0.272859954833984
20170308154830959,-0.703702545166016
20170308154830960,-2.86282119750977
20170308154830961,0.120272064208984
20170308154830962,-0.482450103759766
20170308154830963,-2.87045059204102
20170308154830964,0.364412689208984
20170308154830965,-0.512967681884766
20170308154830966,-2.82467422485352
20170308154830967,0.349153900146484
20170308154830968,-0.627408599853516
20170308154830969,-2.88570938110352
20170308154830970,0.188936614990234
20170308154830971,-0.474820709228516
20170308154830972,-2.87045059204102
20170308154830973,0.288118743896484
20170308154830974,-0.589261627197266
20170308154830975,-2.88570938110352
20170308154830976,0.455965423583984
20170308154830977,-0.810514068603516
20170308154830978,-2.86282119750977
20170308154830979,0.715364837646484
20170308154830980,-0.818143463134766
20170308154830981,-2.81704483032227
20170308154830982,0.623812103271484
20170308154830983,-0.749478912353516
20170308154830984,-2.81704483032227
20170308154830985,0.753511810302734
20170308154830986,-1.02413711547852
20170308154830987,-2.78652725219727
20170308154830988,0.707735443115234
20170308154830989,-1.12331924438477
20170308154830990,-2.77889785766602
20170308154830991,0.875582122802734
20170308154830992,-1.17672500610352
20170308154830993,-2.80178604125977
20170308154830994,0.791658782958984
20170308154830995,-1.16146621704102
20170308154830996,-2.67208633422852
20170308154830997,0.928987884521484
20170308154830998,-1.34457168579102
20170308154830999,-2.55764541625977
20170308154831000,0.753511810302734
20170308154831001,-1.32931289672852
20170308154831002,-2.48898086547852
20170308154831003,0.959505462646484
20170308154831004,-1.66500625610352
20170308154831005,-2.38216934204102
20170308154831006,0.745882415771484
20170308154831007,-2.00069961547852
20170308154831008,-2.11514053344727
20170308154831009,0.860323333740234
20170308154831010,-1.97781143188477
20170308154831011,-2.06173477172852
20170308154831012,0.700106048583984
20170308154831013,-2.22195205688477
20170308154831014,-1.95492324829102
20170308154831015,0.806917572021484
20170308154831016,-2.35165176391602
20170308154831017,-1.71841201782227
20170308154831018,0.883211517333984
20170308154831019,-2.50423965454102
20170308154831020,-1.56582412719727
20170308154831021,0.593294525146484
20170308154831022,-2.70260391235352
20170308154831023,-1.28353652954102
20170308154831024,0.585665130615234
20170308154831025,-2.90096817016602
20170308154831026,-1.32168350219727
20170308154831027,0.608553314208984
20170308154831028,-2.98489151000977
20170308154831029,-1.03939590454102
20170308154831030,0.616182708740234
20170308154831031,-3.03066787719727
20170308154831032,-0.581632232666016
20170308154831033,0.234712982177734
20170308154831034,-2.97726211547852
20170308154831035,-0.604520416259766
20170308154831036,0.364412689208984
20170308154831037,-2.97726211547852
20170308154831038,-0.520597076416016
20170308154831039,0.372042083740234
20170308154831040,-2.96963272094727
20170308154831041,-0.581632232666016
20170308154831042,0.455965423583984
20170308154831043,-2.91622695922852
20170308154831044,-0.451932525634766
20170308154831045,0.158419036865234
20170308154831046,-2.90859756469727
20170308154831047,-0.261197662353516
20170308154831048,-0.0628334045410156
20170308154831049,-2.87807998657227
20170308154831050,-0.253568267822266
20170308154831051,0.0516075134277344
20170308154831052,-2.93148574829102
20170308154831053,-0.482450103759766
20170308154831054,0.120272064208984
20170308154831055,-2.96200332641602
20170308154831056,-0.352750396728516
20170308154831057,0.135530853271484
20170308154831058,-2.93911514282227
20170308154831059,-0.429044342041016
20170308154831060,-0.0017982482910156
20170308154831061,-2.91622695922852
20170308154831062,-0.291715240478516
20170308154831063,0.188936614990234
20170308154831064,-2.91622695922852
20170308154831065,-0.505338287353516
20170308154831066,0.0973838806152344
20170308154831067,-2.91622695922852
20170308154831068,-0.245938873291016
20170308154831069,-0.0017982482910156
20170308154831070,-3.00015029907227
20170308154831071,-0.139127349853516
20170308154831072,0.0439781188964844
20170308154831073,-2.79415664672852
20170308154831074,-0.276456451416016
20170308154831075,-0.139127349853516
20170308154831076,-3.04592666625977
20170308154831077,-0.0475746154785156
20170308154831078,-0.162015533447266
20170308154831079,-2.96200332641602
20170308154831080,-0.0399452209472656
20170308154831081,-0.0475746154785156
20170308154831082,-2.89333877563477
20170308154831083,0.0516075134277344
20170308154831084,-0.123868560791016
20170308154831085,-2.83230361938477
20170308154831086,-0.0094276428222656
20170308154831087,-0.100980377197266
20170308154831088,-2.90096817016602
20170308154831089,-0.0170570373535156
20170308154831090,-0.207791900634766
20170308154831091,-2.86282119750977
20170308154831092,0.0668663024902344
20170308154831093,-0.467191314697266
20170308154831094,-2.93911514282227
20170308154831095,0.440706634521484
20170308154831096,-0.696073150634766
20170308154831097,-2.88570938110352
20170308154831098,0.494112396240234
20170308154831099,-0.718961334228516
20170308154831100,-2.87807998657227
20170308154831101,0.311006927490234
20170308154831102,-0.467191314697266
20170308154831103,-2.83993301391602
20170308154831104,0.227083587646484
20170308154831105,-0.482450103759766
20170308154831106,-2.83993301391602
20170308154831107,0.188936614990234
20170308154831108,-0.535855865478516
20170308154831109,-2.86282119750977
20170308154831110,0.143160247802734
20170308154831111,-0.551114654541016
20170308154831112,-2.87807998657227
20170308154831113,0.0439781188964844
20170308154831114,-0.390897369384766
20170308154831115,-2.94674453735352
20170308154831116,0.356783294677734
20170308154831117,-0.619779205322266
20170308154831118,-2.87807998657227
20170308154831119,0.608553314208984
20170308154831120,-0.909696197509766
20170308154831121,-2.86282119750977
20170308154831122,0.509371185302734
20170308154831123,-0.818143463134766
20170308154831124,-2.90859756469727
20170308154831125,0.494112396240234
20170308154831126,-0.879178619384766
20170308154831127,-2.80941543579102
20170308154831128,0.631441497802734
20170308154831129,-0.932584381103516
20170308154831130,-2.83230361938477
20170308154831131,0.753511810302734
20170308154831132,-1.09280166625977
20170308154831133,-2.80941543579102
20170308154831134,0.799288177490234
20170308154831135,-0.886808013916016
20170308154831136,-2.77889785766602
20170308154831137,0.845064544677734
20170308154831138,-1.13094863891602
20170308154831139,-2.74075088500977
20170308154831140,0.776399993896484
20170308154831141,-1.14620742797852
20170308154831142,-2.78652725219727
20170308154831143,0.822176361083984
20170308154831144,-1.29879531860352
20170308154831145,-2.69497451782227
20170308154831146,0.761141204833984
20170308154831147,-1.45138320922852
20170308154831148,-2.61868057250977
20170308154831149,0.669588470458984
20170308154831150,-1.24538955688477
20170308154831151,-2.67208633422852
20170308154831152,0.990023040771484
20170308154831153,-1.23776016235352
20170308154831154,-2.68734512329102
20170308154831155,0.913729095458984
20170308154831156,-1.25301895141602
20170308154831157,-2.54238662719727
20170308154831158,0.791658782958984
20170308154831159,-1.31405410766602
20170308154831160,-2.57290420532227
20170308154831161,0.692476654052734
20170308154831162,-1.30642471313477
20170308154831163,-2.55764541625977
20170308154831164,0.753511810302734
20170308154831165,-1.43612442016602
20170308154831166,-2.57290420532227
20170308154831167,0.700106048583984
20170308154831168,-1.37508926391602
20170308154831169,-2.55001602172852
20170308154831170,0.852693939208984
20170308154831171,-1.51241836547852
20170308154831172,-2.52712783813477
20170308154831173,0.776399993896484
20170308154831174,-1.72604141235352
20170308154831175,-2.37453994750977
20170308154831176,0.761141204833984
20170308154831177,-1.97018203735352
20170308154831178,-2.06936416625977
20170308154831179,0.730623626708984
20170308154831180,-2.22195205688477
20170308154831181,-1.93203506469727
20170308154831182,0.806917572021484
20170308154831183,-2.44320449829102
20170308154831184,-1.73367080688477
20170308154831185,0.692476654052734
20170308154831186,-2.46609268188477
20170308154831187,-1.57345352172852
20170308154831188,0.532259368896484
20170308154831189,-2.34402236938477
20170308154831190,-1.57345352172852
20170308154831191,0.700106048583984
20170308154831192,-2.87807998657227
20170308154831193,-1.23013076782227
20170308154831194,0.478853607177734
20170308154831195,-2.87045059204102
20170308154831196,-1.17672500610352
20170308154831197,0.730623626708984
20170308154831198,-3.00015029907227
20170308154831199,-0.856290435791016
20170308154831200,0.471224212646484
20170308154831201,-2.95437393188477
20170308154831202,-0.932584381103516
20170308154831203,0.417818450927734
20170308154831204,-2.96200332641602
20170308154831205,-1.03939590454102
20170308154831206,0.471224212646484
20170308154831207,-2.98489151000977
20170308154831208,-0.657926177978516
20170308154831209,0.173677825927734
20170308154831210,-2.97726211547852
20170308154831211,-0.612149810791016
20170308154831212,0.311006927490234
20170308154831213,-2.98489151000977
20170308154831214,-0.566373443603516
20170308154831215,0.311006927490234
20170308154831216,-2.94674453735352
20170308154831217,-0.551114654541016
20170308154831218,0.280489349365234
20170308154831219,-2.96200332641602
20170308154831220,-0.306974029541016
20170308154831221,-0.0628334045410156
20170308154831222,-3.00777969360352
20170308154831223,-0.223050689697266
20170308154831224,-0.0933509826660156
20170308154831225,-2.97726211547852
20170308154831226,-0.162015533447266
20170308154831227,-0.200162506103516
20170308154831228,-2.96963272094727
20170308154831229,-0.0399452209472656
20170308154831230,-0.200162506103516
20170308154831231,-2.87045059204102
20170308154831232,-0.245938873291016
20170308154831233,-0.245938873291016
20170308154831234,-2.93148574829102
20170308154831235,-0.0246864318847656
20170308154831236,-0.116239166259766
20170308154831237,-2.90859756469727
20170308154831238,0.173677825927734
20170308154831239,-0.490079498291016
20170308154831240,-2.87045059204102
20170308154831241,0.211824798583984
20170308154831242,-0.230680084228516
20170308154831243,-2.92385635375977
20170308154831244,0.242342376708984
20170308154831245,-0.398526763916016
20170308154831246,-2.84756240844727
20170308154831247,0.196566009521484
20170308154831248,-0.398526763916016
20170308154831249,-2.83993301391602
20170308154831250,0.303377532958984
20170308154831251,-0.589261627197266
20170308154831252,-2.91622695922852
20170308154831253,0.532259368896484
20170308154831254,-0.848661041259766
20170308154831255,-2.83230361938477
20170308154831256,0.494112396240234
20170308154831257,-0.779996490478516
20170308154831258,-2.90096817016602
20170308154831259,0.463594818115234
20170308154831260,-0.909696197509766
20170308154831261,-2.83993301391602
20170308154831262,0.745882415771484
20170308154831263,-0.947843170166016
20170308154831264,-2.86282119750977
20170308154831265,0.791658782958984
20170308154831266,-0.833402252197266
20170308154831267,-2.74838027954102
20170308154831268,0.852693939208984
20170308154831269,-1.04702529907227
20170308154831270,-2.85519180297852
20170308154831271,0.669588470458984
20170308154831272,-0.978360748291016
20170308154831273,-2.83993301391602
20170308154831274,0.875582122802734
20170308154831275,-0.947843170166016
20170308154831276,-2.82467422485352
20170308154831277,0.623812103271484
20170308154831278,-1.05465469360352
20170308154831279,-2.80178604125977
20170308154831280,0.806917572021484
20170308154831281,-1.16909561157227
20170308154831282,-2.77889785766602
20170308154831283,0.814546966552734
20170308154831284,-1.05465469360352
20170308154831285,-2.64156875610352
20170308154831286,0.738253021240234
20170308154831287,-1.15383682250977
20170308154831288,-2.64156875610352
20170308154831289,0.799288177490234
20170308154831290,-1.03939590454102
20170308154831291,-2.64919815063477
20170308154831292,0.883211517333984
20170308154831293,-1.42086563110352
20170308154831294,-2.50423965454102
20170308154831295,0.860323333740234
20170308154831296,-1.64211807250977
20170308154831297,-2.29824600219727
20170308154831298,0.692476654052734
20170308154831299,-1.76418838500977
20170308154831300,-2.35165176391602
20170308154831301,0.829805755615234
20170308154831302,-1.81759414672852
20170308154831303,-2.22958145141602
20170308154831304,0.715364837646484
20170308154831305,-1.92440567016602
20170308154831306,-2.13039932250977
20170308154831307,0.761141204833984
20170308154831308,-2.09988174438477
20170308154831309,-2.14565811157227
20170308154831310,0.639070892333984
20170308154831311,-2.13802871704102
20170308154831312,-1.98544082641602
20170308154831313,0.661959075927734
20170308154831314,-2.16854629516602
20170308154831315,-1.90151748657227
20170308154831316,0.806917572021484
20170308154831317,-2.40505752563477
20170308154831318,-1.67263565063477
20170308154831319,0.837435150146484
20170308154831320,-2.63393936157227
20170308154831321,-1.52767715454102
20170308154831322,0.608553314208984
20170308154831323,-2.44320449829102
20170308154831324,-1.52767715454102
20170308154831325,0.791658782958984
20170308154831326,-2.54238662719727
20170308154831327,-1.41323623657227
20170308154831328,0.799288177490234
20170308154831329,-2.72549209594727
20170308154831330,-1.28353652954102
20170308154831331,0.555147552490234
20170308154831332,-2.91622695922852
20170308154831333,-1.20724258422852
20170308154831334,0.738253021240234
20170308154831335,-2.91622695922852
20170308154831336,-1.12331924438477
20170308154831337,0.555147552490234
20170308154831338,-2.93911514282227
20170308154831339,-0.856290435791016
20170308154831340,0.501741790771484
20170308154831341,-2.97726211547852
20170308154831342,-0.535855865478516
20170308154831343,0.166048431396484
20170308154831344,-3.06881484985352
20170308154831345,-0.146756744384766
20170308154831346,-0.0704627990722656
20170308154831347,-2.98489151000977
20170308154831348,-0.0246864318847656
20170308154831349,-0.268827056884766
20170308154831350,-2.96963272094727
20170308154831351,0.127901458740234
20170308154831352,-0.345121002197266
20170308154831353,-2.96963272094727
20170308154831354,0.326265716552734
20170308154831355,-0.535855865478516
20170308154831356,-2.81704483032227
20170308154831357,-0.0552040100097656
20170308154831358,-0.337491607666016
20170308154831359,-2.88570938110352
20170308154831360,0.242342376708984
20170308154831361,-0.574002838134766
20170308154831362,-2.87045059204102
20170308154831363,0.410189056396484
20170308154831364,-0.688443756103516
20170308154831365,-2.87045059204102
20170308154831366,0.555147552490234
20170308154831367,-0.825772857666016
20170308154831368,-2.86282119750977
20170308154831369,0.707735443115234
20170308154831370,-1.00124893188477
20170308154831371,-2.76363906860352
20170308154831372,0.806917572021484
20170308154831373,-1.37508926391602
20170308154831374,-2.58816299438477
20170308154831375,0.761141204833984
20170308154831376,-1.55056533813477
20170308154831377,-2.41268692016602
20170308154831378,0.875582122802734
20170308154831379,-1.91677627563477
20170308154831380,-2.22958145141602
20170308154831381,0.883211517333984
20170308154831382,-1.78707656860352
20170308154831383,-2.20669326782227
20170308154831384,0.867952728271484
20170308154831385,-1.84048233032227
20170308154831386,-2.26009902954102
20170308154831387,0.845064544677734
20170308154831388,-1.88625869750977
20170308154831389,-2.16091690063477
20170308154831390,0.700106048583984
20170308154831391,-1.93203506469727
20170308154831392,-2.14565811157227
20170308154831393,0.707735443115234
20170308154831394,-2.16091690063477
20170308154831395,-1.99307022094727
20170308154831396,0.715364837646484
20170308154831397,-2.29061660766602
20170308154831398,-1.90151748657227
20170308154831399,0.654329681396484
20170308154831400,-2.29824600219727
20170308154831401,-1.89388809204102
20170308154831402,0.822176361083984
20170308154831403,-2.17617568969727
20170308154831404,-1.92440567016602
20170308154831405,0.661959075927734
20170308154831406,-2.17617568969727
20170308154831407,-2.09225234985352
20170308154831408,0.700106048583984
20170308154831409,-2.19906387329102
20170308154831410,-1.95492324829102
20170308154831411,0.631441497802734
20170308154831412,-2.14565811157227
20170308154831413,-1.86337051391602
20170308154831414,0.639070892333984
20170308154831415,-2.03121719360352
20170308154831416,-2.13802871704102
20170308154831417,0.722994232177734
20170308154831418,-1.90914688110352
20170308154831419,-2.07699356079102
20170308154831420,0.616182708740234
20170308154831421,-1.90914688110352
20170308154831422,-2.06936416625977
20170308154831423,0.593294525146484
20170308154831424,-2.06173477172852
20170308154831425,-2.01595840454102
20170308154831426,0.791658782958984
20170308154831427,-2.32876358032227
20170308154831428,-1.84048233032227
20170308154831429,0.822176361083984
20170308154831430,-2.32876358032227
20170308154831431,-1.68026504516602
20170308154831432,0.845064544677734
20170308154831433,-2.18380508422852
20170308154831434,-1.82522354125977
20170308154831435,0.585665130615234
20170308154831436,-2.12276992797852
20170308154831437,-1.96255264282227
20170308154831438,0.745882415771484
20170308154831439,-2.27535781860352
20170308154831440,-1.98544082641602
20170308154831441,0.753511810302734
20170308154831442,-2.19906387329102
20170308154831443,-1.89388809204102
20170308154831444,0.646700286865234
20170308154831445,-2.17617568969727
20170308154831446,-1.87099990844727
20170308154831447,0.722994232177734
20170308154831448,-2.26009902954102
20170308154831449,-1.71841201782227
20170308154831450,0.745882415771484
20170308154831451,-2.40505752563477
20170308154831452,-1.55819473266602
20170308154831453,0.837435150146484
20170308154831454,-2.52712783813477
20170308154831455,-1.49715957641602
20170308154831456,0.669588470458984
20170308154831457,-2.26009902954102
20170308154831458,-1.65737686157227
20170308154831459,0.936617279052734
20170308154831460,-2.29061660766602
20170308154831461,-1.61160049438477
20170308154831462,0.684847259521484
20170308154831463,-2.68734512329102
20170308154831464,-1.39034805297852
20170308154831465,0.661959075927734
20170308154831466,-2.79415664672852
20170308154831467,-1.21487197875977
20170308154831468,0.677217864990234
20170308154831469,-2.84756240844727
20170308154831470,-1.15383682250977
20170308154831471,0.608553314208984
20170308154831472,-2.88570938110352
20170308154831473,-1.03176651000977
20170308154831474,0.578035736083984
20170308154831475,-3.00777969360352
20170308154831476,-0.955472564697266
20170308154831477,0.387300872802734
20170308154831478,-2.96200332641602
20170308154831479,-1.14620742797852
20170308154831480,0.608553314208984
20170308154831481,-3.03829727172852
20170308154831482,-0.848661041259766
20170308154831483,0.410189056396484
20170308154831484,-2.96200332641602
20170308154831485,-0.627408599853516
20170308154831486,0.372042083740234
20170308154831487,-2.93148574829102
20170308154831488,-0.535855865478516
20170308154831489,0.196566009521484
20170308154831490,-3.00777969360352
20170308154831491,-0.581632232666016
20170308154831492,0.188936614990234
20170308154831493,-3.00777969360352
20170308154831494,-0.383267974853516
20170308154831495,0.0897544860839844
20170308154831496,-2.93148574829102
20170308154831497,-0.169644927978516
20170308154831498,-0.131497955322266
20170308154831499,-2.94674453735352
20170308154831500,-0.0170570373535156
20170308154831501,-0.192533111572266
20170308154831502,-2.92385635375977
20170308154831503,0.0821250915527344
20170308154831504,-0.444303131103516
20170308154831505,-2.90859756469727
20170308154831506,0.105013275146484
20170308154831507,-0.177274322509766
20170308154831508,-2.94674453735352
20170308154831509,0.303377532958984
20170308154831510,-0.543485260009766
20170308154831511,-2.83230361938477
20170308154831512,0.295748138427734
20170308154831513,-0.535855865478516
20170308154831514,-2.80941543579102
20170308154831515,0.349153900146484
20170308154831516,-0.261197662353516
20170308154831517,-2.83230361938477
20170308154831518,0.517000579833984
20170308154831519,-0.421414947509766
20170308154831520,-2.83230361938477
20170308154831521,0.486483001708984
20170308154831522,-0.741849517822266
20170308154831523,-2.85519180297852
20170308154831524,0.509371185302734
20170308154831525,-0.703702545166016
20170308154831526,-2.83993301391602
20170308154831527,0.524629974365234
20170308154831528,-0.833402252197266
20170308154831529,-2.87045059204102
20170308154831530,0.883211517333984
20170308154831531,-0.940213775634766
20170308154831532,-2.69497451782227
20170308154831533,0.776399993896484
20170308154831534,-1.18435440063477
20170308154831535,-2.65682754516602
20170308154831536,0.707735443115234
20170308154831537,-1.05465469360352
20170308154831538,-2.73312149047852
20170308154831539,1.00528182983398
20170308154831540,-1.19961318969727
20170308154831541,-2.70260391235352
20170308154831542,0.928987884521484
20170308154831543,-1.15383682250977
20170308154831544,-2.60342178344727
20170308154831545,0.936617279052734
20170308154831546,-1.18435440063477
20170308154831547,-2.64156875610352
20170308154831548,0.837435150146484
20170308154831549,-1.02413711547852
20170308154831550,-2.62630996704102
20170308154831551,0.906099700927734
20170308154831552,-1.16909561157227
20170308154831553,-2.64919815063477
20170308154831554,0.906099700927734
20170308154831555,-1.53530654907227
20170308154831556,-2.47372207641602
20170308154831557,0.791658782958984
20170308154831558,-1.60397109985352
20170308154831559,-2.55764541625977
20170308154831560,0.791658782958984
20170308154831561,-1.56582412719727
20170308154831562,-2.45083389282227
20170308154831563,0.768770599365234
20170308154831564,-1.79470596313477
20170308154831565,-2.23721084594727
20170308154831566,0.654329681396484
20170308154831567,-1.93203506469727
20170308154831568,-1.93966445922852
20170308154831569,0.684847259521484
20170308154831570,-2.10751113891602
20170308154831571,-1.92440567016602
20170308154831572,0.776399993896484
20170308154831573,-2.30587539672852
20170308154831574,-1.70315322875977
20170308154831575,0.654329681396484
20170308154831576,-2.22958145141602
20170308154831577,-1.61922988891602
20170308154831578,0.860323333740234
20170308154831579,-2.53475723266602
20170308154831580,-1.56582412719727
20170308154831581,0.593294525146484
20170308154831582,-2.37453994750977
20170308154831583,-1.61922988891602
20170308154831584,0.913729095458984
20170308154831585,-2.38979873657227
20170308154831586,-1.55056533813477
20170308154831587,0.700106048583984
20170308154831588,-2.55001602172852
20170308154831589,-1.46664199829102
20170308154831590,0.768770599365234
20170308154831591,-2.83993301391602
20170308154831592,-1.03176651000977
20170308154831593,0.555147552490234
20170308154831594,-2.85519180297852
20170308154831595,-1.19961318969727
20170308154831596,0.654329681396484
20170308154831597,-2.98489151000977
20170308154831598,-1.05465469360352
20170308154831599,0.532259368896484
20170308154831600,-2.85519180297852
20170308154831601,-1.10043106079102
20170308154831602,0.524629974365234
20170308154831603,-2.89333877563477
20170308154831604,-0.985990142822266
20170308154831605,0.623812103271484
20170308154831606,-2.89333877563477
20170308154831607,-0.909696197509766
20170308154831608,0.555147552490234
20170308154831609,-2.98489151000977
20170308154831610,-0.993619537353516
20170308154831611,0.463594818115234
20170308154831612,-2.96963272094727
20170308154831613,-0.963101959228516
20170308154831614,0.433077239990234
20170308154831615,-2.96200332641602
20170308154831616,-0.627408599853516
20170308154831617,0.288118743896484
20170308154831618,-2.93911514282227
20170308154831619,-0.711331939697266
20170308154831620,0.539888763427734
20170308154831621,-2.95437393188477
20170308154831622,-0.451932525634766
20170308154831623,0.372042083740234
20170308154831624,-2.90859756469727
20170308154831625,-0.596891021728516
20170308154831626,0.204195404052734
20170308154831627,-2.92385635375977
20170308154831628,-0.368009185791016
20170308154831629,0.0516075134277344
20170308154831630,-3.03829727172852
20170308154831631,-0.253568267822266
20170308154831632,-0.0704627990722656
20170308154831633,-2.92385635375977
20170308154831634,-0.0552040100097656
20170308154831635,0.0210899353027344
20170308154831636,-2.87807998657227
20170308154831637,0.158419036865234
20170308154831638,-0.421414947509766
20170308154831639,-2.87807998657227
20170308154831640,0.608553314208984
20170308154831641,-0.833402252197266
20170308154831642,-2.85519180297852
20170308154831643,0.677217864990234
20170308154831644,-0.894437408447266
20170308154831645,-2.84756240844727
20170308154831646,0.776399993896484
20170308154831647,-0.917325592041016
20170308154831648,-2.77126846313477
20170308154831649,0.936617279052734
20170308154831650,-1.17672500610352
20170308154831651,-2.64919815063477
20170308154831652,0.837435150146484
20170308154831653,-1.36745986938477
20170308154831654,-2.60342178344727
20170308154831655,0.700106048583984
20170308154831656,-1.21487197875977
20170308154831657,-2.48898086547852
20170308154831658,0.845064544677734
20170308154831659,-1.41323623657227
20170308154831660,-2.41268692016602
20170308154831661,0.928987884521484
20170308154831662,-1.44375381469727
20170308154831663,-2.42031631469727
20170308154831664,0.738253021240234
20170308154831665,-1.65737686157227
20170308154831666,-2.24484024047852
20170308154831667,0.913729095458984
20170308154831668,-1.80233535766602
20170308154831669,-2.27535781860352
20170308154831670,0.784029388427734
20170308154831671,-1.77181777954102
20170308154831672,-2.23721084594727
20170308154831673,0.997652435302734
20170308154831674,-1.80996475219727
20170308154831675,-2.19143447875977
20170308154831676,0.700106048583984
20170308154831677,-1.61160049438477
20170308154831678,-2.34402236938477
20170308154831679,0.829805755615234
20170308154831680,-1.72604141235352
20170308154831681,-2.09988174438477
20170308154831682,0.692476654052734
20170308154831683,-1.81759414672852
20170308154831684,-2.10751113891602
20170308154831685,0.822176361083984
20170308154831686,-2.01595840454102
20170308154831687,-2.07699356079102
20170308154831688,0.669588470458984
20170308154831689,-2.14565811157227
20170308154831690,-1.94729385375977
20170308154831691,0.875582122802734
20170308154831692,-2.10751113891602
20170308154831693,-2.06173477172852
20170308154831694,0.791658782958984
20170308154831695,-2.13802871704102
20170308154831696,-2.04647598266602
20170308154831697,0.837435150146484
20170308154831698,-2.22958145141602
20170308154831699,-1.85574111938477
20170308154831700,0.845064544677734
20170308154831701,-2.16091690063477
20170308154831702,-1.76418838500977
20170308154831703,0.570406341552734
20170308154831704,-2.19143447875977
20170308154831705,-1.83285293579102
20170308154831706,0.608553314208984
20170308154831707,-2.20669326782227
20170308154831708,-1.93966445922852
20170308154831709,0.715364837646484
20170308154831710,-2.13039932250977
20170308154831711,-2.03121719360352
20170308154831712,0.936617279052734
20170308154831713,-2.09225234985352
20170308154831714,-1.97018203735352
20170308154831715,0.730623626708984
20170308154831716,-1.94729385375977
20170308154831717,-1.93966445922852
20170308154831718,0.799288177490234
20170308154831719,-2.22195205688477
20170308154831720,-1.90151748657227
20170308154831721,0.692476654052734
20170308154831722,-2.38216934204102
20170308154831723,-1.66500625610352
20170308154831724,0.730623626708984
20170308154831725,-2.47372207641602
20170308154831726,-1.53530654907227
20170308154831727,0.654329681396484
20170308154831728,-2.45846328735352
20170308154831729,-1.59634170532227
20170308154831730,0.906099700927734
20170308154831731,-2.51186904907227
20170308154831732,-1.56582412719727
20170308154831733,0.639070892333984
20170308154831734,-2.65682754516602
20170308154831735,-1.40560684204102
20170308154831736,0.730623626708984
20170308154831737,-2.85519180297852
20170308154831738,-1.31405410766602
20170308154831739,0.593294525146484
20170308154831740,-2.87807998657227
20170308154831741,-1.20724258422852
20170308154831742,0.547518157958984
20170308154831743,-2.94674453735352
20170308154831744,-1.05465469360352
20170308154831745,0.402559661865234
20170308154831746,-2.80178604125977
20170308154831747,-1.11568984985352
20170308154831748,0.585665130615234
20170308154831749,-2.89333877563477
20170308154831750,-1.03176651000977
20170308154831751,0.646700286865234
20170308154831752,-2.93148574829102
20170308154831753,-1.04702529907227
20170308154831754,0.517000579833984
20170308154831755,-2.98489151000977
20170308154831756,-1.03939590454102
20170308154831757,0.570406341552734
20170308154831758,-2.95437393188477
20170308154831759,-0.932584381103516
20170308154831760,0.471224212646484
20170308154831761,-2.93911514282227
20170308154831762,-0.970731353759766
20170308154831763,0.616182708740234
20170308154831764,-2.90096817016602
20170308154831765,-1.06228408813477
20170308154831766,0.471224212646484
20170308154831767,-2.87045059204102
20170308154831768,-1.03176651000977
20170308154831769,0.524629974365234
20170308154831770,-2.97726211547852
20170308154831771,-0.894437408447266
20170308154831772,0.539888763427734
20170308154831773,-3.00015029907227
20170308154831774,-0.879178619384766
20170308154831775,0.318636322021484
20170308154831776,-3.02303848266602
20170308154831777,-0.795255279541016
20170308154831778,0.471224212646484
20170308154831779,-2.93911514282227
20170308154831780,-0.894437408447266
20170308154831781,0.478853607177734
20170308154831782,-2.93148574829102
20170308154831783,-0.924954986572266
20170308154831784,0.517000579833984
20170308154831785,-3.00777969360352
20170308154831786,-0.902066802978516
20170308154831787,0.608553314208984
20170308154831788,-2.93148574829102
20170308154831789,-0.703702545166016
20170308154831790,0.478853607177734
20170308154831791,-2.84756240844727
20170308154831792,-0.612149810791016
20170308154831793,0.249971771240234
20170308154831794,-2.92385635375977
20170308154831795,-0.444303131103516
20170308154831796,0.135530853271484
20170308154831797,-2.90096817016602
20170308154831798,-0.535855865478516
20170308154831799,0.257601165771484
20170308154831800,-2.96200332641602
20170308154831801,-0.558744049072266
20170308154831802,0.249971771240234
20170308154831803,-2.93148574829102
20170308154831804,-0.520597076416016
20170308154831805,0.120272064208984
20170308154831806,-2.97726211547852
20170308154831807,-0.230680084228516
20170308154831808,0.0210899353027344
20170308154831809,-2.98489151000977
20170308154831810,-0.314603424072266
20170308154831811,0.0821250915527344
20170308154831812,-2.92385635375977
20170308154831813,-0.0475746154785156
20170308154831814,-0.154386138916016
20170308154831815,-2.87045059204102
20170308154831816,0.150789642333984
20170308154831817,-0.383267974853516
20170308154831818,-2.91622695922852
20170308154831819,0.150789642333984
20170308154831820,-0.490079498291016
20170308154831821,-2.84756240844727
20170308154831822,0.242342376708984
20170308154831823,-0.482450103759766
20170308154831824,-2.85519180297852
20170308154831825,0.341524505615234
20170308154831826,-0.741849517822266
20170308154831827,-2.82467422485352
20170308154831828,0.715364837646484
20170308154831829,-0.841031646728516
20170308154831830,-2.70260391235352
20170308154831831,0.867952728271484
20170308154831832,-1.24538955688477
20170308154831833,-2.71786270141602
20170308154831834,0.753511810302734
20170308154831835,-0.993619537353516
20170308154831836,-2.62630996704102
20170308154831837,0.806917572021484
20170308154831838,-1.29879531860352
20170308154831839,-2.51186904907227
20170308154831840,0.776399993896484
20170308154831841,-1.50478897094727
20170308154831842,-2.55001602172852
20170308154831843,0.677217864990234
20170308154831844,-1.33694229125977
20170308154831845,-2.55764541625977
20170308154831846,0.951876068115234
20170308154831847,-1.64974746704102
20170308154831848,-2.37453994750977
20170308154831849,0.692476654052734
20170308154831850,-1.68789443969727
20170308154831851,-2.38216934204102
20170308154831852,0.898470306396484
20170308154831853,-1.71841201782227
20170308154831854,-2.29824600219727
20170308154831855,0.631441497802734
20170308154831856,-1.88625869750977
20170308154831857,-2.21432266235352
20170308154831858,0.829805755615234
20170308154831859,-2.22195205688477
20170308154831860,-1.92440567016602
20170308154831861,0.700106048583984
20170308154831862,-2.26772842407227
20170308154831863,-1.84048233032227
20170308154831864,0.753511810302734
20170308154831865,-2.31350479125977
20170308154831866,-1.68789443969727
20170308154831867,0.944246673583984
20170308154831868,-2.23721084594727
20170308154831869,-1.60397109985352
20170308154831870,0.730623626708984
20170308154831871,-2.29061660766602
20170308154831872,-1.72604141235352
20170308154831873,0.608553314208984
20170308154831874,-2.24484024047852
20170308154831875,-1.68026504516602
20170308154831876,0.692476654052734
20170308154831877,-2.38979873657227
20170308154831878,-1.57345352172852
20170308154831879,0.745882415771484
20170308154831880,-2.49661026000977
20170308154831881,-1.57345352172852
20170308154831882,0.745882415771484
20170308154831883,-2.41268692016602
20170308154831884,-1.57345352172852
20170308154831885,0.890840911865234
20170308154831886,-2.42031631469727
20170308154831887,-1.60397109985352
20170308154831888,0.913729095458984
20170308154831889,-2.40505752563477
20170308154831890,-1.52004776000977
20170308154831891,0.837435150146484
20170308154831892,-2.77126846313477
20170308154831893,-1.23013076782227
20170308154831894,0.715364837646484
20170308154831895,-2.76363906860352
20170308154831896,-1.32168350219727
20170308154831897,0.745882415771484
20170308154831898,-2.87045059204102
20170308154831899,-1.18435440063477
20170308154831900,0.791658782958984
20170308154831901,-2.85519180297852
20170308154831902,-1.16909561157227
20170308154831903,0.448336029052734
20170308154831904,-2.83993301391602
20170308154831905,-1.19961318969727
20170308154831906,0.738253021240234
20170308154831907,-2.82467422485352
20170308154831908,-1.15383682250977
20170308154831909,0.669588470458984
20170308154831910,-2.87045059204102
20170308154831911,-1.10806045532227
20170308154831912,0.517000579833984
20170308154831913,-2.92385635375977
20170308154831914,-1.01650772094727
20170308154831915,0.494112396240234
20170308154831916,-2.80941543579102
20170308154831917,-1.08517227172852
20170308154831918,0.471224212646484
20170308154831919,-2.81704483032227
20170308154831920,-1.25301895141602
20170308154831921,0.692476654052734
20170308154831922,-2.77126846313477
20170308154831923,-1.26064834594727
20170308154831924,0.616182708740234
20170308154831925,-2.71786270141602
20170308154831926,-1.26827774047852
20170308154831927,0.608553314208984
20170308154831928,-2.79415664672852
20170308154831929,-1.22250137329102
20170308154831930,0.570406341552734
20170308154831931,-2.92385635375977
20170308154831932,-1.06228408813477
20170308154831933,0.433077239990234
20170308154831934,-2.95437393188477
20170308154831935,-1.00124893188477
20170308154831936,0.494112396240234
20170308154831937,-2.90859756469727
20170308154831938,-1.03939590454102
20170308154831939,0.555147552490234
20170308154831940,-2.97726211547852
20170308154831941,-1.00887832641602
20170308154831942,0.639070892333984
20170308154831943,-2.93911514282227
20170308154831944,-0.650296783447266
20170308154831945,0.372042083740234
20170308154831946,-2.88570938110352
20170308154831947,-0.604520416259766
20170308154831948,0.272859954833984
20170308154831949,-2.97726211547852
20170308154831950,-0.230680084228516
20170308154831951,-0.0094276428222656
20170308154831952,-2.93148574829102
20170308154831953,-0.0475746154785156
20170308154831954,-0.337491607666016
20170308154831955,-2.88570938110352
20170308154831956,0.417818450927734
20170308154831957,-0.696073150634766
20170308154831958,-2.79415664672852
20170308154831959,0.486483001708984
20170308154831960,-0.810514068603516
20170308154831961,-2.86282119750977
20170308154831962,0.806917572021484
20170308154831963,-1.06991348266602
20170308154831964,-2.74838027954102
20170308154831965,1.05105819702148
20170308154831966,-1.31405410766602
20170308154831967,-2.61105117797852
20170308154831968,0.784029388427734
20170308154831969,-1.48953018188477
20170308154831970,-2.50423965454102
20170308154831971,0.776399993896484
20170308154831972,-1.88625869750977
20170308154831973,-2.17617568969727
20170308154831974,0.738253021240234
20170308154831975,-2.02358779907227
20170308154831976,-2.05410537719727
20170308154831977,0.753511810302734
20170308154831978,-2.04647598266602
20170308154831979,-1.97781143188477
20170308154831980,0.730623626708984
20170308154831981,-2.21432266235352
20170308154831982,-1.87862930297852
20170308154831983,0.799288177490234
20170308154831984,-2.26772842407227
20170308154831985,-1.83285293579102
20170308154831986,0.822176361083984
20170308154831987,-2.45083389282227
20170308154831988,-1.52004776000977
20170308154831989,0.654329681396484
20170308154831990,-2.69497451782227
20170308154831991,-1.40560684204102
20170308154831992,0.616182708740234
20170308154831993,-2.74075088500977
20170308154831994,-1.26064834594727
20170308154831995,0.646700286865234
20170308154831996,-2.82467422485352
20170308154831997,-1.25301895141602
20170308154831998,0.692476654052734
20170308154831999,-2.92385635375977
20170308154832000,-1.03176651000977
20170308154832001,0.646700286865234
20170308154832002,-2.90859756469727
20170308154832003,-1.10043106079102
20170308154832004,0.570406341552734
20170308154832005,-2.90859756469727
20170308154832006,-0.978360748291016
20170308154832007,0.547518157958984
20170308154832008,-2.98489151000977
20170308154832009,-0.856290435791016
20170308154832010,0.494112396240234
20170308154832011,-3.00015029907227
20170308154832012,-0.528226470947266
20170308154832013,0.402559661865234
20170308154832014,-2.87045059204102
20170308154832015,-0.314603424072266
20170308154832016,0.158419036865234
20170308154832017,-2.89333877563477
20170308154832018,-0.215421295166016
20170308154832019,-0.100980377197266
20170308154832020,-2.91622695922852
20170308154832021,-0.291715240478516
20170308154832022,-0.154386138916016
20170308154832023,-2.96200332641602
20170308154832024,-0.154386138916016
20170308154832025,-0.146756744384766
20170308154832026,-3.00015029907227
20170308154832027,-0.451932525634766
20170308154832028,-0.0780921936035156
20170308154832029,-2.99252090454102
20170308154832030,-0.131497955322266
20170308154832031,-0.306974029541016
20170308154832032,-2.84756240844727
20170308154832033,-0.192533111572266
20170308154832034,0.0744956970214844
20170308154832035,-2.88570938110352
20170308154832036,-0.177274322509766
20170308154832037,-0.230680084228516
20170308154832038,-2.88570938110352
20170308154832039,-0.0857215881347656
20170308154832040,-0.268827056884766
20170308154832041,-2.84756240844727
20170308154832042,-0.146756744384766
20170308154832043,-0.215421295166016
20170308154832044,-2.87045059204102
20170308154832045,-0.146756744384766
20170308154832046,-0.108609771728516
20170308154832047,-2.93911514282227
20170308154832048,-0.0017982482910156
20170308154832049,-0.0552040100097656
20170308154832050,-2.79415664672852
20170308154832051,-0.223050689697266
20170308154832052,0.0439781188964844
20170308154832053,-2.87807998657227
20170308154832054,-0.245938873291016
20170308154832055,-0.131497955322266
20170308154832056,-2.92385635375977
20170308154832057,-0.100980377197266
20170308154832058,-0.253568267822266
20170308154832059,-2.92385635375977
20170308154832060,0.211824798583984
20170308154832061,-0.528226470947266
20170308154832062,-2.90096817016602
20170308154832063,0.440706634521484
20170308154832064,-0.650296783447266
20170308154832065,-2.90096817016602
20170308154832066,0.234712982177734
20170308154832067,-0.451932525634766
20170308154832068,-2.90859756469727
20170308154832069,0.150789642333984
20170308154832070,-0.406156158447266
20170308154832071,-2.89333877563477
20170308154832072,0.326265716552734
20170308154832073,-0.276456451416016
20170308154832074,-2.82467422485352
20170308154832075,0.0592369079589844
20170308154832076,-0.322232818603516
20170308154832077,-2.87045059204102
20170308154832078,0.349153900146484
20170308154832079,-0.589261627197266
20170308154832080,-2.79415664672852
20170308154832081,0.639070892333984
20170308154832082,-0.688443756103516
20170308154832083,-2.87045059204102
20170308154832084,0.646700286865234
20170308154832085,-0.810514068603516
20170308154832086,-2.90096817016602
20170308154832087,0.829805755615234
20170308154832088,-1.01650772094727
20170308154832089,-2.81704483032227
20170308154832090,0.616182708740234
20170308154832091,-0.902066802978516
20170308154832092,-2.78652725219727
20170308154832093,0.768770599365234
20170308154832094,-1.05465469360352
20170308154832095,-2.71786270141602
20170308154832096,0.829805755615234
20170308154832097,-1.27590713500977
20170308154832098,-2.55001602172852
20170308154832099,0.822176361083984
20170308154832100,-1.65737686157227
20170308154832101,-2.31350479125977
20170308154832102,0.776399993896484
20170308154832103,-1.87862930297852
20170308154832104,-2.22195205688477
20170308154832105,0.791658782958984
20170308154832106,-2.06936416625977
20170308154832107,-1.94729385375977
20170308154832108,0.646700286865234
20170308154832109,-2.05410537719727
20170308154832110,-1.91677627563477
20170308154832111,0.776399993896484
20170308154832112,-2.26772842407227
20170308154832113,-1.71841201782227
20170308154832114,0.692476654052734
20170308154832115,-2.33639297485352
20170308154832116,-1.57345352172852
20170308154832117,0.745882415771484
20170308154832118,-2.51949844360352
20170308154832119,-1.48190078735352
20170308154832120,0.738253021240234
20170308154832121,-3.11459121704102
20170308154832122,-0.894437408447266
20170308154832123,0.410189056396484
20170308154832124,-2.99252090454102
20170308154832125,-0.635037994384766
20170308154832126,0.326265716552734
20170308154832127,-2.89333877563477
20170308154832128,-0.497708892822266
20170308154832129,0.173677825927734
20170308154832130,-2.90859756469727
20170308154832131,-0.543485260009766
20170308154832132,0.494112396240234
20170308154832133,-2.83993301391602
20170308154832134,-0.459561920166016
20170308154832135,0.127901458740234
20170308154832136,-2.93148574829102
20170308154832137,-0.299344635009766
20170308154832138,-0.139127349853516
20170308154832139,-2.86282119750977
20170308154832140,-0.230680084228516
20170308154832141,0.150789642333984
20170308154832142,-2.89333877563477
20170308154832143,-0.238309478759766
20170308154832144,0.166048431396484
20170308154832145,-2.87045059204102
20170308154832146,-0.368009185791016
20170308154832147,0.0363487243652344
20170308154832148,-2.91622695922852
20170308154832149,-0.253568267822266
20170308154832150,-0.276456451416016
20170308154832151,-2.93911514282227
20170308154832152,0.135530853271484
20170308154832153,-0.482450103759766
20170308154832154,-2.92385635375977
20170308154832155,0.463594818115234
20170308154832156,-0.543485260009766
20170308154832157,-2.82467422485352
20170308154832158,0.364412689208984
20170308154832159,-0.574002838134766
20170308154832160,-2.94674453735352
20170308154832161,0.677217864990234
20170308154832162,-0.871549224853516
20170308154832163,-2.86282119750977
20170308154832164,0.738253021240234
20170308154832165,-0.985990142822266
20170308154832166,-2.87807998657227
20170308154832167,0.860323333740234
20170308154832168,-1.13857803344727
20170308154832169,-2.64919815063477
20170308154832170,0.997652435302734
20170308154832171,-1.22250137329102
20170308154832172,-2.70260391235352
20170308154832173,0.715364837646484
20170308154832174,-1.08517227172852
20170308154832175,-2.80178604125977
20170308154832176,0.684847259521484
20170308154832177,-1.03176651000977
20170308154832178,-2.77126846313477
20170308154832179,0.517000579833984
20170308154832180,-0.841031646728516
20170308154832181,-2.78652725219727
20170308154832182,0.509371185302734
20170308154832183,-0.818143463134766
20170308154832184,-2.84756240844727
20170308154832185,0.661959075927734
20170308154832186,-0.825772857666016
20170308154832187,-2.81704483032227
20170308154832188,0.570406341552734
20170308154832189,-0.749478912353516
20170308154832190,-2.84756240844727
20170308154832191,0.532259368896484
20170308154832192,-0.825772857666016
20170308154832193,-2.86282119750977
20170308154832194,0.440706634521484
20170308154832195,-0.795255279541016
20170308154832196,-2.85519180297852
20170308154832197,0.684847259521484
20170308154832198,-0.581632232666016
20170308154832199,-2.82467422485352
20170308154832200,0.539888763427734
20170308154832201,-0.917325592041016
20170308154832202,-2.79415664672852
20170308154832203,0.379671478271484
20170308154832204,-0.833402252197266
20170308154832205,-2.72549209594727
20170308154832206,0.570406341552734
20170308154832207,-0.863919830322266
20170308154832208,-2.78652725219727
20170308154832209,0.692476654052734
20170308154832210,-0.902066802978516
20170308154832211,-2.83230361938477
20170308154832212,0.547518157958984
20170308154832213,-0.718961334228516
20170308154832214,-2.77126846313477
20170308154832215,0.555147552490234
20170308154832216,-0.841031646728516
20170308154832217,-2.82467422485352
20170308154832218,0.707735443115234
20170308154832219,-0.635037994384766
20170308154832220,-2.86282119750977
20170308154832221,0.692476654052734
20170308154832222,-0.909696197509766
20170308154832223,-2.80941543579102
20170308154832224,0.639070892333984
20170308154832225,-1.03176651000977
20170308154832226,-2.83230361938477
20170308154832227,0.791658782958984
20170308154832228,-1.10806045532227
20170308154832229,-2.74075088500977
20170308154832230,0.944246673583984
20170308154832231,-1.10043106079102
20170308154832232,-2.76363906860352
20170308154832233,0.822176361083984
20170308154832234,-0.970731353759766
20170308154832235,-2.68734512329102
20170308154832236,0.898470306396484
20170308154832237,-1.24538955688477
20170308154832238,-2.65682754516602
20170308154832239,0.814546966552734
20170308154832240,-1.48953018188477
20170308154832241,-2.45083389282227
20170308154832242,0.829805755615234
20170308154832243,-1.89388809204102
20170308154832244,-2.07699356079102
20170308154832245,0.776399993896484
20170308154832246,-2.02358779907227
20170308154832247,-1.93203506469727
20170308154832248,0.829805755615234
20170308154832249,-2.23721084594727
20170308154832250,-1.65737686157227
20170308154832251,0.738253021240234
20170308154832252,-2.50423965454102
20170308154832253,-1.39034805297852
20170308154832254,0.890840911865234
20170308154832255,-2.60342178344727
20170308154832256,-1.32168350219727
20170308154832257,0.646700286865234
20170308154832258,-2.80941543579102
20170308154832259,-1.16909561157227
20170308154832260,0.707735443115234
20170308154832261,-2.92385635375977
20170308154832262,-1.01650772094727
20170308154832263,0.532259368896484
20170308154832264,-2.98489151000977
20170308154832265,-0.825772857666016
20170308154832266,0.448336029052734
20170308154832267,-2.99252090454102
20170308154832268,-0.635037994384766
20170308154832269,0.318636322021484
20170308154832270,-2.91622695922852
20170308154832271,-0.451932525634766
20170308154832272,0.227083587646484
20170308154832273,-2.99252090454102
20170308154832274,-0.436673736572266
20170308154832275,0.0134605407714844
20170308154832276,-2.94674453735352
20170308154832277,-0.100980377197266
20170308154832278,-0.192533111572266
20170308154832279,-2.91622695922852
20170308154832280,-0.169644927978516
20170308154832281,-0.108609771728516
20170308154832282,-3.00015029907227
20170308154832283,-0.100980377197266
20170308154832284,-0.306974029541016
20170308154832285,-2.88570938110352
20170308154832286,0.181307220458984
20170308154832287,-0.329862213134766
20170308154832288,-2.93911514282227
20170308154832289,0.135530853271484
20170308154832290,-0.406156158447266
20170308154832291,-2.84756240844727
20170308154832292,0.364412689208984
20170308154832293,-0.482450103759766
20170308154832294,-2.82467422485352
20170308154832295,0.356783294677734
20170308154832296,-0.413785552978516
20170308154832297,-2.83230361938477
20170308154832298,0.379671478271484
20170308154832299,-0.665555572509766
20170308154832300,-2.84756240844727
20170308154832301,0.646700286865234
20170308154832302,-0.734220123291016
20170308154832303,-2.80178604125977
20170308154832304,0.867952728271484
20170308154832305,-0.802884674072266
20170308154832306,-2.73312149047852
20170308154832307,0.700106048583984
20170308154832308,-1.00887832641602
20170308154832309,-2.85519180297852
20170308154832310,0.677217864990234
20170308154832311,-0.993619537353516
20170308154832312,-2.85519180297852
20170308154832313,0.745882415771484
20170308154832314,-1.11568984985352
20170308154832315,-2.77889785766602
20170308154832316,0.631441497802734
20170308154832317,-0.970731353759766
20170308154832318,-2.78652725219727
20170308154832319,0.944246673583984
20170308154832320,-1.10806045532227
20170308154832321,-2.71023330688477
20170308154832322,0.906099700927734
20170308154832323,-1.47427139282227
20170308154832324,-2.51186904907227
20170308154832325,0.631441497802734
20170308154832326,-1.48953018188477
20170308154832327,-2.61868057250977
20170308154832328,0.822176361083984
20170308154832329,-1.39797744750977
20170308154832330,-2.48898086547852
20170308154832331,0.814546966552734
20170308154832332,-1.46664199829102
20170308154832333,-2.44320449829102
20170308154832334,0.806917572021484
20170308154832335,-1.57345352172852
20170308154832336,-2.40505752563477
20170308154832337,0.677217864990234
20170308154832338,-1.66500625610352
20170308154832339,-2.45083389282227
20170308154832340,0.738253021240234
20170308154832341,-1.26827774047852
20170308154832342,-2.59579238891602
20170308154832343,0.928987884521484
20170308154832344,-1.36745986938477
20170308154832345,-2.54238662719727
20170308154832346,0.715364837646484
20170308154832347,-1.45138320922852
20170308154832348,-2.48135147094727
20170308154832349,0.951876068115234
20170308154832350,-1.43612442016602
20170308154832351,-2.51949844360352
20170308154832352,0.814546966552734
20170308154832353,-1.42086563110352
20170308154832354,-2.67971572875977
20170308154832355,0.906099700927734
20170308154832356,-1.34457168579102
20170308154832357,-2.53475723266602
20170308154832358,0.791658782958984
20170308154832359,-1.58871231079102
20170308154832360,-2.55764541625977
20170308154832361,0.814546966552734
20170308154832362,-1.66500625610352
20170308154832363,-2.45846328735352
20170308154832364,0.936617279052734
20170308154832365,-1.61160049438477
20170308154832366,-2.39742813110352
20170308154832367,0.799288177490234
20170308154832368,-1.75655899047852
20170308154832369,-2.23721084594727
20170308154832370,0.684847259521484
20170308154832371,-1.93966445922852
20170308154832372,-2.12276992797852
20170308154832373,0.913729095458984
20170308154832374,-1.90151748657227
20170308154832375,-2.22958145141602
20170308154832376,0.707735443115234
20170308154832377,-1.84811172485352
20170308154832378,-2.13039932250977
20170308154832379,0.639070892333984
20170308154832380,-1.92440567016602
20170308154832381,-2.13802871704102
20170308154832382,0.784029388427734
20170308154832383,-2.16854629516602
20170308154832384,-1.91677627563477
20170308154832385,0.700106048583984
20170308154832386,-2.14565811157227
20170308154832387,-1.87862930297852
20170308154832388,0.722994232177734
20170308154832389,-2.23721084594727
20170308154832390,-1.79470596313477
20170308154832391,0.700106048583984
20170308154832392,-2.38979873657227
20170308154832393,-1.63448867797852
20170308154832394,0.753511810302734
20170308154832395,-2.51186904907227
20170308154832396,-1.48190078735352
20170308154832397,0.829805755615234
20170308154832398,-2.54238662719727
20170308154832399,-1.41323623657227
20170308154832400,0.623812103271484
20170308154832401,-2.79415664672852
20170308154832402,-1.14620742797852
20170308154832403,0.784029388427734
20170308154832404,-2.87045059204102
20170308154832405,-1.20724258422852
20170308154832406,0.585665130615234
20170308154832407,-2.95437393188477
20170308154832408,-0.909696197509766
20170308154832409,0.524629974365234
20170308154832410,-3.05355606079102
20170308154832411,-0.673184967041016
20170308154832412,0.517000579833984
20170308154832413,-2.86282119750977
20170308154832414,-0.444303131103516
20170308154832415,0.150789642333984
20170308154832416,-2.95437393188477
20170308154832417,-0.535855865478516
20170308154832418,0.135530853271484
20170308154832419,-2.87807998657227
20170308154832420,-0.413785552978516
20170308154832421,0.0287193298339844
20170308154832422,-2.97726211547852
20170308154832423,-0.276456451416016
20170308154832424,-0.184903717041016
20170308154832425,-2.94674453735352
20170308154832426,-0.131497955322266
20170308154832427,-0.276456451416016
20170308154832428,-2.93148574829102
20170308154832429,0.219454193115234
20170308154832430,-0.390897369384766
20170308154832431,-2.94674453735352
20170308154832432,0.219454193115234
20170308154832433,-0.375638580322266
20170308154832434,-2.89333877563477
20170308154832435,0.242342376708984
20170308154832436,-0.604520416259766
20170308154832437,-2.88570938110352
20170308154832438,0.417818450927734
20170308154832439,-0.734220123291016
20170308154832440,-2.93911514282227
20170308154832441,0.517000579833984
20170308154832442,-0.619779205322266
20170308154832443,-2.84756240844727
20170308154832444,0.745882415771484
20170308154832445,-0.848661041259766
20170308154832446,-2.89333877563477
20170308154832447,0.761141204833984
20170308154832448,-0.825772857666016
20170308154832449,-2.81704483032227
20170308154832450,0.791658782958984
20170308154832451,-1.12331924438477
20170308154832452,-2.79415664672852
20170308154832453,0.799288177490234
20170308154832454,-1.16909561157227
20170308154832455,-2.77889785766602
20170308154832456,0.890840911865234
20170308154832457,-1.32931289672852
20170308154832458,-2.59579238891602
20170308154832459,0.852693939208984
20170308154832460,-1.29879531860352
20170308154832461,-2.61868057250977
20170308154832462,0.677217864990234
20170308154832463,-1.29116592407227
20170308154832464,-2.64919815063477
20170308154832465,0.753511810302734
20170308154832466,-1.29879531860352
20170308154832467,-2.55764541625977
20170308154832468,0.959505462646484
20170308154832469,-1.23013076782227
20170308154832470,-2.63393936157227
20170308154832471,0.745882415771484
20170308154832472,-1.20724258422852
20170308154832473,-2.67208633422852
20170308154832474,0.875582122802734
20170308154832475,-1.40560684204102
20170308154832476,-2.57290420532227
20170308154832477,0.753511810302734
20170308154832478,-1.42086563110352
20170308154832479,-2.61105117797852
20170308154832480,0.799288177490234
20170308154832481,-1.35220108032227
20170308154832482,-2.70260391235352
20170308154832483,0.806917572021484
20170308154832484,-1.46664199829102
20170308154832485,-2.51186904907227
20170308154832486,0.936617279052734
20170308154832487,-1.53530654907227
20170308154832488,-2.47372207641602
20170308154832489,0.684847259521484
20170308154832490,-1.45138320922852
20170308154832491,-2.45846328735352
20170308154832492,0.730623626708984
20170308154832493,-1.63448867797852
20170308154832494,-2.59579238891602
20170308154832495,0.967134857177734
20170308154832496,-1.42849502563477
20170308154832497,-2.51949844360352
20170308154832498,0.692476654052734
20170308154832499,-1.38271865844727
20170308154832500,-2.52712783813477
20170308154832501,0.860323333740234
20170308154832502,-1.43612442016602
20170308154832503,-2.50423965454102
20170308154832504,0.814546966552734
20170308154832505,-1.26827774047852
20170308154832506,-2.50423965454102
20170308154832507,1.02817001342773
20170308154832508,-1.31405410766602
20170308154832509,-2.64919815063477
20170308154832510,0.875582122802734
20170308154832511,-1.48190078735352
20170308154832512,-2.49661026000977
20170308154832513,0.967134857177734
20170308154832514,-1.51241836547852
20170308154832515,-2.51186904907227
20170308154832516,0.852693939208984
20170308154832517,-1.67263565063477
20170308154832518,-2.38979873657227
20170308154832519,0.639070892333984
20170308154832520,-1.75655899047852
20170308154832521,-2.16091690063477
20170308154832522,0.623812103271484
20170308154832523,-1.84811172485352
20170308154832524,-2.19906387329102
20170308154832525,0.791658782958984
20170308154832526,-1.99307022094727
20170308154832527,-2.25246963500977
20170308154832528,0.661959075927734
20170308154832529,-1.85574111938477
20170308154832530,-2.16091690063477
20170308154832531,0.753511810302734
20170308154832532,-1.96255264282227
20170308154832533,-2.06173477172852
20170308154832534,0.799288177490234
20170308154832535,-2.21432266235352
20170308154832536,-1.91677627563477
20170308154832537,0.791658782958984
20170308154832538,-2.22958145141602
20170308154832539,-1.90151748657227
20170308154832540,0.928987884521484
20170308154832541,-2.24484024047852
20170308154832542,-1.71078262329102
20170308154832543,0.677217864990234
20170308154832544,-2.38979873657227
20170308154832545,-1.53530654907227
20170308154832546,0.684847259521484
20170308154832547,-2.47372207641602
20170308154832548,-1.51241836547852
20170308154832549,0.707735443115234
20170308154832550,-2.55764541625977
20170308154832551,-1.30642471313477
20170308154832552,0.761141204833984
20170308154832553,-2.65682754516602
20170308154832554,-1.40560684204102
20170308154832555,0.600923919677734
20170308154832556,-2.77889785766602
20170308154832557,-1.19961318969727
20170308154832558,0.539888763427734
20170308154832559,-3.00015029907227
20170308154832560,-1.00124893188477
20170308154832561,0.593294525146484
20170308154832562,-2.94674453735352
20170308154832563,-0.993619537353516
20170308154832564,0.555147552490234
20170308154832565,-2.99252090454102
20170308154832566,-0.741849517822266
20170308154832567,0.394930267333984
20170308154832568,-2.98489151000977
20170308154832569,-0.467191314697266
20170308154832570,0.105013275146484
20170308154832571,-2.98489151000977
20170308154832572,-0.444303131103516
20170308154832573,-0.0094276428222656
20170308154832574,-2.92385635375977
20170308154832575,-0.0780921936035156
20170308154832576,-0.146756744384766
20170308154832577,-2.95437393188477
20170308154832578,0.0744956970214844
20170308154832579,-0.360379791259766
20170308154832580,-2.87807998657227
20170308154832581,0.0821250915527344
20170308154832582,-0.413785552978516
20170308154832583,-2.90096817016602
20170308154832584,0.295748138427734
20170308154832585,-0.650296783447266
20170308154832586,-2.90096817016602
20170308154832587,0.486483001708984
20170308154832588,-0.665555572509766
20170308154832589,-2.92385635375977
20170308154832590,0.539888763427734
20170308154832591,-0.810514068603516
20170308154832592,-2.83230361938477
20170308154832593,0.501741790771484
20170308154832594,-0.810514068603516
20170308154832595,-2.87045059204102
20170308154832596,0.501741790771484
20170308154832597,-0.879178619384766
20170308154832598,-2.84756240844727
20170308154832599,0.875582122802734
20170308154832600,-1.03176651000977
20170308154832601,-2.85519180297852
20170308154832602,0.799288177490234
20170308154832603,-0.985990142822266
20170308154832604,-2.82467422485352
20170308154832605,0.646700286865234
20170308154832606,-1.03176651000977
20170308154832607,-2.77126846313477
20170308154832608,0.791658782958984
20170308154832609,-1.10806045532227
20170308154832610,-2.85519180297852
20170308154832611,0.814546966552734
20170308154832612,-1.23776016235352
20170308154832613,-2.61868057250977
20170308154832614,0.845064544677734
20170308154832615,-1.39797744750977
20170308154832616,-2.63393936157227
20170308154832617,0.722994232177734
20170308154832618,-1.55819473266602
20170308154832619,-2.48135147094727
20170308154832620,0.791658782958984
20170308154832621,-1.57345352172852
20170308154832622,-2.48898086547852
20170308154832623,0.639070892333984
20170308154832624,-1.61922988891602
20170308154832625,-2.51186904907227
20170308154832626,0.974764251708984
20170308154832627,-1.53530654907227
20170308154832628,-2.59579238891602
20170308154832629,0.692476654052734
20170308154832630,-1.06991348266602
20170308154832631,-2.61105117797852
20170308154832632,0.837435150146484
20170308154832633,-1.25301895141602
20170308154832634,-2.53475723266602
20170308154832635,0.776399993896484
20170308154832636,-1.25301895141602
20170308154832637,-2.66445693969727
20170308154832638,0.990023040771484
20170308154832639,-1.18435440063477
20170308154832640,-2.63393936157227
20170308154832641,0.951876068115234
20170308154832642,-1.13094863891602
20170308154832643,-2.77126846313477
20170308154832644,0.776399993896484
20170308154832645,-1.10806045532227
20170308154832646,-2.71786270141602
20170308154832647,0.677217864990234
20170308154832648,-1.17672500610352
20170308154832649,-2.72549209594727
20170308154832650,0.761141204833984
20170308154832651,-1.18435440063477
20170308154832652,-2.64919815063477
20170308154832653,0.806917572021484
20170308154832654,-1.45138320922852
20170308154832655,-2.59579238891602
20170308154832656,0.829805755615234
20170308154832657,-1.24538955688477
20170308154832658,-2.69497451782227
20170308154832659,0.890840911865234
20170308154832660,-1.41323623657227
20170308154832661,-2.70260391235352
20170308154832662,0.799288177490234
20170308154832663,-1.45138320922852
20170308154832664,-2.49661026000977
20170308154832665,0.730623626708984
20170308154832666,-1.52004776000977
20170308154832667,-2.51186904907227
20170308154832668,1.04342880249023
20170308154832669,-1.51241836547852
20170308154832670,-2.55764541625977
20170308154832671,0.967134857177734
20170308154832672,-1.52767715454102
20170308154832673,-2.45083389282227
20170308154832674,0.928987884521484
20170308154832675,-1.65737686157227
20170308154832676,-2.45846328735352
20170308154832677,0.707735443115234
20170308154832678,-1.79470596313477
20170308154832679,-2.40505752563477
20170308154832680,0.890840911865234
20170308154832681,-1.75655899047852
20170308154832682,-2.20669326782227
20170308154832683,0.806917572021484
20170308154832684,-2.07699356079102
20170308154832685,-1.78707656860352
20170308154832686,0.738253021240234
20170308154832687,-2.56527481079102
20170308154832688,-1.45901260375977
20170308154832689,0.677217864990234
20170308154832690,-2.67208633422852
20170308154832691,-1.36745986938477
20170308154832692,0.578035736083984
20170308154832693,-2.80178604125977
20170308154832694,-1.19198379516602
20170308154832695,0.585665130615234
20170308154832696,-2.92385635375977
20170308154832697,-1.11568984985352
20170308154832698,0.532259368896484
20170308154832699,-2.95437393188477
20170308154832700,-0.818143463134766
20170308154832701,0.478853607177734
20170308154832702,-2.96963272094727
20170308154832703,-0.657926177978516
20170308154832704,0.341524505615234
20170308154832705,-3.01540908813477
20170308154832706,-0.528226470947266
20170308154832707,0.173677825927734
20170308154832708,-2.95437393188477
20170308154832709,-0.230680084228516
20170308154832710,-0.0246864318847656
20170308154832711,-3.02303848266602
20170308154832712,-0.0628334045410156
20170308154832713,-0.299344635009766
20170308154832714,-2.90859756469727
20170308154832715,0.0668663024902344
20170308154832716,-0.398526763916016
20170308154832717,-2.94674453735352
20170308154832718,0.547518157958984
20170308154832719,-0.856290435791016
20170308154832720,-2.77889785766602
20170308154832721,0.791658782958984
20170308154832722,-1.11568984985352
20170308154832723,-2.84756240844727
20170308154832724,0.784029388427734
20170308154832725,-1.10043106079102
20170308154832726,-2.73312149047852
20170308154832727,0.837435150146484
20170308154832728,-1.30642471313477
20170308154832729,-2.60342178344727
20170308154832730,0.867952728271484
20170308154832731,-1.45138320922852
20170308154832732,-2.56527481079102
20170308154832733,0.806917572021484
20170308154832734,-1.53530654907227
20170308154832735,-2.50423965454102
20170308154832736,0.768770599365234
20170308154832737,-1.71078262329102
20170308154832738,-2.36691055297852
20170308154832739,0.593294525146484
20170308154832740,-1.61922988891602
20170308154832741,-2.37453994750977
20170308154832742,0.806917572021484
20170308154832743,-1.95492324829102
20170308154832744,-2.16091690063477
20170308154832745,0.684847259521484
20170308154832746,-2.05410537719727
20170308154832747,-2.13039932250977
20170308154832748,0.593294525146484
20170308154832749,-1.88625869750977
20170308154832750,-2.26009902954102
20170308154832751,0.959505462646484
20170308154832752,-1.99307022094727
20170308154832753,-2.04647598266602
20170308154832754,0.654329681396484
20170308154832755,-1.97781143188477
20170308154832756,-1.99307022094727
20170308154832757,0.936617279052734
20170308154832758,-2.14565811157227
20170308154832759,-1.80233535766602
20170308154832760,0.547518157958984
20170308154832761,-2.20669326782227
20170308154832762,-1.87862930297852
20170308154832763,0.738253021240234
20170308154832764,-2.18380508422852
20170308154832765,-1.83285293579102
20170308154832766,0.730623626708984
20170308154832767,-2.28298721313477
20170308154832768,-1.68789443969727
20170308154832769,0.547518157958984
20170308154832770,-2.31350479125977
20170308154832771,-1.87862930297852
20170308154832772,0.623812103271484
20170308154832773,-2.22195205688477
20170308154832774,-1.87862930297852
20170308154832775,0.562776947021484
20170308154832776,-2.15328750610352
20170308154832777,-2.13802871704102
20170308154832778,0.570406341552734
20170308154832779,-1.88625869750977
20170308154832780,-2.19143447875977
20170308154832781,0.837435150146484
20170308154832782,-1.87862930297852
20170308154832783,-2.03121719360352
20170308154832784,0.593294525146484
20170308154832785,-1.97018203735352
20170308154832786,-2.06936416625977
20170308154832787,0.631441497802734
20170308154832788,-2.00832901000977
20170308154832789,-2.19906387329102
20170308154832790,0.745882415771484
20170308154832791,-2.12276992797852
20170308154832792,-2.10751113891602
20170308154832793,0.517000579833984
20170308154832794,-1.97018203735352
20170308154832795,-2.07699356079102
20170308154832796,0.898470306396484
20170308154832797,-1.87099990844727
20170308154832798,-2.02358779907227
20170308154832799,0.608553314208984
20170308154832800,-2.09225234985352
20170308154832801,-2.10751113891602
20170308154832802,0.639070892333984
20170308154832803,-1.95492324829102
20170308154832804,-2.17617568969727
20170308154832805,0.669588470458984
20170308154832806,-1.85574111938477
20170308154832807,-2.31350479125977
20170308154832808,0.845064544677734
20170308154832809,-1.67263565063477
20170308154832810,-2.42794570922852
20170308154832811,0.806917572021484
20170308154832812,-1.65737686157227
20170308154832813,-2.21432266235352
20170308154832814,0.684847259521484
20170308154832815,-1.81759414672852
20170308154832816,-2.18380508422852
20170308154832817,0.654329681396484
20170308154832818,-1.89388809204102
20170308154832819,-2.17617568969727
20170308154832820,0.913729095458984
20170308154832821,-1.88625869750977
20170308154832822,-2.13039932250977
20170308154832823,0.715364837646484
20170308154832824,-2.03121719360352
20170308154832825,-2.17617568969727
20170308154832826,0.570406341552734
20170308154832827,-1.89388809204102
20170308154832828,-2.24484024047852
20170308154832829,0.867952728271484
20170308154832830,-1.79470596313477
20170308154832831,-2.34402236938477
20170308154832832,0.761141204833984
20170308154832833,-1.65737686157227
20170308154832834,-2.26009902954102
20170308154832835,0.768770599365234
20170308154832836,-1.68789443969727
20170308154832837,-2.48898086547852
20170308154832838,0.684847259521484
20170308154832839,-1.71078262329102
20170308154832840,-2.36691055297852
20170308154832841,0.646700286865234
20170308154832842,-1.73367080688477
20170308154832843,-2.39742813110352
20170308154832844,0.822176361083984
20170308154832845,-1.77944717407227
20170308154832846,-2.29824600219727
20170308154832847,0.745882415771484
20170308154832848,-1.80996475219727
20170308154832849,-2.32876358032227
20170308154832850,0.600923919677734
20170308154832851,-1.63448867797852
20170308154832852,-2.44320449829102
20170308154832853,0.715364837646484
20170308154832854,-1.70315322875977
20170308154832855,-2.38979873657227
20170308154832856,0.852693939208984
20170308154832857,-1.74892959594727
20170308154832858,-2.22958145141602
20170308154832859,0.639070892333984
20170308154832860,-1.91677627563477
20170308154832861,-2.26009902954102
20170308154832862,0.806917572021484
20170308154832863,-1.90151748657227
20170308154832864,-2.16854629516602
20170308154832865,0.722994232177734
20170308154832866,-1.84048233032227
20170308154832867,-2.13802871704102
20170308154832868,0.898470306396484
20170308154832869,-1.95492324829102
20170308154832870,-2.09988174438477
20170308154832871,0.875582122802734
20170308154832872,-2.02358779907227
20170308154832873,-1.98544082641602
20170308154832874,0.799288177490234
20170308154832875,-2.17617568969727
20170308154832876,-1.90151748657227
20170308154832877,0.845064544677734
20170308154832878,-2.22958145141602
20170308154832879,-1.71841201782227
20170308154832880,0.654329681396484
20170308154832881,-2.34402236938477
20170308154832882,-1.44375381469727
20170308154832883,0.684847259521484
20170308154832884,-2.72549209594727
20170308154832885,-1.31405410766602
20170308154832886,0.532259368896484
20170308154832887,-2.78652725219727
20170308154832888,-1.15383682250977
20170308154832889,0.616182708740234
20170308154832890,-2.89333877563477
20170308154832891,-1.05465469360352
20170308154832892,0.608553314208984
20170308154832893,-3.07644424438477
20170308154832894,-0.635037994384766
20170308154832895,0.333895111083984
20170308154832896,-3.03829727172852
20170308154832897,-0.368009185791016
20170308154832898,0.112642669677734
20170308154832899,-2.98489151000977
20170308154832900,-0.368009185791016
20170308154832901,0.0439781188964844
20170308154832902,-2.99252090454102
20170308154832903,-0.0170570373535156
20170308154832904,-0.261197662353516
20170308154832905,-2.89333877563477
20170308154832906,0.0668663024902344
20170308154832907,-0.368009185791016
20170308154832908,-2.89333877563477
20170308154832909,0.257601165771484
20170308154832910,-0.314603424072266
20170308154832911,-2.89333877563477
20170308154832912,0.272859954833984
20170308154832913,-0.596891021728516
20170308154832914,-2.87807998657227
20170308154832915,0.379671478271484
20170308154832916,-0.619779205322266
20170308154832917,-2.81704483032227
20170308154832918,0.600923919677734
20170308154832919,-0.810514068603516
20170308154832920,-2.83993301391602
20170308154832921,0.661959075927734
20170308154832922,-0.985990142822266
20170308154832923,-2.85519180297852
20170308154832924,0.837435150146484
20170308154832925,-1.18435440063477
20170308154832926,-2.73312149047852
20170308154832927,1.02817001342773
20170308154832928,-1.36745986938477
20170308154832929,-2.59579238891602
20170308154832930,0.784029388427734
20170308154832931,-1.60397109985352
20170308154832932,-2.32113418579102
20170308154832933,0.738253021240234
20170308154832934,-1.98544082641602
20170308154832935,-2.13802871704102
20170308154832936,0.639070892333984
20170308154832937,-2.06173477172852
20170308154832938,-2.11514053344727
20170308154832939,0.860323333740234
20170308154832940,-2.03884658813477
20170308154832941,-2.13802871704102
20170308154832942,0.738253021240234
20170308154832943,-2.06173477172852
20170308154832944,-2.16091690063477
20170308154832945,0.745882415771484
20170308154832946,-2.19906387329102
20170308154832947,-1.80233535766602
20170308154832948,0.852693939208984
20170308154832949,-2.25246963500977
20170308154832950,-1.87862930297852
20170308154832951,0.753511810302734
20170308154832952,-2.42031631469727
20170308154832953,-1.66500625610352
20170308154832954,0.715364837646484
20170308154832955,-2.49661026000977
20170308154832956,-1.55819473266602
20170308154832957,0.631441497802734
20170308154832958,-2.33639297485352
20170308154832959,-1.74892959594727
20170308154832960,0.639070892333984
20170308154832961,-2.28298721313477
20170308154832962,-1.61922988891602
20170308154832963,0.616182708740234
20170308154832964,-2.27535781860352
20170308154832965,-1.80996475219727
20170308154832966,0.692476654052734
20170308154832967,-2.27535781860352
20170308154832968,-1.83285293579102
20170308154832969,0.738253021240234
20170308154832970,-2.29824600219727
20170308154832971,-1.69552383422852
20170308154832972,0.722994232177734
20170308154832973,-2.45083389282227
20170308154832974,-1.67263565063477
20170308154832975,0.623812103271484
20170308154832976,-2.47372207641602
20170308154832977,-1.73367080688477
20170308154832978,0.707735443115234
20170308154832979,-2.60342178344727
20170308154832980,-1.32931289672852
20170308154832981,0.547518157958984
20170308154832982,-2.67971572875977
20170308154832983,-1.35220108032227
20170308154832984,0.578035736083984
20170308154832985,-2.67971572875977
20170308154832986,-1.34457168579102
20170308154832987,0.578035736083984
20170308154832988,-2.70260391235352
20170308154832989,-1.40560684204102
20170308154832990,0.761141204833984
20170308154832991,-2.64919815063477
20170308154832992,-1.38271865844727
20170308154832993,0.494112396240234
20170308154832994,-2.77126846313477
20170308154832995,-1.51241836547852
20170308154832996,0.829805755615234
20170308154832997,-2.56527481079102
20170308154832998,-1.48190078735352
20170308154832999,0.806917572021484
20170308154833000,-2.59579238891602
20170308154833001,-1.43612442016602
20170308154833002,0.684847259521484
20170308154833003,-2.67971572875977
20170308154833004,-1.47427139282227
20170308154833005,0.578035736083984
20170308154833006,-2.70260391235352
20170308154833007,-1.49715957641602
20170308154833008,0.562776947021484
20170308154833009,-2.50423965454102
20170308154833010,-1.45138320922852
20170308154833011,0.593294525146484
20170308154833012,-2.60342178344727
20170308154833013,-1.37508926391602
20170308154833014,0.738253021240234
20170308154833015,-2.58816299438477
20170308154833016,-1.39034805297852
20170308154833017,0.593294525146484
20170308154833018,-2.57290420532227
20170308154833019,-1.51241836547852
20170308154833020,0.623812103271484
20170308154833021,-2.56527481079102
20170308154833022,-1.48953018188477
20170308154833023,0.677217864990234
20170308154833024,-2.71023330688477
20170308154833025,-1.33694229125977
20170308154833026,0.585665130615234
20170308154833027,-2.64919815063477
20170308154833028,-1.47427139282227
20170308154833029,0.784029388427734
20170308154833030,-2.55764541625977
20170308154833031,-1.45901260375977
20170308154833032,0.700106048583984
20170308154833033,-2.52712783813477
20170308154833034,-1.48190078735352
20170308154833035,0.677217864990234
20170308154833036,-2.46609268188477
20170308154833037,-1.49715957641602
20170308154833038,0.661959075927734
20170308154833039,-2.45083389282227
20170308154833040,-1.52767715454102
20170308154833041,0.654329681396484
20170308154833042,-2.35928115844727
20170308154833043,-1.57345352172852
20170308154833044,0.768770599365234
20170308154833045,-2.54238662719727
20170308154833046,-1.58871231079102
20170308154833047,0.692476654052734
20170308154833048,-2.53475723266602
20170308154833049,-1.48190078735352
20170308154833050,0.700106048583984
20170308154833051,-2.80178604125977
20170308154833052,-1.22250137329102
20170308154833053,0.547518157958984
20170308154833054,-2.83230361938477
20170308154833055,-1.07754287719727
20170308154833056,0.440706634521484
20170308154833057,-2.93911514282227
20170308154833058,-0.947843170166016
20170308154833059,0.463594818115234
20170308154833060,-2.96963272094727
20170308154833061,-0.871549224853516
20170308154833062,0.387300872802734
20170308154833063,-2.83993301391602
20170308154833064,-0.909696197509766
20170308154833065,0.455965423583984
20170308154833066,-2.96200332641602
20170308154833067,-0.718961334228516
20170308154833068,0.372042083740234
20170308154833069,-2.98489151000977
20170308154833070,-0.429044342041016
20170308154833071,0.318636322021484
20170308154833072,-2.97726211547852
20170308154833073,-0.406156158447266
20170308154833074,-0.0017982482910156
20170308154833075,-2.97726211547852
20170308154833076,-0.238309478759766
20170308154833077,-0.184903717041016
20170308154833078,-2.90859756469727
20170308154833079,0.120272064208984
20170308154833080,-0.368009185791016
20170308154833081,-2.93148574829102
20170308154833082,0.295748138427734
20170308154833083,-0.551114654541016
20170308154833084,-2.81704483032227
20170308154833085,0.562776947021484
20170308154833086,-0.787625885009766
20170308154833087,-2.87045059204102
20170308154833088,0.486483001708984
20170308154833089,-0.734220123291016
20170308154833090,-2.84756240844727
20170308154833091,0.860323333740234
20170308154833092,-1.05465469360352
20170308154833093,-2.74838027954102
20170308154833094,0.837435150146484
20170308154833095,-1.39797744750977
20170308154833096,-2.52712783813477
20170308154833097,0.837435150146484
20170308154833098,-1.52767715454102
20170308154833099,-2.55001602172852
20170308154833100,0.715364837646484
20170308154833101,-1.59634170532227
20170308154833102,-2.37453994750977
20170308154833103,0.837435150146484
20170308154833104,-1.71078262329102
20170308154833105,-2.16854629516602
20170308154833106,0.585665130615234
20170308154833107,-1.87862930297852
20170308154833108,-2.11514053344727
20170308154833109,0.639070892333984
20170308154833110,-2.08462295532227
20170308154833111,-2.07699356079102
20170308154833112,0.814546966552734
20170308154833113,-2.28298721313477
20170308154833114,-1.70315322875977
20170308154833115,0.814546966552734
20170308154833116,-2.37453994750977
20170308154833117,-1.45901260375977
20170308154833118,0.814546966552734
20170308154833119,-2.55764541625977
20170308154833120,-1.39797744750977
20170308154833121,0.700106048583984
20170308154833122,-2.84756240844727
20170308154833123,-1.06991348266602
20170308154833124,0.654329681396484
20170308154833125,-2.99252090454102
20170308154833126,-0.902066802978516
20170308154833127,0.471224212646484
20170308154833128,-2.92385635375977
20170308154833129,-0.963101959228516
20170308154833130,0.494112396240234
20170308154833131,-2.93148574829102
20170308154833132,-0.963101959228516
20170308154833133,0.494112396240234
20170308154833134,-2.90859756469727
20170308154833135,-0.955472564697266
20170308154833136,0.455965423583984
20170308154833137,-2.98489151000977
20170308154833138,-0.787625885009766
20170308154833139,0.295748138427734
20170308154833140,-2.92385635375977
20170308154833141,-0.619779205322266
20170308154833142,0.455965423583984
20170308154833143,-2.96200332641602
20170308154833144,-0.604520416259766
20170308154833145,0.196566009521484
20170308154833146,-3.02303848266602
20170308154833147,-0.528226470947266
20170308154833148,0.150789642333984
20170308154833149,-2.94674453735352
20170308154833150,-0.398526763916016
20170308154833151,0.0134605407714844
20170308154833152,-3.01540908813477
20170308154833153,-0.558744049072266
20170308154833154,0.0897544860839844
20170308154833155,-3.00015029907227
20170308154833156,-0.444303131103516
20170308154833157,0.265230560302734
20170308154833158,-2.94674453735352
20170308154833159,-0.459561920166016
20170308154833160,-0.0246864318847656
20170308154833161,-2.93911514282227
20170308154833162,-0.276456451416016
20170308154833163,-0.131497955322266
20170308154833164,-2.98489151000977
20170308154833165,-0.0857215881347656
20170308154833166,-0.116239166259766
20170308154833167,-2.91622695922852
20170308154833168,-0.306974029541016
20170308154833169,-0.0246864318847656
20170308154833170,-2.94674453735352
20170308154833171,-0.451932525634766
20170308154833172,0.120272064208984
20170308154833173,-2.93911514282227
20170308154833174,-0.406156158447266
20170308154833175,0.0134605407714844
20170308154833176,-2.90859756469727
20170308154833177,-0.322232818603516
20170308154833178,0.0134605407714844
20170308154833179,-2.98489151000977
20170308154833180,-0.215421295166016
20170308154833181,-0.0475746154785156
20170308154833182,-2.88570938110352
20170308154833183,0.173677825927734
20170308154833184,-0.383267974853516
20170308154833185,-2.90859756469727
20170308154833186,-0.0933509826660156
20170308154833187,-0.0933509826660156
20170308154833188,-2.99252090454102
20170308154833189,0.188936614990234
20170308154833190,-0.467191314697266
20170308154833191,-2.87045059204102
20170308154833192,0.0516075134277344
20170308154833193,-0.490079498291016
20170308154833194,-2.92385635375977
20170308154833195,0.173677825927734
20170308154833196,-0.230680084228516
20170308154833197,-2.87807998657227
20170308154833198,0.249971771240234
20170308154833199,-0.604520416259766
20170308154833200,-2.83230361938477
20170308154833201,0.295748138427734
20170308154833202,-0.612149810791016
20170308154833203,-2.81704483032227
20170308154833204,0.333895111083984
20170308154833205,-0.596891021728516
20170308154833206,-2.87045059204102
20170308154833207,0.402559661865234
20170308154833208,-0.390897369384766
20170308154833209,-2.90096817016602
20170308154833210,0.463594818115234
20170308154833211,-0.650296783447266
20170308154833212,-2.78652725219727
20170308154833213,0.135530853271484
20170308154833214,-0.253568267822266
20170308154833215,-2.82467422485352
20170308154833216,0.227083587646484
20170308154833217,-0.322232818603516
20170308154833218,-2.72549209594727
20170308154833219,0.0973838806152344
20170308154833220,-0.436673736572266
20170308154833221,-2.91622695922852
20170308154833222,0.0744956970214844
20170308154833223,-0.345121002197266
20170308154833224,-2.87045059204102
20170308154833225,0.532259368896484
20170308154833226,-0.673184967041016
20170308154833227,-2.80178604125977
20170308154833228,0.494112396240234
20170308154833229,-0.680814361572266
20170308154833230,-2.83230361938477
20170308154833231,0.234712982177734
20170308154833232,-0.253568267822266
20170308154833233,-2.78652725219727
20170308154833234,0.112642669677734
20170308154833235,-0.375638580322266
20170308154833236,-2.80178604125977
20170308154833237,0.303377532958984
20170308154833238,-0.604520416259766
20170308154833239,-2.83993301391602
20170308154833240,0.738253021240234
20170308154833241,-0.909696197509766
20170308154833242,-2.81704483032227
20170308154833243,0.997652435302734
20170308154833244,-1.10806045532227
20170308154833245,-2.70260391235352
20170308154833246,0.814546966552734
20170308154833247,-1.19961318969727
20170308154833248,-2.76363906860352
20170308154833249,0.722994232177734
20170308154833250,-1.09280166625977
20170308154833251,-2.65682754516602
20170308154833252,0.768770599365234
20170308154833253,-1.01650772094727
20170308154833254,-2.77889785766602
20170308154833255,0.722994232177734
20170308154833256,-0.902066802978516
20170308154833257,-2.78652725219727
20170308154833258,0.791658782958984
20170308154833259,-1.19198379516602
20170308154833260,-2.73312149047852
20170308154833261,0.921358489990234
20170308154833262,-1.24538955688477
20170308154833263,-2.74075088500977
20170308154833264,0.928987884521484
20170308154833265,-1.35220108032227
20170308154833266,-2.57290420532227
20170308154833267,0.684847259521484
20170308154833268,-1.54293594360352
20170308154833269,-2.42031631469727
20170308154833270,0.928987884521484
20170308154833271,-1.61922988891602
20170308154833272,-2.46609268188477
20170308154833273,0.722994232177734
20170308154833274,-1.71841201782227
20170308154833275,-2.45083389282227
20170308154833276,0.700106048583984
20170308154833277,-1.80233535766602
20170308154833278,-2.12276992797852
20170308154833279,0.875582122802734
20170308154833280,-2.16091690063477
20170308154833281,-1.90914688110352
20170308154833282,0.730623626708984
20170308154833283,-2.28298721313477
20170308154833284,-1.78707656860352
20170308154833285,0.890840911865234
20170308154833286,-2.33639297485352
20170308154833287,-1.79470596313477
20170308154833288,0.753511810302734
20170308154833289,-2.24484024047852
20170308154833290,-1.72604141235352
20170308154833291,0.738253021240234
20170308154833292,-2.43557510375977
20170308154833293,-1.55819473266602
20170308154833294,0.555147552490234
20170308154833295,-2.52712783813477
20170308154833296,-1.46664199829102
20170308154833297,0.669588470458984
20170308154833298,-2.80941543579102
20170308154833299,-1.13094863891602
20170308154833300,0.593294525146484
20170308154833301,-2.93911514282227
20170308154833302,-0.978360748291016
20170308154833303,0.501741790771484
20170308154833304,-3.01540908813477
20170308154833305,-0.833402252197266
20170308154833306,0.509371185302734
20170308154833307,-2.97726211547852
20170308154833308,-0.596891021728516
20170308154833309,0.356783294677734
20170308154833310,-3.03066787719727
20170308154833311,-0.345121002197266
20170308154833312,-0.0704627990722656
20170308154833313,-2.96963272094727
20170308154833314,-0.299344635009766
20170308154833315,-0.0552040100097656
20170308154833316,-2.97726211547852
20170308154833317,-0.360379791259766
20170308154833318,0.0363487243652344
20170308154833319,-2.90096817016602
20170308154833320,-0.482450103759766
20170308154833321,0.242342376708984
20170308154833322,-2.94674453735352
20170308154833323,-0.429044342041016
20170308154833324,0.0973838806152344
20170308154833325,-2.90859756469727
20170308154833326,-0.421414947509766
20170308154833327,0.0516075134277344
20170308154833328,-2.96200332641602
20170308154833329,-0.368009185791016
20170308154833330,-0.0246864318847656
20170308154833331,-2.95437393188477
20170308154833332,-0.0094276428222656
20170308154833333,-0.329862213134766
20170308154833334,-2.81704483032227
20170308154833335,0.311006927490234
20170308154833336,-0.314603424072266
20170308154833337,-2.91622695922852
20170308154833338,0.471224212646484
20170308154833339,-0.589261627197266
20170308154833340,-2.88570938110352
20170308154833341,0.249971771240234
20170308154833342,-0.604520416259766
20170308154833343,-2.87807998657227
20170308154833344,0.364412689208984
20170308154833345,-0.650296783447266
20170308154833346,-2.83993301391602
20170308154833347,0.417818450927734
20170308154833348,-0.619779205322266
20170308154833349,-2.84756240844727
20170308154833350,0.311006927490234
20170308154833351,-0.467191314697266
20170308154833352,-2.86282119750977
20170308154833353,0.242342376708984
20170308154833354,-0.512967681884766
20170308154833355,-2.76363906860352
20170308154833356,0.410189056396484
20170308154833357,-0.665555572509766
20170308154833358,-2.80178604125977
20170308154833359,0.448336029052734
20170308154833360,-0.688443756103516
20170308154833361,-2.87807998657227
20170308154833362,0.372042083740234
20170308154833363,-0.619779205322266
20170308154833364,-2.86282119750977
20170308154833365,0.379671478271484
20170308154833366,-0.703702545166016
20170308154833367,-2.79415664672852
20170308154833368,0.486483001708984
20170308154833369,-0.726590728759766
20170308154833370,-2.72549209594727
20170308154833371,0.471224212646484
20170308154833372,-0.635037994384766
20170308154833373,-2.74075088500977
20170308154833374,0.272859954833984
20170308154833375,-0.589261627197266
20170308154833376,-2.84756240844727
20170308154833377,0.318636322021484
20170308154833378,-0.436673736572266
20170308154833379,-2.80941543579102
20170308154833380,0.417818450927734
20170308154833381,-0.612149810791016
20170308154833382,-2.84756240844727
20170308154833383,0.486483001708984
20170308154833384,-0.787625885009766
20170308154833385,-2.83230361938477
20170308154833386,0.463594818115234
20170308154833387,-0.711331939697266
20170308154833388,-2.88570938110352
20170308154833389,0.555147552490234
20170308154833390,-0.589261627197266
20170308154833391,-2.84756240844727
20170308154833392,0.455965423583984
20170308154833393,-0.596891021728516
20170308154833394,-2.76363906860352
20170308154833395,0.341524505615234
20170308154833396,-0.482450103759766
20170308154833397,-2.78652725219727
20170308154833398,0.501741790771484
20170308154833399,-0.642667388916016
20170308154833400,-2.72549209594727
20170308154833401,0.280489349365234
20170308154833402,-0.345121002197266
20170308154833403,-2.71786270141602
20170308154833404,0.257601165771484
20170308154833405,-0.497708892822266
20170308154833406,-2.80941543579102
20170308154833407,0.448336029052734
20170308154833408,-0.299344635009766
20170308154833409,-2.80178604125977
20170308154833410,0.593294525146484
20170308154833411,-0.779996490478516
20170308154833412,-2.68734512329102
20170308154833413,0.730623626708984
20170308154833414,-0.871549224853516
20170308154833415,-2.72549209594727
20170308154833416,0.837435150146484
20170308154833417,-0.993619537353516
20170308154833418,-2.74838027954102
20170308154833419,0.837435150146484
20170308154833420,-1.00887832641602
20170308154833421,-2.76363906860352
20170308154833422,0.829805755615234
20170308154833423,-0.985990142822266
20170308154833424,-2.70260391235352
20170308154833425,0.677217864990234
20170308154833426,-1.08517227172852
20170308154833427,-2.73312149047852
20170308154833428,0.814546966552734
20170308154833429,-1.04702529907227
20170308154833430,-2.83230361938477
20170308154833431,0.654329681396484
20170308154833432,-0.856290435791016
20170308154833433,-2.71786270141602
20170308154833434,0.814546966552734
20170308154833435,-1.06228408813477
20170308154833436,-2.61105117797852
20170308154833437,0.822176361083984
20170308154833438,-1.25301895141602
20170308154833439,-2.71023330688477
20170308154833440,0.822176361083984
20170308154833441,-1.26827774047852
20170308154833442,-2.59579238891602
20170308154833443,0.845064544677734
20170308154833444,-1.44375381469727
20170308154833445,-2.53475723266602
20170308154833446,0.837435150146484
20170308154833447,-1.52767715454102
20170308154833448,-2.45083389282227
20170308154833449,0.722994232177734
20170308154833450,-1.74892959594727
20170308154833451,-2.23721084594727
20170308154833452,0.768770599365234
20170308154833453,-1.88625869750977
20170308154833454,-2.13802871704102
20170308154833455,0.845064544677734
20170308154833456,-1.97018203735352
20170308154833457,-2.04647598266602
20170308154833458,0.646700286865234
20170308154833459,-2.01595840454102
20170308154833460,-1.89388809204102
20170308154833461,0.791658782958984
20170308154833462,-2.15328750610352
20170308154833463,-1.67263565063477
20170308154833464,0.700106048583984
20170308154833465,-2.31350479125977
20170308154833466,-1.55819473266602
20170308154833467,0.845064544677734
20170308154833468,-2.67208633422852
20170308154833469,-1.30642471313477
20170308154833470,0.631441497802734
20170308154833471,-2.89333877563477
20170308154833472,-1.15383682250977
20170308154833473,0.578035736083984
20170308154833474,-2.95437393188477
20170308154833475,-0.863919830322266
20170308154833476,0.517000579833984
20170308154833477,-2.92385635375977
20170308154833478,-0.810514068603516
20170308154833479,0.455965423583984
20170308154833480,-2.92385635375977
20170308154833481,-0.528226470947266
20170308154833482,0.204195404052734
20170308154833483,-2.87045059204102
20170308154833484,-0.497708892822266
20170308154833485,0.288118743896484
20170308154833486,-2.95437393188477
20170308154833487,-0.596891021728516
20170308154833488,0.242342376708984
20170308154833489,-2.90096817016602
20170308154833490,-0.520597076416016
20170308154833491,0.158419036865234
20170308154833492,-2.99252090454102
20170308154833493,-0.306974029541016
20170308154833494,0.265230560302734
20170308154833495,-2.85519180297852
20170308154833496,-0.268827056884766
20170308154833497,-0.154386138916016
20170308154833498,-2.94674453735352
20170308154833499,0.0516075134277344
20170308154833500,-0.276456451416016
20170308154833501,-2.79415664672852
20170308154833502,0.143160247802734
20170308154833503,-0.345121002197266
20170308154833504,-2.90096817016602
20170308154833505,0.135530853271484
20170308154833506,-0.360379791259766
20170308154833507,-2.87807998657227
20170308154833508,0.341524505615234
20170308154833509,-0.589261627197266
20170308154833510,-2.85519180297852
20170308154833511,0.532259368896484
20170308154833512,-0.726590728759766
20170308154833513,-2.80178604125977
20170308154833514,0.120272064208984
20170308154833515,-0.459561920166016
20170308154833516,-2.84756240844727
20170308154833517,0.333895111083984
20170308154833518,-0.291715240478516
20170308154833519,-2.73312149047852
20170308154833520,0.311006927490234
20170308154833521,-0.253568267822266
20170308154833522,-2.74075088500977
20170308154833523,0.196566009521484
20170308154833524,-0.253568267822266
20170308154833525,-2.79415664672852
20170308154833526,0.204195404052734
20170308154833527,-0.535855865478516
20170308154833528,-2.84756240844727
20170308154833529,0.440706634521484
20170308154833530,-0.757108306884766
20170308154833531,-2.73312149047852
20170308154833532,0.326265716552734
20170308154833533,-0.284085845947266
20170308154833534,-2.80941543579102
20170308154833535,0.425447845458984
20170308154833536,-0.635037994384766
20170308154833537,-2.83230361938477
20170308154833538,0.410189056396484
20170308154833539,-0.657926177978516
20170308154833540,-2.83230361938477
20170308154833541,0.547518157958984
20170308154833542,-0.650296783447266
20170308154833543,-2.76363906860352
20170308154833544,0.608553314208984
20170308154833545,-0.772367095947266
20170308154833546,-2.90096817016602
20170308154833547,0.623812103271484
20170308154833548,-0.825772857666016
20170308154833549,-2.75600967407227
20170308154833550,0.593294525146484
20170308154833551,-0.703702545166016
20170308154833552,-2.78652725219727
20170308154833553,0.669588470458984
20170308154833554,-0.924954986572266
20170308154833555,-2.77126846313477
20170308154833556,0.829805755615234
20170308154833557,-0.947843170166016
20170308154833558,-2.74075088500977
20170308154833559,0.722994232177734
20170308154833560,-0.985990142822266
20170308154833561,-2.78652725219727
20170308154833562,0.738253021240234
20170308154833563,-1.06228408813477
20170308154833564,-2.73312149047852
20170308154833565,0.845064544677734
20170308154833566,-1.16909561157227
20170308154833567,-2.65682754516602
20170308154833568,0.837435150146484
20170308154833569,-1.23013076782227
20170308154833570,-2.58816299438477
20170308154833571,0.822176361083984
20170308154833572,-1.39797744750977
20170308154833573,-2.48898086547852
20170308154833574,0.722994232177734
20170308154833575,-1.32931289672852
20170308154833576,-2.51949844360352
20170308154833577,0.715364837646484
20170308154833578,-1.42849502563477
20170308154833579,-2.54238662719727
20170308154833580,0.791658782958984
20170308154833581,-1.29879531860352
20170308154833582,-2.53475723266602
20170308154833583,0.753511810302734
20170308154833584,-1.37508926391602
20170308154833585,-2.48135147094727
20170308154833586,0.936617279052734
20170308154833587,-1.72604141235352
20170308154833588,-2.23721084594727
20170308154833589,0.623812103271484
20170308154833590,-1.84048233032227
20170308154833591,-2.00832901000977
20170308154833592,0.722994232177734
20170308154833593,-2.14565811157227
20170308154833594,-2.02358779907227
20170308154833595,0.806917572021484
20170308154833596,-2.21432266235352
20170308154833597,-1.78707656860352
20170308154833598,0.654329681396484
20170308154833599,-2.31350479125977
20170308154833600,-1.65737686157227
20170308154833601,0.753511810302734
20170308154833602,-2.67971572875977
20170308154833603,-1.35220108032227
20170308154833604,0.677217864990234
20170308154833605,-2.70260391235352
20170308154833606,-1.16146621704102
20170308154833607,0.684847259521484
20170308154833608,-2.96200332641602
20170308154833609,-1.00124893188477
20170308154833610,0.509371185302734
20170308154833611,-2.96963272094727
20170308154833612,-0.665555572509766
20170308154833613,0.410189056396484
20170308154833614,-2.96200332641602
20170308154833615,-0.680814361572266
20170308154833616,0.326265716552734
20170308154833617,-2.90096817016602
20170308154833618,-0.818143463134766
20170308154833619,0.684847259521484
20170308154833620,-2.83993301391602
20170308154833621,-0.879178619384766
20170308154833622,0.455965423583984
20170308154833623,-2.86282119750977
20170308154833624,-0.642667388916016
20170308154833625,0.379671478271484
20170308154833626,-2.89333877563477
20170308154833627,-0.490079498291016
20170308154833628,0.410189056396484
20170308154833629,-2.87807998657227
20170308154833630,-0.398526763916016
20170308154833631,0.166048431396484
20170308154833632,-2.92385635375977
20170308154833633,-0.276456451416016
20170308154833634,0.0210899353027344
20170308154833635,-2.98489151000977
20170308154833636,-0.352750396728516
20170308154833637,0.0058311462402344
20170308154833638,-3.00015029907227
20170308154833639,-0.184903717041016
20170308154833640,-0.177274322509766
20170308154833641,-2.90859756469727
20170308154833642,-0.139127349853516
20170308154833643,-0.284085845947266
20170308154833644,-2.96200332641602
20170308154833645,-0.0475746154785156
20170308154833646,-0.116239166259766
20170308154833647,-2.93911514282227
20170308154833648,0.0058311462402344
20170308154833649,-0.261197662353516
20170308154833650,-2.80178604125977
20170308154833651,-0.154386138916016
20170308154833652,-0.146756744384766
20170308154833653,-2.88570938110352
20170308154833654,-0.100980377197266
20170308154833655,-0.245938873291016
20170308154833656,-2.87045059204102
20170308154833657,-0.100980377197266
20170308154833658,-0.314603424072266
20170308154833659,-2.84756240844727
20170308154833660,0.211824798583984
20170308154833661,-0.589261627197266
20170308154833662,-2.83230361938477
20170308154833663,0.318636322021484
20170308154833664,-0.322232818603516
20170308154833665,-2.74838027954102
20170308154833666,0.387300872802734
20170308154833667,-0.612149810791016
20170308154833668,-2.77889785766602
20170308154833669,0.425447845458984
20170308154833670,-0.635037994384766
20170308154833671,-2.80178604125977
20170308154833672,0.478853607177734
20170308154833673,-0.741849517822266
20170308154833674,-2.78652725219727
20170308154833675,0.684847259521484
20170308154833676,-0.787625885009766
20170308154833677,-2.84756240844727
20170308154833678,0.829805755615234
20170308154833679,-1.00887832641602
20170308154833680,-2.77889785766602
20170308154833681,0.745882415771484
20170308154833682,-1.16146621704102
20170308154833683,-2.74075088500977
20170308154833684,0.974764251708984
20170308154833685,-1.06991348266602
20170308154833686,-2.71786270141602
20170308154833687,0.707735443115234
20170308154833688,-0.810514068603516
20170308154833689,-2.74838027954102
20170308154833690,0.799288177490234
20170308154833691,-1.08517227172852
20170308154833692,-2.79415664672852
20170308154833693,0.646700286865234
20170308154833694,-0.863919830322266
20170308154833695,-2.77889785766602
20170308154833696,0.700106048583984
20170308154833697,-1.03176651000977
20170308154833698,-2.74838027954102
20170308154833699,0.837435150146484
20170308154833700,-0.985990142822266
20170308154833701,-2.70260391235352
20170308154833702,0.806917572021484
20170308154833703,-0.726590728759766
20170308154833704,-2.71023330688477
20170308154833705,0.745882415771484
20170308154833706,-0.909696197509766
20170308154833707,-2.83230361938477
20170308154833708,0.677217864990234
20170308154833709,-0.871549224853516
20170308154833710,-2.83993301391602
20170308154833711,0.509371185302734
20170308154833712,-0.696073150634766
20170308154833713,-2.82467422485352
20170308154833714,0.692476654052734
20170308154833715,-0.955472564697266
20170308154833716,-2.83230361938477
20170308154833717,0.845064544677734
20170308154833718,-0.848661041259766
20170308154833719,-2.78652725219727
20170308154833720,0.707735443115234
20170308154833721,-1.09280166625977
20170308154833722,-2.75600967407227
20170308154833723,0.745882415771484
20170308154833724,-1.07754287719727
20170308154833725,-2.79415664672852
20170308154833726,0.722994232177734
20170308154833727,-1.06991348266602
20170308154833728,-2.80178604125977
20170308154833729,0.860323333740234
20170308154833730,-1.30642471313477
20170308154833731,-2.57290420532227
20170308154833732,0.814546966552734
20170308154833733,-1.50478897094727
20170308154833734,-2.47372207641602
20170308154833735,0.822176361083984
20170308154833736,-1.63448867797852
20170308154833737,-2.40505752563477
20170308154833738,0.875582122802734
20170308154833739,-1.89388809204102
20170308154833740,-2.09988174438477
20170308154833741,0.646700286865234
20170308154833742,-2.03121719360352
20170308154833743,-2.06173477172852
20170308154833744,0.867952728271484
20170308154833745,-2.09988174438477
20170308154833746,-1.95492324829102
20170308154833747,0.684847259521484
20170308154833748,-2.11514053344727
20170308154833749,-1.94729385375977
20170308154833750,0.761141204833984
20170308154833751,-2.17617568969727
20170308154833752,-1.80233535766602
20170308154833753,0.631441497802734
20170308154833754,-2.33639297485352
20170308154833755,-1.76418838500977
20170308154833756,0.791658782958984
20170308154833757,-2.43557510375977
20170308154833758,-1.58108291625977
20170308154833759,0.608553314208984
20170308154833760,-2.71023330688477
20170308154833761,-1.28353652954102
20170308154833762,0.547518157958984
20170308154833763,-2.67971572875977
20170308154833764,-1.28353652954102
20170308154833765,0.600923919677734
20170308154833766,-2.82467422485352
20170308154833767,-1.29116592407227
20170308154833768,0.661959075927734
20170308154833769,-2.93911514282227
20170308154833770,-1.08517227172852
20170308154833771,0.532259368896484
20170308154833772,-2.97726211547852
20170308154833773,-0.787625885009766
20170308154833774,0.379671478271484
20170308154833775,-2.94674453735352
20170308154833776,-0.612149810791016
20170308154833777,0.295748138427734
20170308154833778,-3.00015029907227
20170308154833779,-0.429044342041016
20170308154833780,-0.0017982482910156
20170308154833781,-2.94674453735352
20170308154833782,-0.131497955322266
20170308154833783,-0.200162506103516
20170308154833784,-2.88570938110352
20170308154833785,-0.0628334045410156
20170308154833786,-0.261197662353516
20170308154833787,-2.86282119750977
20170308154833788,0.188936614990234
20170308154833789,-0.467191314697266
20170308154833790,-2.85519180297852
20170308154833791,0.272859954833984
20170308154833792,-0.482450103759766
20170308154833793,-2.87045059204102
20170308154833794,0.0897544860839844
20170308154833795,-0.520597076416016
20170308154833796,-2.85519180297852
20170308154833797,0.0973838806152344
20170308154833798,-0.276456451416016
20170308154833799,-2.88570938110352
20170308154833800,0.112642669677734
20170308154833801,-0.429044342041016
20170308154833802,-2.88570938110352
20170308154833803,0.0821250915527344
20170308154833804,-0.528226470947266
20170308154833805,-2.89333877563477
20170308154833806,0.288118743896484
20170308154833807,-0.581632232666016
20170308154833808,-2.91622695922852
20170308154833809,0.341524505615234
20170308154833810,-0.482450103759766
20170308154833811,-2.96200332641602
20170308154833812,0.333895111083984
20170308154833813,-0.512967681884766
20170308154833814,-2.80178604125977
20170308154833815,0.494112396240234
20170308154833816,-0.711331939697266
20170308154833817,-2.79415664672852
20170308154833818,0.387300872802734
20170308154833819,-0.482450103759766
20170308154833820,-2.85519180297852
20170308154833821,0.280489349365234
20170308154833822,-0.650296783447266
20170308154833823,-2.77889785766602
20170308154833824,0.387300872802734
20170308154833825,-0.718961334228516
20170308154833826,-2.82467422485352
20170308154833827,0.509371185302734
20170308154833828,-0.665555572509766
20170308154833829,-2.80178604125977
20170308154833830,0.517000579833984
20170308154833831,-0.772367095947266
20170308154833832,-2.80178604125977
20170308154833833,0.478853607177734
20170308154833834,-0.848661041259766
20170308154833835,-2.83993301391602
20170308154833836,0.692476654052734
20170308154833837,-0.993619537353516
20170308154833838,-2.74838027954102
20170308154833839,0.845064544677734
20170308154833840,-1.03939590454102
20170308154833841,-2.73312149047852
20170308154833842,0.852693939208984
20170308154833843,-1.18435440063477
20170308154833844,-2.77889785766602
20170308154833845,0.791658782958984
20170308154833846,-1.08517227172852
20170308154833847,-2.60342178344727
20170308154833848,0.967134857177734
20170308154833849,-1.23776016235352
20170308154833850,-2.64156875610352
20170308154833851,0.745882415771484
20170308154833852,-1.16909561157227
20170308154833853,-2.63393936157227
20170308154833854,0.730623626708984
20170308154833855,-1.27590713500977
20170308154833856,-2.67971572875977
20170308154833857,0.753511810302734
20170308154833858,-1.19961318969727
20170308154833859,-2.61868057250977
20170308154833860,0.768770599365234
20170308154833861,-1.15383682250977
20170308154833862,-2.67208633422852
20170308154833863,0.974764251708984
20170308154833864,-1.18435440063477
20170308154833865,-2.58816299438477
20170308154833866,0.768770599365234
20170308154833867,-1.23013076782227
20170308154833868,-2.62630996704102
20170308154833869,0.883211517333984
20170308154833870,-1.18435440063477
20170308154833871,-2.64156875610352
20170308154833872,0.845064544677734
20170308154833873,-1.53530654907227
20170308154833874,-2.51949844360352
20170308154833875,0.776399993896484
20170308154833876,-1.67263565063477
20170308154833877,-2.44320449829102
20170308154833878,0.654329681396484
20170308154833879,-1.56582412719727
20170308154833880,-2.41268692016602
20170308154833881,0.883211517333984
20170308154833882,-1.60397109985352
20170308154833883,-2.35165176391602
20170308154833884,0.791658782958984
20170308154833885,-1.87862930297852
20170308154833886,-2.08462295532227
20170308154833887,0.814546966552734
20170308154833888,-2.25246963500977
20170308154833889,-1.72604141235352
20170308154833890,0.738253021240234
20170308154833891,-2.43557510375977
20170308154833892,-1.63448867797852
20170308154833893,0.661959075927734
20170308154833894,-2.48898086547852
20170308154833895,-1.48953018188477
20170308154833896,0.829805755615234
20170308154833897,-2.79415664672852
20170308154833898,-1.15383682250977
20170308154833899,0.555147552490234
20170308154833900,-2.92385635375977
20170308154833901,-0.764737701416016
20170308154833902,0.433077239990234
20170308154833903,-2.96963272094727
20170308154833904,-0.635037994384766
20170308154833905,0.341524505615234
20170308154833906,-2.96200332641602
20170308154833907,-0.551114654541016
20170308154833908,0.249971771240234
20170308154833909,-3.00777969360352
20170308154833910,-0.322232818603516
20170308154833911,-0.154386138916016
20170308154833912,-2.95437393188477
20170308154833913,0.204195404052734
20170308154833914,-0.429044342041016
20170308154833915,-2.91622695922852
20170308154833916,0.623812103271484
20170308154833917,-0.871549224853516
20170308154833918,-2.80178604125977
20170308154833919,0.570406341552734
20170308154833920,-0.955472564697266
20170308154833921,-2.80178604125977
20170308154833922,0.845064544677734
20170308154833923,-0.985990142822266
20170308154833924,-2.79415664672852
20170308154833925,0.814546966552734
20170308154833926,-1.00887832641602
20170308154833927,-2.77889785766602
20170308154833928,0.738253021240234
20170308154833929,-1.14620742797852
20170308154833930,-2.86282119750977
20170308154833931,0.936617279052734
20170308154833932,-1.19961318969727
20170308154833933,-2.76363906860352
20170308154833934,0.867952728271484
20170308154833935,-1.53530654907227
20170308154833936,-2.55001602172852
20170308154833937,0.722994232177734
20170308154833938,-1.57345352172852
20170308154833939,-2.61105117797852
20170308154833940,0.730623626708984
20170308154833941,-1.64974746704102
20170308154833942,-2.44320449829102
20170308154833943,0.875582122802734
20170308154833944,-1.65737686157227
20170308154833945,-2.42794570922852
20170308154833946,0.684847259521484
20170308154833947,-1.68026504516602
20170308154833948,-2.24484024047852
20170308154833949,0.776399993896484
20170308154833950,-1.93966445922852
20170308154833951,-2.13039932250977
20170308154833952,0.707735443115234
20170308154833953,-2.14565811157227
20170308154833954,-1.97781143188477
20170308154833955,0.700106048583984
20170308154833956,-2.19906387329102
20170308154833957,-1.90914688110352
20170308154833958,0.623812103271484
20170308154833959,-2.16091690063477
20170308154833960,-2.02358779907227
20170308154833961,0.578035736083984
20170308154833962,-2.15328750610352
20170308154833963,-1.97018203735352
20170308154833964,0.555147552490234
20170308154833965,-2.00832901000977
20170308154833966,-2.07699356079102
20170308154833967,0.692476654052734
20170308154833968,-2.04647598266602
20170308154833969,-2.03121719360352
20170308154833970,0.715364837646484
20170308154833971,-2.14565811157227
20170308154833972,-2.01595840454102
20170308154833973,0.600923919677734
20170308154833974,-2.13039932250977
20170308154833975,-1.94729385375977
20170308154833976,0.707735443115234
20170308154833977,-2.19143447875977
20170308154833978,-1.98544082641602
20170308154833979,0.631441497802734
20170308154833980,-2.30587539672852
20170308154833981,-1.80996475219727
20170308154833982,0.555147552490234
20170308154833983,-2.32113418579102
20170308154833984,-1.80233535766602
20170308154833985,0.639070892333984
20170308154833986,-2.27535781860352
20170308154833987,-1.94729385375977
20170308154833988,0.623812103271484
20170308154833989,-2.12276992797852
20170308154833990,-2.06936416625977
20170308154833991,0.661959075927734
20170308154833992,-2.00832901000977
20170308154833993,-1.97018203735352
20170308154833994,0.654329681396484
20170308154833995,-2.05410537719727
20170308154833996,-2.09225234985352
20170308154833997,0.829805755615234
20170308154833998,-1.98544082641602
20170308154833999,-2.16854629516602
20170308154834000,0.684847259521484
20170308154834001,-2.11514053344727
20170308154834002,-2.06936416625977
20170308154834003,0.692476654052734
20170308154834004,-2.01595840454102
20170308154834005,-2.05410537719727
20170308154834006,0.700106048583984
20170308154834007,-2.15328750610352
20170308154834008,-1.96255264282227
20170308154834009,0.852693939208984
20170308154834010,-2.19143447875977
20170308154834011,-2.04647598266602
20170308154834012,0.814546966552734
20170308154834013,-2.16091690063477
20170308154834014,-1.93203506469727
20170308154834015,0.562776947021484
20170308154834016,-2.14565811157227
20170308154834017,-1.94729385375977
20170308154834018,0.570406341552734
20170308154834019,-2.13039932250977
20170308154834020,-1.94729385375977
20170308154834021,0.684847259521484
20170308154834022,-2.17617568969727
20170308154834023,-1.87099990844727
20170308154834024,0.677217864990234
20170308154834025,-2.35165176391602
20170308154834026,-1.73367080688477
20170308154834027,0.814546966552734
20170308154834028,-2.76363906860352
20170308154834029,-1.39034805297852
20170308154834030,0.578035736083984
20170308154834031,-2.83993301391602
20170308154834032,-1.19961318969727
20170308154834033,0.600923919677734
20170308154834034,-2.92385635375977
20170308154834035,-0.909696197509766
20170308154834036,0.494112396240234
20170308154834037,-2.97726211547852
20170308154834038,-0.627408599853516
20170308154834039,0.364412689208984
20170308154834040,-2.92385635375977
20170308154834041,-0.505338287353516
20170308154834042,0.356783294677734
20170308154834043,-2.90859756469727
20170308154834044,-0.551114654541016
20170308154834045,0.0973838806152344
20170308154834046,-2.94674453735352
20170308154834047,-0.360379791259766
20170308154834048,-0.0552040100097656
20170308154834049,-2.95437393188477
20170308154834050,-0.368009185791016
20170308154834051,-0.100980377197266
20170308154834052,-2.96200332641602
20170308154834053,-0.184903717041016
20170308154834054,-0.253568267822266
20170308154834055,-2.90859756469727
20170308154834056,0.204195404052734
20170308154834057,-0.528226470947266
20170308154834058,-2.92385635375977
20170308154834059,0.265230560302734
20170308154834060,-0.360379791259766
20170308154834061,-2.90096817016602
20170308154834062,0.494112396240234
20170308154834063,-0.802884674072266
20170308154834064,-2.87807998657227
20170308154834065,0.730623626708984
20170308154834066,-1.00887832641602
20170308154834067,-2.83993301391602
20170308154834068,0.692476654052734
20170308154834069,-1.01650772094727
20170308154834070,-2.86282119750977
20170308154834071,0.829805755615234
20170308154834072,-1.18435440063477
20170308154834073,-2.72549209594727
20170308154834074,0.730623626708984
20170308154834075,-1.35983047485352
20170308154834076,-2.65682754516602
20170308154834077,0.875582122802734
20170308154834078,-1.39034805297852
20170308154834079,-2.58053359985352
20170308154834080,0.845064544677734
20170308154834081,-1.63448867797852
20170308154834082,-2.47372207641602
20170308154834083,0.860323333740234
20170308154834084,-1.57345352172852
20170308154834085,-2.45846328735352
20170308154834086,0.967134857177734
20170308154834087,-1.64211807250977
20170308154834088,-2.39742813110352
20170308154834089,0.715364837646484
20170308154834090,-1.49715957641602
20170308154834091,-2.55764541625977
20170308154834092,0.768770599365234
20170308154834093,-1.26064834594727
20170308154834094,-2.67208633422852
20170308154834095,0.768770599365234
20170308154834096,-1.30642471313477
20170308154834097,-2.60342178344727
20170308154834098,0.661959075927734
20170308154834099,-1.42086563110352
20170308154834100,-2.57290420532227
20170308154834101,0.784029388427734
20170308154834102,-1.57345352172852
20170308154834103,-2.49661026000977
20170308154834104,0.745882415771484
20170308154834105,-1.53530654907227
20170308154834106,-2.48135147094727
20170308154834107,0.944246673583984
20170308154834108,-1.62685928344727
20170308154834109,-2.45846328735352
20170308154834110,0.608553314208984
20170308154834111,-1.61922988891602
20170308154834112,-2.26772842407227
20170308154834113,0.669588470458984
20170308154834114,-1.90151748657227
20170308154834115,-2.21432266235352
20170308154834116,0.745882415771484
20170308154834117,-2.02358779907227
20170308154834118,-2.13039932250977
20170308154834119,0.784029388427734
20170308154834120,-2.19143447875977
20170308154834121,-2.06936416625977
20170308154834122,0.608553314208984
20170308154834123,-2.08462295532227
20170308154834124,-2.02358779907227
20170308154834125,0.738253021240234
20170308154834126,-2.23721084594727
20170308154834127,-1.83285293579102
20170308154834128,0.646700286865234
20170308154834129,-2.32876358032227
20170308154834130,-1.77944717407227
20170308154834131,0.791658782958984
20170308154834132,-2.34402236938477
20170308154834133,-1.61160049438477
20170308154834134,0.700106048583984
20170308154834135,-2.37453994750977
20170308154834136,-1.61922988891602
20170308154834137,0.753511810302734
20170308154834138,-2.67971572875977
20170308154834139,-1.35983047485352
20170308154834140,0.585665130615234
20170308154834141,-2.58053359985352
20170308154834142,-1.39797744750977
20170308154834143,0.768770599365234
20170308154834144,-2.65682754516602
20170308154834145,-1.52767715454102
20170308154834146,0.578035736083984
20170308154834147,-2.51949844360352
20170308154834148,-1.42849502563477
20170308154834149,0.623812103271484
20170308154834150,-2.78652725219727
20170308154834151,-1.10806045532227
20170308154834152,0.494112396240234
20170308154834153,-2.94674453735352
20170308154834154,-1.00887832641602
20170308154834155,0.448336029052734
20170308154834156,-2.91622695922852
20170308154834157,-1.07754287719727
20170308154834158,0.555147552490234
20170308154834159,-3.00015029907227
20170308154834160,-0.932584381103516
20170308154834161,0.364412689208984
20170308154834162,-2.90096817016602
20170308154834163,-1.02413711547852
20170308154834164,0.349153900146484
20170308154834165,-2.92385635375977
20170308154834166,-0.802884674072266
20170308154834167,0.448336029052734
20170308154834168,-2.93148574829102
20170308154834169,-0.604520416259766
20170308154834170,0.272859954833984
20170308154834171,-2.98489151000977
20170308154834172,-0.398526763916016
20170308154834173,-0.0017982482910156
20170308154834174,-3.01540908813477
20170308154834175,-0.139127349853516
20170308154834176,-0.116239166259766
20170308154834177,-2.96200332641602
20170308154834178,-0.360379791259766
20170308154834179,0.0516075134277344
20170308154834180,-2.98489151000977
20170308154834181,-0.200162506103516
20170308154834182,-0.238309478759766
20170308154834183,-2.92385635375977
20170308154834184,0.211824798583984
20170308154834185,-0.574002838134766
20170308154834186,-2.92385635375977
20170308154834187,0.448336029052734
20170308154834188,-0.512967681884766
20170308154834189,-2.90859756469727
20170308154834190,0.555147552490234
20170308154834191,-0.871549224853516
20170308154834192,-2.93911514282227
20170308154834193,0.806917572021484
20170308154834194,-0.932584381103516
20170308154834195,-2.87807998657227
20170308154834196,0.753511810302734
20170308154834197,-0.978360748291016
20170308154834198,-2.75600967407227
20170308154834199,0.951876068115234
20170308154834200,-1.16146621704102
20170308154834201,-2.64156875610352
20170308154834202,0.906099700927734
20170308154834203,-1.23013076782227
20170308154834204,-2.58816299438477
20170308154834205,0.867952728271484
20170308154834206,-1.39034805297852
20170308154834207,-2.57290420532227
20170308154834208,0.768770599365234
20170308154834209,-1.38271865844727
20170308154834210,-2.45846328735352
20170308154834211,0.829805755615234
20170308154834212,-1.63448867797852
20170308154834213,-2.42794570922852
20170308154834214,0.753511810302734
20170308154834215,-1.68026504516602
20170308154834216,-2.29824600219727
20170308154834217,0.684847259521484
20170308154834218,-1.83285293579102
20170308154834219,-2.16091690063477
20170308154834220,0.761141204833984
20170308154834221,-2.12276992797852
20170308154834222,-1.97781143188477
20170308154834223,0.600923919677734
20170308154834224,-2.13039932250977
20170308154834225,-2.04647598266602
20170308154834226,0.669588470458984
20170308154834227,-2.36691055297852
20170308154834228,-1.76418838500977
20170308154834229,0.829805755615234
20170308154834230,-2.35165176391602
20170308154834231,-1.84048233032227
20170308154834232,0.677217864990234
20170308154834233,-2.37453994750977
20170308154834234,-1.82522354125977
20170308154834235,0.745882415771484
20170308154834236,-2.41268692016602
20170308154834237,-1.65737686157227
20170308154834238,0.661959075927734
20170308154834239,-2.36691055297852
20170308154834240,-1.61922988891602
20170308154834241,0.677217864990234
20170308154834242,-2.51949844360352
20170308154834243,-1.71841201782227
20170308154834244,0.631441497802734
20170308154834245,-2.29061660766602
20170308154834246,-1.80233535766602
20170308154834247,0.639070892333984
20170308154834248,-2.25246963500977
20170308154834249,-1.64974746704102
20170308154834250,0.608553314208984
20170308154834251,-2.27535781860352
20170308154834252,-1.63448867797852
20170308154834253,0.730623626708984
20170308154834254,-2.35928115844727
20170308154834255,-1.61922988891602
20170308154834256,0.738253021240234
20170308154834257,-2.38216934204102
20170308154834258,-1.51241836547852
20170308154834259,0.707735443115234
20170308154834260,-2.25246963500977
20170308154834261,-1.87099990844727
20170308154834262,0.631441497802734
20170308154834263,-2.26772842407227
20170308154834264,-1.71841201782227
20170308154834265,0.631441497802734
20170308154834266,-2.32876358032227
20170308154834267,-1.73367080688477
20170308154834268,0.707735443115234
20170308154834269,-2.39742813110352
20170308154834270,-1.64211807250977
20170308154834271,0.585665130615234
20170308154834272,-2.25246963500977
20170308154834273,-1.72604141235352
20170308154834274,0.753511810302734
20170308154834275,-2.42031631469727
20170308154834276,-1.43612442016602
20170308154834277,0.700106048583984
20170308154834278,-2.87045059204102
20170308154834279,-1.18435440063477
20170308154834280,0.555147552490234
20170308154834281,-2.90859756469727
20170308154834282,-1.08517227172852
20170308154834283,0.661959075927734
20170308154834284,-2.97726211547852
20170308154834285,-0.993619537353516
20170308154834286,0.562776947021484
20170308154834287,-2.88570938110352
20170308154834288,-0.917325592041016
20170308154834289,0.478853607177734
20170308154834290,-2.88570938110352
20170308154834291,-0.703702545166016
20170308154834292,0.387300872802734
20170308154834293,-2.90096817016602
20170308154834294,-0.627408599853516
20170308154834295,0.272859954833984
20170308154834296,-2.90096817016602
20170308154834297,-0.558744049072266
20170308154834298,0.311006927490234
20170308154834299,-2.91622695922852
20170308154834300,-0.734220123291016
20170308154834301,0.379671478271484
20170308154834302,-2.87807998657227
20170308154834303,-0.764737701416016
20170308154834304,0.349153900146484
20170308154834305,-2.92385635375977
20170308154834306,-0.612149810791016
20170308154834307,0.181307220458984
20170308154834308,-2.95437393188477
20170308154834309,-0.444303131103516
20170308154834310,-0.0246864318847656
20170308154834311,-3.00777969360352
20170308154834312,-0.0933509826660156
20170308154834313,-0.100980377197266
20170308154834314,-3.00015029907227
20170308154834315,-0.100980377197266
20170308154834316,-0.0475746154785156
20170308154834317,-2.98489151000977
20170308154834318,-0.0017982482910156
20170308154834319,-0.322232818603516
20170308154834320,-2.90859756469727
20170308154834321,0.150789642333984
20170308154834322,-0.543485260009766
20170308154834323,-2.87807998657227
20170308154834324,0.455965423583984
20170308154834325,-0.680814361572266
20170308154834326,-2.87807998657227
20170308154834327,0.845064544677734
20170308154834328,-0.970731353759766
20170308154834329,-2.78652725219727
20170308154834330,0.768770599365234
20170308154834331,-1.03939590454102
20170308154834332,-2.77889785766602
20170308154834333,0.784029388427734
20170308154834334,-1.10043106079102
20170308154834335,-2.68734512329102
20170308154834336,0.890840911865234
20170308154834337,-1.38271865844727
20170308154834338,-2.55001602172852
20170308154834339,0.715364837646484
20170308154834340,-1.72604141235352
20170308154834341,-2.38216934204102
20170308154834342,0.692476654052734
20170308154834343,-1.68026504516602
20170308154834344,-2.26009902954102
20170308154834345,0.814546966552734
20170308154834346,-2.05410537719727
20170308154834347,-1.93966445922852
20170308154834348,0.875582122802734
20170308154834349,-2.21432266235352
20170308154834350,-1.84811172485352
20170308154834351,0.639070892333984
20170308154834352,-2.24484024047852
20170308154834353,-1.85574111938477
20170308154834354,0.677217864990234
20170308154834355,-2.34402236938477
20170308154834356,-1.67263565063477
20170308154834357,0.616182708740234
20170308154834358,-2.56527481079102
20170308154834359,-1.29879531860352
20170308154834360,0.623812103271484
20170308154834361,-2.98489151000977
20170308154834362,-1.26064834594727
20170308154834363,0.486483001708984
20170308154834364,-2.88570938110352
20170308154834365,-1.19198379516602
20170308154834366,0.539888763427734
20170308154834367,-3.00015029907227
20170308154834368,-1.00124893188477
20170308154834369,0.501741790771484
20170308154834370,-2.97726211547852
20170308154834371,-0.848661041259766
20170308154834372,0.417818450927734
20170308154834373,-3.04592666625977
20170308154834374,-0.741849517822266
20170308154834375,0.532259368896484
20170308154834376,-2.95437393188477
20170308154834377,-0.818143463134766
20170308154834378,0.532259368896484
20170308154834379,-2.93148574829102
20170308154834380,-0.574002838134766
20170308154834381,0.311006927490234
20170308154834382,-2.87807998657227
20170308154834383,-0.474820709228516
20170308154834384,0.0592369079589844
20170308154834385,-2.96200332641602
20170308154834386,-0.451932525634766
20170308154834387,0.0744956970214844
20170308154834388,-2.90859756469727
20170308154834389,-0.505338287353516
20170308154834390,0.150789642333984
20170308154834391,-2.91622695922852
20170308154834392,-0.574002838134766
20170308154834393,0.143160247802734
20170308154834394,-3.05355606079102
20170308154834395,-0.474820709228516
20170308154834396,0.0516075134277344
20170308154834397,-2.96200332641602
20170308154834398,-0.352750396728516
20170308154834399,0.150789642333984
20170308154834400,-2.91622695922852
20170308154834401,-0.505338287353516
20170308154834402,0.227083587646484
20170308154834403,-2.96200332641602
20170308154834404,-0.459561920166016
20170308154834405,0.0439781188964844
20170308154834406,-2.99252090454102
20170308154834407,-0.406156158447266
20170308154834408,0.211824798583984
20170308154834409,-2.95437393188477
20170308154834410,-0.291715240478516
20170308154834411,-0.0475746154785156
20170308154834412,-2.99252090454102
20170308154834413,-0.368009185791016
20170308154834414,-0.0780921936035156
20170308154834415,-2.83230361938477
20170308154834416,-0.352750396728516
20170308154834417,0.0744956970214844
20170308154834418,-2.88570938110352
20170308154834419,-0.276456451416016
20170308154834420,-0.0399452209472656
20170308154834421,-2.99252090454102
20170308154834422,-0.329862213134766
20170308154834423,-0.0780921936035156
20170308154834424,-2.93911514282227
20170308154834425,-0.444303131103516
20170308154834426,0.0058311462402344
20170308154834427,-2.95437393188477
20170308154834428,-0.520597076416016
20170308154834429,0.364412689208984
20170308154834430,-2.94674453735352
20170308154834431,-0.497708892822266
20170308154834432,0.0821250915527344
20170308154834433,-2.95437393188477
20170308154834434,-0.284085845947266
20170308154834435,-0.184903717041016
20170308154834436,-2.99252090454102
20170308154834437,-0.131497955322266
20170308154834438,-0.0246864318847656
20170308154834439,-3.01540908813477
20170308154834440,-0.131497955322266
20170308154834441,-0.268827056884766
20170308154834442,-2.89333877563477
20170308154834443,-0.0094276428222656
20170308154834444,-0.429044342041016
20170308154834445,-2.94674453735352
20170308154834446,0.463594818115234
20170308154834447,-0.581632232666016
20170308154834448,-2.80941543579102
20170308154834449,0.333895111083984
20170308154834450,-0.558744049072266
20170308154834451,-2.80941543579102
20170308154834452,0.524629974365234
20170308154834453,-0.505338287353516
20170308154834454,-2.83993301391602
20170308154834455,0.433077239990234
20170308154834456,-0.787625885009766
20170308154834457,-2.78652725219727
20170308154834458,0.784029388427734
20170308154834459,-1.03939590454102
20170308154834460,-2.69497451782227
20170308154834461,0.883211517333984
20170308154834462,-1.42849502563477
20170308154834463,-2.58053359985352
20170308154834464,0.814546966552734
20170308154834465,-1.63448867797852
20170308154834466,-2.30587539672852
20170308154834467,0.776399993896484
20170308154834468,-1.89388809204102
20170308154834469,-2.08462295532227
20170308154834470,0.768770599365234
20170308154834471,-2.19143447875977
20170308154834472,-1.86337051391602
20170308154834473,0.753511810302734
20170308154834474,-2.43557510375977
20170308154834475,-1.65737686157227
20170308154834476,0.700106048583984
20170308154834477,-2.45846328735352
20170308154834478,-1.49715957641602
20170308154834479,0.639070892333984
20170308154834480,-2.80178604125977
20170308154834481,-1.20724258422852
20170308154834482,0.631441497802734
20170308154834483,-2.94674453735352
20170308154834484,-0.978360748291016
20170308154834485,0.463594818115234
20170308154834486,-2.98489151000977
20170308154834487,-0.650296783447266
20170308154834488,0.234712982177734
20170308154834489,-3.01540908813477
20170308154834490,-0.482450103759766
20170308154834491,0.120272064208984
20170308154834492,-3.00015029907227
20170308154834493,-0.429044342041016
20170308154834494,-0.0628334045410156
20170308154834495,-3.04592666625977
20170308154834496,-0.207791900634766
20170308154834497,-0.253568267822266
20170308154834498,-2.98489151000977
20170308154834499,-0.162015533447266
20170308154834500,-0.230680084228516
20170308154834501,-2.93911514282227
20170308154834502,-0.230680084228516
20170308154834503,0.0668663024902344
20170308154834504,-2.90096817016602
20170308154834505,0.196566009521484
20170308154834506,-0.436673736572266
20170308154834507,-2.90859756469727
20170308154834508,0.341524505615234
20170308154834509,-0.306974029541016
20170308154834510,-2.92385635375977
20170308154834511,0.394930267333984
20170308154834512,-0.543485260009766
20170308154834513,-2.80178604125977
20170308154834514,0.188936614990234
20170308154834515,-0.505338287353516
20170308154834516,-2.87807998657227
20170308154834517,0.280489349365234
20170308154834518,-0.291715240478516
20170308154834519,-2.78652725219727
20170308154834520,0.105013275146484
20170308154834521,-0.306974029541016
20170308154834522,-2.92385635375977
20170308154834523,0.364412689208984
20170308154834524,-0.696073150634766
20170308154834525,-2.81704483032227
20170308154834526,0.517000579833984
20170308154834527,-0.604520416259766
20170308154834528,-2.88570938110352
20170308154834529,0.532259368896484
20170308154834530,-0.917325592041016
20170308154834531,-2.88570938110352
20170308154834532,0.745882415771484
20170308154834533,-1.13094863891602
20170308154834534,-2.82467422485352
20170308154834535,0.776399993896484
20170308154834536,-1.16146621704102
20170308154834537,-2.81704483032227
20170308154834538,0.745882415771484
20170308154834539,-1.18435440063477
20170308154834540,-2.80941543579102
20170308154834541,0.761141204833984
20170308154834542,-1.28353652954102
20170308154834543,-2.58053359985352
20170308154834544,0.959505462646484
20170308154834545,-1.55056533813477
20170308154834546,-2.58053359985352
20170308154834547,0.768770599365234
20170308154834548,-1.59634170532227
20170308154834549,-2.45083389282227
20170308154834550,0.608553314208984
20170308154834551,-1.46664199829102
20170308154834552,-2.59579238891602
20170308154834553,0.806917572021484
20170308154834554,-1.57345352172852
20170308154834555,-2.47372207641602
20170308154834556,0.684847259521484
20170308154834557,-1.55056533813477
20170308154834558,-2.45846328735352
20170308154834559,0.974764251708984
20170308154834560,-1.51241836547852
20170308154834561,-2.48135147094727
20170308154834562,0.738253021240234
20170308154834563,-1.74130020141602
20170308154834564,-2.42031631469727
20170308154834565,0.669588470458984
20170308154834566,-1.77944717407227
20170308154834567,-2.25246963500977
20170308154834568,0.585665130615234
20170308154834569,-1.68789443969727
20170308154834570,-2.34402236938477
20170308154834571,0.646700286865234
20170308154834572,-1.76418838500977
20170308154834573,-2.22195205688477
20170308154834574,0.578035736083984
20170308154834575,-1.87099990844727
20170308154834576,-2.08462295532227
20170308154834577,0.799288177490234
20170308154834578,-2.32113418579102
20170308154834579,-1.74130020141602
20170308154834580,0.669588470458984
20170308154834581,-2.25246963500977
20170308154834582,-1.74892959594727
20170308154834583,0.593294525146484
20170308154834584,-2.33639297485352
20170308154834585,-1.75655899047852
20170308154834586,0.692476654052734
20170308154834587,-2.33639297485352
20170308154834588,-1.68026504516602
20170308154834589,0.814546966552734
20170308154834590,-2.37453994750977
20170308154834591,-1.77181777954102
20170308154834592,0.784029388427734
20170308154834593,-2.59579238891602
20170308154834594,-1.50478897094727
20170308154834595,0.799288177490234
20170308154834596,-2.54238662719727
20170308154834597,-1.48953018188477
20170308154834598,0.829805755615234
20170308154834599,-2.59579238891602
20170308154834600,-1.35983047485352
20170308154834601,0.524629974365234
20170308154834602,-2.63393936157227
20170308154834603,-1.35220108032227
20170308154834604,0.654329681396484
20170308154834605,-2.87045059204102
20170308154834606,-1.14620742797852
20170308154834607,0.463594818115234
20170308154834608,-2.93911514282227
20170308154834609,-1.10806045532227
20170308154834610,0.364412689208984
20170308154834611,-3.00777969360352
20170308154834612,-0.932584381103516
20170308154834613,0.402559661865234
20170308154834614,-2.95437393188477
20170308154834615,-0.894437408447266
20170308154834616,0.410189056396484
20170308154834617,-2.95437393188477
20170308154834618,-0.680814361572266
20170308154834619,0.280489349365234
20170308154834620,-2.93148574829102
20170308154834621,-0.612149810791016
20170308154834622,0.127901458740234
20170308154834623,-3.05355606079102
20170308154834624,-0.512967681884766
20170308154834625,0.166048431396484
20170308154834626,-3.03066787719727
20170308154834627,-0.406156158447266
20170308154834628,-0.0246864318847656
20170308154834629,-2.95437393188477
20170308154834630,-0.299344635009766
20170308154834631,-0.238309478759766
20170308154834632,-2.93911514282227
20170308154834633,0.166048431396484
20170308154834634,-0.574002838134766
20170308154834635,-2.85519180297852
20170308154834636,0.280489349365234
20170308154834637,-0.551114654541016
20170308154834638,-2.83993301391602
20170308154834639,0.448336029052734
20170308154834640,-0.734220123291016
20170308154834641,-2.83993301391602
20170308154834642,0.539888763427734
20170308154834643,-0.558744049072266
20170308154834644,-2.83230361938477
20170308154834645,0.455965423583984
20170308154834646,-0.734220123291016
20170308154834647,-2.90859756469727
20170308154834648,0.494112396240234
20170308154834649,-0.779996490478516
20170308154834650,-2.84756240844727
20170308154834651,0.692476654052734
20170308154834652,-0.932584381103516
20170308154834653,-2.82467422485352
20170308154834654,0.784029388427734
20170308154834655,-1.09280166625977
20170308154834656,-2.77889785766602
20170308154834657,0.761141204833984
20170308154834658,-1.21487197875977
20170308154834659,-2.77889785766602
20170308154834660,0.845064544677734
20170308154834661,-1.34457168579102
20170308154834662,-2.58816299438477
20170308154834663,0.768770599365234
20170308154834664,-1.54293594360352
20170308154834665,-2.43557510375977
20170308154834666,0.791658782958984
20170308154834667,-1.69552383422852
20170308154834668,-2.40505752563477
20170308154834669,0.722994232177734
20170308154834670,-1.64974746704102
20170308154834671,-2.32113418579102
20170308154834672,0.890840911865234
20170308154834673,-1.74130020141602
20170308154834674,-2.36691055297852
20170308154834675,0.707735443115234
20170308154834676,-1.86337051391602
20170308154834677,-2.14565811157227
20170308154834678,0.692476654052734
20170308154834679,-1.90151748657227
20170308154834680,-2.10751113891602
20170308154834681,0.707735443115234
20170308154834682,-1.92440567016602
20170308154834683,-2.13802871704102
20170308154834684,0.585665130615234
20170308154834685,-2.00069961547852
20170308154834686,-2.10751113891602
20170308154834687,0.646700286865234
20170308154834688,-1.97781143188477
20170308154834689,-2.10751113891602
20170308154834690,0.806917572021484
20170308154834691,-1.93203506469727
20170308154834692,-2.12276992797852
20170308154834693,0.570406341552734
20170308154834694,-1.87862930297852
20170308154834695,-2.31350479125977
20170308154834696,0.562776947021484
20170308154834697,-1.81759414672852
20170308154834698,-2.38216934204102
20170308154834699,0.822176361083984
20170308154834700,-1.68789443969727
20170308154834701,-2.38979873657227
20170308154834702,0.806917572021484
20170308154834703,-1.55056533813477
20170308154834704,-2.40505752563477
20170308154834705,0.631441497802734
20170308154834706,-1.45901260375977
20170308154834707,-2.39742813110352
20170308154834708,0.707735443115234
20170308154834709,-1.73367080688477
20170308154834710,-2.35928115844727
20170308154834711,0.631441497802734
20170308154834712,-1.45138320922852
20170308154834713,-2.49661026000977
20170308154834714,0.784029388427734
20170308154834715,-1.56582412719727
20170308154834716,-2.38216934204102
20170308154834717,0.661959075927734
20170308154834718,-1.83285293579102
20170308154834719,-2.20669326782227
20170308154834720,0.906099700927734
20170308154834721,-1.85574111938477
20170308154834722,-2.26772842407227
20170308154834723,0.852693939208984
20170308154834724,-1.89388809204102
20170308154834725,-2.16091690063477
20170308154834726,0.631441497802734
20170308154834727,-1.84811172485352
20170308154834728,-2.15328750610352
20170308154834729,0.829805755615234
20170308154834730,-2.00832901000977
20170308154834731,-2.00832901000977
20170308154834732,0.745882415771484
20170308154834733,-2.26772842407227
20170308154834734,-1.69552383422852
20170308154834735,0.730623626708984
20170308154834736,-2.33639297485352
20170308154834737,-1.71841201782227
20170308154834738,0.875582122802734
20170308154834739,-2.42031631469727
20170308154834740,-1.60397109985352
20170308154834741,0.669588470458984
20170308154834742,-2.57290420532227
20170308154834743,-1.46664199829102
20170308154834744,0.661959075927734
20170308154834745,-2.58816299438477
20170308154834746,-1.32168350219727
20170308154834747,0.616182708740234
20170308154834748,-2.87807998657227
20170308154834749,-1.18435440063477
20170308154834750,0.578035736083984
20170308154834751,-3.00777969360352
20170308154834752,-0.924954986572266
20170308154834753,0.463594818115234
20170308154834754,-3.03066787719727
20170308154834755,-0.863919830322266
20170308154834756,0.425447845458984
20170308154834757,-3.00015029907227
20170308154834758,-0.749478912353516
20170308154834759,0.356783294677734
20170308154834760,-3.04592666625977
20170308154834761,-0.703702545166016
20170308154834762,0.532259368896484
20170308154834763,-2.94674453735352
20170308154834764,-0.703702545166016
20170308154834765,0.326265716552734
20170308154834766,-3.00015029907227
20170308154834767,-0.520597076416016
20170308154834768,0.211824798583984
20170308154834769,-2.88570938110352
20170308154834770,-0.429044342041016
20170308154834771,0.135530853271484
20170308154834772,-2.93911514282227
20170308154834773,-0.245938873291016
20170308154834774,-0.123868560791016
20170308154834775,-2.87807998657227
20170308154834776,-0.0628334045410156
20170308154834777,-0.306974029541016
20170308154834778,-3.02303848266602
20170308154834779,0.181307220458984
20170308154834780,-0.444303131103516
20170308154834781,-2.85519180297852
20170308154834782,0.265230560302734
20170308154834783,-0.528226470947266
20170308154834784,-2.90859756469727
20170308154834785,0.410189056396484
20170308154834786,-0.612149810791016
20170308154834787,-2.86282119750977
20170308154834788,0.578035736083984
20170308154834789,-0.856290435791016
20170308154834790,-2.79415664672852
20170308154834791,0.600923919677734
20170308154834792,-0.779996490478516
20170308154834793,-2.80941543579102
20170308154834794,0.806917572021484
20170308154834795,-1.03939590454102
20170308154834796,-2.69497451782227
20170308154834797,0.860323333740234
20170308154834798,-1.33694229125977
20170308154834799,-2.51949844360352
20170308154834800,0.776399993896484
20170308154834801,-1.74892959594727
20170308154834802,-2.37453994750977
20170308154834803,0.959505462646484
20170308154834804,-1.61922988891602
20170308154834805,-2.38216934204102
20170308154834806,0.867952728271484
20170308154834807,-1.68026504516602
20170308154834808,-2.29061660766602
20170308154834809,0.951876068115234
20170308154834810,-1.71078262329102
20170308154834811,-2.22195205688477
20170308154834812,0.814546966552734
20170308154834813,-1.80996475219727
20170308154834814,-2.31350479125977
20170308154834815,0.730623626708984
20170308154834816,-1.84811172485352
20170308154834817,-2.29061660766602
20170308154834818,0.768770599365234
20170308154834819,-1.90914688110352
20170308154834820,-2.10751113891602
20170308154834821,0.860323333740234
20170308154834822,-2.07699356079102
20170308154834823,-1.97018203735352
20170308154834824,0.860323333740234
20170308154834825,-2.11514053344727
20170308154834826,-1.95492324829102
20170308154834827,0.608553314208984
20170308154834828,-2.13039932250977
20170308154834829,-1.87862930297852
20170308154834830,0.684847259521484
20170308154834831,-2.20669326782227
20170308154834832,-1.82522354125977
20170308154834833,0.867952728271484
20170308154834834,-2.17617568969727
20170308154834835,-1.95492324829102
20170308154834836,0.692476654052734
20170308154834837,-2.20669326782227
20170308154834838,-1.92440567016602
20170308154834839,0.822176361083984
20170308154834840,-2.26009902954102
20170308154834841,-1.89388809204102
20170308154834842,0.799288177490234
20170308154834843,-2.21432266235352
20170308154834844,-1.84811172485352
20170308154834845,0.669588470458984
20170308154834846,-2.13039932250977
20170308154834847,-2.01595840454102
20170308154834848,0.730623626708984
20170308154834849,-2.17617568969727
20170308154834850,-2.11514053344727
20170308154834851,0.608553314208984
20170308154834852,-2.04647598266602
20170308154834853,-1.97781143188477
20170308154834854,0.890840911865234
20170308154834855,-2.13802871704102
20170308154834856,-2.00832901000977
20170308154834857,0.898470306396484
20170308154834858,-2.13802871704102
20170308154834859,-1.75655899047852
20170308154834860,0.661959075927734
20170308154834861,-2.27535781860352
20170308154834862,-1.87099990844727
20170308154834863,0.593294525146484
20170308154834864,-2.19906387329102
20170308154834865,-1.66500625610352
20170308154834866,0.715364837646484
20170308154834867,-2.51186904907227
20170308154834868,-1.53530654907227
20170308154834869,0.555147552490234
20170308154834870,-2.56527481079102
20170308154834871,-1.58871231079102
20170308154834872,0.768770599365234
20170308154834873,-2.38216934204102
20170308154834874,-1.61922988891602
20170308154834875,0.631441497802734
20170308154834876,-2.35928115844727
20170308154834877,-1.55056533813477
20170308154834878,0.761141204833984
20170308154834879,-2.50423965454102
20170308154834880,-1.46664199829102
20170308154834881,0.753511810302734
20170308154834882,-2.71023330688477
20170308154834883,-1.19198379516602
20170308154834884,0.623812103271484
20170308154834885,-2.69497451782227
20170308154834886,-1.23013076782227
20170308154834887,0.631441497802734
20170308154834888,-2.87045059204102
20170308154834889,-1.26827774047852
20170308154834890,0.623812103271484
20170308154834891,-2.77889785766602
20170308154834892,-1.19961318969727
20170308154834893,0.562776947021484
20170308154834894,-2.95437393188477
20170308154834895,-1.00887832641602
20170308154834896,0.440706634521484
20170308154834897,-2.89333877563477
20170308154834898,-1.16146621704102
20170308154834899,0.364412689208984
20170308154834900,-2.95437393188477
20170308154834901,-1.10043106079102
20170308154834902,0.555147552490234
20170308154834903,-2.91622695922852
20170308154834904,-1.08517227172852
20170308154834905,0.501741790771484
20170308154834906,-3.06118545532227
20170308154834907,-0.955472564697266
20170308154834908,0.631441497802734
20170308154834909,-3.03066787719727
20170308154834910,-0.810514068603516
20170308154834911,0.372042083740234
20170308154834912,-2.98489151000977
20170308154834913,-0.558744049072266
20170308154834914,0.234712982177734
20170308154834915,-2.92385635375977
20170308154834916,-0.436673736572266
20170308154834917,0.143160247802734
20170308154834918,-2.95437393188477
20170308154834919,-0.184903717041016
20170308154834920,-0.116239166259766
20170308154834921,-2.92385635375977
20170308154834922,-0.0246864318847656
20170308154834923,-0.291715240478516
20170308154834924,-2.87807998657227
20170308154834925,0.402559661865234
20170308154834926,-0.490079498291016
20170308154834927,-2.80178604125977
20170308154834928,0.265230560302734
20170308154834929,-0.528226470947266
20170308154834930,-2.91622695922852
20170308154834931,0.539888763427734
20170308154834932,-0.787625885009766
20170308154834933,-2.83993301391602
20170308154834934,0.585665130615234
20170308154834935,-0.894437408447266
20170308154834936,-2.84756240844727
20170308154834937,0.661959075927734
20170308154834938,-0.970731353759766
20170308154834939,-2.79415664672852
20170308154834940,0.921358489990234
20170308154834941,-1.20724258422852
20170308154834942,-2.67208633422852
20170308154834943,0.806917572021484
20170308154834944,-1.32931289672852
20170308154834945,-2.56527481079102
20170308154834946,0.776399993896484
20170308154834947,-1.36745986938477
20170308154834948,-2.71786270141602
20170308154834949,0.608553314208984
20170308154834950,-1.56582412719727
20170308154834951,-2.62630996704102
20170308154834952,0.761141204833984
20170308154834953,-1.52004776000977
20170308154834954,-2.44320449829102
20170308154834955,0.700106048583984
20170308154834956,-1.81759414672852
20170308154834957,-2.29824600219727
20170308154834958,0.654329681396484
20170308154834959,-1.77181777954102
20170308154834960,-2.13039932250977
20170308154834961,0.913729095458984
20170308154834962,-1.82522354125977
20170308154834963,-2.09225234985352
20170308154834964,0.951876068115234
20170308154834965,-1.82522354125977
20170308154834966,-2.09988174438477
20170308154834967,0.814546966552734
20170308154834968,-2.09225234985352
20170308154834969,-2.08462295532227
20170308154834970,0.959505462646484
20170308154834971,-2.04647598266602
20170308154834972,-1.90914688110352
20170308154834973,0.829805755615234
20170308154834974,-2.26009902954102
20170308154834975,-1.74892959594727
20170308154834976,0.707735443115234
20170308154834977,-2.44320449829102
20170308154834978,-1.55056533813477
20170308154834979,0.631441497802734
20170308154834980,-2.59579238891602
20170308154834981,-1.45901260375977
20170308154834982,0.784029388427734
20170308154834983,-2.54238662719727
20170308154834984,-1.64211807250977
20170308154834985,0.707735443115234
20170308154834986,-2.66445693969727
20170308154834987,-1.39034805297852
20170308154834988,0.547518157958984
20170308154834989,-2.67208633422852
20170308154834990,-1.39034805297852
20170308154834991,0.494112396240234
20170308154834992,-2.74075088500977
20170308154834993,-1.26064834594727
20170308154834994,0.562776947021484
20170308154834995,-2.72549209594727
20170308154834996,-1.33694229125977
20170308154834997,0.761141204833984
20170308154834998,-2.69497451782227
20170308154834999,-1.44375381469727
20170308154835000,0.555147552490234
20170308154835001,-2.60342178344727
20170308154835002,-1.39797744750977
20170308154835003,0.715364837646484
20170308154835004,-2.77889785766602
20170308154835005,-1.25301895141602
20170308154835006,0.768770599365234
20170308154835007,-2.85519180297852
20170308154835008,-1.16909561157227
20170308154835009,0.593294525146484
20170308154835010,-2.82467422485352
20170308154835011,-1.25301895141602
20170308154835012,0.517000579833984
20170308154835013,-2.78652725219727
20170308154835014,-1.26064834594727
20170308154835015,0.707735443115234
20170308154835016,-2.81704483032227
20170308154835017,-1.17672500610352
20170308154835018,0.730623626708984
20170308154835019,-2.78652725219727
20170308154835020,-1.19961318969727
20170308154835021,0.585665130615234
20170308154835022,-2.82467422485352
20170308154835023,-1.20724258422852
20170308154835024,0.578035736083984
20170308154835025,-2.79415664672852
20170308154835026,-1.27590713500977
20170308154835027,0.593294525146484
20170308154835028,-2.81704483032227
20170308154835029,-1.28353652954102
20170308154835030,0.608553314208984
20170308154835031,-2.67971572875977
20170308154835032,-1.29116592407227
20170308154835033,0.623812103271484
20170308154835034,-2.83230361938477
20170308154835035,-1.31405410766602
20170308154835036,0.600923919677734
20170308154835037,-2.81704483032227
20170308154835038,-1.23776016235352
20170308154835039,0.547518157958984
20170308154835040,-2.83993301391602
20170308154835041,-1.27590713500977
20170308154835042,0.578035736083984
20170308154835043,-2.90859756469727
20170308154835044,-1.34457168579102
20170308154835045,0.700106048583984
20170308154835046,-2.82467422485352
20170308154835047,-1.22250137329102
20170308154835048,0.494112396240234
20170308154835049,-2.77889785766602
20170308154835050,-1.24538955688477
20170308154835051,0.738253021240234
20170308154835052,-2.87045059204102
20170308154835053,-1.07754287719727
20170308154835054,0.539888763427734
20170308154835055,-2.85519180297852
20170308154835056,-1.14620742797852
20170308154835057,0.799288177490234
20170308154835058,-2.84756240844727
20170308154835059,-1.13094863891602
20170308154835060,0.692476654052734
20170308154835061,-2.85519180297852
20170308154835062,-1.19961318969727
20170308154835063,0.692476654052734
20170308154835064,-2.90096817016602
20170308154835065,-1.00887832641602
20170308154835066,0.455965423583984
20170308154835067,-2.92385635375977
20170308154835068,-0.955472564697266
20170308154835069,0.463594818115234
20170308154835070,-2.94674453735352
20170308154835071,-0.894437408447266
20170308154835072,0.440706634521484
20170308154835073,-2.93911514282227
20170308154835074,-1.02413711547852
20170308154835075,0.341524505615234
20170308154835076,-3.01540908813477
20170308154835077,-0.963101959228516
20170308154835078,0.433077239990234
20170308154835079,-2.99252090454102
20170308154835080,-0.711331939697266
20170308154835081,0.562776947021484
20170308154835082,-2.83993301391602
20170308154835083,-0.818143463134766
20170308154835084,0.410189056396484
20170308154835085,-3.01540908813477
20170308154835086,-0.482450103759766
20170308154835087,0.196566009521484
20170308154835088,-2.90859756469727
20170308154835089,-0.436673736572266
20170308154835090,0.0516075134277344
20170308154835091,-2.85519180297852
20170308154835092,-0.337491607666016
20170308154835093,0.0134605407714844
20170308154835094,-2.89333877563477
20170308154835095,-0.528226470947266
20170308154835096,-0.100980377197266
20170308154835097,-2.93148574829102
20170308154835098,-0.169644927978516
20170308154835099,-0.139127349853516
20170308154835100,-2.94674453735352
20170308154835101,0.0210899353027344
20170308154835102,-0.329862213134766
20170308154835103,-2.85519180297852
20170308154835104,0.333895111083984
20170308154835105,-0.505338287353516
20170308154835106,-2.90859756469727
20170308154835107,0.722994232177734
20170308154835108,-0.871549224853516
20170308154835109,-2.79415664672852
20170308154835110,0.860323333740234
20170308154835111,-1.19198379516602
20170308154835112,-2.69497451782227
20170308154835113,0.982393646240234
20170308154835114,-1.61922988891602
20170308154835115,-2.42031631469727
20170308154835116,0.700106048583984
20170308154835117,-1.53530654907227
20170308154835118,-2.31350479125977
20170308154835119,0.822176361083984
20170308154835120,-1.85574111938477
20170308154835121,-2.05410537719727
20170308154835122,0.784029388427734
20170308154835123,-2.04647598266602
20170308154835124,-1.94729385375977
20170308154835125,0.822176361083984
20170308154835126,-2.11514053344727
20170308154835127,-1.90151748657227
20170308154835128,0.906099700927734
20170308154835129,-2.27535781860352
20170308154835130,-1.73367080688477
20170308154835131,0.906099700927734
20170308154835132,-2.42031631469727
20170308154835133,-1.55819473266602
20170308154835134,0.806917572021484
20170308154835135,-2.71023330688477
20170308154835136,-1.32168350219727
20170308154835137,0.677217864990234
20170308154835138,-2.54238662719727
20170308154835139,-1.40560684204102
20170308154835140,0.707735443115234
20170308154835141,-2.55764541625977
20170308154835142,-1.20724258422852
20170308154835143,0.692476654052734
20170308154835144,-2.82467422485352
20170308154835145,-1.28353652954102
20170308154835146,0.532259368896484
20170308154835147,-2.97726211547852
20170308154835148,-1.07754287719727
20170308154835149,0.623812103271484
20170308154835150,-2.96963272094727
20170308154835151,-0.886808013916016
20170308154835152,0.501741790771484
20170308154835153,-2.87807998657227
20170308154835154,-0.978360748291016
20170308154835155,0.471224212646484
20170308154835156,-2.94674453735352
20170308154835157,-1.08517227172852
20170308154835158,0.394930267333984
20170308154835159,-2.99252090454102
20170308154835160,-1.08517227172852
20170308154835161,0.356783294677734
20170308154835162,-3.00777969360352
20170308154835163,-1.16909561157227
20170308154835164,0.555147552490234
20170308154835165,-2.96963272094727
20170308154835166,-0.993619537353516
20170308154835167,0.600923919677734
20170308154835168,-2.94674453735352
20170308154835169,-0.909696197509766
20170308154835170,0.433077239990234
20170308154835171,-2.83993301391602
20170308154835172,-1.06991348266602
20170308154835173,0.562776947021484
20170308154835174,-2.96963272094727
20170308154835175,-0.978360748291016
20170308154835176,0.608553314208984
20170308154835177,-2.94674453735352
20170308154835178,-0.871549224853516
20170308154835179,0.372042083740234
20170308154835180,-2.95437393188477
20170308154835181,-0.932584381103516
20170308154835182,0.463594818115234
20170308154835183,-2.92385635375977
20170308154835184,-0.963101959228516
20170308154835185,0.455965423583984
20170308154835186,-2.86282119750977
20170308154835187,-1.06991348266602
20170308154835188,0.455965423583984
20170308154835189,-2.90859756469727
20170308154835190,-1.12331924438477
20170308154835191,0.539888763427734
20170308154835192,-2.90859756469727
20170308154835193,-1.10043106079102
20170308154835194,0.532259368896484
20170308154835195,-3.05355606079102
20170308154835196,-0.924954986572266
20170308154835197,0.448336029052734
20170308154835198,-2.96200332641602
20170308154835199,-1.06228408813477
20170308154835200,0.677217864990234
20170308154835201,-2.93148574829102
20170308154835202,-0.985990142822266
20170308154835203,0.669588470458984
20170308154835204,-2.88570938110352
20170308154835205,-1.08517227172852
20170308154835206,0.562776947021484
20170308154835207,-3.00015029907227
20170308154835208,-1.01650772094727
20170308154835209,0.593294525146484
20170308154835210,-2.92385635375977
20170308154835211,-1.00124893188477
20170308154835212,0.646700286865234
20170308154835213,-2.87807998657227
20170308154835214,-1.04702529907227
20170308154835215,0.440706634521484
20170308154835216,-2.92385635375977
20170308154835217,-0.955472564697266
20170308154835218,0.463594818115234
20170308154835219,-2.94674453735352
20170308154835220,-0.741849517822266
20170308154835221,0.356783294677734
20170308154835222,-2.86282119750977
20170308154835223,-0.688443756103516
20170308154835224,0.318636322021484
20170308154835225,-2.94674453735352
20170308154835226,-0.833402252197266
20170308154835227,0.532259368896484
20170308154835228,-2.96963272094727
20170308154835229,-0.795255279541016
20170308154835230,0.311006927490234
20170308154835231,-2.91622695922852
20170308154835232,-0.566373443603516
20170308154835233,0.295748138427734
20170308154835234,-2.95437393188477
20170308154835235,-0.535855865478516
20170308154835236,0.211824798583984
20170308154835237,-2.96200332641602
20170308154835238,-0.406156158447266
20170308154835239,-0.0323158264160156
20170308154835240,-2.91622695922852
20170308154835241,-0.261197662353516
20170308154835242,-0.131497955322266
20170308154835243,-2.92385635375977
20170308154835244,-0.116239166259766
20170308154835245,-0.322232818603516
20170308154835246,-2.86282119750977
20170308154835247,0.0516075134277344
20170308154835248,-0.0323158264160156
20170308154835249,-2.83993301391602
20170308154835250,0.120272064208984
20170308154835251,-0.169644927978516
20170308154835252,-2.79415664672852
20170308154835253,0.0363487243652344
20170308154835254,-0.436673736572266
20170308154835255,-2.85519180297852
20170308154835256,0.272859954833984
20170308154835257,-0.360379791259766
20170308154835258,-2.83993301391602
20170308154835259,0.356783294677734
20170308154835260,-0.551114654541016
20170308154835261,-2.84756240844727
20170308154835262,0.501741790771484
20170308154835263,-0.734220123291016
20170308154835264,-2.96200332641602
20170308154835265,0.730623626708984
20170308154835266,-0.779996490478516
20170308154835267,-2.77126846313477
20170308154835268,0.539888763427734
20170308154835269,-0.871549224853516
20170308154835270,-2.78652725219727
20170308154835271,0.814546966552734
20170308154835272,-1.11568984985352
20170308154835273,-2.74838027954102
20170308154835274,1.02054061889648
20170308154835275,-1.26064834594727
20170308154835276,-2.65682754516602
20170308154835277,0.890840911865234
20170308154835278,-1.45138320922852
20170308154835279,-2.64156875610352
20170308154835280,0.860323333740234
20170308154835281,-1.61922988891602
20170308154835282,-2.46609268188477
20170308154835283,0.799288177490234
20170308154835284,-1.80233535766602
20170308154835285,-2.23721084594727
20170308154835286,0.585665130615234
20170308154835287,-1.60397109985352
20170308154835288,-2.40505752563477
20170308154835289,0.707735443115234
20170308154835290,-1.59634170532227
20170308154835291,-2.42031631469727
20170308154835292,0.761141204833984
20170308154835293,-1.67263565063477
20170308154835294,-2.32876358032227
20170308154835295,0.860323333740234
20170308154835296,-1.68789443969727
20170308154835297,-2.34402236938477
20170308154835298,0.730623626708984
20170308154835299,-1.85574111938477
20170308154835300,-2.23721084594727
20170308154835301,0.814546966552734
20170308154835302,-1.90151748657227
20170308154835303,-2.30587539672852
20170308154835304,0.730623626708984
20170308154835305,-1.90151748657227
20170308154835306,-2.35165176391602
20170308154835307,0.860323333740234
20170308154835308,-1.92440567016602
20170308154835309,-2.17617568969727
20170308154835310,0.845064544677734
20170308154835311,-1.93966445922852
20170308154835312,-2.01595840454102
20170308154835313,0.784029388427734
20170308154835314,-2.22195205688477
20170308154835315,-2.03121719360352
20170308154835316,0.715364837646484
20170308154835317,-2.19906387329102
20170308154835318,-1.99307022094727
20170308154835319,0.845064544677734
20170308154835320,-2.13802871704102
20170308154835321,-1.98544082641602
20170308154835322,0.600923919677734
20170308154835323,-2.05410537719727
20170308154835324,-2.00069961547852
20170308154835325,0.677217864990234
20170308154835326,-2.12276992797852
20170308154835327,-2.05410537719727
20170308154835328,0.600923919677734
20170308154835329,-2.09988174438477
20170308154835330,-2.12276992797852
20170308154835331,0.616182708740234
20170308154835332,-1.93966445922852
20170308154835333,-2.19906387329102
20170308154835334,0.951876068115234
20170308154835335,-1.89388809204102
20170308154835336,-2.00832901000977
20170308154835337,0.837435150146484
20170308154835338,-1.92440567016602
20170308154835339,-2.11514053344727
20170308154835340,0.562776947021484
20170308154835341,-1.91677627563477
20170308154835342,-2.22958145141602
20170308154835343,0.486483001708984
20170308154835344,-1.83285293579102
20170308154835345,-2.18380508422852
20170308154835346,0.799288177490234
20170308154835347,-1.89388809204102
20170308154835348,-2.17617568969727
20170308154835349,0.646700286865234
20170308154835350,-1.84048233032227
20170308154835351,-2.15328750610352
20170308154835352,0.745882415771484
20170308154835353,-1.95492324829102
20170308154835354,-2.11514053344727
20170308154835355,0.852693939208984
20170308154835356,-2.02358779907227
20170308154835357,-2.08462295532227
20170308154835358,0.639070892333984
20170308154835359,-1.97781143188477
20170308154835360,-2.02358779907227
20170308154835361,0.646700286865234
20170308154835362,-1.97018203735352
20170308154835363,-1.97018203735352
20170308154835364,0.921358489990234
20170308154835365,-2.14565811157227
20170308154835366,-1.92440567016602
20170308154835367,0.661959075927734
20170308154835368,-2.16091690063477
20170308154835369,-1.90914688110352
20170308154835370,0.921358489990234
20170308154835371,-2.18380508422852
20170308154835372,-1.85574111938477
20170308154835373,0.631441497802734
20170308154835374,-2.34402236938477
20170308154835375,-1.67263565063477
20170308154835376,0.547518157958984
20170308154835377,-2.24484024047852
20170308154835378,-1.74892959594727
20170308154835379,0.753511810302734
20170308154835380,-2.35928115844727
20170308154835381,-1.72604141235352
20170308154835382,0.722994232177734
20170308154835383,-2.51186904907227
20170308154835384,-1.42086563110352
20170308154835385,0.677217864990234
20170308154835386,-2.67208633422852
20170308154835387,-1.25301895141602
20170308154835388,0.654329681396484
20170308154835389,-2.92385635375977
20170308154835390,-0.932584381103516
20170308154835391,0.539888763427734
20170308154835392,-2.96963272094727
20170308154835393,-0.764737701416016
20170308154835394,0.356783294677734
20170308154835395,-3.00777969360352
20170308154835396,-0.505338287353516
20170308154835397,0.272859954833984
20170308154835398,-3.00777969360352
20170308154835399,-0.482450103759766
20170308154835400,0.120272064208984
20170308154835401,-2.98489151000977
20170308154835402,-0.299344635009766
20170308154835403,-0.0552040100097656
20170308154835404,-2.87807998657227
20170308154835405,0.166048431396484
20170308154835406,-0.406156158447266
20170308154835407,-2.85519180297852
20170308154835408,0.280489349365234
20170308154835409,-0.299344635009766
20170308154835410,-2.90096817016602
20170308154835411,0.417818450927734
20170308154835412,-0.818143463134766
20170308154835413,-2.87807998657227
20170308154835414,0.776399993896484
20170308154835415,-0.963101959228516
20170308154835416,-2.72549209594727
20170308154835417,0.776399993896484
20170308154835418,-0.955472564697266
20170308154835419,-2.65682754516602
20170308154835420,0.890840911865234
20170308154835421,-1.57345352172852
20170308154835422,-2.56527481079102
20170308154835423,0.791658782958984
20170308154835424,-1.71078262329102
20170308154835425,-2.35165176391602
20170308154835426,0.898470306396484
20170308154835427,-1.74892959594727
20170308154835428,-2.32876358032227
20170308154835429,0.921358489990234
20170308154835430,-1.73367080688477
20170308154835431,-2.26009902954102
20170308154835432,0.661959075927734
20170308154835433,-1.90914688110352
20170308154835434,-2.22195205688477
20170308154835435,0.753511810302734
20170308154835436,-2.01595840454102
20170308154835437,-2.09988174438477
20170308154835438,0.608553314208984
20170308154835439,-2.02358779907227
20170308154835440,-2.08462295532227
20170308154835441,0.852693939208984
20170308154835442,-2.27535781860352
20170308154835443,-1.81759414672852
20170308154835444,0.639070892333984
20170308154835445,-2.27535781860352
20170308154835446,-1.61160049438477
20170308154835447,0.600923919677734
20170308154835448,-2.64919815063477
20170308154835449,-1.41323623657227
20170308154835450,0.532259368896484
20170308154835451,-2.77126846313477
20170308154835452,-1.26827774047852
20170308154835453,0.730623626708984
20170308154835454,-2.86282119750977
20170308154835455,-1.23776016235352
20170308154835456,0.799288177490234
20170308154835457,-2.74838027954102
20170308154835458,-1.27590713500977
20170308154835459,0.600923919677734
20170308154835460,-2.61868057250977
20170308154835461,-1.32931289672852
20170308154835462,0.608553314208984
20170308154835463,-2.57290420532227
20170308154835464,-1.32168350219727
20170308154835465,0.806917572021484
20170308154835466,-2.75600967407227
20170308154835467,-1.14620742797852
20170308154835468,0.692476654052734
20170308154835469,-2.77889785766602
20170308154835470,-1.13857803344727
20170308154835471,0.623812103271484
20170308154835472,-2.89333877563477
20170308154835473,-1.03176651000977
20170308154835474,0.517000579833984
20170308154835475,-2.90096817016602
20170308154835476,-0.940213775634766
20170308154835477,0.349153900146484
20170308154835478,-2.96963272094727
20170308154835479,-1.00887832641602
20170308154835480,0.425447845458984
20170308154835481,-2.99252090454102
20170308154835482,-0.856290435791016
20170308154835483,0.585665130615234
20170308154835484,-2.95437393188477
20170308154835485,-0.764737701416016
20170308154835486,0.402559661865234
20170308154835487,-2.87807998657227
20170308154835488,-0.734220123291016
20170308154835489,0.318636322021484
20170308154835490,-2.95437393188477
20170308154835491,-0.688443756103516
20170308154835492,0.272859954833984
20170308154835493,-2.95437393188477
20170308154835494,-0.802884674072266
20170308154835495,0.341524505615234
20170308154835496,-2.96200332641602
20170308154835497,-0.711331939697266
20170308154835498,0.364412689208984
20170308154835499,-2.88570938110352
20170308154835500,-0.696073150634766
20170308154835501,0.326265716552734
20170308154835502,-2.90859756469727
20170308154835503,-0.528226470947266
20170308154835504,0.494112396240234
20170308154835505,-2.85519180297852
20170308154835506,-0.482450103759766
20170308154835507,0.173677825927734
20170308154835508,-2.95437393188477
20170308154835509,-0.322232818603516
20170308154835510,0.0134605407714844
20170308154835511,-2.94674453735352
20170308154835512,-0.108609771728516
20170308154835513,-0.299344635009766
20170308154835514,-2.92385635375977
20170308154835515,0.173677825927734
20170308154835516,-0.451932525634766
20170308154835517,-2.81704483032227
20170308154835518,0.303377532958984
20170308154835519,-0.451932525634766
20170308154835520,-2.85519180297852
20170308154835521,0.288118743896484
20170308154835522,-0.467191314697266
20170308154835523,-2.93148574829102
20170308154835524,0.211824798583984
20170308154835525,-0.520597076416016
20170308154835526,-2.87807998657227
20170308154835527,0.295748138427734
20170308154835528,-0.650296783447266
20170308154835529,-2.85519180297852
20170308154835530,0.517000579833984
20170308154835531,-0.787625885009766
20170308154835532,-2.90859756469727
20170308154835533,0.669588470458984
20170308154835534,-0.985990142822266
20170308154835535,-2.77889785766602
20170308154835536,0.967134857177734
20170308154835537,-1.16909561157227
20170308154835538,-2.71023330688477
20170308154835539,0.722994232177734
20170308154835540,-1.18435440063477
20170308154835541,-2.69497451782227
20170308154835542,0.730623626708984
20170308154835543,-1.24538955688477
20170308154835544,-2.51949844360352
20170308154835545,0.806917572021484
20170308154835546,-1.45138320922852
20170308154835547,-2.45846328735352
20170308154835548,0.799288177490234
20170308154835549,-1.63448867797852
20170308154835550,-2.36691055297852
20170308154835551,0.669588470458984
20170308154835552,-1.71841201782227
20170308154835553,-2.10751113891602
20170308154835554,0.814546966552734
20170308154835555,-2.21432266235352
20170308154835556,-1.80996475219727
20170308154835557,0.913729095458984
20170308154835558,-2.26772842407227
20170308154835559,-1.80996475219727
20170308154835560,0.753511810302734
20170308154835561,-2.38979873657227
20170308154835562,-1.71078262329102
20170308154835563,0.585665130615234
20170308154835564,-2.42031631469727
20170308154835565,-1.73367080688477
20170308154835566,0.623812103271484
20170308154835567,-2.33639297485352
20170308154835568,-1.75655899047852
20170308154835569,0.555147552490234
20170308154835570,-2.35165176391602
20170308154835571,-1.64974746704102
20170308154835572,0.639070892333984
20170308154835573,-2.58816299438477
20170308154835574,-1.47427139282227
20170308154835575,0.501741790771484
20170308154835576,-2.71786270141602
20170308154835577,-1.38271865844727
20170308154835578,0.623812103271484
20170308154835579,-2.61105117797852
20170308154835580,-1.35983047485352
20170308154835581,0.669588470458984
20170308154835582,-2.71786270141602
20170308154835583,-1.43612442016602
20170308154835584,0.707735443115234
20170308154835585,-2.58816299438477
20170308154835586,-1.34457168579102
20170308154835587,0.661959075927734
20170308154835588,-2.50423965454102
20170308154835589,-1.33694229125977
20170308154835590,0.822176361083984
20170308154835591,-2.67208633422852
20170308154835592,-1.35220108032227
20170308154835593,0.669588470458984
20170308154835594,-2.70260391235352
20170308154835595,-1.21487197875977
20170308154835596,0.753511810302734
20170308154835597,-2.88570938110352
20170308154835598,-0.985990142822266
20170308154835599,0.547518157958984
20170308154835600,-2.94674453735352
20170308154835601,-1.05465469360352
20170308154835602,0.501741790771484
20170308154835603,-2.97726211547852
20170308154835604,-0.963101959228516
20170308154835605,0.356783294677734
20170308154835606,-2.99252090454102
20170308154835607,-0.848661041259766
20170308154835608,0.623812103271484
20170308154835609,-2.93911514282227
20170308154835610,-0.856290435791016
20170308154835611,0.349153900146484
20170308154835612,-2.98489151000977
20170308154835613,-0.795255279541016
20170308154835614,0.372042083740234
20170308154835615,-2.94674453735352
20170308154835616,-0.635037994384766
20170308154835617,0.227083587646484
20170308154835618,-2.90859756469727
20170308154835619,-0.459561920166016
20170308154835620,0.0897544860839844
20170308154835621,-2.97726211547852
20170308154835622,-0.444303131103516
20170308154835623,0.127901458740234
20170308154835624,-2.91622695922852
20170308154835625,-0.490079498291016
20170308154835626,0.173677825927734
20170308154835627,-2.93148574829102
20170308154835628,-0.375638580322266
20170308154835629,-0.0780921936035156
20170308154835630,-2.98489151000977
20170308154835631,-0.306974029541016
20170308154835632,0.0439781188964844
20170308154835633,-2.86282119750977
20170308154835634,-0.352750396728516
20170308154835635,-0.0170570373535156
20170308154835636,-2.87045059204102
20170308154835637,-0.268827056884766
20170308154835638,-0.0017982482910156
20170308154835639,-2.87807998657227
20170308154835640,-0.390897369384766
20170308154835641,0.0058311462402344
20170308154835642,-2.94674453735352
20170308154835643,-0.245938873291016
20170308154835644,-0.0628334045410156
20170308154835645,-2.99252090454102
20170308154835646,-0.345121002197266
20170308154835647,-0.0323158264160156
20170308154835648,-2.88570938110352
20170308154835649,-0.345121002197266
20170308154835650,-0.0399452209472656
20170308154835651,-2.89333877563477
20170308154835652,-0.314603424072266
20170308154835653,0.0134605407714844
20170308154835654,-3.00015029907227
20170308154835655,-0.337491607666016
20170308154835656,-0.215421295166016
20170308154835657,-2.99252090454102
20170308154835658,-0.245938873291016
20170308154835659,-0.162015533447266
20170308154835660,-2.91622695922852
20170308154835661,-0.329862213134766
20170308154835662,-0.0170570373535156
20170308154835663,-2.90859756469727
20170308154835664,-0.375638580322266
20170308154835665,0.0210899353027344
20170308154835666,-2.93148574829102
20170308154835667,-0.261197662353516
20170308154835668,-0.108609771728516
20170308154835669,-2.87807998657227
20170308154835670,-0.139127349853516
20170308154835671,-0.184903717041016
20170308154835672,-2.89333877563477
20170308154835673,0.105013275146484
20170308154835674,-0.360379791259766
20170308154835675,-2.83230361938477
20170308154835676,0.341524505615234
20170308154835677,-0.383267974853516
20170308154835678,-2.87807998657227
20170308154835679,0.341524505615234
20170308154835680,-0.596891021728516
20170308154835681,-2.88570938110352
20170308154835682,0.425447845458984
20170308154835683,-0.627408599853516
20170308154835684,-2.87807998657227
20170308154835685,0.326265716552734
20170308154835686,-0.512967681884766
20170308154835687,-2.92385635375977
20170308154835688,0.433077239990234
20170308154835689,-0.673184967041016
20170308154835690,-2.83230361938477
20170308154835691,0.478853607177734
20170308154835692,-0.757108306884766
20170308154835693,-2.88570938110352
20170308154835694,0.730623626708984
20170308154835695,-0.932584381103516
20170308154835696,-2.90859756469727
20170308154835697,0.753511810302734
20170308154835698,-1.13094863891602
20170308154835699,-2.74075088500977
20170308154835700,0.867952728271484
20170308154835701,-1.35983047485352
20170308154835702,-2.64156875610352
20170308154835703,0.921358489990234
20170308154835704,-1.57345352172852
20170308154835705,-2.42031631469727
20170308154835706,0.753511810302734
20170308154835707,-1.68789443969727
20170308154835708,-2.29824600219727
20170308154835709,0.715364837646484
20170308154835710,-1.86337051391602
20170308154835711,-2.13802871704102
20170308154835712,0.913729095458984
20170308154835713,-1.98544082641602
20170308154835714,-2.06173477172852
20170308154835715,0.677217864990234
20170308154835716,-2.13039932250977
20170308154835717,-2.02358779907227
20170308154835718,0.639070892333984
20170308154835719,-1.97018203735352
20170308154835720,-1.95492324829102
20170308154835721,0.883211517333984
20170308154835722,-2.16854629516602
20170308154835723,-1.99307022094727
20170308154835724,0.707735443115234
20170308154835725,-2.17617568969727
20170308154835726,-1.68026504516602
20170308154835727,0.562776947021484
20170308154835728,-2.42794570922852
20170308154835729,-1.53530654907227
20170308154835730,0.639070892333984
20170308154835731,-2.56527481079102
20170308154835732,-1.42086563110352
20170308154835733,0.608553314208984
20170308154835734,-2.69497451782227
20170308154835735,-1.35983047485352
20170308154835736,0.654329681396484
20170308154835737,-2.71023330688477
20170308154835738,-1.20724258422852
20170308154835739,0.616182708740234
20170308154835740,-2.90096817016602
20170308154835741,-1.21487197875977
20170308154835742,0.631441497802734
20170308154835743,-2.90096817016602
20170308154835744,-1.10043106079102
20170308154835745,0.555147552490234
20170308154835746,-3.00015029907227
20170308154835747,-0.825772857666016
20170308154835748,0.402559661865234
20170308154835749,-2.87807998657227
20170308154835750,-0.787625885009766
20170308154835751,0.341524505615234
20170308154835752,-2.92385635375977
20170308154835753,-0.764737701416016
20170308154835754,0.471224212646484
20170308154835755,-2.95437393188477
20170308154835756,-0.871549224853516
20170308154835757,0.387300872802734
20170308154835758,-2.96200332641602
20170308154835759,-0.665555572509766
20170308154835760,0.356783294677734
20170308154835761,-2.96963272094727
20170308154835762,-0.596891021728516
20170308154835763,0.227083587646484
20170308154835764,-2.94674453735352
20170308154835765,-0.459561920166016
20170308154835766,0.127901458740234
20170308154835767,-2.93911514282227
20170308154835768,-0.413785552978516
20170308154835769,0.0134605407714844
20170308154835770,-3.00015029907227
20170308154835771,-0.528226470947266
20170308154835772,0.0210899353027344
20170308154835773,-3.00015029907227
20170308154835774,-0.551114654541016
20170308154835775,0.105013275146484
20170308154835776,-2.90096817016602
20170308154835777,-0.474820709228516
20170308154835778,0.0439781188964844
20170308154835779,-2.93911514282227
20170308154835780,-0.383267974853516
20170308154835781,0.204195404052734
20170308154835782,-2.92385635375977
20170308154835783,-0.459561920166016
20170308154835784,0.0439781188964844
20170308154835785,-2.95437393188477
20170308154835786,-0.253568267822266
20170308154835787,-0.0933509826660156
20170308154835788,-2.91622695922852
20170308154835789,-0.490079498291016
20170308154835790,0.0287193298339844
20170308154835791,-2.97726211547852
20170308154835792,-0.383267974853516
20170308154835793,0.0668663024902344
20170308154835794,-2.87807998657227
20170308154835795,-0.551114654541016
20170308154835796,0.0210899353027344
20170308154835797,-2.85519180297852
20170308154835798,-0.398526763916016
20170308154835799,-0.0323158264160156
20170308154835800,-2.90859756469727
20170308154835801,-0.184903717041016
20170308154835802,0.0821250915527344
20170308154835803,-2.83993301391602
20170308154835804,-0.299344635009766
20170308154835805,-0.207791900634766
20170308154835806,-2.98489151000977
20170308154835807,-0.192533111572266
20170308154835808,-0.223050689697266
20170308154835809,-2.97726211547852
20170308154835810,-0.146756744384766
20170308154835811,-0.131497955322266
20170308154835812,-2.92385635375977
20170308154835813,-0.322232818603516
20170308154835814,-0.215421295166016
20170308154835815,-2.91622695922852
20170308154835816,0.120272064208984
20170308154835817,-0.276456451416016
20170308154835818,-2.89333877563477
20170308154835819,0.211824798583984
20170308154835820,-0.291715240478516
20170308154835821,-2.83230361938477
20170308154835822,0.288118743896484
20170308154835823,-0.596891021728516
20170308154835824,-2.93148574829102
20170308154835825,0.440706634521484
20170308154835826,-0.726590728759766
20170308154835827,-2.95437393188477
20170308154835828,0.761141204833984
20170308154835829,-0.963101959228516
20170308154835830,-2.78652725219727
20170308154835831,0.555147552490234
20170308154835832,-0.924954986572266
20170308154835833,-2.89333877563477
20170308154835834,0.730623626708984
20170308154835835,-1.00887832641602
20170308154835836,-2.74075088500977
20170308154835837,0.837435150146484
20170308154835838,-1.15383682250977
20170308154835839,-2.70260391235352
20170308154835840,0.852693939208984
20170308154835841,-1.39034805297852
20170308154835842,-2.58816299438477
20170308154835843,0.860323333740234
20170308154835844,-1.73367080688477
20170308154835845,-2.37453994750977
20170308154835846,0.722994232177734
20170308154835847,-1.91677627563477
20170308154835848,-2.16854629516602
20170308154835849,0.799288177490234
20170308154835850,-2.16854629516602
20170308154835851,-1.99307022094727
20170308154835852,0.600923919677734
20170308154835853,-2.13802871704102
20170308154835854,-1.84048233032227
20170308154835855,0.730623626708984
20170308154835856,-2.36691055297852
20170308154835857,-1.49715957641602
20170308154835858,0.738253021240234
20170308154835859,-2.74838027954102
20170308154835860,-1.32168350219727
20170308154835861,0.578035736083984
20170308154835862,-2.91622695922852
20170308154835863,-1.10043106079102
20170308154835864,0.608553314208984
20170308154835865,-3.01540908813477
20170308154835866,-0.917325592041016
20170308154835867,0.486483001708984
20170308154835868,-3.01540908813477
20170308154835869,-0.734220123291016
20170308154835870,0.272859954833984
20170308154835871,-2.96200332641602
20170308154835872,-0.543485260009766
20170308154835873,0.211824798583984
20170308154835874,-2.97726211547852
20170308154835875,-0.718961334228516
20170308154835876,0.265230560302734
20170308154835877,-2.90096817016602
20170308154835878,-0.566373443603516
20170308154835879,0.219454193115234
20170308154835880,-2.90859756469727
20170308154835881,-0.505338287353516
20170308154835882,0.173677825927734
20170308154835883,-2.92385635375977
20170308154835884,-0.482450103759766
20170308154835885,0.105013275146484
20170308154835886,-2.92385635375977
20170308154835887,-0.444303131103516
20170308154835888,0.188936614990234
20170308154835889,-2.93911514282227
20170308154835890,-0.421414947509766
20170308154835891,-0.0246864318847656
20170308154835892,-2.98489151000977
20170308154835893,-0.322232818603516
20170308154835894,-0.123868560791016
20170308154835895,-2.98489151000977
20170308154835896,-0.0628334045410156
20170308154835897,-0.368009185791016
20170308154835898,-2.92385635375977
20170308154835899,0.257601165771484
20170308154835900,-0.429044342041016
20170308154835901,-2.87045059204102
20170308154835902,0.303377532958984
20170308154835903,-0.619779205322266
20170308154835904,-2.90859756469727
20170308154835905,0.501741790771484
20170308154835906,-0.802884674072266
20170308154835907,-2.87807998657227
20170308154835908,0.478853607177734
20170308154835909,-0.726590728759766
20170308154835910,-2.90096817016602
20170308154835911,0.486483001708984
20170308154835912,-0.833402252197266
20170308154835913,-2.85519180297852
20170308154835914,0.166048431396484
20170308154835915,-0.650296783447266
20170308154835916,-2.81704483032227
20170308154835917,0.120272064208984
20170308154835918,-0.436673736572266
20170308154835919,-2.94674453735352
20170308154835920,0.204195404052734
20170308154835921,-0.329862213134766
20170308154835922,-2.93911514282227
20170308154835923,0.0210899353027344
20170308154835924,-0.436673736572266
20170308154835925,-2.80178604125977
20170308154835926,0.265230560302734
20170308154835927,-0.520597076416016
20170308154835928,-2.90096817016602
20170308154835929,0.227083587646484
20170308154835930,-0.581632232666016
20170308154835931,-2.85519180297852
20170308154835932,0.372042083740234
20170308154835933,-0.497708892822266
20170308154835934,-2.86282119750977
20170308154835935,0.311006927490234
20170308154835936,-0.619779205322266
20170308154835937,-2.87045059204102
20170308154835938,0.379671478271484
20170308154835939,-0.749478912353516
20170308154835940,-2.90096817016602
20170308154835941,0.661959075927734
20170308154835942,-0.947843170166016
20170308154835943,-2.88570938110352
20170308154835944,0.600923919677734
20170308154835945,-0.802884674072266
20170308154835946,-2.87807998657227
20170308154835947,0.761141204833984
20170308154835948,-0.985990142822266
20170308154835949,-2.79415664672852
20170308154835950,0.753511810302734
20170308154835951,-1.10806045532227
20170308154835952,-2.76363906860352
20170308154835953,0.784029388427734
20170308154835954,-1.21487197875977
20170308154835955,-2.70260391235352
20170308154835956,0.677217864990234
20170308154835957,-1.23013076782227
20170308154835958,-2.72549209594727
20170308154835959,0.776399993896484
20170308154835960,-1.42086563110352
20170308154835961,-2.62630996704102
20170308154835962,0.806917572021484
20170308154835963,-1.61922988891602
20170308154835964,-2.51186904907227
20170308154835965,0.692476654052734
20170308154835966,-1.78707656860352
20170308154835967,-2.30587539672852
20170308154835968,0.890840911865234
20170308154835969,-1.80233535766602
20170308154835970,-2.29061660766602
20170308154835971,0.722994232177734
20170308154835972,-2.00832901000977
20170308154835973,-2.05410537719727
20170308154835974,0.623812103271484
20170308154835975,-2.08462295532227
20170308154835976,-1.97781143188477
20170308154835977,0.745882415771484
20170308154835978,-2.23721084594727
20170308154835979,-2.02358779907227
20170308154835980,0.616182708740234
20170308154835981,-2.29061660766602
20170308154835982,-1.88625869750977
20170308154835983,0.600923919677734
20170308154835984,-2.29824600219727
20170308154835985,-1.84048233032227
20170308154835986,0.677217864990234
20170308154835987,-2.38979873657227
20170308154835988,-1.48953018188477
20170308154835989,0.684847259521484
20170308154835990,-2.68734512329102
20170308154835991,-1.51241836547852
20170308154835992,0.661959075927734
20170308154835993,-2.68734512329102
20170308154835994,-1.30642471313477
20170308154835995,0.555147552490234
20170308154835996,-2.93911514282227
20170308154835997,-1.11568984985352
20170308154835998,0.547518157958984
20170308154835999,-2.87807998657227
20170308154836000,-1.15383682250977
20170308154836001,0.471224212646484
20170308154836002,-2.83230361938477
20170308154836003,-1.24538955688477
20170308154836004,0.539888763427734
20170308154836005,-2.88570938110352
20170308154836006,-1.09280166625977
20170308154836007,0.593294525146484
20170308154836008,-2.93911514282227
20170308154836009,-0.741849517822266
20170308154836010,0.280489349365234
20170308154836011,-2.95437393188477
20170308154836012,-0.604520416259766
20170308154836013,0.265230560302734
20170308154836014,-2.93911514282227
20170308154836015,-0.352750396728516
20170308154836016,0.150789642333984
20170308154836017,-2.99252090454102
20170308154836018,-0.230680084228516
20170308154836019,-0.123868560791016
20170308154836020,-2.92385635375977
20170308154836021,-0.0017982482910156
20170308154836022,-0.306974029541016
20170308154836023,-2.96963272094727
20170308154836024,0.0363487243652344
20170308154836025,-0.215421295166016
20170308154836026,-2.83993301391602
20170308154836027,-0.131497955322266
20170308154836028,-0.261197662353516
20170308154836029,-2.93148574829102
20170308154836030,-0.131497955322266
20170308154836031,-0.322232818603516
20170308154836032,-2.91622695922852
20170308154836033,-0.154386138916016
20170308154836034,-0.314603424072266
20170308154836035,-2.95437393188477
20170308154836036,-0.0475746154785156
20170308154836037,-0.314603424072266
20170308154836038,-2.94674453735352
20170308154836039,-0.0094276428222656
20170308154836040,-0.0704627990722656
20170308154836041,-2.94674453735352
20170308154836042,-0.223050689697266
20170308154836043,-0.0780921936035156
20170308154836044,-2.87807998657227
20170308154836045,-0.0094276428222656
20170308154836046,-0.398526763916016
20170308154836047,-2.86282119750977
20170308154836048,0.0516075134277344
20170308154836049,-0.558744049072266
20170308154836050,-2.86282119750977
20170308154836051,0.173677825927734
20170308154836052,-0.581632232666016
20170308154836053,-2.92385635375977
20170308154836054,0.188936614990234
20170308154836055,-0.474820709228516
20170308154836056,-2.87807998657227
20170308154836057,0.364412689208984
20170308154836058,-0.619779205322266
20170308154836059,-2.86282119750977
20170308154836060,0.188936614990234
20170308154836061,-0.383267974853516
20170308154836062,-2.94674453735352
20170308154836063,0.364412689208984
20170308154836064,-0.688443756103516
20170308154836065,-2.82467422485352
20170308154836066,0.249971771240234
20170308154836067,-0.528226470947266
20170308154836068,-2.90096817016602
20170308154836069,0.166048431396484
20170308154836070,-0.574002838134766
20170308154836071,-2.88570938110352
20170308154836072,0.524629974365234
20170308154836073,-0.772367095947266
20170308154836074,-2.83993301391602
20170308154836075,0.623812103271484
20170308154836076,-0.772367095947266
20170308154836077,-2.87045059204102
20170308154836078,0.410189056396484
20170308154836079,-0.856290435791016
20170308154836080,-2.95437393188477
20170308154836081,0.387300872802734
20170308154836082,-0.764737701416016
20170308154836083,-2.93911514282227
20170308154836084,0.494112396240234
20170308154836085,-0.886808013916016
20170308154836086,-2.80178604125977
20170308154836087,0.547518157958984
20170308154836088,-0.879178619384766
20170308154836089,-2.81704483032227
20170308154836090,0.692476654052734
20170308154836091,-0.955472564697266
20170308154836092,-2.84756240844727
20170308154836093,0.928987884521484
20170308154836094,-1.00124893188477
20170308154836095,-2.78652725219727
20170308154836096,0.913729095458984
20170308154836097,-1.11568984985352
20170308154836098,-2.79415664672852
20170308154836099,0.646700286865234
20170308154836100,-1.05465469360352
20170308154836101,-2.70260391235352
20170308154836102,0.562776947021484
20170308154836103,-0.856290435791016
20170308154836104,-2.77889785766602
20170308154836105,0.875582122802734
20170308154836106,-0.985990142822266
20170308154836107,-2.80178604125977
20170308154836108,0.776399993896484
20170308154836109,-1.00887832641602
20170308154836110,-2.77889785766602
20170308154836111,0.814546966552734
20170308154836112,-1.23776016235352
20170308154836113,-2.61105117797852
20170308154836114,0.761141204833984
20170308154836115,-1.50478897094727
20170308154836116,-2.47372207641602
20170308154836117,0.700106048583984
20170308154836118,-1.69552383422852
20170308154836119,-2.37453994750977
20170308154836120,0.700106048583984
20170308154836121,-1.66500625610352
20170308154836122,-2.29824600219727
20170308154836123,0.646700286865234
20170308154836124,-1.86337051391602
20170308154836125,-2.13802871704102
20170308154836126,0.669588470458984
20170308154836127,-2.15328750610352
20170308154836128,-1.92440567016602
20170308154836129,0.684847259521484
20170308154836130,-2.32113418579102
20170308154836131,-1.68026504516602
20170308154836132,0.814546966552734
20170308154836133,-2.58053359985352
20170308154836134,-1.38271865844727
20170308154836135,0.661959075927734
20170308154836136,-2.81704483032227
20170308154836137,-1.00887832641602
20170308154836138,0.639070892333984
20170308154836139,-3.00015029907227
20170308154836140,-0.856290435791016
20170308154836141,0.372042083740234
20170308154836142,-3.02303848266602
20170308154836143,-0.604520416259766
20170308154836144,0.166048431396484
20170308154836145,-3.03066787719727
20170308154836146,-0.322232818603516
20170308154836147,0.0897544860839844
20170308154836148,-2.93911514282227
20170308154836149,-0.482450103759766
20170308154836150,0.0210899353027344
20170308154836151,-2.87807998657227
20170308154836152,-0.329862213134766
20170308154836153,0.0287193298339844
20170308154836154,-2.90859756469727
20170308154836155,-0.337491607666016
20170308154836156,-0.0933509826660156
20170308154836157,-2.91622695922852
20170308154836158,-0.0399452209472656
20170308154836159,-0.352750396728516
20170308154836160,-2.87045059204102
20170308154836161,0.600923919677734
20170308154836162,-0.436673736572266
20170308154836163,-2.92385635375977
20170308154836164,0.578035736083984
20170308154836165,-0.764737701416016
20170308154836166,-2.94674453735352
20170308154836167,0.547518157958984
20170308154836168,-0.856290435791016
20170308154836169,-2.83230361938477
20170308154836170,0.410189056396484
20170308154836171,-0.657926177978516
20170308154836172,-2.80941543579102
20170308154836173,0.501741790771484
20170308154836174,-0.696073150634766
20170308154836175,-2.83993301391602
20170308154836176,0.242342376708984
20170308154836177,-0.612149810791016
20170308154836178,-2.90096817016602
20170308154836179,0.249971771240234
20170308154836180,-0.543485260009766
20170308154836181,-2.90096817016602
20170308154836182,0.562776947021484
20170308154836183,-0.596891021728516
20170308154836184,-2.84756240844727
20170308154836185,0.509371185302734
20170308154836186,-0.825772857666016
20170308154836187,-2.87045059204102
20170308154836188,0.738253021240234
20170308154836189,-0.856290435791016
20170308154836190,-2.89333877563477
20170308154836191,0.486483001708984
20170308154836192,-0.787625885009766
20170308154836193,-2.87807998657227
20170308154836194,0.478853607177734
20170308154836195,-0.917325592041016
20170308154836196,-2.90096817016602
20170308154836197,0.654329681396484
20170308154836198,-1.01650772094727
20170308154836199,-2.83230361938477
20170308154836200,0.768770599365234
20170308154836201,-0.970731353759766
20170308154836202,-2.75600967407227
20170308154836203,0.867952728271484
20170308154836204,-1.10043106079102
20170308154836205,-2.75600967407227
20170308154836206,0.677217864990234
20170308154836207,-1.14620742797852
20170308154836208,-2.84756240844727
20170308154836209,0.593294525146484
20170308154836210,-1.11568984985352
20170308154836211,-2.80178604125977
20170308154836212,0.715364837646484
20170308154836213,-1.07754287719727
20170308154836214,-2.78652725219727
20170308154836215,0.623812103271484
20170308154836216,-0.917325592041016
20170308154836217,-2.87045059204102
20170308154836218,0.471224212646484
20170308154836219,-0.856290435791016
20170308154836220,-2.78652725219727
20170308154836221,0.494112396240234
20170308154836222,-0.772367095947266
20170308154836223,-2.77126846313477
20170308154836224,0.806917572021484
20170308154836225,-0.726590728759766
20170308154836226,-2.76363906860352
20170308154836227,0.593294525146484
20170308154836228,-1.01650772094727
20170308154836229,-2.83230361938477
20170308154836230,0.463594818115234
20170308154836231,-0.856290435791016
20170308154836232,-2.88570938110352
20170308154836233,0.517000579833984
20170308154836234,-0.917325592041016
20170308154836235,-2.83230361938477
20170308154836236,0.722994232177734
20170308154836237,-0.978360748291016
20170308154836238,-2.79415664672852
20170308154836239,0.738253021240234
20170308154836240,-1.19961318969727
20170308154836241,-2.71786270141602
20170308154836242,1.02817001342773
20170308154836243,-1.22250137329102
20170308154836244,-2.63393936157227
20170308154836245,0.700106048583984
20170308154836246,-1.29879531860352
20170308154836247,-2.67208633422852
20170308154836248,0.715364837646484
20170308154836249,-1.23776016235352
20170308154836250,-2.67971572875977
20170308154836251,0.631441497802734
20170308154836252,-1.35983047485352
20170308154836253,-2.55001602172852
20170308154836254,0.761141204833984
20170308154836255,-1.39797744750977
20170308154836256,-2.57290420532227
20170308154836257,0.936617279052734
20170308154836258,-1.75655899047852
20170308154836259,-2.29824600219727
20170308154836260,0.593294525146484
20170308154836261,-1.97018203735352
20170308154836262,-2.24484024047852
20170308154836263,0.684847259521484
20170308154836264,-2.12276992797852
20170308154836265,-1.84048233032227
20170308154836266,0.768770599365234
20170308154836267,-2.15328750610352
20170308154836268,-1.92440567016602
20170308154836269,0.776399993896484
20170308154836270,-2.33639297485352
20170308154836271,-1.64211807250977
20170308154836272,0.593294525146484
20170308154836273,-2.55001602172852
20170308154836274,-1.33694229125977
20170308154836275,0.639070892333984
20170308154836276,-2.71786270141602
20170308154836277,-1.20724258422852
20170308154836278,0.455965423583984
20170308154836279,-2.93911514282227
20170308154836280,-0.947843170166016
20170308154836281,0.570406341552734
20170308154836282,-3.06881484985352
20170308154836283,-0.818143463134766
20170308154836284,0.272859954833984
20170308154836285,-3.03066787719727
20170308154836286,-0.635037994384766
20170308154836287,0.249971771240234
20170308154836288,-2.96200332641602
20170308154836289,-0.451932525634766
20170308154836290,0.0134605407714844
20170308154836291,-3.03829727172852
20170308154836292,-0.360379791259766
20170308154836293,-0.0017982482910156
20170308154836294,-2.96200332641602
20170308154836295,0.0363487243652344
20170308154836296,-0.368009185791016
20170308154836297,-2.90859756469727
20170308154836298,0.0897544860839844
20170308154836299,-0.429044342041016
20170308154836300,-2.96200332641602
20170308154836301,0.150789642333984
20170308154836302,-0.535855865478516
20170308154836303,-2.86282119750977
20170308154836304,0.417818450927734
20170308154836305,-0.406156158447266
20170308154836306,-2.83993301391602
20170308154836307,0.570406341552734
20170308154836308,-0.795255279541016
20170308154836309,-2.82467422485352
20170308154836310,0.661959075927734
20170308154836311,-0.955472564697266
20170308154836312,-2.77126846313477
20170308154836313,0.967134857177734
20170308154836314,-1.19198379516602
20170308154836315,-2.71786270141602
20170308154836316,0.791658782958984
20170308154836317,-1.29116592407227
20170308154836318,-2.63393936157227
20170308154836319,0.692476654052734
20170308154836320,-1.43612442016602
20170308154836321,-2.62630996704102
20170308154836322,0.631441497802734
20170308154836323,-1.63448867797852
20170308154836324,-2.55001602172852
20170308154836325,0.646700286865234
20170308154836326,-1.63448867797852
20170308154836327,-2.46609268188477
20170308154836328,0.623812103271484
20170308154836329,-1.61160049438477
20170308154836330,-2.40505752563477
20170308154836331,0.669588470458984
20170308154836332,-1.58871231079102
20170308154836333,-2.39742813110352
20170308154836334,0.722994232177734
20170308154836335,-1.55056533813477
20170308154836336,-2.32113418579102
20170308154836337,0.799288177490234
20170308154836338,-1.74130020141602
20170308154836339,-2.34402236938477
20170308154836340,0.959505462646484
20170308154836341,-1.77181777954102
20170308154836342,-2.43557510375977
20170308154836343,0.677217864990234
20170308154836344,-1.58871231079102
20170308154836345,-2.35928115844727
20170308154836346,0.799288177490234
20170308154836347,-1.77181777954102
20170308154836348,-2.27535781860352
20170308154836349,0.616182708740234
20170308154836350,-1.81759414672852
20170308154836351,-2.17617568969727
20170308154836352,0.715364837646484
20170308154836353,-1.87862930297852
20170308154836354,-1.84811172485352
20170308154836355,0.936617279052734
20170308154836356,-2.27535781860352
20170308154836357,-1.90914688110352
20170308154836358,0.829805755615234
20170308154836359,-2.23721084594727
20170308154836360,-1.81759414672852
20170308154836361,0.677217864990234
20170308154836362,-2.20669326782227
20170308154836363,-1.82522354125977
20170308154836364,0.806917572021484
20170308154836365,-2.19143447875977
20170308154836366,-1.83285293579102
20170308154836367,0.578035736083984
20170308154836368,-2.29824600219727
20170308154836369,-1.68026504516602
20170308154836370,0.684847259521484
20170308154836371,-2.48135147094727
20170308154836372,-1.60397109985352
20170308154836373,0.639070892333984
20170308154836374,-2.43557510375977
20170308154836375,-1.61922988891602
20170308154836376,0.661959075927734
20170308154836377,-2.48135147094727
20170308154836378,-1.60397109985352
20170308154836379,0.661959075927734
20170308154836380,-2.47372207641602
20170308154836381,-1.59634170532227
20170308154836382,0.631441497802734
20170308154836383,-2.42031631469727
20170308154836384,-1.61922988891602
20170308154836385,0.700106048583984
20170308154836386,-2.38979873657227
20170308154836387,-1.45901260375977
20170308154836388,0.692476654052734
20170308154836389,-2.55001602172852
20170308154836390,-1.46664199829102
20170308154836391,0.631441497802734
20170308154836392,-2.43557510375977
20170308154836393,-1.68026504516602
20170308154836394,0.639070892333984
20170308154836395,-2.43557510375977
20170308154836396,-1.58871231079102
20170308154836397,0.677217864990234
20170308154836398,-2.65682754516602
20170308154836399,-1.35983047485352
20170308154836400,0.654329681396484
20170308154836401,-2.64919815063477
20170308154836402,-1.47427139282227
20170308154836403,0.654329681396484
20170308154836404,-2.66445693969727
20170308154836405,-1.31405410766602
20170308154836406,0.791658782958984
20170308154836407,-2.90096817016602
20170308154836408,-1.16909561157227
20170308154836409,0.555147552490234
20170308154836410,-2.96963272094727
20170308154836411,-1.07754287719727
20170308154836412,0.585665130615234
20170308154836413,-3.09170303344727
20170308154836414,-0.856290435791016
20170308154836415,0.387300872802734
20170308154836416,-3.09933242797852
20170308154836417,-0.795255279541016
20170308154836418,0.318636322021484
20170308154836419,-3.00015029907227
20170308154836420,-0.596891021728516
20170308154836421,0.288118743896484
20170308154836422,-2.92385635375977
20170308154836423,-0.368009185791016
20170308154836424,0.0363487243652344
20170308154836425,-2.97726211547852
20170308154836426,-0.276456451416016
20170308154836427,0.0210899353027344
20170308154836428,-2.86282119750977
20170308154836429,-0.238309478759766
20170308154836430,-0.0017982482910156
20170308154836431,-2.88570938110352
20170308154836432,-0.139127349853516
20170308154836433,-0.223050689697266
20170308154836434,-2.87807998657227
20170308154836435,0.364412689208984
20170308154836436,-0.596891021728516
20170308154836437,-2.87807998657227
20170308154836438,0.471224212646484
20170308154836439,-0.764737701416016
20170308154836440,-2.92385635375977
20170308154836441,0.478853607177734
20170308154836442,-0.696073150634766
20170308154836443,-2.83230361938477
20170308154836444,0.646700286865234
20170308154836445,-0.764737701416016
20170308154836446,-2.81704483032227
20170308154836447,0.837435150146484
20170308154836448,-1.06991348266602
20170308154836449,-2.76363906860352
20170308154836450,0.814546966552734
20170308154836451,-1.25301895141602
20170308154836452,-2.77126846313477
20170308154836453,0.692476654052734
20170308154836454,-1.29879531860352
20170308154836455,-2.67971572875977
20170308154836456,0.944246673583984
20170308154836457,-1.26064834594727
20170308154836458,-2.65682754516602
20170308154836459,0.799288177490234
20170308154836460,-1.55056533813477
20170308154836461,-2.45846328735352
20170308154836462,1.00528182983398
20170308154836463,-1.63448867797852
20170308154836464,-2.48135147094727
20170308154836465,0.768770599365234
20170308154836466,-1.76418838500977
20170308154836467,-2.35165176391602
20170308154836468,0.898470306396484
20170308154836469,-1.82522354125977
20170308154836470,-2.26772842407227
20170308154836471,0.639070892333984
20170308154836472,-1.81759414672852
20170308154836473,-2.15328750610352
20170308154836474,0.707735443115234
20170308154836475,-2.01595840454102
20170308154836476,-1.97018203735352
20170308154836477,0.883211517333984
20170308154836478,-2.28298721313477
20170308154836479,-1.88625869750977
20170308154836480,0.867952728271484
20170308154836481,-2.26772842407227
20170308154836482,-1.90914688110352
20170308154836483,0.776399993896484
20170308154836484,-2.25246963500977
20170308154836485,-2.00069961547852
20170308154836486,0.677217864990234
20170308154836487,-2.25246963500977
20170308154836488,-1.85574111938477
20170308154836489,0.616182708740234
20170308154836490,-2.20669326782227
20170308154836491,-1.81759414672852
20170308154836492,0.845064544677734
20170308154836493,-2.25246963500977
20170308154836494,-1.91677627563477
20170308154836495,0.684847259521484
20170308154836496,-2.26009902954102
20170308154836497,-1.87099990844727
20170308154836498,0.654329681396484
20170308154836499,-2.33639297485352
20170308154836500,-1.81759414672852
20170308154836501,0.700106048583984
20170308154836502,-2.42794570922852
20170308154836503,-1.60397109985352
20170308154836504,0.768770599365234
20170308154836505,-2.48135147094727
20170308154836506,-1.47427139282227
20170308154836507,0.799288177490234
20170308154836508,-2.59579238891602
20170308154836509,-1.54293594360352
20170308154836510,0.524629974365234
20170308154836511,-2.47372207641602
20170308154836512,-1.52767715454102
20170308154836513,0.738253021240234
20170308154836514,-2.70260391235352
20170308154836515,-1.30642471313477
20170308154836516,0.570406341552734
20170308154836517,-2.49661026000977
20170308154836518,-1.48953018188477
20170308154836519,0.806917572021484
20170308154836520,-2.55764541625977
20170308154836521,-1.39034805297852
20170308154836522,0.707735443115234
20170308154836523,-2.64156875610352
20170308154836524,-1.35220108032227
20170308154836525,0.692476654052734
20170308154836526,-2.70260391235352
20170308154836527,-1.29116592407227
20170308154836528,0.600923919677734
20170308154836529,-2.90859756469727
20170308154836530,-1.17672500610352
20170308154836531,0.669588470458984
20170308154836532,-2.87807998657227
20170308154836533,-1.18435440063477
20170308154836534,0.768770599365234
20170308154836535,-2.94674453735352
20170308154836536,-1.11568984985352
20170308154836537,0.532259368896484
20170308154836538,-2.89333877563477
20170308154836539,-0.940213775634766
20170308154836540,0.433077239990234
20170308154836541,-2.93911514282227
20170308154836542,-1.10043106079102
20170308154836543,0.623812103271484
20170308154836544,-2.96963272094727
20170308154836545,-1.12331924438477
20170308154836546,0.639070892333984
20170308154836547,-2.96200332641602
20170308154836548,-1.02413711547852
20170308154836549,0.509371185302734
20170308154836550,-2.90859756469727
20170308154836551,-1.04702529907227
20170308154836552,0.684847259521484
20170308154836553,-2.87045059204102
20170308154836554,-0.985990142822266
20170308154836555,0.547518157958984
20170308154836556,-2.96200332641602
20170308154836557,-0.886808013916016
20170308154836558,0.547518157958984
20170308154836559,-2.90859756469727
20170308154836560,-0.871549224853516
20170308154836561,0.387300872802734
20170308154836562,-2.93148574829102
20170308154836563,-0.856290435791016
20170308154836564,0.364412689208984
20170308154836565,-2.93911514282227
20170308154836566,-0.802884674072266
20170308154836567,0.379671478271484
20170308154836568,-2.98489151000977
20170308154836569,-0.795255279541016
20170308154836570,0.402559661865234
20170308154836571,-2.97726211547852
20170308154836572,-0.619779205322266
20170308154836573,0.295748138427734
20170308154836574,-2.99252090454102
20170308154836575,-0.551114654541016
20170308154836576,0.227083587646484
20170308154836577,-2.96200332641602
20170308154836578,-0.398526763916016
20170308154836579,0.135530853271484
20170308154836580,-2.98489151000977
20170308154836581,-0.329862213134766
20170308154836582,-0.0704627990722656
20170308154836583,-2.87807998657227
20170308154836584,0.0821250915527344
20170308154836585,-0.169644927978516
20170308154836586,-2.83993301391602
20170308154836587,0.120272064208984
20170308154836588,-0.116239166259766
20170308154836589,-2.83230361938477
20170308154836590,0.410189056396484
20170308154836591,-0.421414947509766
20170308154836592,-2.85519180297852
20170308154836593,0.295748138427734
20170308154836594,-0.459561920166016
20170308154836595,-2.80941543579102
20170308154836596,0.288118743896484
20170308154836597,-0.543485260009766
20170308154836598,-2.90859756469727
20170308154836599,0.486483001708984
20170308154836600,-0.795255279541016
20170308154836601,-2.88570938110352
20170308154836602,0.890840911865234
20170308154836603,-0.963101959228516
20170308154836604,-2.80178604125977
20170308154836605,0.867952728271484
20170308154836606,-1.02413711547852
20170308154836607,-2.86282119750977
20170308154836608,0.753511810302734
20170308154836609,-1.08517227172852
20170308154836610,-2.69497451782227
20170308154836611,0.860323333740234
20170308154836612,-1.35983047485352
20170308154836613,-2.62630996704102
20170308154836614,0.768770599365234
20170308154836615,-1.52767715454102
20170308154836616,-2.41268692016602
20170308154836617,0.745882415771484
20170308154836618,-1.67263565063477
20170308154836619,-2.25246963500977
20170308154836620,0.745882415771484
20170308154836621,-2.08462295532227
20170308154836622,-2.12276992797852
20170308154836623,0.738253021240234
20170308154836624,-2.13039932250977
20170308154836625,-1.90914688110352
20170308154836626,0.654329681396484
20170308154836627,-2.19906387329102
20170308154836628,-1.88625869750977
20170308154836629,0.616182708740234
20170308154836630,-2.11514053344727
20170308154836631,-1.81759414672852
20170308154836632,0.799288177490234
20170308154836633,-2.22958145141602
20170308154836634,-1.70315322875977
20170308154836635,0.738253021240234
20170308154836636,-2.38979873657227
20170308154836637,-1.58871231079102
20170308154836638,0.631441497802734
20170308154836639,-2.31350479125977
20170308154836640,-1.61160049438477
20170308154836641,0.921358489990234
20170308154836642,-2.34402236938477
20170308154836643,-1.62685928344727
20170308154836644,0.738253021240234
20170308154836645,-2.34402236938477
20170308154836646,-1.55819473266602
20170308154836647,0.646700286865234
20170308154836648,-2.31350479125977
20170308154836649,-1.53530654907227
20170308154836650,0.738253021240234
20170308154836651,-2.46609268188477
20170308154836652,-1.48953018188477
20170308154836653,0.684847259521484
20170308154836654,-2.46609268188477
20170308154836655,-1.50478897094727
20170308154836656,0.616182708740234
20170308154836657,-2.48135147094727
20170308154836658,-1.51241836547852
20170308154836659,0.661959075927734
20170308154836660,-2.45083389282227
20170308154836661,-1.65737686157227
20170308154836662,0.684847259521484
20170308154836663,-2.32113418579102
20170308154836664,-1.72604141235352
20170308154836665,0.669588470458984
20170308154836666,-2.23721084594727
20170308154836667,-1.87862930297852
20170308154836668,0.677217864990234
20170308154836669,-2.15328750610352
20170308154836670,-1.87862930297852
20170308154836671,0.822176361083984
20170308154836672,-2.12276992797852
20170308154836673,-2.00832901000977
20170308154836674,0.692476654052734
20170308154836675,-2.29824600219727
20170308154836676,-1.75655899047852
20170308154836677,0.745882415771484
20170308154836678,-2.41268692016602
20170308154836679,-1.71841201782227
20170308154836680,0.684847259521484
20170308154836681,-2.29061660766602
20170308154836682,-1.61160049438477
20170308154836683,0.875582122802734
20170308154836684,-2.49661026000977
20170308154836685,-1.47427139282227
20170308154836686,0.707735443115234
20170308154836687,-2.53475723266602
20170308154836688,-1.52004776000977
20170308154836689,0.867952728271484
20170308154836690,-2.66445693969727
20170308154836691,-1.35220108032227
20170308154836692,0.661959075927734
20170308154836693,-2.82467422485352
20170308154836694,-1.26064834594727
20170308154836695,0.578035736083984
20170308154836696,-2.94674453735352
20170308154836697,-1.12331924438477
20170308154836698,0.539888763427734
20170308154836699,-2.79415664672852
20170308154836700,-1.13094863891602
20170308154836701,0.562776947021484
20170308154836702,-2.76363906860352
20170308154836703,-1.24538955688477
20170308154836704,0.578035736083984
20170308154836705,-2.84756240844727
20170308154836706,-1.15383682250977
20170308154836707,0.585665130615234
20170308154836708,-2.91622695922852
20170308154836709,-0.985990142822266
20170308154836710,0.494112396240234
20170308154836711,-2.96963272094727
20170308154836712,-0.825772857666016
20170308154836713,0.410189056396484
20170308154836714,-2.96200332641602
20170308154836715,-0.657926177978516
20170308154836716,0.356783294677734
20170308154836717,-2.93148574829102
20170308154836718,-0.520597076416016
20170308154836719,0.234712982177734
20170308154836720,-2.93911514282227
20170308154836721,-0.444303131103516
20170308154836722,0.0973838806152344
20170308154836723,-2.91622695922852
20170308154836724,-0.406156158447266
20170308154836725,0.0668663024902344
20170308154836726,-2.94674453735352
20170308154836727,-0.108609771728516
20170308154836728,-0.215421295166016
20170308154836729,-2.89333877563477
20170308154836730,0.318636322021484
20170308154836731,-0.604520416259766
20170308154836732,-2.86282119750977
20170308154836733,0.784029388427734
20170308154836734,-0.841031646728516
20170308154836735,-2.77889785766602
20170308154836736,0.684847259521484
20170308154836737,-0.833402252197266
20170308154836738,-2.80941543579102
20170308154836739,0.761141204833984
20170308154836740,-0.833402252197266
20170308154836741,-2.77889785766602
20170308154836742,0.875582122802734
20170308154836743,-1.18435440063477
20170308154836744,-2.64156875610352
20170308154836745,0.852693939208984
20170308154836746,-1.38271865844727
20170308154836747,-2.49661026000977
20170308154836748,0.799288177490234
20170308154836749,-1.54293594360352
20170308154836750,-2.35165176391602
20170308154836751,0.860323333740234
20170308154836752,-1.87099990844727
20170308154836753,-2.23721084594727
20170308154836754,0.944246673583984
20170308154836755,-1.89388809204102
20170308154836756,-2.05410537719727
20170308154836757,0.845064544677734
20170308154836758,-1.91677627563477
20170308154836759,-2.01595840454102
20170308154836760,0.715364837646484
20170308154836761,-2.04647598266602
20170308154836762,-1.90151748657227
20170308154836763,0.639070892333984
20170308154836764,-2.13039932250977
20170308154836765,-1.82522354125977
20170308154836766,0.738253021240234
20170308154836767,-2.32876358032227
20170308154836768,-1.64974746704102
20170308154836769,0.791658782958984
20170308154836770,-2.38216934204102
20170308154836771,-1.68026504516602
20170308154836772,0.822176361083984
20170308154836773,-2.52712783813477
20170308154836774,-1.47427139282227
20170308154836775,0.669588470458984
20170308154836776,-2.70260391235352
20170308154836777,-1.31405410766602
20170308154836778,0.509371185302734
20170308154836779,-2.88570938110352
20170308154836780,-1.03939590454102
20170308154836781,0.608553314208984
20170308154836782,-2.90859756469727
20170308154836783,-1.05465469360352
20170308154836784,0.478853607177734
20170308154836785,-3.00015029907227
20170308154836786,-1.00887832641602
20170308154836787,0.478853607177734
20170308154836788,-3.00015029907227
20170308154836789,-0.779996490478516
20170308154836790,0.372042083740234
20170308154836791,-2.98489151000977
20170308154836792,-0.818143463134766
20170308154836793,0.410189056396484
20170308154836794,-2.96963272094727
20170308154836795,-0.955472564697266
20170308154836796,0.646700286865234
20170308154836797,-2.98489151000977
20170308154836798,-0.772367095947266
20170308154836799,0.387300872802734
20170308154836800,-2.90096817016602
20170308154836801,-0.993619537353516
20170308154836802,0.364412689208984
20170308154836803,-2.88570938110352
20170308154836804,-1.00124893188477
20170308154836805,0.692476654052734
20170308154836806,-2.95437393188477
20170308154836807,-0.818143463134766
20170308154836808,0.623812103271484
20170308154836809,-2.95437393188477
20170308154836810,-0.970731353759766
20170308154836811,0.410189056396484
20170308154836812,-2.92385635375977
20170308154836813,-0.978360748291016
20170308154836814,0.562776947021484
20170308154836815,-2.90096817016602
20170308154836816,-0.802884674072266
20170308154836817,0.394930267333984
20170308154836818,-2.95437393188477
20170308154836819,-0.627408599853516
20170308154836820,0.364412689208984
20170308154836821,-2.88570938110352
20170308154836822,-0.619779205322266
20170308154836823,0.448336029052734
20170308154836824,-2.89333877563477
20170308154836825,-0.543485260009766
20170308154836826,0.272859954833984
20170308154836827,-2.94674453735352
20170308154836828,-0.520597076416016
20170308154836829,0.379671478271484
20170308154836830,-2.97726211547852
20170308154836831,-0.436673736572266
20170308154836832,0.150789642333984
20170308154836833,-2.90859756469727
20170308154836834,-0.528226470947266
20170308154836835,0.402559661865234
20170308154836836,-2.88570938110352
20170308154836837,-0.390897369384766
20170308154836838,0.150789642333984
20170308154836839,-2.89333877563477
20170308154836840,-0.314603424072266
20170308154836841,0.0058311462402344
20170308154836842,-2.90096817016602
20170308154836843,-0.276456451416016
20170308154836844,-0.0170570373535156
20170308154836845,-2.91622695922852
20170308154836846,-0.368009185791016
20170308154836847,-0.0704627990722656
20170308154836848,-2.93911514282227
20170308154836849,-0.299344635009766
20170308154836850,-0.184903717041016
20170308154836851,-2.87807998657227
20170308154836852,0.0210899353027344
20170308154836853,-0.345121002197266
20170308154836854,-2.83230361938477
20170308154836855,0.181307220458984
20170308154836856,-0.284085845947266
20170308154836857,-2.87807998657227
20170308154836858,0.379671478271484
20170308154836859,-0.558744049072266
20170308154836860,-2.84756240844727
20170308154836861,0.463594818115234
20170308154836862,-0.657926177978516
20170308154836863,-2.86282119750977
20170308154836864,0.593294525146484
20170308154836865,-0.856290435791016
20170308154836866,-2.84756240844727
20170308154836867,0.875582122802734
20170308154836868,-1.18435440063477
20170308154836869,-2.72549209594727
20170308154836870,0.776399993896484
20170308154836871,-1.25301895141602
20170308154836872,-2.68734512329102
20170308154836873,0.715364837646484
20170308154836874,-1.45901260375977
20170308154836875,-2.51949844360352
20170308154836876,0.829805755615234
20170308154836877,-1.58108291625977
20170308154836878,-2.31350479125977
20170308154836879,0.837435150146484
20170308154836880,-1.94729385375977
20170308154836881,-2.03121719360352
20170308154836882,0.631441497802734
20170308154836883,-1.91677627563477
20170308154836884,-1.93966445922852
20170308154836885,0.829805755615234
20170308154836886,-2.26772842407227
20170308154836887,-1.80996475219727
20170308154836888,0.768770599365234
20170308154836889,-2.33639297485352
20170308154836890,-1.58108291625977
20170308154836891,0.722994232177734
20170308154836892,-2.46609268188477
20170308154836893,-1.56582412719727
20170308154836894,0.791658782958984
20170308154836895,-2.47372207641602
20170308154836896,-1.60397109985352
20170308154836897,0.700106048583984
20170308154836898,-2.45083389282227
20170308154836899,-1.40560684204102
20170308154836900,0.814546966552734
20170308154836901,-2.65682754516602
20170308154836902,-1.39034805297852
20170308154836903,0.654329681396484
20170308154836904,-2.58816299438477
20170308154836905,-1.18435440063477
20170308154836906,0.585665130615234
20170308154836907,-2.96963272094727
20170308154836908,-1.06228408813477
20170308154836909,0.616182708740234
20170308154836910,-2.96200332641602
20170308154836911,-1.01650772094727
20170308154836912,0.478853607177734
20170308154836913,-3.03066787719727
20170308154836914,-0.970731353759766
20170308154836915,0.532259368896484
20170308154836916,-3.00015029907227
20170308154836917,-0.657926177978516
20170308154836918,0.303377532958984
20170308154836919,-2.96200332641602
20170308154836920,-0.703702545166016
20170308154836921,0.501741790771484
20170308154836922,-2.93911514282227
20170308154836923,-0.543485260009766
20170308154836924,0.364412689208984
20170308154836925,-2.92385635375977
20170308154836926,-0.635037994384766
20170308154836927,0.257601165771484
20170308154836928,-2.89333877563477
20170308154836929,-0.581632232666016
20170308154836930,0.486483001708984
20170308154836931,-2.90859756469727
20170308154836932,-0.276456451416016
20170308154836933,-0.100980377197266
20170308154836934,-2.95437393188477
20170308154836935,-0.268827056884766
20170308154836936,0.0897544860839844
20170308154836937,-2.94674453735352
20170308154836938,0.0744956970214844
20170308154836939,-0.0780921936035156
20170308154836940,-2.90096817016602
20170308154836941,-0.0933509826660156
20170308154836942,-0.253568267822266
20170308154836943,-2.87807998657227
20170308154836944,0.379671478271484
20170308154836945,-0.337491607666016
20170308154836946,-2.83993301391602
20170308154836947,0.0134605407714844
20170308154836948,-0.314603424072266
20170308154836949,-2.90096817016602
20170308154836950,0.135530853271484
20170308154836951,-0.505338287353516
20170308154836952,-2.79415664672852
20170308154836953,0.173677825927734
20170308154836954,-0.482450103759766
20170308154836955,-2.79415664672852
20170308154836956,0.234712982177734
20170308154836957,-0.467191314697266
20170308154836958,-2.87807998657227
20170308154836959,0.204195404052734
20170308154836960,-0.306974029541016
20170308154836961,-2.89333877563477
20170308154836962,0.127901458740234
20170308154836963,-0.574002838134766
20170308154836964,-2.89333877563477
20170308154836965,0.448336029052734
20170308154836966,-0.589261627197266
20170308154836967,-2.80178604125977
20170308154836968,0.105013275146484
20170308154836969,-0.429044342041016
20170308154836970,-2.85519180297852
20170308154836971,0.0821250915527344
20170308154836972,-0.284085845947266
20170308154836973,-2.79415664672852
20170308154836974,0.0210899353027344
20170308154836975,-0.284085845947266
20170308154836976,-2.87807998657227
20170308154836977,-0.100980377197266
20170308154836978,-0.322232818603516
20170308154836979,-2.86282119750977
20170308154836980,-0.0094276428222656
20170308154836981,-0.215421295166016
20170308154836982,-2.92385635375977
20170308154836983,0.143160247802734
20170308154836984,-0.291715240478516
20170308154836985,-2.87045059204102
20170308154836986,-0.169644927978516
20170308154836987,-0.0628334045410156
20170308154836988,-2.89333877563477
20170308154836989,-0.154386138916016
20170308154836990,-0.276456451416016
20170308154836991,-2.90859756469727
20170308154836992,0.227083587646484
20170308154836993,-0.314603424072266
20170308154836994,-2.93911514282227
20170308154836995,-0.0857215881347656
20170308154836996,-0.230680084228516
20170308154836997,-2.99252090454102
20170308154836998,-0.215421295166016
20170308154836999,-0.230680084228516
20170308154837000,-2.99252090454102
20170308154837001,-0.123868560791016
20170308154837002,-0.0475746154785156
20170308154837003,-2.80941543579102
20170308154837004,0.0592369079589844
20170308154837005,-0.207791900634766
20170308154837006,-2.83230361938477
20170308154837007,-0.238309478759766
20170308154837008,-0.108609771728516
20170308154837009,-2.88570938110352
20170308154837010,0.0210899353027344
20170308154837011,-0.276456451416016
20170308154837012,-2.87045059204102
20170308154837013,-0.207791900634766
20170308154837014,-0.375638580322266
20170308154837015,-2.90096817016602
20170308154837016,0.0592369079589844
20170308154837017,-0.223050689697266
20170308154837018,-2.82467422485352
20170308154837019,0.135530853271484
20170308154837020,-0.436673736572266
20170308154837021,-2.82467422485352
20170308154837022,0.211824798583984
20170308154837023,-0.490079498291016
20170308154837024,-2.91622695922852
20170308154837025,0.234712982177734
20170308154837026,-0.329862213134766
20170308154837027,-2.83230361938477
20170308154837028,0.341524505615234
20170308154837029,-0.482450103759766
20170308154837030,-2.82467422485352
20170308154837031,0.318636322021484
20170308154837032,-0.741849517822266
20170308154837033,-2.86282119750977
20170308154837034,0.639070892333984
20170308154837035,-1.00124893188477
20170308154837036,-2.77126846313477
20170308154837037,0.898470306396484
20170308154837038,-1.13094863891602
20170308154837039,-2.75600967407227
20170308154837040,0.791658782958984
20170308154837041,-1.00124893188477
20170308154837042,-2.74838027954102
20170308154837043,1.02054061889648
20170308154837044,-1.23013076782227
20170308154837045,-2.53475723266602
20170308154837046,0.776399993896484
20170308154837047,-1.52004776000977
20170308154837048,-2.42794570922852
20170308154837049,0.784029388427734
20170308154837050,-1.74130020141602
20170308154837051,-2.23721084594727
20170308154837052,0.654329681396484
20170308154837053,-1.86337051391602
20170308154837054,-2.08462295532227
20170308154837055,0.753511810302734
20170308154837056,-1.99307022094727
20170308154837057,-2.07699356079102
20170308154837058,0.692476654052734
20170308154837059,-2.08462295532227
20170308154837060,-1.91677627563477
20170308154837061,0.768770599365234
20170308154837062,-2.29824600219727
20170308154837063,-1.71078262329102
20170308154837064,0.829805755615234
20170308154837065,-2.51186904907227
20170308154837066,-1.40560684204102
20170308154837067,0.722994232177734
20170308154837068,-2.67208633422852
20170308154837069,-1.15383682250977
20170308154837070,0.646700286865234
20170308154837071,-2.93148574829102
20170308154837072,-0.848661041259766
20170308154837073,0.547518157958984
20170308154837074,-2.93911514282227
20170308154837075,-0.390897369384766
20170308154837076,0.166048431396484
20170308154837077,-2.94674453735352
20170308154837078,-0.184903717041016
20170308154837079,-0.0628334045410156
20170308154837080,-2.98489151000977
20170308154837081,-0.0704627990722656
20170308154837082,0.0210899353027344
20170308154837083,-2.94674453735352
20170308154837084,-0.146756744384766
20170308154837085,-0.192533111572266
20170308154837086,-2.93911514282227
20170308154837087,-0.123868560791016
20170308154837088,0.0439781188964844
20170308154837089,-2.86282119750977
20170308154837090,0.105013275146484
20170308154837091,-0.253568267822266
20170308154837092,-2.84756240844727
20170308154837093,0.349153900146484
20170308154837094,-0.444303131103516
20170308154837095,-2.83993301391602
20170308154837096,0.0897544860839844
20170308154837097,-0.337491607666016
20170308154837098,-2.87045059204102
20170308154837099,0.616182708740234
20170308154837100,-0.619779205322266
20170308154837101,-2.78652725219727
20170308154837102,0.532259368896484
20170308154837103,-0.589261627197266
20170308154837104,-2.76363906860352
20170308154837105,0.196566009521484
20170308154837106,-0.474820709228516
20170308154837107,-2.89333877563477
20170308154837108,0.196566009521484
20170308154837109,-0.368009185791016
20170308154837110,-2.87045059204102
20170308154837111,0.120272064208984
20170308154837112,-0.467191314697266
20170308154837113,-2.87807998657227
20170308154837114,0.219454193115234
20170308154837115,-0.436673736572266
20170308154837116,-2.87045059204102
20170308154837117,0.0897544860839844
20170308154837118,-0.329862213134766
20170308154837119,-2.85519180297852
20170308154837120,0.0592369079589844
20170308154837121,-0.337491607666016
20170308154837122,-2.87807998657227
20170308154837123,-0.0704627990722656
20170308154837124,-0.139127349853516
20170308154837125,-2.89333877563477
20170308154837126,-0.0780921936035156
20170308154837127,-0.284085845947266
20170308154837128,-2.83993301391602
20170308154837129,-0.0170570373535156
20170308154837130,-0.375638580322266
20170308154837131,-2.89333877563477
20170308154837132,-0.0399452209472656
20170308154837133,-0.207791900634766
20170308154837134,-2.86282119750977
20170308154837135,-0.0780921936035156
20170308154837136,-0.345121002197266
20170308154837137,-2.81704483032227
20170308154837138,0.249971771240234
20170308154837139,-0.520597076416016
20170308154837140,-2.83230361938477
20170308154837141,0.433077239990234
20170308154837142,-0.688443756103516
20170308154837143,-2.83993301391602
20170308154837144,0.539888763427734
20170308154837145,-0.673184967041016
20170308154837146,-2.88570938110352
20170308154837147,0.356783294677734
20170308154837148,-0.650296783447266
20170308154837149,-2.83230361938477
20170308154837150,0.517000579833984
20170308154837151,-0.757108306884766
20170308154837152,-2.86282119750977
20170308154837153,0.593294525146484
20170308154837154,-0.886808013916016
20170308154837155,-2.79415664672852
20170308154837156,0.799288177490234
20170308154837157,-1.08517227172852
20170308154837158,-2.79415664672852
20170308154837159,0.822176361083984
20170308154837160,-1.17672500610352
20170308154837161,-2.67971572875977
20170308154837162,0.890840911865234
20170308154837163,-1.27590713500977
20170308154837164,-2.65682754516602
20170308154837165,0.745882415771484
20170308154837166,-1.45138320922852
20170308154837167,-2.58053359985352
20170308154837168,0.738253021240234
20170308154837169,-1.42849502563477
20170308154837170,-2.45846328735352
20170308154837171,0.799288177490234
20170308154837172,-1.47427139282227
20170308154837173,-2.58053359985352
20170308154837174,0.776399993896484
20170308154837175,-1.60397109985352
20170308154837176,-2.42794570922852
20170308154837177,0.745882415771484
20170308154837178,-1.56582412719727
20170308154837179,-2.31350479125977
20170308154837180,0.616182708740234
20170308154837181,-1.85574111938477
20170308154837182,-2.08462295532227
20170308154837183,0.822176361083984
20170308154837184,-2.22195205688477
20170308154837185,-1.88625869750977
20170308154837186,0.875582122802734
20170308154837187,-2.19143447875977
20170308154837188,-1.60397109985352
20170308154837189,0.715364837646484
20170308154837190,-2.55764541625977
20170308154837191,-1.64974746704102
20170308154837192,0.631441497802734
20170308154837193,-2.58053359985352
20170308154837194,-1.45901260375977
20170308154837195,0.768770599365234
20170308154837196,-2.76363906860352
20170308154837197,-1.39797744750977
20170308154837198,0.539888763427734
20170308154837199,-3.05355606079102
20170308154837200,-1.12331924438477
20170308154837201,0.486483001708984
20170308154837202,-3.00777969360352
20170308154837203,-0.711331939697266
20170308154837204,0.417818450927734
20170308154837205,-2.97726211547852
20170308154837206,-0.528226470947266
20170308154837207,0.196566009521484
20170308154837208,-3.07644424438477
20170308154837209,-0.337491607666016
20170308154837210,-0.0246864318847656
20170308154837211,-3.00015029907227
20170308154837212,-0.0094276428222656
20170308154837213,-0.368009185791016
20170308154837214,-2.96963272094727
20170308154837215,-0.131497955322266
20170308154837216,-0.368009185791016
20170308154837217,-2.89333877563477
20170308154837218,0.509371185302734
20170308154837219,-0.543485260009766
20170308154837220,-2.82467422485352
20170308154837221,0.295748138427734
20170308154837222,-0.688443756103516
20170308154837223,-2.84756240844727
20170308154837224,0.654329681396484
20170308154837225,-0.978360748291016
20170308154837226,-2.75600967407227
20170308154837227,0.951876068115234
20170308154837228,-1.04702529907227
20170308154837229,-2.67208633422852
20170308154837230,1.05868759155273
20170308154837231,-1.26064834594727
20170308154837232,-2.67208633422852
20170308154837233,0.867952728271484
20170308154837234,-1.38271865844727
20170308154837235,-2.54238662719727
20170308154837236,0.745882415771484
20170308154837237,-1.32931289672852
20170308154837238,-2.64156875610352
20170308154837239,0.875582122802734
20170308154837240,-1.29116592407227
20170308154837241,-2.60342178344727
20170308154837242,0.738253021240234
20170308154837243,-1.27590713500977
20170308154837244,-2.52712783813477
20170308154837245,0.936617279052734
20170308154837246,-1.39034805297852
20170308154837247,-2.55001602172852
20170308154837248,0.631441497802734
20170308154837249,-1.50478897094727
20170308154837250,-2.58816299438477
20170308154837251,0.753511810302734
20170308154837252,-1.39797744750977
20170308154837253,-2.55764541625977
20170308154837254,0.745882415771484
20170308154837255,-1.37508926391602
20170308154837256,-2.47372207641602
20170308154837257,0.700106048583984
20170308154837258,-1.61160049438477
20170308154837259,-2.40505752563477
20170308154837260,0.791658782958984
20170308154837261,-1.66500625610352
20170308154837262,-2.35165176391602
20170308154837263,0.753511810302734
20170308154837264,-1.78707656860352
20170308154837265,-2.40505752563477
20170308154837266,0.600923919677734
20170308154837267,-1.58108291625977
20170308154837268,-2.43557510375977
20170308154837269,0.860323333740234
20170308154837270,-1.71841201782227
20170308154837271,-2.32876358032227
20170308154837272,0.852693939208984
20170308154837273,-1.80233535766602
20170308154837274,-2.16854629516602
20170308154837275,0.722994232177734
20170308154837276,-1.90151748657227
20170308154837277,-2.09988174438477
20170308154837278,0.646700286865234
20170308154837279,-2.11514053344727
20170308154837280,-2.00832901000977
20170308154837281,0.692476654052734
20170308154837282,-2.16854629516602
20170308154837283,-2.01595840454102
20170308154837284,0.623812103271484
20170308154837285,-2.09988174438477
20170308154837286,-2.05410537719727
20170308154837287,0.608553314208984
20170308154837288,-2.07699356079102
20170308154837289,-1.88625869750977
20170308154837290,0.570406341552734
20170308154837291,-2.03121719360352
20170308154837292,-1.95492324829102
20170308154837293,0.738253021240234
20170308154837294,-2.13802871704102
20170308154837295,-1.94729385375977
20170308154837296,0.860323333740234
20170308154837297,-2.16854629516602
20170308154837298,-1.87862930297852
20170308154837299,0.639070892333984
20170308154837300,-2.23721084594727
20170308154837301,-1.84811172485352
20170308154837302,0.700106048583984
20170308154837303,-2.22958145141602
20170308154837304,-1.93203506469727
20170308154837305,0.730623626708984
20170308154837306,-2.27535781860352
20170308154837307,-1.64211807250977
20170308154837308,0.730623626708984
20170308154837309,-2.30587539672852
20170308154837310,-1.68026504516602
20170308154837311,0.822176361083984
20170308154837312,-2.45083389282227
20170308154837313,-1.64974746704102
20170308154837314,0.639070892333984
20170308154837315,-2.56527481079102
20170308154837316,-1.36745986938477
20170308154837317,0.562776947021484
20170308154837318,-2.44320449829102
20170308154837319,-1.45138320922852
20170308154837320,0.692476654052734
20170308154837321,-2.66445693969727
20170308154837322,-1.39034805297852
20170308154837323,0.707735443115234
20170308154837324,-2.89333877563477
20170308154837325,-1.13094863891602
20170308154837326,0.585665130615234
20170308154837327,-2.93148574829102
20170308154837328,-1.02413711547852
20170308154837329,0.578035736083984
20170308154837330,-2.98489151000977
20170308154837331,-0.924954986572266
20170308154837332,0.509371185302734
20170308154837333,-3.00777969360352
20170308154837334,-0.619779205322266
20170308154837335,0.402559661865234
20170308154837336,-2.96963272094727
20170308154837337,-0.535855865478516
20170308154837338,0.326265716552734
20170308154837339,-2.96963272094727
20170308154837340,-0.390897369384766
20170308154837341,-0.0475746154785156
20170308154837342,-3.00777969360352
20170308154837343,-0.169644927978516
20170308154837344,-0.154386138916016
20170308154837345,-2.95437393188477
20170308154837346,-0.261197662353516
20170308154837347,0.0516075134277344
20170308154837348,-2.90096817016602
20170308154837349,-0.0475746154785156
20170308154837350,-0.261197662353516
20170308154837351,-2.82467422485352
20170308154837352,0.150789642333984
20170308154837353,-0.406156158447266
20170308154837354,-2.93911514282227
20170308154837355,0.379671478271484
20170308154837356,-0.596891021728516
20170308154837357,-2.87807998657227
20170308154837358,0.822176361083984
20170308154837359,-0.985990142822266
20170308154837360,-2.76363906860352
20170308154837361,0.806917572021484
20170308154837362,-1.02413711547852
20170308154837363,-2.75600967407227
20170308154837364,0.875582122802734
20170308154837365,-1.08517227172852
20170308154837366,-2.73312149047852
20170308154837367,0.814546966552734
20170308154837368,-1.13857803344727
20170308154837369,-2.63393936157227
20170308154837370,1.00528182983398
20170308154837371,-1.39034805297852
20170308154837372,-2.65682754516602
20170308154837373,0.799288177490234
20170308154837374,-1.56582412719727
20170308154837375,-2.57290420532227
20170308154837376,0.768770599365234
20170308154837377,-1.68026504516602
20170308154837378,-2.27535781860352
20170308154837379,0.722994232177734
20170308154837380,-1.86337051391602
20170308154837381,-2.26772842407227
20170308154837382,0.707735443115234
20170308154837383,-2.14565811157227
20170308154837384,-1.98544082641602
20170308154837385,0.784029388427734
20170308154837386,-2.17617568969727
20170308154837387,-1.93966445922852
20170308154837388,0.585665130615234
20170308154837389,-2.17617568969727
20170308154837390,-1.77944717407227
20170308154837391,0.692476654052734
20170308154837392,-2.35165176391602
20170308154837393,-1.77181777954102
20170308154837394,0.761141204833984
20170308154837395,-2.37453994750977
20170308154837396,-1.65737686157227
20170308154837397,0.631441497802734
20170308154837398,-2.36691055297852
20170308154837399,-1.54293594360352
20170308154837400,0.654329681396484
20170308154837401,-2.55001602172852
20170308154837402,-1.46664199829102
20170308154837403,0.600923919677734
20170308154837404,-2.62630996704102
20170308154837405,-1.34457168579102
20170308154837406,0.654329681396484
20170308154837407,-2.61868057250977
20170308154837408,-1.42849502563477
20170308154837409,0.646700286865234
20170308154837410,-2.67208633422852
20170308154837411,-1.39034805297852
20170308154837412,0.555147552490234
20170308154837413,-2.87807998657227
20170308154837414,-1.33694229125977
20170308154837415,0.555147552490234
20170308154837416,-2.89333877563477
20170308154837417,-1.24538955688477
20170308154837418,0.524629974365234
20170308154837419,-2.61868057250977
20170308154837420,-1.45901260375977
20170308154837421,0.608553314208984
20170308154837422,-2.50423965454102
20170308154837423,-1.26827774047852
20170308154837424,0.585665130615234
20170308154837425,-2.76363906860352
20170308154837426,-1.38271865844727
20170308154837427,0.600923919677734
20170308154837428,-2.86282119750977
20170308154837429,-1.30642471313477
20170308154837430,0.623812103271484
20170308154837431,-2.76363906860352
20170308154837432,-1.33694229125977
20170308154837433,0.578035736083984
20170308154837434,-2.59579238891602
20170308154837435,-1.39034805297852
20170308154837436,0.562776947021484
20170308154837437,-2.50423965454102
20170308154837438,-1.41323623657227
20170308154837439,0.661959075927734
20170308154837440,-2.60342178344727
20170308154837441,-1.71078262329102
20170308154837442,0.639070892333984
20170308154837443,-2.36691055297852
20170308154837444,-1.75655899047852
20170308154837445,0.616182708740234
20170308154837446,-2.41268692016602
20170308154837447,-1.72604141235352
20170308154837448,0.593294525146484
20170308154837449,-2.64919815063477
20170308154837450,-1.41323623657227
20170308154837451,0.570406341552734
20170308154837452,-2.75600967407227
20170308154837453,-1.43612442016602
20170308154837454,0.639070892333984
20170308154837455,-2.81704483032227
20170308154837456,-1.35220108032227
20170308154837457,0.593294525146484
20170308154837458,-2.87045059204102
20170308154837459,-1.17672500610352
20170308154837460,0.478853607177734
20170308154837461,-2.92385635375977
20170308154837462,-1.23776016235352
20170308154837463,0.478853607177734
20170308154837464,-2.93148574829102
20170308154837465,-1.23013076782227
20170308154837466,0.578035736083984
20170308154837467,-2.90096817016602
20170308154837468,-1.00887832641602
20170308154837469,0.463594818115234
20170308154837470,-2.87807998657227
20170308154837471,-1.00124893188477
20170308154837472,0.532259368896484
20170308154837473,-2.92385635375977
20170308154837474,-0.757108306884766
20170308154837475,0.448336029052734
20170308154837476,-2.93148574829102
20170308154837477,-0.703702545166016
20170308154837478,0.379671478271484
20170308154837479,-3.00015029907227
20170308154837480,-0.383267974853516
20170308154837481,-0.0246864318847656
20170308154837482,-3.01540908813477
20170308154837483,0.234712982177734
20170308154837484,-0.192533111572266
20170308154837485,-2.90096817016602
20170308154837486,0.394930267333984
20170308154837487,-0.390897369384766
20170308154837488,-2.87045059204102
20170308154837489,0.654329681396484
20170308154837490,-0.940213775634766
20170308154837491,-2.83993301391602
20170308154837492,0.883211517333984
20170308154837493,-1.11568984985352
20170308154837494,-2.75600967407227
20170308154837495,0.784029388427734
20170308154837496,-1.24538955688477
20170308154837497,-2.74075088500977
20170308154837498,0.814546966552734
20170308154837499,-1.44375381469727
20170308154837500,-2.60342178344727
20170308154837501,0.814546966552734
20170308154837502,-1.69552383422852
20170308154837503,-2.34402236938477
20170308154837504,0.646700286865234
20170308154837505,-1.69552383422852
20170308154837506,-2.41268692016602
20170308154837507,0.745882415771484
20170308154837508,-1.61160049438477
20170308154837509,-2.48898086547852
20170308154837510,0.730623626708984
20170308154837511,-1.74130020141602
20170308154837512,-2.30587539672852
20170308154837513,0.814546966552734
20170308154837514,-1.99307022094727
20170308154837515,-2.20669326782227
20170308154837516,0.715364837646484
20170308154837517,-2.06173477172852
20170308154837518,-2.02358779907227
20170308154837519,0.776399993896484
20170308154837520,-2.25246963500977
20170308154837521,-1.88625869750977
20170308154837522,0.730623626708984
20170308154837523,-2.37453994750977
20170308154837524,-1.61160049438477
20170308154837525,0.784029388427734
20170308154837526,-2.48898086547852
20170308154837527,-1.47427139282227
20170308154837528,0.677217864990234
20170308154837529,-2.61868057250977
20170308154837530,-1.49715957641602
20170308154837531,0.753511810302734
20170308154837532,-2.67971572875977
20170308154837533,-1.33694229125977
20170308154837534,0.623812103271484
20170308154837535,-2.78652725219727
20170308154837536,-1.26827774047852
20170308154837537,0.532259368896484
20170308154837538,-2.83993301391602
20170308154837539,-1.24538955688477
20170308154837540,0.730623626708984
20170308154837541,-2.85519180297852
20170308154837542,-1.32931289672852
20170308154837543,0.524629974365234
20170308154837544,-2.63393936157227
20170308154837545,-1.32168350219727
20170308154837546,0.570406341552734
20170308154837547,-2.81704483032227
20170308154837548,-1.26827774047852
20170308154837549,0.715364837646484
20170308154837550,-2.80178604125977
20170308154837551,-1.15383682250977
20170308154837552,0.784029388427734
20170308154837553,-2.90096817016602
20170308154837554,-1.16146621704102
20170308154837555,0.700106048583984
20170308154837556,-2.93148574829102
20170308154837557,-1.13857803344727
20170308154837558,0.494112396240234
20170308154837559,-2.97726211547852
20170308154837560,-0.909696197509766
20170308154837561,0.570406341552734
20170308154837562,-2.97726211547852
20170308154837563,-1.01650772094727
20170308154837564,0.600923919677734
20170308154837565,-2.87045059204102
20170308154837566,-1.11568984985352
20170308154837567,0.517000579833984
20170308154837568,-3.00777969360352
20170308154837569,-1.13094863891602
20170308154837570,0.486483001708984
20170308154837571,-2.80941543579102
20170308154837572,-1.17672500610352
20170308154837573,0.692476654052734
20170308154837574,-2.86282119750977
20170308154837575,-1.23013076782227
20170308154837576,0.623812103271484
20170308154837577,-2.93911514282227
20170308154837578,-1.15383682250977
20170308154837579,0.570406341552734
20170308154837580,-2.92385635375977
20170308154837581,-1.21487197875977
20170308154837582,0.555147552490234
20170308154837583,-2.96963272094727
20170308154837584,-0.963101959228516
20170308154837585,0.433077239990234
20170308154837586,-2.90859756469727
20170308154837587,-0.909696197509766
20170308154837588,0.433077239990234
20170308154837589,-3.00777969360352
20170308154837590,-0.703702545166016
20170308154837591,0.356783294677734
20170308154837592,-3.00777969360352
20170308154837593,-0.665555572509766
20170308154837594,0.349153900146484
20170308154837595,-2.99252090454102
20170308154837596,-0.657926177978516
20170308154837597,0.288118743896484
20170308154837598,-2.99252090454102
20170308154837599,-0.543485260009766
20170308154837600,0.234712982177734
20170308154837601,-2.96200332641602
20170308154837602,-0.589261627197266
20170308154837603,0.204195404052734
20170308154837604,-2.94674453735352
20170308154837605,-0.612149810791016
20170308154837606,0.166048431396484
20170308154837607,-2.98489151000977
20170308154837608,-0.200162506103516
20170308154837609,-0.0857215881347656
20170308154837610,-2.93148574829102
20170308154837611,-0.0170570373535156
20170308154837612,-0.100980377197266
20170308154837613,-2.93148574829102
20170308154837614,0.127901458740234
20170308154837615,-0.459561920166016
20170308154837616,-2.86282119750977
20170308154837617,0.448336029052734
20170308154837618,-0.619779205322266
20170308154837619,-2.89333877563477
20170308154837620,0.501741790771484
20170308154837621,-0.589261627197266
20170308154837622,-2.84756240844727
20170308154837623,0.753511810302734
20170308154837624,-0.665555572509766
20170308154837625,-2.86282119750977
20170308154837626,0.593294525146484
20170308154837627,-1.03176651000977
20170308154837628,-2.82467422485352
20170308154837629,0.784029388427734
20170308154837630,-0.825772857666016
20170308154837631,-2.81704483032227
20170308154837632,0.646700286865234
20170308154837633,-1.03176651000977
20170308154837634,-2.74838027954102
20170308154837635,0.806917572021484
20170308154837636,-1.13857803344727
20170308154837637,-2.69497451782227
20170308154837638,1.03579940795898
20170308154837639,-1.39797744750977
20170308154837640,-2.58053359985352
20170308154837641,0.776399993896484
20170308154837642,-1.27590713500977
20170308154837643,-2.53475723266602
20170308154837644,0.799288177490234
20170308154837645,-1.50478897094727
20170308154837646,-2.47372207641602
20170308154837647,0.921358489990234
20170308154837648,-1.55056533813477
20170308154837649,-2.49661026000977
20170308154837650,0.829805755615234
20170308154837651,-1.47427139282227
20170308154837652,-2.53475723266602
20170308154837653,0.791658782958984
20170308154837654,-1.47427139282227
20170308154837655,-2.45083389282227
20170308154837656,0.829805755615234
20170308154837657,-1.64974746704102
20170308154837658,-2.31350479125977
20170308154837659,0.608553314208984
20170308154837660,-1.80233535766602
20170308154837661,-2.31350479125977
20170308154837662,0.867952728271484
20170308154837663,-1.93966445922852
20170308154837664,-2.04647598266602
20170308154837665,0.646700286865234
20170308154837666,-2.09988174438477
20170308154837667,-1.97781143188477
20170308154837668,0.669588470458984
20170308154837669,-2.21432266235352
20170308154837670,-1.86337051391602
20170308154837671,0.814546966552734
20170308154837672,-2.44320449829102
20170308154837673,-1.76418838500977
20170308154837674,0.707735443115234
20170308154837675,-2.35928115844727
20170308154837676,-1.63448867797852
20170308154837677,0.745882415771484
20170308154837678,-2.48135147094727
20170308154837679,-1.55819473266602
20170308154837680,0.616182708740234
20170308154837681,-2.55764541625977
20170308154837682,-1.48953018188477
20170308154837683,0.761141204833984
20170308154837684,-2.74075088500977
20170308154837685,-1.39797744750977
20170308154837686,0.623812103271484
20170308154837687,-2.77889785766602
20170308154837688,-1.31405410766602
20170308154837689,0.791658782958984
20170308154837690,-2.83993301391602
20170308154837691,-1.29116592407227
20170308154837692,0.753511810302734
20170308154837693,-2.77126846313477
20170308154837694,-1.26827774047852
20170308154837695,0.555147552490234
20170308154837696,-2.83230361938477
20170308154837697,-1.26827774047852
20170308154837698,0.578035736083984
20170308154837699,-2.87807998657227
20170308154837700,-1.19961318969727
20170308154837701,0.494112396240234
20170308154837702,-2.74075088500977
20170308154837703,-1.19961318969727
20170308154837704,0.570406341552734
20170308154837705,-2.74075088500977
20170308154837706,-1.18435440063477
20170308154837707,0.738253021240234
20170308154837708,-2.91622695922852
20170308154837709,-1.15383682250977
20170308154837710,0.623812103271484
20170308154837711,-2.99252090454102
20170308154837712,-0.985990142822266
20170308154837713,0.448336029052734
20170308154837714,-3.03066787719727
20170308154837715,-0.871549224853516
20170308154837716,0.478853607177734
20170308154837717,-3.00015029907227
20170308154837718,-0.711331939697266
20170308154837719,0.379671478271484
20170308154837720,-2.96200332641602
20170308154837721,-0.459561920166016
20170308154837722,0.196566009521484
20170308154837723,-2.98489151000977
20170308154837724,-0.284085845947266
20170308154837725,0.211824798583984
20170308154837726,-2.92385635375977
20170308154837727,-0.375638580322266
20170308154837728,0.127901458740234
20170308154837729,-2.98489151000977
20170308154837730,-0.268827056884766
20170308154837731,-0.108609771728516
20170308154837732,-2.95437393188477
20170308154837733,-0.398526763916016
20170308154837734,-0.0475746154785156
20170308154837735,-2.97726211547852
20170308154837736,-0.345121002197266
20170308154837737,0.0287193298339844
20170308154837738,-2.93911514282227
20170308154837739,-0.207791900634766
20170308154837740,-0.0704627990722656
20170308154837741,-2.93148574829102
20170308154837742,-0.459561920166016
20170308154837743,0.196566009521484
20170308154837744,-2.90859756469727
20170308154837745,-0.421414947509766
20170308154837746,0.127901458740234
20170308154837747,-2.98489151000977
20170308154837748,-0.490079498291016
20170308154837749,-0.0170570373535156
20170308154837750,-3.00777969360352
20170308154837751,-0.581632232666016
20170308154837752,0.0897544860839844
20170308154837753,-3.00015029907227
20170308154837754,-0.306974029541016
20170308154837755,-0.0933509826660156
20170308154837756,-2.93148574829102
20170308154837757,-0.154386138916016
20170308154837758,-0.245938873291016
20170308154837759,-2.92385635375977
20170308154837760,0.120272064208984
20170308154837761,-0.444303131103516
20170308154837762,-2.96963272094727
20170308154837763,0.402559661865234
20170308154837764,-0.734220123291016
20170308154837765,-2.96200332641602
20170308154837766,0.532259368896484
20170308154837767,-0.825772857666016
20170308154837768,-2.83993301391602
20170308154837769,0.669588470458984
20170308154837770,-0.978360748291016
20170308154837771,-2.82467422485352
20170308154837772,0.814546966552734
20170308154837773,-0.810514068603516
20170308154837774,-2.77889785766602
20170308154837775,0.883211517333984
20170308154837776,-0.940213775634766
20170308154837777,-2.71023330688477
20170308154837778,0.837435150146484
20170308154837779,-1.14620742797852
20170308154837780,-2.65682754516602
20170308154837781,0.959505462646484
20170308154837782,-1.44375381469727
20170308154837783,-2.51949844360352
20170308154837784,0.837435150146484
20170308154837785,-1.51241836547852
20170308154837786,-2.40505752563477
20170308154837787,0.837435150146484
20170308154837788,-1.74130020141602
20170308154837789,-2.26009902954102
20170308154837790,0.570406341552734
20170308154837791,-2.03121719360352
20170308154837792,-2.10751113891602
20170308154837793,0.684847259521484
20170308154837794,-2.22195205688477
20170308154837795,-1.87099990844727
20170308154837796,0.745882415771484
20170308154837797,-2.45846328735352
20170308154837798,-1.71078262329102
20170308154837799,0.730623626708984
20170308154837800,-2.54238662719727
20170308154837801,-1.32168350219727
20170308154837802,0.791658782958984
20170308154837803,-2.76363906860352
20170308154837804,-1.19198379516602
20170308154837805,0.623812103271484
20170308154837806,-2.80178604125977
20170308154837807,-1.20724258422852
20170308154837808,0.570406341552734
20170308154837809,-2.95437393188477
20170308154837810,-1.03939590454102
20170308154837811,0.639070892333984
20170308154837812,-2.96963272094727
20170308154837813,-0.726590728759766
20170308154837814,0.463594818115234
20170308154837815,-2.96200332641602
20170308154837816,-0.642667388916016
20170308154837817,0.295748138427734
20170308154837818,-2.96200332641602
20170308154837819,-0.520597076416016
20170308154837820,0.219454193115234
20170308154837821,-2.95437393188477
20170308154837822,-0.566373443603516
20170308154837823,0.173677825927734
20170308154837824,-2.94674453735352
20170308154837825,-0.383267974853516
20170308154837826,0.120272064208984
20170308154837827,-2.98489151000977
20170308154837828,-0.467191314697266
20170308154837829,-0.0094276428222656
20170308154837830,-3.05355606079102
20170308154837831,-0.230680084228516
20170308154837832,-0.0704627990722656
20170308154837833,-2.95437393188477
20170308154837834,-0.0780921936035156
20170308154837835,-0.207791900634766
20170308154837836,-2.98489151000977
20170308154837837,-0.0552040100097656
20170308154837838,-0.223050689697266
20170308154837839,-2.97726211547852
20170308154837840,-0.0323158264160156
20170308154837841,-0.261197662353516
20170308154837842,-2.95437393188477
20170308154837843,-0.245938873291016
20170308154837844,-0.192533111572266
20170308154837845,-2.95437393188477
20170308154837846,-0.261197662353516
20170308154837847,-0.139127349853516
20170308154837848,-2.97726211547852
20170308154837849,-0.284085845947266
20170308154837850,-0.162015533447266
20170308154837851,-2.87807998657227
20170308154837852,-0.0704627990722656
20170308154837853,-0.268827056884766
20170308154837854,-2.87807998657227
20170308154837855,0.0592369079589844
20170308154837856,-0.299344635009766
20170308154837857,-2.90096817016602
20170308154837858,-0.0246864318847656
20170308154837859,-0.345121002197266
20170308154837860,-2.94674453735352
20170308154837861,-0.0857215881347656
20170308154837862,-0.276456451416016
20170308154837863,-2.92385635375977
20170308154837864,0.105013275146484
20170308154837865,-0.245938873291016
20170308154837866,-2.87807998657227
20170308154837867,0.0134605407714844
20170308154837868,-0.276456451416016
20170308154837869,-2.85519180297852
20170308154837870,-0.146756744384766
20170308154837871,-0.162015533447266
20170308154837872,-2.91622695922852
20170308154837873,-0.383267974853516
20170308154837874,-0.0246864318847656
20170308154837875,-2.96963272094727
20170308154837876,-0.131497955322266
20170308154837877,0.0058311462402344
20170308154837878,-2.80941543579102
20170308154837879,-0.368009185791016
20170308154837880,0.143160247802734
20170308154837881,-2.96963272094727
20170308154837882,-0.345121002197266
20170308154837883,-0.0780921936035156
20170308154837884,-2.98489151000977
20170308154837885,-0.238309478759766
20170308154837886,0.0439781188964844
20170308154837887,-2.99252090454102
20170308154837888,-0.100980377197266
20170308154837889,-0.169644927978516
20170308154837890,-2.86282119750977
20170308154837891,-0.284085845947266
20170308154837892,-0.215421295166016
20170308154837893,-2.88570938110352
20170308154837894,-0.0475746154785156
20170308154837895,-0.345121002197266
20170308154837896,-2.86282119750977
20170308154837897,0.265230560302734
20170308154837898,-0.589261627197266
20170308154837899,-2.87807998657227
20170308154837900,0.517000579833984
20170308154837901,-0.749478912353516
20170308154837902,-2.85519180297852
20170308154837903,0.509371185302734
20170308154837904,-0.909696197509766
20170308154837905,-2.83993301391602
20170308154837906,0.600923919677734
20170308154837907,-0.970731353759766
20170308154837908,-2.78652725219727
20170308154837909,0.928987884521484
20170308154837910,-1.19961318969727
20170308154837911,-2.66445693969727
20170308154837912,0.974764251708984
20170308154837913,-1.22250137329102
20170308154837914,-2.64156875610352
20170308154837915,0.906099700927734
20170308154837916,-1.16909561157227
20170308154837917,-2.60342178344727
20170308154837918,0.692476654052734
20170308154837919,-1.52004776000977
20170308154837920,-2.47372207641602
20170308154837921,0.738253021240234
20170308154837922,-1.80996475219727
20170308154837923,-2.43557510375977
20170308154837924,0.700106048583984
20170308154837925,-1.58108291625977
20170308154837926,-2.28298721313477
20170308154837927,0.860323333740234
20170308154837928,-2.00832901000977
20170308154837929,-2.06936416625977
20170308154837930,0.661959075927734
20170308154837931,-2.06173477172852
20170308154837932,-2.03121719360352
20170308154837933,0.639070892333984
20170308154837934,-2.09988174438477
20170308154837935,-1.87099990844727
20170308154837936,0.906099700927734
20170308154837937,-2.35165176391602
20170308154837938,-1.64974746704102
20170308154837939,0.738253021240234
20170308154837940,-2.55764541625977
20170308154837941,-1.40560684204102
20170308154837942,0.639070892333984
20170308154837943,-2.83230361938477
20170308154837944,-1.06228408813477
20170308154837945,0.593294525146484
20170308154837946,-3.01540908813477
20170308154837947,-0.833402252197266
20170308154837948,0.333895111083984
20170308154837949,-3.01540908813477
20170308154837950,-0.726590728759766
20170308154837951,0.326265716552734
20170308154837952,-2.96963272094727
20170308154837953,-0.718961334228516
20170308154837954,0.326265716552734
20170308154837955,-2.97726211547852
20170308154837956,-0.444303131103516
20170308154837957,0.0592369079589844
20170308154837958,-2.97726211547852
20170308154837959,-0.192533111572266
20170308154837960,-0.100980377197266
20170308154837961,-2.93148574829102
20170308154837962,0.166048431396484
20170308154837963,-0.375638580322266
20170308154837964,-2.94674453735352
20170308154837965,0.211824798583984
20170308154837966,-0.444303131103516
20170308154837967,-2.86282119750977
20170308154837968,0.211824798583984
20170308154837969,-0.650296783447266
20170308154837970,-2.87045059204102
20170308154837971,0.501741790771484
20170308154837972,-0.680814361572266
20170308154837973,-2.80941543579102
20170308154837974,0.517000579833984
20170308154837975,-0.528226470947266
20170308154837976,-2.79415664672852
20170308154837977,0.570406341552734
20170308154837978,-0.879178619384766
20170308154837979,-2.87045059204102
20170308154837980,0.722994232177734
20170308154837981,-0.993619537353516
20170308154837982,-2.81704483032227
20170308154837983,0.692476654052734
20170308154837984,-0.863919830322266
20170308154837985,-2.79415664672852
20170308154837986,0.722994232177734
20170308154837987,-1.01650772094727
20170308154837988,-2.70260391235352
20170308154837989,0.715364837646484
20170308154837990,-1.01650772094727
20170308154837991,-2.84756240844727
20170308154837992,0.578035736083984
20170308154837993,-0.970731353759766
20170308154837994,-2.83230361938477
20170308154837995,0.616182708740234
20170308154837996,-0.779996490478516
20170308154837997,-2.89333877563477
20170308154837998,0.654329681396484
20170308154837999,-0.955472564697266
20170308154838000,-2.83230361938477
20170308154838001,0.799288177490234
20170308154838002,-1.06991348266602
20170308154838003,-2.75600967407227
20170308154838004,0.806917572021484
20170308154838005,-1.10043106079102
20170308154838006,-2.71786270141602
20170308154838007,0.852693939208984
20170308154838008,-1.39034805297852
20170308154838009,-2.66445693969727
20170308154838010,0.845064544677734
20170308154838011,-1.23013076782227
20170308154838012,-2.61105117797852
20170308154838013,0.707735443115234
20170308154838014,-1.16909561157227
20170308154838015,-2.68734512329102
20170308154838016,0.715364837646484
20170308154838017,-1.14620742797852
20170308154838018,-2.69497451782227
20170308154838019,0.784029388427734
20170308154838020,-1.23776016235352
20170308154838021,-2.62630996704102
20170308154838022,0.776399993896484
20170308154838023,-1.32931289672852
20170308154838024,-2.60342178344727
20170308154838025,0.829805755615234
20170308154838026,-1.54293594360352
20170308154838027,-2.47372207641602
20170308154838028,0.738253021240234
20170308154838029,-1.65737686157227
20170308154838030,-2.35928115844727
20170308154838031,0.730623626708984
20170308154838032,-1.84048233032227
20170308154838033,-2.18380508422852
20170308154838034,0.692476654052734
20170308154838035,-1.87862930297852
20170308154838036,-2.11514053344727
20170308154838037,0.692476654052734
20170308154838038,-2.07699356079102
20170308154838039,-2.02358779907227
20170308154838040,0.761141204833984
20170308154838041,-2.09988174438477
20170308154838042,-1.88625869750977
20170308154838043,0.623812103271484
20170308154838044,-2.16854629516602
20170308154838045,-1.86337051391602
20170308154838046,0.669588470458984
20170308154838047,-2.38979873657227
20170308154838048,-1.68026504516602
20170308154838049,0.814546966552734
20170308154838050,-2.39742813110352
20170308154838051,-1.59634170532227
20170308154838052,0.860323333740234
20170308154838053,-2.46609268188477
20170308154838054,-1.49715957641602
20170308154838055,0.753511810302734
20170308154838056,-2.77889785766602
20170308154838057,-1.48190078735352
20170308154838058,0.677217864990234
20170308154838059,-2.87045059204102
20170308154838060,-1.13094863891602
20170308154838061,0.585665130615234
20170308154838062,-2.92385635375977
20170308154838063,-1.07754287719727
20170308154838064,0.700106048583984
20170308154838065,-3.00777969360352
20170308154838066,-0.871549224853516
20170308154838067,0.608553314208984
20170308154838068,-2.90859756469727
20170308154838069,-0.558744049072266
20170308154838070,0.211824798583984
20170308154838071,-2.95437393188477
20170308154838072,-0.322232818603516
20170308154838073,-0.0552040100097656
20170308154838074,-2.98489151000977
20170308154838075,0.120272064208984
20170308154838076,-0.368009185791016
20170308154838077,-2.93911514282227
20170308154838078,0.463594818115234
20170308154838079,-0.673184967041016
20170308154838080,-2.90096817016602
20170308154838081,0.562776947021484
20170308154838082,-0.818143463134766
20170308154838083,-2.92385635375977
20170308154838084,0.906099700927734
20170308154838085,-1.08517227172852
20170308154838086,-2.80178604125977
20170308154838087,0.814546966552734
20170308154838088,-1.24538955688477
20170308154838089,-2.60342178344727
20170308154838090,0.738253021240234
20170308154838091,-1.44375381469727
20170308154838092,-2.54238662719727
20170308154838093,0.745882415771484
20170308154838094,-1.45138320922852
20170308154838095,-2.62630996704102
20170308154838096,0.692476654052734
20170308154838097,-1.41323623657227
20170308154838098,-2.57290420532227
20170308154838099,0.944246673583984
20170308154838100,-1.52004776000977
20170308154838101,-2.46609268188477
20170308154838102,0.906099700927734
20170308154838103,-1.60397109985352
20170308154838104,-2.29824600219727
20170308154838105,0.745882415771484
20170308154838106,-1.71841201782227
20170308154838107,-2.47372207641602
20170308154838108,0.730623626708984
20170308154838109,-1.59634170532227
20170308154838110,-2.48898086547852
20170308154838111,0.700106048583984
20170308154838112,-1.65737686157227
20170308154838113,-2.35165176391602
20170308154838114,0.631441497802734
20170308154838115,-1.67263565063477
20170308154838116,-2.35928115844727
20170308154838117,0.738253021240234
20170308154838118,-1.93203506469727
20170308154838119,-2.10751113891602
20170308154838120,0.776399993896484
20170308154838121,-2.00832901000977
20170308154838122,-1.96255264282227
20170308154838123,0.745882415771484
20170308154838124,-2.18380508422852
20170308154838125,-1.98544082641602
20170308154838126,0.654329681396484
20170308154838127,-2.05410537719727
20170308154838128,-2.20669326782227
20170308154838129,0.692476654052734
20170308154838130,-2.13802871704102
20170308154838131,-2.15328750610352
20170308154838132,0.654329681396484
20170308154838133,-2.19906387329102
20170308154838134,-1.88625869750977
20170308154838135,0.623812103271484
20170308154838136,-2.19143447875977
20170308154838137,-1.83285293579102
20170308154838138,0.768770599365234
20170308154838139,-2.22958145141602
20170308154838140,-1.82522354125977
20170308154838141,0.684847259521484
20170308154838142,-2.35928115844727
20170308154838143,-1.66500625610352
20170308154838144,0.852693939208984
20170308154838145,-2.38216934204102
20170308154838146,-1.67263565063477
20170308154838147,0.730623626708984
20170308154838148,-2.57290420532227
20170308154838149,-1.48190078735352
20170308154838150,0.616182708740234
20170308154838151,-2.58053359985352
20170308154838152,-1.38271865844727
20170308154838153,0.631441497802734
20170308154838154,-2.43557510375977
20170308154838155,-1.58108291625977
20170308154838156,0.677217864990234
20170308154838157,-2.31350479125977
20170308154838158,-1.58108291625977
20170308154838159,0.646700286865234
20170308154838160,-2.30587539672852
20170308154838161,-1.71841201782227
20170308154838162,0.738253021240234
20170308154838163,-2.38979873657227
20170308154838164,-1.72604141235352
20170308154838165,0.677217864990234
20170308154838166,-2.20669326782227
20170308154838167,-1.64211807250977
20170308154838168,0.684847259521484
20170308154838169,-2.41268692016602
20170308154838170,-1.54293594360352
20170308154838171,0.829805755615234
20170308154838172,-2.65682754516602
20170308154838173,-1.47427139282227
20170308154838174,0.570406341552734
20170308154838175,-2.64919815063477
20170308154838176,-1.41323623657227
20170308154838177,0.768770599365234
20170308154838178,-2.70260391235352
20170308154838179,-1.33694229125977
20170308154838180,0.570406341552734
20170308154838181,-2.87045059204102
20170308154838182,-1.16909561157227
20170308154838183,0.555147552490234
20170308154838184,-2.97726211547852
20170308154838185,-1.13857803344727
20170308154838186,0.608553314208984
20170308154838187,-2.97726211547852
20170308154838188,-1.06991348266602
20170308154838189,0.539888763427734
20170308154838190,-2.92385635375977
20170308154838191,-0.871549224853516
20170308154838192,0.494112396240234
20170308154838193,-2.95437393188477
20170308154838194,-0.558744049072266
20170308154838195,0.311006927490234
20170308154838196,-2.90096817016602
20170308154838197,-0.741849517822266
20170308154838198,0.341524505615234
20170308154838199,-2.93148574829102
20170308154838200,-0.467191314697266
20170308154838201,0.219454193115234
20170308154838202,-2.93911514282227
20170308154838203,-0.482450103759766
20170308154838204,0.242342376708984
20170308154838205,-2.98489151000977
20170308154838206,-0.169644927978516
20170308154838207,-0.0475746154785156
20170308154838208,-2.91622695922852
20170308154838209,0.127901458740234
20170308154838210,-0.383267974853516
20170308154838211,-2.84756240844727
20170308154838212,0.440706634521484
20170308154838213,-0.696073150634766
20170308154838214,-2.84756240844727
20170308154838215,0.639070892333984
20170308154838216,-0.680814361572266
20170308154838217,-2.89333877563477
20170308154838218,0.784029388427734
20170308154838219,-1.05465469360352
20170308154838220,-2.76363906860352
20170308154838221,0.913729095458984
20170308154838222,-1.24538955688477
20170308154838223,-2.61868057250977
20170308154838224,0.990023040771484
20170308154838225,-1.35983047485352
20170308154838226,-2.55764541625977
20170308154838227,0.829805755615234
20170308154838228,-1.60397109985352
20170308154838229,-2.44320449829102
20170308154838230,0.997652435302734
20170308154838231,-1.62685928344727
20170308154838232,-2.41268692016602
20170308154838233,0.768770599365234
20170308154838234,-1.67263565063477
20170308154838235,-2.35928115844727
20170308154838236,0.738253021240234
20170308154838237,-1.62685928344727
20170308154838238,-2.33639297485352
20170308154838239,0.776399993896484
20170308154838240,-1.74892959594727
20170308154838241,-2.13802871704102
20170308154838242,0.829805755615234
20170308154838243,-1.92440567016602
20170308154838244,-2.01595840454102
20170308154838245,0.814546966552734
20170308154838246,-2.09988174438477
20170308154838247,-1.93203506469727
20170308154838248,0.753511810302734
20170308154838249,-2.22958145141602
20170308154838250,-1.73367080688477
20170308154838251,0.738253021240234
20170308154838252,-2.36691055297852
20170308154838253,-1.69552383422852
20170308154838254,0.730623626708984
20170308154838255,-2.38979873657227
20170308154838256,-1.69552383422852
20170308154838257,0.722994232177734
20170308154838258,-2.51186904907227
20170308154838259,-1.71078262329102
20170308154838260,0.738253021240234
20170308154838261,-2.34402236938477
20170308154838262,-1.74130020141602
20170308154838263,0.722994232177734
20170308154838264,-2.44320449829102
20170308154838265,-1.71841201782227
20170308154838266,0.837435150146484
20170308154838267,-2.50423965454102
20170308154838268,-1.53530654907227
20170308154838269,0.722994232177734
20170308154838270,-2.65682754516602
20170308154838271,-1.45901260375977
20170308154838272,0.707735443115234
20170308154838273,-2.69497451782227
20170308154838274,-1.29879531860352
20170308154838275,0.661959075927734
20170308154838276,-2.93911514282227
20170308154838277,-1.13094863891602
20170308154838278,0.562776947021484
20170308154838279,-2.77889785766602
20170308154838280,-1.25301895141602
20170308154838281,0.524629974365234
20170308154838282,-2.64156875610352
20170308154838283,-1.32931289672852
20170308154838284,0.593294525146484
20170308154838285,-2.36691055297852
20170308154838286,-1.59634170532227
20170308154838287,0.806917572021484
20170308154838288,-2.38979873657227
20170308154838289,-1.58871231079102
20170308154838290,0.738253021240234
20170308154838291,-2.51186904907227
20170308154838292,-1.52767715454102
20170308154838293,0.738253021240234
20170308154838294,-2.70260391235352
20170308154838295,-1.50478897094727
20170308154838296,0.631441497802734
20170308154838297,-2.99252090454102
20170308154838298,-1.07754287719727
20170308154838299,0.509371185302734
20170308154838300,-2.83993301391602
20170308154838301,-1.09280166625977
20170308154838302,0.463594818115234
20170308154838303,-2.78652725219727
20170308154838304,-1.17672500610352
20170308154838305,0.547518157958984
20170308154838306,-3.03066787719727
20170308154838307,-0.833402252197266
20170308154838308,0.593294525146484
20170308154838309,-2.93911514282227
20170308154838310,-0.688443756103516
20170308154838311,0.333895111083984
20170308154838312,-2.96200332641602
20170308154838313,-0.635037994384766
20170308154838314,0.349153900146484
20170308154838315,-3.02303848266602
20170308154838316,-0.619779205322266
20170308154838317,0.440706634521484
20170308154838318,-2.86282119750977
20170308154838319,-0.635037994384766
20170308154838320,0.219454193115234
20170308154838321,-2.90859756469727
20170308154838322,-0.390897369384766
20170308154838323,0.295748138427734
20170308154838324,-2.87045059204102
20170308154838325,-0.276456451416016
20170308154838326,0.211824798583984
20170308154838327,-2.93911514282227
20170308154838328,-0.116239166259766
20170308154838329,-0.123868560791016
20170308154838330,-2.88570938110352
20170308154838331,-0.360379791259766
20170308154838332,-0.0170570373535156
20170308154838333,-3.02303848266602
20170308154838334,-0.0475746154785156
20170308154838335,-0.276456451416016
20170308154838336,-2.86282119750977
20170308154838337,-0.139127349853516
20170308154838338,-0.162015533447266
20170308154838339,-2.93911514282227
20170308154838340,-0.131497955322266
20170308154838341,-0.177274322509766
20170308154838342,-2.90859756469727
20170308154838343,-0.0246864318847656
20170308154838344,-0.398526763916016
20170308154838345,-2.86282119750977
20170308154838346,0.158419036865234
20170308154838347,-0.444303131103516
20170308154838348,-2.90859756469727
20170308154838349,0.181307220458984
20170308154838350,-0.490079498291016
20170308154838351,-2.87807998657227
20170308154838352,0.349153900146484
20170308154838353,-0.657926177978516
20170308154838354,-2.86282119750977
20170308154838355,0.349153900146484
20170308154838356,-0.535855865478516
20170308154838357,-2.84756240844727
20170308154838358,0.547518157958984
20170308154838359,-0.856290435791016
20170308154838360,-2.83993301391602
20170308154838361,0.700106048583984
20170308154838362,-0.955472564697266
20170308154838363,-2.80178604125977
20170308154838364,0.913729095458984
20170308154838365,-1.16909561157227
20170308154838366,-2.67971572875977
20170308154838367,0.829805755615234
20170308154838368,-1.32168350219727
20170308154838369,-2.60342178344727
20170308154838370,0.837435150146484
20170308154838371,-1.48953018188477
20170308154838372,-2.48135147094727
20170308154838373,0.791658782958984
20170308154838374,-1.74130020141602
20170308154838375,-2.38216934204102
20170308154838376,0.837435150146484
20170308154838377,-1.84048233032227
20170308154838378,-2.22195205688477
20170308154838379,0.867952728271484
20170308154838380,-2.09988174438477
20170308154838381,-1.94729385375977
20170308154838382,0.692476654052734
20170308154838383,-2.26009902954102
20170308154838384,-1.88625869750977
20170308154838385,0.829805755615234
20170308154838386,-2.22195205688477
20170308154838387,-1.84048233032227
20170308154838388,0.745882415771484
20170308154838389,-2.42031631469727
20170308154838390,-1.57345352172852
20170308154838391,0.852693939208984
20170308154838392,-2.55001602172852
20170308154838393,-1.42849502563477
20170308154838394,0.646700286865234
20170308154838395,-2.78652725219727
20170308154838396,-1.14620742797852
20170308154838397,0.570406341552734
20170308154838398,-2.93911514282227
20170308154838399,-0.909696197509766
20170308154838400,0.608553314208984
20170308154838401,-2.95437393188477
20170308154838402,-0.787625885009766
20170308154838403,0.402559661865234
20170308154838404,-3.01540908813477
20170308154838405,-0.757108306884766
20170308154838406,0.608553314208984
20170308154838407,-2.85519180297852
20170308154838408,-0.688443756103516
20170308154838409,0.547518157958984
20170308154838410,-2.81704483032227
20170308154838411,-0.848661041259766
20170308154838412,0.379671478271484
20170308154838413,-2.93148574829102
20170308154838414,-0.543485260009766
20170308154838415,0.249971771240234
20170308154838416,-2.92385635375977
20170308154838417,-0.306974029541016
20170308154838418,0.112642669677734
20170308154838419,-2.91622695922852
20170308154838420,-0.230680084228516
20170308154838421,-0.0246864318847656
20170308154838422,-2.90859756469727
20170308154838423,-0.0933509826660156
20170308154838424,-0.0552040100097656
20170308154838425,-2.93911514282227
20170308154838426,0.0821250915527344
20170308154838427,-0.230680084228516
20170308154838428,-2.87045059204102
20170308154838429,0.234712982177734
20170308154838430,-0.528226470947266
20170308154838431,-2.93148574829102
20170308154838432,0.494112396240234
20170308154838433,-0.627408599853516
20170308154838434,-2.80941543579102
20170308154838435,0.433077239990234
20170308154838436,-0.642667388916016
20170308154838437,-2.85519180297852
20170308154838438,0.333895111083984
20170308154838439,-0.398526763916016
20170308154838440,-2.80941543579102
20170308154838441,0.173677825927734
20170308154838442,-0.535855865478516
20170308154838443,-2.79415664672852
20170308154838444,0.150789642333984
20170308154838445,-0.543485260009766
20170308154838446,-2.83993301391602
20170308154838447,0.341524505615234
20170308154838448,-0.467191314697266
20170308154838449,-2.76363906860352
20170308154838450,0.463594818115234
20170308154838451,-0.757108306884766
20170308154838452,-2.81704483032227
20170308154838453,0.700106048583984
20170308154838454,-0.680814361572266
20170308154838455,-2.81704483032227
20170308154838456,0.494112396240234
20170308154838457,-0.818143463134766
20170308154838458,-2.86282119750977
20170308154838459,0.364412689208984
20170308154838460,-0.619779205322266
20170308154838461,-2.84756240844727
20170308154838462,0.501741790771484
20170308154838463,-0.459561920166016
20170308154838464,-2.82467422485352
20170308154838465,0.517000579833984
20170308154838466,-0.581632232666016
20170308154838467,-2.84756240844727
20170308154838468,0.349153900146484
20170308154838469,-0.360379791259766
20170308154838470,-2.81704483032227
20170308154838471,0.0287193298339844
20170308154838472,-0.192533111572266
20170308154838473,-2.84756240844727
20170308154838474,0.303377532958984
20170308154838475,-0.505338287353516
20170308154838476,-2.77889785766602
20170308154838477,0.173677825927734
20170308154838478,-0.474820709228516
20170308154838479,-2.86282119750977
20170308154838480,0.204195404052734
20170308154838481,-0.535855865478516
20170308154838482,-2.87045059204102
20170308154838483,0.249971771240234
20170308154838484,-0.558744049072266
20170308154838485,-2.81704483032227
20170308154838486,0.387300872802734
20170308154838487,-0.604520416259766
20170308154838488,-2.75600967407227
20170308154838489,0.547518157958984
20170308154838490,-0.535855865478516
20170308154838491,-2.83230361938477
20170308154838492,0.486483001708984
20170308154838493,-0.726590728759766
20170308154838494,-2.80941543579102
20170308154838495,0.692476654052734
20170308154838496,-0.894437408447266
20170308154838497,-2.86282119750977
20170308154838498,0.883211517333984
20170308154838499,-1.10043106079102
20170308154838500,-2.81704483032227
20170308154838501,0.913729095458984
20170308154838502,-1.16909561157227
20170308154838503,-2.69497451782227
20170308154838504,0.875582122802734
20170308154838505,-1.22250137329102
20170308154838506,-2.58816299438477
20170308154838507,0.852693939208984
20170308154838508,-1.37508926391602
20170308154838509,-2.52712783813477
20170308154838510,0.967134857177734
20170308154838511,-1.54293594360352
20170308154838512,-2.45083389282227
20170308154838513,0.829805755615234
20170308154838514,-1.88625869750977
20170308154838515,-2.21432266235352
20170308154838516,0.722994232177734
20170308154838517,-2.16854629516602
20170308154838518,-1.84811172485352
20170308154838519,0.730623626708984
20170308154838520,-2.36691055297852
20170308154838521,-1.72604141235352
20170308154838522,0.845064544677734
20170308154838523,-2.51186904907227
20170308154838524,-1.45138320922852
20170308154838525,0.684847259521484
20170308154838526,-2.70260391235352
20170308154838527,-1.32168350219727
20170308154838528,0.692476654052734
20170308154838529,-2.80178604125977
20170308154838530,-1.23013076782227
20170308154838531,0.631441497802734
20170308154838532,-2.87045059204102
20170308154838533,-1.04702529907227
20170308154838534,0.517000579833984
20170308154838535,-2.94674453735352
20170308154838536,-0.688443756103516
20170308154838537,0.417818450927734
20170308154838538,-2.89333877563477
20170308154838539,-0.459561920166016
20170308154838540,0.265230560302734
20170308154838541,-2.90859756469727
20170308154838542,-0.474820709228516
20170308154838543,0.425447845458984
20170308154838544,-2.89333877563477
20170308154838545,-0.314603424072266
20170308154838546,0.0287193298339844
20170308154838547,-2.95437393188477
20170308154838548,-0.223050689697266
20170308154838549,0.0363487243652344
20170308154838550,-2.90096817016602
20170308154838551,-0.284085845947266
20170308154838552,-0.0323158264160156
20170308154838553,-2.85519180297852
20170308154838554,-0.497708892822266
20170308154838555,0.135530853271484
20170308154838556,-2.90859756469727
20170308154838557,-0.390897369384766
20170308154838558,0.272859954833984
20170308154838559,-2.87807998657227
20170308154838560,-0.352750396728516
20170308154838561,0.0363487243652344
20170308154838562,-2.93911514282227
20170308154838563,-0.360379791259766
20170308154838564,-0.0628334045410156
20170308154838565,-2.96963272094727
20170308154838566,-0.200162506103516
20170308154838567,-0.154386138916016
20170308154838568,-2.88570938110352
20170308154838569,-0.146756744384766
20170308154838570,-0.215421295166016
20170308154838571,-2.85519180297852
20170308154838572,0.188936614990234
20170308154838573,-0.162015533447266
20170308154838574,-2.82467422485352
20170308154838575,0.211824798583984
20170308154838576,-0.467191314697266
20170308154838577,-2.79415664672852
20170308154838578,0.394930267333984
20170308154838579,-0.528226470947266
20170308154838580,-2.81704483032227
20170308154838581,0.608553314208984
20170308154838582,-0.482450103759766
20170308154838583,-2.86282119750977
20170308154838584,0.478853607177734
20170308154838585,-0.749478912353516
20170308154838586,-2.83230361938477
20170308154838587,0.486483001708984
20170308154838588,-0.795255279541016
20170308154838589,-2.80178604125977
20170308154838590,0.677217864990234
20170308154838591,-0.902066802978516
20170308154838592,-2.83993301391602
20170308154838593,0.494112396240234
20170308154838594,-1.00124893188477
20170308154838595,-2.78652725219727
20170308154838596,0.600923919677734
20170308154838597,-0.970731353759766
20170308154838598,-2.87807998657227
20170308154838599,0.784029388427734
20170308154838600,-1.11568984985352
20170308154838601,-2.82467422485352
20170308154838602,0.738253021240234
20170308154838603,-0.825772857666016
20170308154838604,-2.81704483032227
20170308154838605,0.555147552490234
20170308154838606,-1.01650772094727
20170308154838607,-2.74838027954102
20170308154838608,0.944246673583984
20170308154838609,-1.02413711547852
20170308154838610,-2.70260391235352
20170308154838611,0.791658782958984
20170308154838612,-1.05465469360352
20170308154838613,-2.67971572875977
20170308154838614,0.982393646240234
20170308154838615,-1.09280166625977
20170308154838616,-2.72549209594727
20170308154838617,0.478853607177734
20170308154838618,-0.940213775634766
20170308154838619,-2.77889785766602
20170308154838620,0.761141204833984
20170308154838621,-1.01650772094727
20170308154838622,-2.69497451782227
20170308154838623,0.875582122802734
20170308154838624,-1.03939590454102
20170308154838625,-2.67208633422852
20170308154838626,1.03579940795898
20170308154838627,-1.29879531860352
20170308154838628,-2.69497451782227
20170308154838629,0.776399993896484
20170308154838630,-1.19198379516602
20170308154838631,-2.67208633422852
20170308154838632,0.852693939208984
20170308154838633,-1.26064834594727
20170308154838634,-2.56527481079102
20170308154838635,0.875582122802734
20170308154838636,-1.25301895141602
20170308154838637,-2.58816299438477
20170308154838638,0.997652435302734
20170308154838639,-1.35983047485352
20170308154838640,-2.53475723266602
20170308154838641,0.730623626708984
20170308154838642,-1.44375381469727
20170308154838643,-2.45846328735352
20170308154838644,0.829805755615234
20170308154838645,-1.56582412719727
20170308154838646,-2.35165176391602
20170308154838647,0.768770599365234
20170308154838648,-1.75655899047852
20170308154838649,-2.29824600219727
20170308154838650,0.715364837646484
20170308154838651,-1.93203506469727
20170308154838652,-2.09225234985352
20170308154838653,0.875582122802734
20170308154838654,-2.22195205688477
20170308154838655,-1.78707656860352
20170308154838656,0.761141204833984
20170308154838657,-2.35165176391602
20170308154838658,-1.72604141235352
20170308154838659,0.745882415771484
20170308154838660,-2.48135147094727
20170308154838661,-1.48953018188477
20170308154838662,0.631441497802734
20170308154838663,-2.78652725219727
20170308154838664,-1.31405410766602
20170308154838665,0.799288177490234
20170308154838666,-2.88570938110352
20170308154838667,-1.11568984985352
20170308154838668,0.700106048583984
20170308154838669,-2.83230361938477
20170308154838670,-1.19198379516602
20170308154838671,0.623812103271484
20170308154838672,-2.81704483032227
20170308154838673,-1.10043106079102
20170308154838674,0.593294525146484
20170308154838675,-2.97726211547852
20170308154838676,-0.970731353759766
20170308154838677,0.661959075927734
20170308154838678,-2.93148574829102
20170308154838679,-0.650296783447266
20170308154838680,0.356783294677734
20170308154838681,-2.95437393188477
20170308154838682,-0.627408599853516
20170308154838683,0.410189056396484
20170308154838684,-2.94674453735352
20170308154838685,-0.535855865478516
20170308154838686,0.188936614990234
20170308154838687,-3.00015029907227
20170308154838688,-0.390897369384766
20170308154838689,0.204195404052734
20170308154838690,-2.90859756469727
20170308154838691,-0.604520416259766
20170308154838692,0.219454193115234
20170308154838693,-2.96200332641602
20170308154838694,-0.444303131103516
20170308154838695,0.257601165771484
20170308154838696,-2.88570938110352
20170308154838697,-0.146756744384766
20170308154838698,-0.0780921936035156
20170308154838699,-2.90096817016602
20170308154838700,-0.108609771728516
20170308154838701,-0.139127349853516
20170308154838702,-2.86282119750977
20170308154838703,-0.169644927978516
20170308154838704,-0.116239166259766
20170308154838705,-2.90859756469727
20170308154838706,-0.154386138916016
20170308154838707,-0.116239166259766
20170308154838708,-2.87807998657227
20170308154838709,-0.154386138916016
20170308154838710,-0.123868560791016
20170308154838711,-2.85519180297852
20170308154838712,-0.207791900634766
20170308154838713,-0.200162506103516
20170308154838714,-3.03829727172852
20170308154838715,-0.0704627990722656
20170308154838716,-0.276456451416016
20170308154838717,-2.88570938110352
20170308154838718,0.204195404052734
20170308154838719,-0.337491607666016
20170308154838720,-2.85519180297852
20170308154838721,0.120272064208984
20170308154838722,-0.451932525634766
20170308154838723,-2.82467422485352
20170308154838724,0.280489349365234
20170308154838725,-0.474820709228516
20170308154838726,-2.90096817016602
20170308154838727,0.387300872802734
20170308154838728,-0.558744049072266
20170308154838729,-2.84756240844727
20170308154838730,0.158419036865234
20170308154838731,-0.490079498291016
20170308154838732,-2.91622695922852
20170308154838733,0.143160247802734
20170308154838734,-0.406156158447266
20170308154838735,-2.80178604125977
20170308154838736,0.242342376708984
20170308154838737,-0.467191314697266
20170308154838738,-2.75600967407227
20170308154838739,0.150789642333984
20170308154838740,-0.413785552978516
20170308154838741,-2.83230361938477
20170308154838742,0.150789642333984
20170308154838743,-0.291715240478516
20170308154838744,-2.77889785766602
20170308154838745,0.318636322021484
20170308154838746,-0.558744049072266
20170308154838747,-2.79415664672852
20170308154838748,0.425447845458984
20170308154838749,-0.703702545166016
20170308154838750,-2.83230361938477
20170308154838751,0.669588470458984
20170308154838752,-0.947843170166016
20170308154838753,-2.80941543579102
20170308154838754,0.730623626708984
20170308154838755,-1.00887832641602
20170308154838756,-2.80178604125977
20170308154838757,0.600923919677734
20170308154838758,-1.00124893188477
20170308154838759,-2.81704483032227
20170308154838760,0.906099700927734
20170308154838761,-1.03939590454102
20170308154838762,-2.67971572875977
20170308154838763,0.845064544677734
20170308154838764,-1.28353652954102
20170308154838765,-2.72549209594727
20170308154838766,0.822176361083984
20170308154838767,-1.07754287719727
20170308154838768,-2.72549209594727
20170308154838769,0.913729095458984
20170308154838770,-1.29879531860352
20170308154838771,-2.55764541625977
20170308154838772,0.837435150146484
20170308154838773,-1.44375381469727
20170308154838774,-2.47372207641602
20170308154838775,0.631441497802734
20170308154838776,-1.32931289672852
20170308154838777,-2.61105117797852
20170308154838778,0.829805755615234
20170308154838779,-1.39034805297852
20170308154838780,-2.57290420532227
20170308154838781,0.753511810302734
20170308154838782,-1.58871231079102
20170308154838783,-2.58816299438477
20170308154838784,0.883211517333984
20170308154838785,-1.38271865844727
20170308154838786,-2.45846328735352
20170308154838787,0.692476654052734
20170308154838788,-1.71078262329102
20170308154838789,-2.46609268188477
20170308154838790,0.867952728271484
20170308154838791,-1.70315322875977
20170308154838792,-2.26009902954102
20170308154838793,0.814546966552734
20170308154838794,-2.11514053344727
20170308154838795,-1.92440567016602
20170308154838796,0.730623626708984
20170308154838797,-2.38216934204102
20170308154838798,-1.65737686157227
20170308154838799,0.669588470458984
20170308154838800,-2.67208633422852
20170308154838801,-1.43612442016602
20170308154838802,0.616182708740234
20170308154838803,-2.70260391235352
20170308154838804,-1.35220108032227
20170308154838805,0.646700286865234
20170308154838806,-2.89333877563477
20170308154838807,-1.19961318969727
20170308154838808,0.517000579833984
20170308154838809,-2.90859756469727
20170308154838810,-1.07754287719727
20170308154838811,0.478853607177734
20170308154838812,-2.98489151000977
20170308154838813,-1.06228408813477
20170308154838814,0.402559661865234
20170308154838815,-2.95437393188477
20170308154838816,-0.802884674072266
20170308154838817,0.433077239990234
20170308154838818,-2.98489151000977
20170308154838819,-0.566373443603516
20170308154838820,0.425447845458984
20170308154838821,-2.93911514282227
20170308154838822,-0.436673736572266
20170308154838823,0.0897544860839844
20170308154838824,-2.91622695922852
20170308154838825,-0.490079498291016
20170308154838826,0.0821250915527344
20170308154838827,-2.97726211547852
20170308154838828,-0.352750396728516
20170308154838829,-0.0017982482910156
20170308154838830,-2.96200332641602
20170308154838831,-0.230680084228516
20170308154838832,-0.223050689697266
20170308154838833,-2.89333877563477
20170308154838834,-0.0323158264160156
20170308154838835,-0.360379791259766
20170308154838836,-2.88570938110352
20170308154838837,0.372042083740234
20170308154838838,-0.528226470947266
20170308154838839,-2.88570938110352
20170308154838840,0.364412689208984
20170308154838841,-0.490079498291016
20170308154838842,-2.87807998657227
20170308154838843,0.471224212646484
20170308154838844,-0.726590728759766
20170308154838845,-2.90859756469727
20170308154838846,0.547518157958984
20170308154838847,-0.909696197509766
20170308154838848,-2.90859756469727
20170308154838849,0.745882415771484
20170308154838850,-1.01650772094727
20170308154838851,-2.77126846313477
20170308154838852,0.990023040771484
20170308154838853,-1.16146621704102
20170308154838854,-2.68734512329102
20170308154838855,0.944246673583984
20170308154838856,-1.16146621704102
20170308154838857,-2.60342178344727
20170308154838858,0.936617279052734
20170308154838859,-1.48953018188477
20170308154838860,-2.45083389282227
20170308154838861,0.875582122802734
20170308154838862,-1.63448867797852
20170308154838863,-2.36691055297852
20170308154838864,0.898470306396484
20170308154838865,-1.82522354125977
20170308154838866,-2.16854629516602
20170308154838867,0.738253021240234
20170308154838868,-2.00069961547852
20170308154838869,-2.16854629516602
20170308154838870,0.822176361083984
20170308154838871,-2.10751113891602
20170308154838872,-1.90914688110352
20170308154838873,0.661959075927734
20170308154838874,-2.16091690063477
20170308154838875,-1.88625869750977
20170308154838876,0.921358489990234
20170308154838877,-2.24484024047852
20170308154838878,-1.79470596313477
20170308154838879,0.616182708740234
20170308154838880,-2.22958145141602
20170308154838881,-1.82522354125977
20170308154838882,0.867952728271484
20170308154838883,-2.37453994750977
20170308154838884,-1.72604141235352
20170308154838885,0.761141204833984
20170308154838886,-2.38979873657227
20170308154838887,-1.74892959594727
20170308154838888,0.692476654052734
20170308154838889,-2.28298721313477
20170308154838890,-1.72604141235352
20170308154838891,0.684847259521484
20170308154838892,-2.33639297485352
20170308154838893,-1.84048233032227
20170308154838894,0.692476654052734
20170308154838895,-2.25246963500977
20170308154838896,-1.93966445922852
20170308154838897,0.814546966552734
20170308154838898,-2.20669326782227
20170308154838899,-1.73367080688477
20170308154838900,0.639070892333984
20170308154838901,-2.31350479125977
20170308154838902,-1.79470596313477
20170308154838903,0.730623626708984
20170308154838904,-2.46609268188477
20170308154838905,-1.55056533813477
20170308154838906,0.684847259521484
20170308154838907,-2.48898086547852
20170308154838908,-1.56582412719727
20170308154838909,0.684847259521484
20170308154838910,-2.63393936157227
20170308154838911,-1.39797744750977
20170308154838912,0.753511810302734
20170308154838913,-2.66445693969727
20170308154838914,-1.39797744750977
20170308154838915,0.784029388427734
20170308154838916,-2.67971572875977
20170308154838917,-1.39034805297852
20170308154838918,0.738253021240234
20170308154838919,-2.64919815063477
20170308154838920,-1.30642471313477
20170308154838921,0.570406341552734
20170308154838922,-2.73312149047852
20170308154838923,-1.31405410766602
20170308154838924,0.661959075927734
20170308154838925,-2.74838027954102
20170308154838926,-1.26827774047852
20170308154838927,0.600923919677734
20170308154838928,-2.80178604125977
20170308154838929,-1.18435440063477
20170308154838930,0.578035736083984
20170308154838931,-2.90859756469727
20170308154838932,-1.03176651000977
20170308154838933,0.555147552490234
20170308154838934,-2.91622695922852
20170308154838935,-0.902066802978516
20170308154838936,0.631441497802734
20170308154838937,-2.94674453735352
20170308154838938,-0.505338287353516
20170308154838939,0.333895111083984
20170308154838940,-2.95437393188477
20170308154838941,-0.429044342041016
20170308154838942,0.0744956970214844
20170308154838943,-2.99252090454102
20170308154838944,-0.238309478759766
20170308154838945,0.0210899353027344
20170308154838946,-3.01540908813477
20170308154838947,-0.238309478759766
20170308154838948,-0.200162506103516
20170308154838949,-2.87807998657227
20170308154838950,0.211824798583984
20170308154838951,-0.375638580322266
20170308154838952,-2.90096817016602
20170308154838953,0.425447845458984
20170308154838954,-0.688443756103516
20170308154838955,-2.83993301391602
20170308154838956,0.753511810302734
20170308154838957,-0.879178619384766
20170308154838958,-2.78652725219727
20170308154838959,0.814546966552734
20170308154838960,-1.00887832641602
20170308154838961,-2.73312149047852
20170308154838962,0.951876068115234
20170308154838963,-1.00124893188477
20170308154838964,-2.66445693969727
20170308154838965,0.867952728271484
20170308154838966,-1.43612442016602
20170308154838967,-2.45846328735352
20170308154838968,0.990023040771484
20170308154838969,-1.54293594360352
20170308154838970,-2.50423965454102
20170308154838971,0.761141204833984
20170308154838972,-1.52004776000977
20170308154838973,-2.45846328735352
20170308154838974,0.974764251708984
20170308154838975,-1.56582412719727
20170308154838976,-2.47372207641602
20170308154838977,0.722994232177734
20170308154838978,-1.76418838500977
20170308154838979,-2.09225234985352
20170308154838980,0.867952728271484
20170308154838981,-2.09988174438477
20170308154838982,-2.17617568969727
20170308154838983,0.753511810302734
20170308154838984,-2.22195205688477
20170308154838985,-1.85574111938477
20170308154838986,0.784029388427734
20170308154838987,-2.18380508422852
20170308154838988,-1.85574111938477
20170308154838989,0.700106048583984
20170308154838990,-2.16854629516602
20170308154838991,-1.82522354125977
20170308154838992,0.784029388427734
20170308154838993,-2.26772842407227
20170308154838994,-1.70315322875977
20170308154838995,0.738253021240234
20170308154838996,-2.29061660766602
20170308154838997,-1.79470596313477
20170308154838998,0.761141204833984
20170308154838999,-2.22958145141602
20170308154839000,-1.88625869750977
20170308154839001,0.860323333740234
20170308154839002,-2.32876358032227
20170308154839003,-1.64211807250977
20170308154839004,0.730623626708984
20170308154839005,-2.34402236938477
20170308154839006,-1.66500625610352
20170308154839007,0.707735443115234
20170308154839008,-2.39742813110352
20170308154839009,-1.60397109985352
20170308154839010,0.692476654052734
20170308154839011,-2.46609268188477
20170308154839012,-1.52767715454102
20170308154839013,0.837435150146484
20170308154839014,-2.48898086547852
20170308154839015,-1.62685928344727
20170308154839016,0.631441497802734
20170308154839017,-2.45846328735352
20170308154839018,-1.51241836547852
20170308154839019,0.661959075927734
20170308154839020,-2.71023330688477
20170308154839021,-1.29116592407227
20170308154839022,0.776399993896484
20170308154839023,-2.87807998657227
20170308154839024,-1.01650772094727
20170308154839025,0.585665130615234
20170308154839026,-2.94674453735352
20170308154839027,-0.924954986572266
20170308154839028,0.646700286865234
20170308154839029,-2.96200332641602
20170308154839030,-0.886808013916016
20170308154839031,0.455965423583984
20170308154839032,-3.02303848266602
20170308154839033,-0.711331939697266
20170308154839034,0.364412689208984
20170308154839035,-2.84756240844727
20170308154839036,-0.764737701416016
20170308154839037,0.394930267333984
20170308154839038,-2.96200332641602
20170308154839039,-0.535855865478516
20170308154839040,0.280489349365234
20170308154839041,-2.86282119750977
20170308154839042,-0.451932525634766
20170308154839043,0.143160247802734
20170308154839044,-2.87807998657227
20170308154839045,-0.474820709228516
20170308154839046,0.0973838806152344
20170308154839047,-2.95437393188477
20170308154839048,-0.451932525634766
20170308154839049,0.0744956970214844
20170308154839050,-2.95437393188477
20170308154839051,-0.0780921936035156
20170308154839052,-0.245938873291016
20170308154839053,-2.90096817016602
20170308154839054,-0.0399452209472656
20170308154839055,-0.177274322509766
20170308154839056,-2.86282119750977
20170308154839057,-0.261197662353516
20170308154839058,-0.0704627990722656
20170308154839059,-3.00015029907227
20170308154839060,-0.108609771728516
20170308154839061,-0.322232818603516
20170308154839062,-2.87045059204102
20170308154839063,0.0058311462402344
20170308154839064,-0.482450103759766
20170308154839065,-2.90859756469727
20170308154839066,0.204195404052734
20170308154839067,-0.429044342041016
20170308154839068,-2.93911514282227
20170308154839069,0.440706634521484
20170308154839070,-0.665555572509766
20170308154839071,-2.84756240844727
20170308154839072,0.684847259521484
20170308154839073,-0.772367095947266
20170308154839074,-2.85519180297852
20170308154839075,0.753511810302734
20170308154839076,-0.947843170166016
20170308154839077,-2.74838027954102
20170308154839078,0.906099700927734
20170308154839079,-1.11568984985352
20170308154839080,-2.81704483032227
20170308154839081,0.761141204833984
20170308154839082,-1.04702529907227
20170308154839083,-2.66445693969727
20170308154839084,0.936617279052734
20170308154839085,-1.29116592407227
20170308154839086,-2.61105117797852
20170308154839087,0.799288177490234
20170308154839088,-1.51241836547852
20170308154839089,-2.37453994750977
20170308154839090,0.829805755615234
20170308154839091,-1.70315322875977
20170308154839092,-2.38216934204102
20170308154839093,0.913729095458984
20170308154839094,-1.87862930297852
20170308154839095,-2.32876358032227
20170308154839096,0.829805755615234
20170308154839097,-1.84048233032227
20170308154839098,-2.29061660766602
20170308154839099,0.799288177490234
20170308154839100,-1.97781143188477
20170308154839101,-2.07699356079102
20170308154839102,0.684847259521484
20170308154839103,-1.99307022094727
20170308154839104,-2.09225234985352
20170308154839105,0.639070892333984
20170308154839106,-1.89388809204102
20170308154839107,-2.21432266235352
20170308154839108,0.753511810302734
20170308154839109,-1.93203506469727
20170308154839110,-2.01595840454102
20170308154839111,0.646700286865234
20170308154839112,-2.03884658813477
20170308154839113,-1.93966445922852
20170308154839114,0.715364837646484
20170308154839115,-2.18380508422852
20170308154839116,-1.85574111938477
20170308154839117,0.814546966552734
20170308154839118,-2.47372207641602
20170308154839119,-1.63448867797852
20170308154839120,0.722994232177734
20170308154839121,-2.58053359985352
20170308154839122,-1.56582412719727
20170308154839123,0.707735443115234
20170308154839124,-2.51949844360352
20170308154839125,-1.24538955688477
20170308154839126,0.768770599365234
20170308154839127,-2.83993301391602
20170308154839128,-1.10806045532227
20170308154839129,0.715364837646484
20170308154839130,-2.94674453735352
20170308154839131,-1.17672500610352
20170308154839132,0.547518157958984
20170308154839133,-2.91622695922852
20170308154839134,-0.924954986572266
20170308154839135,0.486483001708984
20170308154839136,-3.01540908813477
20170308154839137,-0.833402252197266
20170308154839138,0.387300872802734
20170308154839139,-2.96200332641602
20170308154839140,-0.619779205322266
20170308154839141,0.280489349365234
20170308154839142,-3.01540908813477
20170308154839143,-0.642667388916016
20170308154839144,0.402559661865234
20170308154839145,-3.00777969360352
20170308154839146,-0.398526763916016
20170308154839147,0.158419036865234
20170308154839148,-2.90859756469727
20170308154839149,-0.306974029541016
20170308154839150,-0.0628334045410156
20170308154839151,-2.84756240844727
20170308154839152,-0.200162506103516
20170308154839153,-0.0170570373535156
20170308154839154,-2.96200332641602
20170308154839155,-0.238309478759766
20170308154839156,-0.184903717041016
20170308154839157,-2.98489151000977
20170308154839158,0.120272064208984
20170308154839159,-0.268827056884766
20170308154839160,-2.97726211547852
20170308154839161,0.150789642333984
20170308154839162,-0.360379791259766
20170308154839163,-2.93911514282227
20170308154839164,0.150789642333984
20170308154839165,-0.390897369384766
20170308154839166,-2.90859756469727
20170308154839167,0.173677825927734
20170308154839168,-0.322232818603516
20170308154839169,-2.86282119750977
20170308154839170,0.0287193298339844
20170308154839171,-0.284085845947266
20170308154839172,-2.83993301391602
20170308154839173,-0.0857215881347656
20170308154839174,-0.230680084228516
20170308154839175,-2.96200332641602
20170308154839176,-0.192533111572266
20170308154839177,-0.276456451416016
20170308154839178,-2.93148574829102
20170308154839179,0.0134605407714844
20170308154839180,-0.375638580322266
20170308154839181,-2.88570938110352
20170308154839182,-0.0475746154785156
20170308154839183,-0.368009185791016
20170308154839184,-3.02303848266602
20170308154839185,0.105013275146484
20170308154839186,-0.383267974853516
20170308154839187,-2.91622695922852
20170308154839188,-0.0017982482910156
20170308154839189,-0.223050689697266
20170308154839190,-2.90096817016602
20170308154839191,0.227083587646484
20170308154839192,-0.459561920166016
20170308154839193,-2.91622695922852
20170308154839194,0.234712982177734
20170308154839195,-0.490079498291016
20170308154839196,-2.92385635375977
20170308154839197,0.127901458740234
20170308154839198,-0.474820709228516
20170308154839199,-2.88570938110352
20170308154839200,0.349153900146484
20170308154839201,-0.650296783447266
20170308154839202,-2.77889785766602
20170308154839203,0.593294525146484
20170308154839204,-0.917325592041016
20170308154839205,-2.83230361938477
20170308154839206,0.730623626708984
20170308154839207,-0.924954986572266
20170308154839208,-2.90096817016602
20170308154839209,0.463594818115234
20170308154839210,-0.963101959228516
20170308154839211,-2.89333877563477
20170308154839212,0.715364837646484
20170308154839213,-1.06991348266602
20170308154839214,-2.77126846313477
20170308154839215,0.730623626708984
20170308154839216,-1.03176651000977
20170308154839217,-2.87807998657227
20170308154839218,0.845064544677734
20170308154839219,-1.01650772094727
20170308154839220,-2.76363906860352
20170308154839221,0.684847259521484
20170308154839222,-0.764737701416016
20170308154839223,-2.80178604125977
20170308154839224,0.753511810302734
20170308154839225,-1.14620742797852
20170308154839226,-2.74838027954102
20170308154839227,0.898470306396484
20170308154839228,-1.45138320922852
20170308154839229,-2.63393936157227
20170308154839230,0.799288177490234
20170308154839231,-1.68026504516602
20170308154839232,-2.43557510375977
20170308154839233,0.867952728271484
20170308154839234,-1.77181777954102
20170308154839235,-2.28298721313477
20170308154839236,0.684847259521484
20170308154839237,-2.02358779907227
20170308154839238,-1.98544082641602
20170308154839239,0.761141204833984
20170308154839240,-2.29824600219727
20170308154839241,-1.71078262329102
20170308154839242,0.745882415771484
20170308154839243,-2.57290420532227
20170308154839244,-1.57345352172852
20170308154839245,0.745882415771484
20170308154839246,-2.65682754516602
20170308154839247,-1.25301895141602
20170308154839248,0.570406341552734
20170308154839249,-2.82467422485352
20170308154839250,-1.23776016235352
20170308154839251,0.631441497802734
20170308154839252,-2.93911514282227
20170308154839253,-1.10043106079102
20170308154839254,0.524629974365234
20170308154839255,-2.93911514282227
20170308154839256,-0.947843170166016
20170308154839257,0.486483001708984
20170308154839258,-2.99252090454102
20170308154839259,-0.703702545166016
20170308154839260,0.249971771240234
20170308154839261,-2.95437393188477
20170308154839262,-0.726590728759766
20170308154839263,0.272859954833984
20170308154839264,-2.96963272094727
20170308154839265,-0.696073150634766
20170308154839266,0.303377532958984
20170308154839267,-2.96200332641602
20170308154839268,-0.574002838134766
20170308154839269,0.318636322021484
20170308154839270,-2.93148574829102
20170308154839271,-0.299344635009766
20170308154839272,0.0058311462402344
20170308154839273,-3.03829727172852
20170308154839274,-0.131497955322266
20170308154839275,-0.291715240478516
20170308154839276,-3.05355606079102
20170308154839277,0.265230560302734
20170308154839278,-0.535855865478516
20170308154839279,-2.97726211547852
20170308154839280,0.486483001708984
20170308154839281,-0.535855865478516
20170308154839282,-2.87045059204102
20170308154839283,0.150789642333984
20170308154839284,-0.459561920166016
20170308154839285,-2.87045059204102
20170308154839286,-0.223050689697266
20170308154839287,-0.230680084228516
20170308154839288,-2.92385635375977
20170308154839289,-0.322232818603516
20170308154839290,-0.0933509826660156
20170308154839291,-2.96963272094727
20170308154839292,-0.467191314697266
20170308154839293,0.0668663024902344
20170308154839294,-2.90096817016602
20170308154839295,-0.451932525634766
20170308154839296,-0.0017982482910156
20170308154839297,-2.96200332641602
20170308154839298,-0.253568267822266
20170308154839299,0.0516075134277344
20170308154839300,-2.90859756469727
20170308154839301,-0.223050689697266
20170308154839302,-0.261197662353516
20170308154839303,-2.93148574829102
20170308154839304,0.112642669677734
20170308154839305,-0.276456451416016
20170308154839306,-2.91622695922852
20170308154839307,0.150789642333984
20170308154839308,-0.406156158447266
20170308154839309,-2.90096817016602
20170308154839310,0.364412689208984
20170308154839311,-0.505338287353516
20170308154839312,-2.80178604125977
20170308154839313,0.311006927490234
20170308154839314,-0.566373443603516
20170308154839315,-2.84756240844727
20170308154839316,0.433077239990234
20170308154839317,-0.757108306884766
20170308154839318,-2.93148574829102
20170308154839319,0.593294525146484
20170308154839320,-0.726590728759766
20170308154839321,-2.85519180297852
20170308154839322,0.387300872802734
20170308154839323,-0.650296783447266
20170308154839324,-2.85519180297852
20170308154839325,0.326265716552734
20170308154839326,-0.635037994384766
20170308154839327,-2.87807998657227
20170308154839328,0.486483001708984
20170308154839329,-0.657926177978516
20170308154839330,-2.92385635375977
20170308154839331,0.372042083740234
20170308154839332,-0.726590728759766
20170308154839333,-2.79415664672852
20170308154839334,0.227083587646484
20170308154839335,-0.604520416259766
20170308154839336,-2.89333877563477
20170308154839337,0.509371185302734
20170308154839338,-0.917325592041016
20170308154839339,-2.83993301391602
20170308154839340,0.623812103271484
20170308154839341,-1.01650772094727
20170308154839342,-2.81704483032227
20170308154839343,0.814546966552734
20170308154839344,-0.894437408447266
20170308154839345,-2.87045059204102
20170308154839346,0.906099700927734
20170308154839347,-1.15383682250977
20170308154839348,-2.80178604125977
20170308154839349,0.738253021240234
20170308154839350,-1.06991348266602
20170308154839351,-2.90859756469727
20170308154839352,0.608553314208984
20170308154839353,-1.01650772094727
20170308154839354,-2.76363906860352
20170308154839355,0.829805755615234
20170308154839356,-1.13094863891602
20170308154839357,-2.79415664672852
20170308154839358,0.791658782958984
20170308154839359,-1.23013076782227
20170308154839360,-2.77889785766602
20170308154839361,0.707735443115234
20170308154839362,-1.05465469360352
20170308154839363,-2.75600967407227
20170308154839364,0.654329681396484
20170308154839365,-1.19961318969727
20170308154839366,-2.74838027954102
20170308154839367,1.00528182983398
20170308154839368,-1.28353652954102
20170308154839369,-2.65682754516602
20170308154839370,0.959505462646484
20170308154839371,-1.42849502563477
20170308154839372,-2.53475723266602
20170308154839373,0.806917572021484
20170308154839374,-1.68789443969727
20170308154839375,-2.35165176391602
20170308154839376,0.791658782958984
20170308154839377,-1.77944717407227
20170308154839378,-2.29824600219727
20170308154839379,0.738253021240234
20170308154839380,-1.90914688110352
20170308154839381,-2.04647598266602
20170308154839382,0.669588470458984
20170308154839383,-2.24484024047852
20170308154839384,-1.72604141235352
20170308154839385,0.616182708740234
20170308154839386,-2.37453994750977
20170308154839387,-1.53530654907227
20170308154839388,0.730623626708984
20170308154839389,-2.65682754516602
20170308154839390,-1.33694229125977
20170308154839391,0.722994232177734
20170308154839392,-2.84756240844727
20170308154839393,-1.14620742797852
20170308154839394,0.547518157958984
20170308154839395,-2.90859756469727
20170308154839396,-0.970731353759766
20170308154839397,0.501741790771484
20170308154839398,-2.93911514282227
20170308154839399,-0.726590728759766
20170308154839400,0.341524505615234
20170308154839401,-2.90096817016602
20170308154839402,-0.757108306884766
20170308154839403,0.349153900146484
20170308154839404,-3.00777969360352
20170308154839405,-0.558744049072266
20170308154839406,0.204195404052734
20170308154839407,-3.03066787719727
20170308154839408,-0.429044342041016
20170308154839409,0.227083587646484
20170308154839410,-2.97726211547852
20170308154839411,-0.0780921936035156
20170308154839412,-0.253568267822266
20170308154839413,-2.96200332641602
20170308154839414,0.0973838806152344
20170308154839415,-0.329862213134766
20170308154839416,-2.88570938110352
20170308154839417,0.0058311462402344
20170308154839418,-0.276456451416016
20170308154839419,-2.92385635375977
20170308154839420,0.196566009521484
20170308154839421,-0.276456451416016
20170308154839422,-2.85519180297852
20170308154839423,0.120272064208984
20170308154839424,-0.329862213134766
20170308154839425,-2.86282119750977
20170308154839426,-0.0475746154785156
20170308154839427,-0.337491607666016
20170308154839428,-2.89333877563477
20170308154839429,0.204195404052734
20170308154839430,-0.574002838134766
20170308154839431,-2.82467422485352
20170308154839432,0.188936614990234
20170308154839433,-0.543485260009766
20170308154839434,-2.89333877563477
20170308154839435,0.211824798583984
20170308154839436,-0.368009185791016
20170308154839437,-2.87045059204102
20170308154839438,0.478853607177734
20170308154839439,-0.512967681884766
20170308154839440,-2.85519180297852
20170308154839441,0.372042083740234
20170308154839442,-0.543485260009766
20170308154839443,-2.90096817016602
20170308154839444,0.692476654052734
20170308154839445,-0.802884674072266
20170308154839446,-2.80178604125977
20170308154839447,0.677217864990234
20170308154839448,-0.894437408447266
20170308154839449,-2.84756240844727
20170308154839450,0.745882415771484
20170308154839451,-0.871549224853516
20170308154839452,-2.86282119750977
20170308154839453,0.799288177490234
20170308154839454,-1.19198379516602
20170308154839455,-2.71786270141602
20170308154839456,1.00528182983398
20170308154839457,-1.24538955688477
20170308154839458,-2.74075088500977
20170308154839459,0.791658782958984
20170308154839460,-1.11568984985352
20170308154839461,-2.64156875610352
20170308154839462,0.837435150146484
20170308154839463,-1.23776016235352
20170308154839464,-2.61868057250977
20170308154839465,0.684847259521484
20170308154839466,-1.46664199829102
20170308154839467,-2.48898086547852
20170308154839468,0.845064544677734
20170308154839469,-1.55056533813477
20170308154839470,-2.58053359985352
20170308154839471,0.837435150146484
20170308154839472,-1.54293594360352
20170308154839473,-2.56527481079102
20170308154839474,0.806917572021484
20170308154839475,-1.62685928344727
20170308154839476,-2.50423965454102
20170308154839477,0.654329681396484
20170308154839478,-1.51241836547852
20170308154839479,-2.48898086547852
20170308154839480,0.707735443115234
20170308154839481,-1.74892959594727
20170308154839482,-2.42031631469727
20170308154839483,0.707735443115234
20170308154839484,-1.84048233032227
20170308154839485,-2.25246963500977
20170308154839486,0.791658782958984
20170308154839487,-1.99307022094727
20170308154839488,-2.13039932250977
20170308154839489,0.623812103271484
20170308154839490,-2.02358779907227
20170308154839491,-2.09988174438477
20170308154839492,0.623812103271484
20170308154839493,-2.08462295532227
20170308154839494,-2.04647598266602
20170308154839495,0.669588470458984
20170308154839496,-2.15328750610352
20170308154839497,-1.90151748657227
20170308154839498,0.654329681396484
20170308154839499,-2.26772842407227
20170308154839500,-1.87099990844727
20170308154839501,0.700106048583984
20170308154839502,-2.37453994750977
20170308154839503,-1.55056533813477
20170308154839504,0.608553314208984
20170308154839505,-2.52712783813477
20170308154839506,-1.49715957641602
20170308154839507,0.730623626708984
20170308154839508,-2.64156875610352
20170308154839509,-1.52767715454102
20170308154839510,0.623812103271484
20170308154839511,-2.56527481079102
20170308154839512,-1.52004776000977
20170308154839513,0.715364837646484
20170308154839514,-2.80178604125977
20170308154839515,-1.34457168579102
20170308154839516,0.425447845458984
20170308154839517,-2.93911514282227
20170308154839518,-1.20724258422852
20170308154839519,0.555147552490234
20170308154839520,-2.91622695922852
20170308154839521,-1.06991348266602
20170308154839522,0.600923919677734
20170308154839523,-2.90859756469727
20170308154839524,-1.11568984985352
20170308154839525,0.448336029052734
20170308154839526,-2.83230361938477
20170308154839527,-1.03176651000977
20170308154839528,0.486483001708984
20170308154839529,-2.93911514282227
20170308154839530,-0.818143463134766
20170308154839531,0.387300872802734
20170308154839532,-3.03066787719727
20170308154839533,-0.543485260009766
20170308154839534,0.234712982177734
20170308154839535,-3.06881484985352
20170308154839536,-0.276456451416016
20170308154839537,0.135530853271484
20170308154839538,-2.95437393188477
20170308154839539,-0.184903717041016
20170308154839540,-0.154386138916016
20170308154839541,-2.92385635375977
20170308154839542,0.112642669677734
20170308154839543,-0.413785552978516
20170308154839544,-2.96200332641602
20170308154839545,0.341524505615234
20170308154839546,-0.627408599853516
20170308154839547,-2.91622695922852
20170308154839548,0.425447845458984
20170308154839549,-0.749478912353516
20170308154839550,-2.87807998657227
20170308154839551,0.570406341552734
20170308154839552,-0.871549224853516
20170308154839553,-2.86282119750977
20170308154839554,0.761141204833984
20170308154839555,-0.741849517822266
20170308154839556,-2.79415664672852
20170308154839557,0.951876068115234
20170308154839558,-1.10043106079102
20170308154839559,-2.77889785766602
20170308154839560,0.906099700927734
20170308154839561,-1.12331924438477
20170308154839562,-2.64156875610352
20170308154839563,0.806917572021484
20170308154839564,-1.44375381469727
20170308154839565,-2.58053359985352
20170308154839566,0.913729095458984
20170308154839567,-1.55819473266602
20170308154839568,-2.53475723266602
20170308154839569,0.761141204833984
20170308154839570,-1.68026504516602
20170308154839571,-2.38979873657227
20170308154839572,0.822176361083984
20170308154839573,-1.87862930297852
20170308154839574,-2.17617568969727
20170308154839575,0.700106048583984
20170308154839576,-2.04647598266602
20170308154839577,-2.29824600219727
20170308154839578,0.639070892333984
20170308154839579,-2.03884658813477
20170308154839580,-2.06936416625977
20170308154839581,0.646700286865234
20170308154839582,-2.20669326782227
20170308154839583,-1.84811172485352
20170308154839584,0.890840911865234
20170308154839585,-2.19906387329102
20170308154839586,-1.89388809204102
20170308154839587,0.707735443115234
20170308154839588,-2.26772842407227
20170308154839589,-1.69552383422852
20170308154839590,0.700106048583984
20170308154839591,-2.24484024047852
20170308154839592,-1.82522354125977
20170308154839593,0.639070892333984
20170308154839594,-2.26772842407227
20170308154839595,-1.54293594360352
20170308154839596,0.593294525146484
20170308154839597,-2.52712783813477
20170308154839598,-1.55819473266602
20170308154839599,0.646700286865234
20170308154839600,-2.85519180297852
20170308154839601,-1.28353652954102
20170308154839602,0.562776947021484
20170308154839603,-2.72549209594727
20170308154839604,-1.35220108032227
20170308154839605,0.852693939208984
20170308154839606,-2.58053359985352
20170308154839607,-1.54293594360352
20170308154839608,0.555147552490234
20170308154839609,-2.45846328735352
20170308154839610,-1.48953018188477
20170308154839611,0.616182708740234
20170308154839612,-2.41268692016602
20170308154839613,-1.61922988891602
20170308154839614,0.593294525146484
20170308154839615,-2.48898086547852
20170308154839616,-1.59634170532227
20170308154839617,0.593294525146484
20170308154839618,-2.53475723266602
20170308154839619,-1.45138320922852
20170308154839620,0.570406341552734
20170308154839621,-2.58816299438477
20170308154839622,-1.39034805297852
20170308154839623,0.639070892333984
20170308154839624,-2.80178604125977
20170308154839625,-1.33694229125977
20170308154839626,0.562776947021484
20170308154839627,-3.00015029907227
20170308154839628,-1.16146621704102
20170308154839629,0.501741790771484
20170308154839630,-2.94674453735352
20170308154839631,-1.17672500610352
20170308154839632,0.562776947021484
20170308154839633,-3.00777969360352
20170308154839634,-1.05465469360352
20170308154839635,0.478853607177734
20170308154839636,-3.00015029907227
20170308154839637,-0.833402252197266
20170308154839638,0.379671478271484
20170308154839639,-2.96963272094727
20170308154839640,-0.833402252197266
20170308154839641,0.471224212646484
20170308154839642,-2.96200332641602
20170308154839643,-0.810514068603516
20170308154839644,0.341524505615234
20170308154839645,-2.99252090454102
20170308154839646,-0.833402252197266
20170308154839647,0.326265716552734
20170308154839648,-2.96963272094727
20170308154839649,-0.665555572509766
20170308154839650,0.204195404052734
20170308154839651,-2.97726211547852
20170308154839652,-0.520597076416016
20170308154839653,0.257601165771484
20170308154839654,-2.99252090454102
20170308154839655,-0.528226470947266
20170308154839656,0.135530853271484
20170308154839657,-2.99252090454102
20170308154839658,-0.528226470947266
20170308154839659,0.0516075134277344
20170308154839660,-3.03829727172852
20170308154839661,-0.368009185791016
20170308154839662,-0.0628334045410156
20170308154839663,-2.97726211547852
20170308154839664,-0.177274322509766
20170308154839665,-0.177274322509766
20170308154839666,-2.97726211547852
20170308154839667,0.0287193298339844
20170308154839668,-0.444303131103516
20170308154839669,-2.90096817016602
20170308154839670,0.318636322021484
20170308154839671,-0.528226470947266
20170308154839672,-2.82467422485352
20170308154839673,0.402559661865234
20170308154839674,-0.665555572509766
20170308154839675,-2.91622695922852
20170308154839676,0.669588470458984
20170308154839677,-0.924954986572266
20170308154839678,-2.86282119750977
20170308154839679,0.982393646240234
20170308154839680,-1.21487197875977
20170308154839681,-2.65682754516602
20170308154839682,0.829805755615234
20170308154839683,-1.51241836547852
20170308154839684,-2.52712783813477
20170308154839685,0.822176361083984
20170308154839686,-1.73367080688477
20170308154839687,-2.40505752563477
20170308154839688,0.707735443115234
20170308154839689,-1.72604141235352
20170308154839690,-2.22195205688477
20170308154839691,0.677217864990234
20170308154839692,-1.79470596313477
20170308154839693,-2.31350479125977
20170308154839694,0.867952728271484
20170308154839695,-1.74892959594727
20170308154839696,-2.25246963500977
20170308154839697,0.722994232177734
20170308154839698,-1.98544082641602
20170308154839699,-2.19143447875977
20170308154839700,0.730623626708984
20170308154839701,-1.96255264282227
20170308154839702,-2.10751113891602
20170308154839703,0.616182708740234
20170308154839704,-2.00832901000977
20170308154839705,-1.98544082641602
20170308154839706,0.631441497802734
20170308154839707,-2.16854629516602
20170308154839708,-1.94729385375977
20170308154839709,0.799288177490234
20170308154839710,-2.19906387329102
20170308154839711,-1.84811172485352
20170308154839712,0.761141204833984
20170308154839713,-2.53475723266602
20170308154839714,-1.54293594360352
20170308154839715,0.738253021240234
20170308154839716,-2.64156875610352
20170308154839717,-1.38271865844727
20170308154839718,0.585665130615234
20170308154839719,-2.81704483032227
20170308154839720,-1.19961318969727
20170308154839721,0.722994232177734
20170308154839722,-2.98489151000977
20170308154839723,-0.917325592041016
20170308154839724,0.509371185302734
20170308154839725,-2.98489151000977
20170308154839726,-0.894437408447266
20170308154839727,0.455965423583984
20170308154839728,-2.90859756469727
20170308154839729,-0.863919830322266
20170308154839730,0.448336029052734
20170308154839731,-2.93911514282227
20170308154839732,-0.818143463134766
20170308154839733,0.425447845458984
20170308154839734,-2.95437393188477
20170308154839735,-0.688443756103516
20170308154839736,0.562776947021484
20170308154839737,-2.94674453735352
20170308154839738,-0.635037994384766
20170308154839739,0.311006927490234
20170308154839740,-2.97726211547852
20170308154839741,-0.802884674072266
20170308154839742,0.555147552490234
20170308154839743,-3.00015029907227
20170308154839744,-0.787625885009766
20170308154839745,0.349153900146484
20170308154839746,-2.96963272094727
20170308154839747,-0.779996490478516
20170308154839748,0.280489349365234
20170308154839749,-3.03829727172852
20170308154839750,-0.779996490478516
20170308154839751,0.333895111083984
20170308154839752,-2.98489151000977
20170308154839753,-0.795255279541016
20170308154839754,0.394930267333984
20170308154839755,-2.90096817016602
20170308154839756,-0.673184967041016
20170308154839757,0.372042083740234
20170308154839758,-2.92385635375977
20170308154839759,-0.459561920166016
20170308154839760,0.280489349365234
20170308154839761,-2.96963272094727
20170308154839762,-0.528226470947266
20170308154839763,0.196566009521484
20170308154839764,-2.99252090454102
20170308154839765,-0.497708892822266
20170308154839766,0.219454193115234
20170308154839767,-2.93911514282227
20170308154839768,-0.467191314697266
20170308154839769,0.219454193115234
20170308154839770,-2.93911514282227
20170308154839771,-0.497708892822266
20170308154839772,0.0821250915527344
20170308154839773,-2.89333877563477
20170308154839774,-0.459561920166016
20170308154839775,0.112642669677734
20170308154839776,-2.95437393188477
20170308154839777,-0.444303131103516
20170308154839778,0.105013275146484
20170308154839779,-2.95437393188477
20170308154839780,-0.406156158447266
20170308154839781,-0.116239166259766
20170308154839782,-2.98489151000977
20170308154839783,-0.200162506103516
20170308154839784,-0.162015533447266
20170308154839785,-2.94674453735352
20170308154839786,0.173677825927734
20170308154839787,-0.352750396728516
20170308154839788,-2.87807998657227
20170308154839789,-0.0475746154785156
20170308154839790,-0.375638580322266
20170308154839791,-2.92385635375977
20170308154839792,-0.123868560791016
20170308154839793,-0.123868560791016
20170308154839794,-2.89333877563477
20170308154839795,-0.0857215881347656
20170308154839796,-0.352750396728516
20170308154839797,-2.90859756469727
20170308154839798,-0.100980377197266
20170308154839799,-0.200162506103516
20170308154839800,-2.97726211547852
20170308154839801,0.127901458740234
20170308154839802,-0.0780921936035156
20170308154839803,-2.94674453735352
20170308154839804,0.242342376708984
20170308154839805,-0.566373443603516
20170308154839806,-2.87045059204102
20170308154839807,0.448336029052734
20170308154839808,-0.741849517822266
20170308154839809,-2.95437393188477
20170308154839810,0.745882415771484
20170308154839811,-0.902066802978516
20170308154839812,-2.84756240844727
20170308154839813,0.867952728271484
20170308154839814,-0.955472564697266
20170308154839815,-2.82467422485352
20170308154839816,0.822176361083984
20170308154839817,-1.19961318969727
20170308154839818,-2.71023330688477
20170308154839819,0.715364837646484
20170308154839820,-1.30642471313477
20170308154839821,-2.56527481079102
20170308154839822,0.799288177490234
20170308154839823,-1.33694229125977
20170308154839824,-2.60342178344727
20170308154839825,0.913729095458984
20170308154839826,-1.64211807250977
20170308154839827,-2.38216934204102
20170308154839828,0.738253021240234
20170308154839829,-1.87099990844727
20170308154839830,-2.20669326782227
20170308154839831,0.616182708740234
20170308154839832,-1.87862930297852
20170308154839833,-2.18380508422852
20170308154839834,0.738253021240234
20170308154839835,-2.07699356079102
20170308154839836,-1.89388809204102
20170308154839837,0.776399993896484
20170308154839838,-2.33639297485352
20170308154839839,-1.69552383422852
20170308154839840,0.806917572021484
20170308154839841,-2.61868057250977
20170308154839842,-1.35983047485352
20170308154839843,0.738253021240234
20170308154839844,-2.77126846313477
20170308154839845,-1.23776016235352
20170308154839846,0.646700286865234
20170308154839847,-2.88570938110352
20170308154839848,-1.13094863891602
20170308154839849,0.677217864990234
20170308154839850,-3.02303848266602
20170308154839851,-0.764737701416016
20170308154839852,0.394930267333984
20170308154839853,-2.91622695922852
20170308154839854,-0.551114654541016
20170308154839855,0.341524505615234
20170308154839856,-2.92385635375977
20170308154839857,-0.474820709228516
20170308154839858,0.272859954833984
20170308154839859,-2.96963272094727
20170308154839860,-0.352750396728516
20170308154839861,-0.0170570373535156
20170308154839862,-2.85519180297852
20170308154839863,-0.299344635009766
20170308154839864,-0.100980377197266
20170308154839865,-2.97726211547852
20170308154839866,-0.169644927978516
20170308154839867,-0.154386138916016
20170308154839868,-2.91622695922852
20170308154839869,0.105013275146484
20170308154839870,-0.284085845947266
20170308154839871,-2.94674453735352
20170308154839872,0.0439781188964844
20170308154839873,-0.276456451416016
20170308154839874,-2.87807998657227
20170308154839875,0.105013275146484
20170308154839876,-0.444303131103516
20170308154839877,-2.89333877563477
20170308154839878,0.188936614990234
20170308154839879,-0.406156158447266
20170308154839880,-2.85519180297852
20170308154839881,0.280489349365234
20170308154839882,-0.528226470947266
20170308154839883,-2.83230361938477
20170308154839884,0.242342376708984
20170308154839885,-0.299344635009766
20170308154839886,-2.73312149047852
20170308154839887,0.311006927490234
20170308154839888,-0.612149810791016
20170308154839889,-2.74075088500977
20170308154839890,0.661959075927734
20170308154839891,-0.657926177978516
20170308154839892,-2.82467422485352
20170308154839893,0.806917572021484
20170308154839894,-0.955472564697266
20170308154839895,-2.83230361938477
20170308154839896,0.631441497802734
20170308154839897,-0.963101959228516
20170308154839898,-2.87045059204102
20170308154839899,0.654329681396484
20170308154839900,-0.749478912353516
20170308154839901,-2.83993301391602
20170308154839902,0.517000579833984
20170308154839903,-0.879178619384766
20170308154839904,-2.85519180297852
20170308154839905,0.570406341552734
20170308154839906,-0.940213775634766
20170308154839907,-2.80941543579102
20170308154839908,0.661959075927734
20170308154839909,-0.955472564697266
20170308154839910,-2.83230361938477
20170308154839911,0.700106048583984
20170308154839912,-0.978360748291016
20170308154839913,-2.78652725219727
20170308154839914,0.692476654052734
20170308154839915,-1.00124893188477
20170308154839916,-2.78652725219727
20170308154839917,0.646700286865234
20170308154839918,-0.779996490478516
20170308154839919,-2.74838027954102
20170308154839920,0.555147552490234
20170308154839921,-0.902066802978516
20170308154839922,-2.81704483032227
20170308154839923,0.700106048583984
20170308154839924,-0.985990142822266
20170308154839925,-2.70260391235352
20170308154839926,0.631441497802734
20170308154839927,-0.932584381103516
20170308154839928,-2.81704483032227
20170308154839929,0.692476654052734
20170308154839930,-0.779996490478516
20170308154839931,-2.69497451782227
20170308154839932,0.753511810302734
20170308154839933,-0.963101959228516
20170308154839934,-2.79415664672852
20170308154839935,0.745882415771484
20170308154839936,-1.01650772094727
20170308154839937,-2.79415664672852
20170308154839938,0.555147552490234
20170308154839939,-0.810514068603516
20170308154839940,-2.77889785766602
20170308154839941,0.326265716552734
20170308154839942,-0.581632232666016
20170308154839943,-2.80941543579102
20170308154839944,0.295748138427734
20170308154839945,-0.390897369384766
20170308154839946,-2.77889785766602
20170308154839947,0.257601165771484
20170308154839948,-0.574002838134766
20170308154839949,-2.88570938110352
20170308154839950,0.249971771240234
20170308154839951,-0.589261627197266
20170308154839952,-2.84756240844727
20170308154839953,0.517000579833984
20170308154839954,-0.535855865478516
20170308154839955,-2.84756240844727
20170308154839956,0.394930267333984
20170308154839957,-0.711331939697266
20170308154839958,-2.81704483032227
20170308154839959,0.532259368896484
20170308154839960,-0.879178619384766
20170308154839961,-2.80178604125977
20170308154839962,0.707735443115234
20170308154839963,-0.924954986572266
20170308154839964,-2.78652725219727
20170308154839965,0.814546966552734
20170308154839966,-1.10043106079102
20170308154839967,-2.76363906860352
20170308154839968,0.883211517333984
20170308154839969,-0.947843170166016
20170308154839970,-2.71023330688477
20170308154839971,0.837435150146484
20170308154839972,-1.21487197875977
20170308154839973,-2.58816299438477
20170308154839974,0.814546966552734
20170308154839975,-1.26827774047852
20170308154839976,-2.61105117797852
20170308154839977,0.814546966552734
20170308154839978,-1.58108291625977
20170308154839979,-2.48898086547852
20170308154839980,0.784029388427734
20170308154839981,-1.59634170532227
20170308154839982,-2.38979873657227
20170308154839983,0.738253021240234
20170308154839984,-1.77181777954102
20170308154839985,-2.22958145141602
20170308154839986,0.722994232177734
20170308154839987,-2.06173477172852
20170308154839988,-1.94729385375977
20170308154839989,0.928987884521484
20170308154839990,-2.24484024047852
20170308154839991,-1.48190078735352
20170308154839992,0.692476654052734
20170308154839993,-2.49661026000977
20170308154839994,-1.45138320922852
20170308154839995,0.738253021240234
20170308154839996,-2.80941543579102
20170308154839997,-1.23013076782227
20170308154839998,0.654329681396484
20170308154839999,-2.85519180297852
20170308154840000,-1.24538955688477
20170308154840001,0.524629974365234
20170308154840002,-2.73312149047852
20170308154840003,-1.25301895141602
20170308154840004,0.646700286865234
20170308154840005,-2.78652725219727
20170308154840006,-1.08517227172852
20170308154840007,0.524629974365234
20170308154840008,-2.93148574829102
20170308154840009,-0.924954986572266
20170308154840010,0.425447845458984
20170308154840011,-2.97726211547852
20170308154840012,-0.703702545166016
20170308154840013,0.440706634521484
20170308154840014,-2.93148574829102
20170308154840015,-0.589261627197266
20170308154840016,0.257601165771484
20170308154840017,-2.93148574829102
20170308154840018,-0.535855865478516
20170308154840019,0.181307220458984
20170308154840020,-3.01540908813477
20170308154840021,-0.390897369384766
20170308154840022,0.0210899353027344
20170308154840023,-2.99252090454102
20170308154840024,-0.406156158447266
20170308154840025,0.0516075134277344
20170308154840026,-2.92385635375977
20170308154840027,-0.329862213134766
20170308154840028,0.0439781188964844
20170308154840029,-2.90096817016602
20170308154840030,-0.406156158447266
20170308154840031,-0.0246864318847656
20170308154840032,-3.02303848266602
20170308154840033,-0.0017982482910156
20170308154840034,-0.253568267822266
20170308154840035,-2.98489151000977
20170308154840036,-0.398526763916016
20170308154840037,0.112642669677734
20170308154840038,-2.94674453735352
20170308154840039,-0.299344635009766
20170308154840040,-0.0323158264160156
20170308154840041,-2.87045059204102
20170308154840042,-0.368009185791016
20170308154840043,0.0287193298339844
20170308154840044,-2.88570938110352
20170308154840045,-0.512967681884766
20170308154840046,0.158419036865234
20170308154840047,-2.93911514282227
20170308154840048,-0.314603424072266
20170308154840049,0.0210899353027344
20170308154840050,-2.86282119750977
20170308154840051,-0.291715240478516
20170308154840052,0.288118743896484
20170308154840053,-2.86282119750977
20170308154840054,-0.306974029541016
20170308154840055,-0.0246864318847656
20170308154840056,-2.82467422485352
20170308154840057,0.0668663024902344
20170308154840058,-0.276456451416016
20170308154840059,-2.90096817016602
20170308154840060,-0.0094276428222656
20170308154840061,-0.230680084228516
20170308154840062,-2.88570938110352
20170308154840063,-0.139127349853516
20170308154840064,-0.223050689697266
20170308154840065,-2.97726211547852
20170308154840066,0.242342376708984
20170308154840067,-0.390897369384766
20170308154840068,-2.89333877563477
20170308154840069,0.326265716552734
20170308154840070,-0.505338287353516
20170308154840071,-2.78652725219727
20170308154840072,0.219454193115234
20170308154840073,-0.490079498291016
20170308154840074,-2.82467422485352
20170308154840075,0.303377532958984
20170308154840076,-0.429044342041016
20170308154840077,-2.85519180297852
20170308154840078,0.372042083740234
20170308154840079,-0.734220123291016
20170308154840080,-2.83230361938477
20170308154840081,0.433077239990234
20170308154840082,-0.688443756103516
20170308154840083,-2.82467422485352
20170308154840084,0.402559661865234
20170308154840085,-0.596891021728516
20170308154840086,-2.86282119750977
20170308154840087,0.600923919677734
20170308154840088,-0.856290435791016
20170308154840089,-2.70260391235352
20170308154840090,1.01291122436523
20170308154840091,-1.07754287719727
20170308154840092,-2.63393936157227
20170308154840093,0.906099700927734
20170308154840094,-1.26064834594727
20170308154840095,-2.61868057250977
20170308154840096,0.875582122802734
20170308154840097,-1.48190078735352
20170308154840098,-2.54238662719727
20170308154840099,0.761141204833984
20170308154840100,-1.71078262329102
20170308154840101,-2.39742813110352
20170308154840102,0.654329681396484
20170308154840103,-1.61160049438477
20170308154840104,-2.36691055297852
20170308154840105,0.875582122802734
20170308154840106,-1.85574111938477
20170308154840107,-1.96255264282227
20170308154840108,0.738253021240234
20170308154840109,-2.22958145141602
20170308154840110,-1.79470596313477
20170308154840111,0.890840911865234
20170308154840112,-2.46609268188477
20170308154840113,-1.59634170532227
20170308154840114,0.692476654052734
20170308154840115,-2.62630996704102
20170308154840116,-1.45901260375977
20170308154840117,0.753511810302734
20170308154840118,-2.63393936157227
20170308154840119,-1.35220108032227
20170308154840120,0.661959075927734
20170308154840121,-2.97726211547852
20170308154840122,-0.848661041259766
20170308154840123,0.623812103271484
20170308154840124,-2.91622695922852
20170308154840125,-0.726590728759766
20170308154840126,0.379671478271484
20170308154840127,-2.96200332641602
20170308154840128,-0.657926177978516
20170308154840129,0.318636322021484
20170308154840130,-2.98489151000977
20170308154840131,-0.619779205322266
20170308154840132,0.356783294677734
20170308154840133,-2.90859756469727
20170308154840134,-0.528226470947266
20170308154840135,0.318636322021484
20170308154840136,-2.80941543579102
20170308154840137,-0.238309478759766
20170308154840138,0.143160247802734
20170308154840139,-2.83230361938477
20170308154840140,-0.360379791259766
20170308154840141,-0.0246864318847656
20170308154840142,-2.97726211547852
20170308154840143,-0.0628334045410156
20170308154840144,-0.169644927978516
20170308154840145,-2.86282119750977
20170308154840146,-0.0170570373535156
20170308154840147,-0.245938873291016
20170308154840148,-2.93148574829102
20170308154840149,-0.131497955322266
20170308154840150,-0.276456451416016
20170308154840151,-2.91622695922852
20170308154840152,0.112642669677734
20170308154840153,-0.528226470947266
20170308154840154,-2.88570938110352
20170308154840155,0.326265716552734
20170308154840156,-0.589261627197266
20170308154840157,-2.95437393188477
20170308154840158,0.570406341552734
20170308154840159,-0.650296783447266
20170308154840160,-2.83230361938477
20170308154840161,0.738253021240234
20170308154840162,-0.734220123291016
20170308154840163,-2.80178604125977
20170308154840164,0.593294525146484
20170308154840165,-0.917325592041016
20170308154840166,-2.79415664672852
20170308154840167,0.799288177490234
20170308154840168,-1.03176651000977
20170308154840169,-2.74838027954102
20170308154840170,0.669588470458984
20170308154840171,-0.871549224853516
20170308154840172,-2.69497451782227
20170308154840173,0.761141204833984
20170308154840174,-1.14620742797852
20170308154840175,-2.64919815063477
20170308154840176,0.768770599365234
20170308154840177,-1.09280166625977
20170308154840178,-2.75600967407227
20170308154840179,0.822176361083984
20170308154840180,-1.10043106079102
20170308154840181,-2.76363906860352
20170308154840182,0.845064544677734
20170308154840183,-1.10043106079102
20170308154840184,-2.75600967407227
20170308154840185,0.799288177490234
20170308154840186,-1.06991348266602
20170308154840187,-2.77126846313477
20170308154840188,0.669588470458984
20170308154840189,-1.10043106079102
20170308154840190,-2.79415664672852
20170308154840191,0.700106048583984
20170308154840192,-0.985990142822266
20170308154840193,-2.79415664672852
20170308154840194,0.799288177490234
20170308154840195,-0.886808013916016
20170308154840196,-2.66445693969727
20170308154840197,0.928987884521484
20170308154840198,-1.21487197875977
20170308154840199,-2.73312149047852
20170308154840200,0.928987884521484
20170308154840201,-1.13094863891602
20170308154840202,-2.72549209594727
20170308154840203,0.860323333740234
20170308154840204,-1.21487197875977
20170308154840205,-2.64919815063477
20170308154840206,0.928987884521484
20170308154840207,-0.963101959228516
20170308154840208,-2.55001602172852
20170308154840209,0.784029388427734
20170308154840210,-1.17672500610352
20170308154840211,-2.68734512329102
20170308154840212,0.867952728271484
20170308154840213,-1.32168350219727
20170308154840214,-2.56527481079102
20170308154840215,0.852693939208984
20170308154840216,-1.58871231079102
20170308154840217,-2.22958145141602
20170308154840218,0.845064544677734
20170308154840219,-1.94729385375977
20170308154840220,-2.12276992797852
20170308154840221,0.761141204833984
20170308154840222,-1.94729385375977
20170308154840223,-2.09988174438477
20170308154840224,0.730623626708984
20170308154840225,-1.96255264282227
20170308154840226,-2.11514053344727
20170308154840227,0.745882415771484
20170308154840228,-2.03121719360352
20170308154840229,-1.89388809204102
20170308154840230,0.745882415771484
20170308154840231,-2.15328750610352
20170308154840232,-2.00069961547852
20170308154840233,0.745882415771484
20170308154840234,-2.26009902954102
20170308154840235,-1.94729385375977
20170308154840236,0.852693939208984
20170308154840237,-2.22195205688477
20170308154840238,-1.97781143188477
20170308154840239,0.684847259521484
20170308154840240,-2.07699356079102
20170308154840241,-1.89388809204102
20170308154840242,0.616182708740234
20170308154840243,-2.29061660766602
20170308154840244,-1.71841201782227
20170308154840245,0.677217864990234
20170308154840246,-2.39742813110352
20170308154840247,-1.52767715454102
20170308154840248,0.639070892333984
20170308154840249,-2.60342178344727
20170308154840250,-1.42849502563477
20170308154840251,0.639070892333984
20170308154840252,-2.61868057250977
20170308154840253,-1.29879531860352
20170308154840254,0.616182708740234
20170308154840255,-2.83993301391602
20170308154840256,-1.16909561157227
20170308154840257,0.669588470458984
20170308154840258,-2.95437393188477
20170308154840259,-1.03176651000977
20170308154840260,0.524629974365234
20170308154840261,-2.91622695922852
20170308154840262,-0.726590728759766
20170308154840263,0.433077239990234
20170308154840264,-2.88570938110352
20170308154840265,-0.680814361572266
20170308154840266,0.364412689208984
20170308154840267,-3.03829727172852
20170308154840268,-0.368009185791016
20170308154840269,-0.0017982482910156
20170308154840270,-2.94674453735352
20170308154840271,0.0210899353027344
20170308154840272,-0.268827056884766
20170308154840273,-2.92385635375977
20170308154840274,0.0897544860839844
20170308154840275,-0.329862213134766
20170308154840276,-2.90859756469727
20170308154840277,0.471224212646484
20170308154840278,-0.482450103759766
20170308154840279,-2.82467422485352
20170308154840280,0.562776947021484
20170308154840281,-0.802884674072266
20170308154840282,-2.78652725219727
20170308154840283,0.593294525146484
20170308154840284,-0.856290435791016
20170308154840285,-2.92385635375977
20170308154840286,0.684847259521484
20170308154840287,-0.970731353759766
20170308154840288,-2.77126846313477
20170308154840289,0.875582122802734
20170308154840290,-1.02413711547852
20170308154840291,-2.88570938110352
20170308154840292,0.722994232177734
20170308154840293,-0.940213775634766
20170308154840294,-2.75600967407227
20170308154840295,0.623812103271484
20170308154840296,-1.05465469360352
20170308154840297,-2.79415664672852
20170308154840298,0.730623626708984
20170308154840299,-1.18435440063477
20170308154840300,-2.62630996704102
20170308154840301,0.852693939208984
20170308154840302,-1.47427139282227
20170308154840303,-2.48135147094727
20170308154840304,0.913729095458984
20170308154840305,-1.67263565063477
20170308154840306,-2.32876358032227
20170308154840307,0.806917572021484
20170308154840308,-1.71841201782227
20170308154840309,-2.32876358032227
20170308154840310,0.845064544677734
20170308154840311,-1.74892959594727
20170308154840312,-2.31350479125977
20170308154840313,0.806917572021484
20170308154840314,-2.05410537719727
20170308154840315,-2.18380508422852
20170308154840316,0.623812103271484
20170308154840317,-1.98544082641602
20170308154840318,-2.21432266235352
20170308154840319,0.639070892333984
20170308154840320,-1.93203506469727
20170308154840321,-2.13039932250977
20170308154840322,0.761141204833984
20170308154840323,-2.04647598266602
20170308154840324,-2.05410537719727
20170308154840325,0.631441497802734
20170308154840326,-1.87862930297852
20170308154840327,-2.15328750610352
20170308154840328,0.753511810302734
20170308154840329,-2.02358779907227
20170308154840330,-2.06936416625977
20170308154840331,0.677217864990234
20170308154840332,-2.16854629516602
20170308154840333,-2.01595840454102
20170308154840334,0.631441497802734
20170308154840335,-2.13802871704102
20170308154840336,-2.02358779907227
20170308154840337,0.700106048583984
20170308154840338,-2.28298721313477
20170308154840339,-1.89388809204102
20170308154840340,0.700106048583984
20170308154840341,-2.25246963500977
20170308154840342,-2.00069961547852
20170308154840343,0.692476654052734
20170308154840344,-2.22958145141602
20170308154840345,-1.93966445922852
20170308154840346,0.738253021240234
20170308154840347,-2.19143447875977
20170308154840348,-1.93203506469727
20170308154840349,0.738253021240234
20170308154840350,-2.26772842407227
20170308154840351,-1.84048233032227
20170308154840352,0.661959075927734
20170308154840353,-2.26772842407227
20170308154840354,-1.75655899047852
20170308154840355,0.883211517333984
20170308154840356,-2.18380508422852
20170308154840357,-1.64974746704102
20170308154840358,0.715364837646484
20170308154840359,-2.22958145141602
20170308154840360,-1.76418838500977
20170308154840361,0.677217864990234
20170308154840362,-2.19906387329102
20170308154840363,-1.88625869750977
20170308154840364,0.639070892333984
20170308154840365,-2.35165176391602
20170308154840366,-1.64211807250977
20170308154840367,0.715364837646484
20170308154840368,-2.45083389282227
20170308154840369,-1.51241836547852
20170308154840370,0.616182708740234
20170308154840371,-2.70260391235352
20170308154840372,-1.43612442016602
20170308154840373,0.631441497802734
20170308154840374,-2.77126846313477
20170308154840375,-1.30642471313477
20170308154840376,0.478853607177734
20170308154840377,-2.71023330688477
20170308154840378,-1.42849502563477
20170308154840379,0.593294525146484
20170308154840380,-2.58053359985352
20170308154840381,-1.32931289672852
20170308154840382,0.608553314208984
20170308154840383,-2.61105117797852
20170308154840384,-1.43612442016602
20170308154840385,0.631441497802734
20170308154840386,-2.64919815063477
20170308154840387,-1.38271865844727
20170308154840388,0.631441497802734
20170308154840389,-2.71786270141602
20170308154840390,-1.22250137329102
20170308154840391,0.600923919677734
20170308154840392,-2.71786270141602
20170308154840393,-1.35220108032227
20170308154840394,0.829805755615234
20170308154840395,-2.69497451782227
20170308154840396,-1.35983047485352
20170308154840397,0.616182708740234
20170308154840398,-2.76363906860352
20170308154840399,-1.33694229125977
20170308154840400,0.539888763427734
20170308154840401,-2.78652725219727
20170308154840402,-1.26827774047852
20170308154840403,0.570406341552734
20170308154840404,-2.70260391235352
20170308154840405,-1.27590713500977
20170308154840406,0.639070892333984
20170308154840407,-2.82467422485352
20170308154840408,-1.15383682250977
20170308154840409,0.539888763427734
20170308154840410,-2.94674453735352
20170308154840411,-1.10043106079102
20170308154840412,0.501741790771484
20170308154840413,-3.01540908813477
20170308154840414,-0.871549224853516
20170308154840415,0.425447845458984
20170308154840416,-3.08407363891602
20170308154840417,-0.642667388916016
20170308154840418,0.311006927490234
20170308154840419,-2.96963272094727
20170308154840420,-0.322232818603516
20170308154840421,0.211824798583984
20170308154840422,-2.87045059204102
20170308154840423,-0.276456451416016
20170308154840424,-0.0323158264160156
20170308154840425,-2.90859756469727
20170308154840426,-0.0017982482910156
20170308154840427,-0.0704627990722656
20170308154840428,-2.83993301391602
20170308154840429,0.356783294677734
20170308154840430,-0.612149810791016
20170308154840431,-2.85519180297852
20170308154840432,0.562776947021484
20170308154840433,-0.863919830322266
20170308154840434,-2.91622695922852
20170308154840435,0.616182708740234
20170308154840436,-0.932584381103516
20170308154840437,-2.84756240844727
20170308154840438,0.730623626708984
20170308154840439,-1.11568984985352
20170308154840440,-2.66445693969727
20170308154840441,0.837435150146484
20170308154840442,-1.19961318969727
20170308154840443,-2.67971572875977
20170308154840444,0.799288177490234
20170308154840445,-1.45901260375977
20170308154840446,-2.66445693969727
20170308154840447,0.753511810302734
20170308154840448,-1.49715957641602
20170308154840449,-2.55764541625977
20170308154840450,0.700106048583984
20170308154840451,-1.53530654907227
20170308154840452,-2.56527481079102
20170308154840453,0.776399993896484
20170308154840454,-1.70315322875977
20170308154840455,-2.36691055297852
20170308154840456,0.616182708740234
20170308154840457,-1.78707656860352
20170308154840458,-2.17617568969727
20170308154840459,0.730623626708984
20170308154840460,-2.01595840454102
20170308154840461,-1.98544082641602
20170308154840462,0.692476654052734
20170308154840463,-2.12276992797852
20170308154840464,-2.01595840454102
20170308154840465,0.898470306396484
20170308154840466,-2.17617568969727
20170308154840467,-1.95492324829102
20170308154840468,0.883211517333984
20170308154840469,-2.15328750610352
20170308154840470,-1.87099990844727
20170308154840471,0.677217864990234
20170308154840472,-2.29061660766602
20170308154840473,-1.58871231079102
20170308154840474,0.898470306396484
20170308154840475,-2.32876358032227
20170308154840476,-1.52767715454102
20170308154840477,0.761141204833984
20170308154840478,-2.45846328735352
20170308154840479,-1.48953018188477
20170308154840480,0.608553314208984
20170308154840481,-2.33639297485352
20170308154840482,-1.64974746704102
20170308154840483,0.753511810302734
20170308154840484,-2.47372207641602
20170308154840485,-1.57345352172852
20170308154840486,0.631441497802734
20170308154840487,-2.51186904907227
20170308154840488,-1.38271865844727
20170308154840489,0.715364837646484
20170308154840490,-2.71786270141602
20170308154840491,-1.39797744750977
20170308154840492,0.578035736083984
20170308154840493,-2.60342178344727
20170308154840494,-1.40560684204102
20170308154840495,0.616182708740234
20170308154840496,-2.55764541625977
20170308154840497,-1.47427139282227
20170308154840498,0.669588470458984
20170308154840499,-2.63393936157227
20170308154840500,-1.42086563110352
20170308154840501,0.700106048583984
20170308154840502,-2.68734512329102
20170308154840503,-1.34457168579102
20170308154840504,0.623812103271484
20170308154840505,-2.70260391235352
20170308154840506,-1.45138320922852
20170308154840507,0.539888763427734
20170308154840508,-2.45083389282227
20170308154840509,-1.49715957641602
20170308154840510,0.684847259521484
20170308154840511,-2.50423965454102
20170308154840512,-1.43612442016602
20170308154840513,0.692476654052734
20170308154840514,-2.70260391235352
20170308154840515,-1.29879531860352
20170308154840516,0.608553314208984
20170308154840517,-2.74075088500977
20170308154840518,-1.24538955688477
20170308154840519,0.730623626708984
20170308154840520,-2.85519180297852
20170308154840521,-1.22250137329102
20170308154840522,0.570406341552734
20170308154840523,-2.83993301391602
20170308154840524,-1.16146621704102
20170308154840525,0.547518157958984
20170308154840526,-2.87045059204102
20170308154840527,-1.05465469360352
20170308154840528,0.570406341552734
20170308154840529,-2.99252090454102
20170308154840530,-0.902066802978516
20170308154840531,0.318636322021484
20170308154840532,-2.94674453735352
20170308154840533,-0.970731353759766
20170308154840534,0.578035736083984
20170308154840535,-2.96963272094727
20170308154840536,-0.947843170166016
20170308154840537,0.417818450927734
20170308154840538,-2.92385635375977
20170308154840539,-0.871549224853516
20170308154840540,0.463594818115234
20170308154840541,-3.00015029907227
20170308154840542,-0.833402252197266
20170308154840543,0.532259368896484
20170308154840544,-2.93148574829102
20170308154840545,-0.787625885009766
20170308154840546,0.333895111083984
20170308154840547,-3.03066787719727
20170308154840548,-0.711331939697266
20170308154840549,0.364412689208984
20170308154840550,-2.90859756469727
20170308154840551,-0.574002838134766
20170308154840552,0.257601165771484
20170308154840553,-2.88570938110352
20170308154840554,-0.467191314697266
20170308154840555,0.0897544860839844
20170308154840556,-2.93148574829102
20170308154840557,-0.146756744384766
20170308154840558,-0.0552040100097656
20170308154840559,-2.93148574829102
20170308154840560,0.0744956970214844
20170308154840561,-0.368009185791016
20170308154840562,-2.87807998657227
20170308154840563,0.318636322021484
20170308154840564,-0.627408599853516
20170308154840565,-2.92385635375977
20170308154840566,0.715364837646484
20170308154840567,-0.902066802978516
20170308154840568,-2.86282119750977
20170308154840569,0.814546966552734
20170308154840570,-1.09280166625977
20170308154840571,-2.68734512329102
20170308154840572,0.967134857177734
20170308154840573,-1.55056533813477
20170308154840574,-2.46609268188477
20170308154840575,0.852693939208984
20170308154840576,-1.68789443969727
20170308154840577,-2.34402236938477
20170308154840578,0.791658782958984
20170308154840579,-1.94729385375977
20170308154840580,-2.06936416625977
20170308154840581,0.684847259521484
20170308154840582,-2.03884658813477
20170308154840583,-2.11514053344727
20170308154840584,0.745882415771484
20170308154840585,-2.24484024047852
20170308154840586,-1.88625869750977
20170308154840587,0.753511810302734
20170308154840588,-2.28298721313477
20170308154840589,-1.75655899047852
20170308154840590,0.768770599365234
20170308154840591,-2.65682754516602
20170308154840592,-1.35220108032227
20170308154840593,0.738253021240234
20170308154840594,-2.79415664672852
20170308154840595,-1.29879531860352
20170308154840596,0.707735443115234
20170308154840597,-2.87045059204102
20170308154840598,-1.29116592407227
20170308154840599,0.562776947021484
20170308154840600,-2.87045059204102
20170308154840601,-1.22250137329102
20170308154840602,0.578035736083984
20170308154840603,-2.93148574829102
20170308154840604,-1.09280166625977
20170308154840605,0.509371185302734
20170308154840606,-2.82467422485352
20170308154840607,-1.02413711547852
20170308154840608,0.623812103271484
20170308154840609,-2.93911514282227
20170308154840610,-0.993619537353516
20170308154840611,0.471224212646484
20170308154840612,-3.00777969360352
20170308154840613,-0.642667388916016
20170308154840614,0.494112396240234
20170308154840615,-3.02303848266602
20170308154840616,-0.581632232666016
20170308154840617,0.394930267333984
20170308154840618,-2.90859756469727
20170308154840619,-0.650296783447266
20170308154840620,0.257601165771484
20170308154840621,-2.90096817016602
20170308154840622,-0.703702545166016
20170308154840623,0.486483001708984
20170308154840624,-2.90859756469727
20170308154840625,-0.718961334228516
20170308154840626,0.295748138427734
20170308154840627,-3.01540908813477
20170308154840628,-0.665555572509766
20170308154840629,0.249971771240234
20170308154840630,-2.90859756469727
20170308154840631,-0.757108306884766
20170308154840632,0.425447845458984
20170308154840633,-3.00777969360352
20170308154840634,-0.627408599853516
20170308154840635,0.524629974365234
20170308154840636,-2.82467422485352
20170308154840637,-0.711331939697266
20170308154840638,0.448336029052734
20170308154840639,-2.87045059204102
20170308154840640,-0.604520416259766
20170308154840641,0.158419036865234
20170308154840642,-3.03066787719727
20170308154840643,-0.345121002197266
20170308154840644,-0.0170570373535156
20170308154840645,-2.91622695922852
20170308154840646,-0.329862213134766
20170308154840647,-0.0399452209472656
20170308154840648,-2.94674453735352
20170308154840649,-0.169644927978516
20170308154840650,0.0210899353027344
20170308154840651,-2.90859756469727
20170308154840652,-0.276456451416016
20170308154840653,-0.192533111572266
20170308154840654,-2.93911514282227
20170308154840655,0.211824798583984
20170308154840656,-0.497708892822266
20170308154840657,-2.83993301391602
20170308154840658,0.379671478271484
20170308154840659,-0.574002838134766
20170308154840660,-2.87045059204102
20170308154840661,0.112642669677734
20170308154840662,-0.451932525634766
20170308154840663,-2.96200332641602
20170308154840664,0.326265716552734
20170308154840665,-0.772367095947266
20170308154840666,-2.87807998657227
20170308154840667,0.585665130615234
20170308154840668,-0.779996490478516
20170308154840669,-2.90096817016602
20170308154840670,0.494112396240234
20170308154840671,-0.879178619384766
20170308154840672,-2.87807998657227
20170308154840673,0.745882415771484
20170308154840674,-1.03176651000977
20170308154840675,-2.78652725219727
20170308154840676,0.608553314208984
20170308154840677,-1.05465469360352
20170308154840678,-2.92385635375977
20170308154840679,0.722994232177734
20170308154840680,-1.09280166625977
20170308154840681,-2.76363906860352
20170308154840682,0.791658782958984
20170308154840683,-1.22250137329102
20170308154840684,-2.69497451782227
20170308154840685,0.913729095458984
20170308154840686,-1.24538955688477
20170308154840687,-2.48898086547852
20170308154840688,0.654329681396484
20170308154840689,-1.53530654907227
20170308154840690,-2.48898086547852
20170308154840691,0.867952728271484
20170308154840692,-1.84048233032227
20170308154840693,-2.21432266235352
20170308154840694,0.745882415771484
20170308154840695,-1.97781143188477
20170308154840696,-2.09225234985352
20170308154840697,0.722994232177734
20170308154840698,-2.25246963500977
20170308154840699,-1.87862930297852
20170308154840700,0.692476654052734
20170308154840701,-2.43557510375977
20170308154840702,-1.56582412719727
20170308154840703,0.837435150146484
20170308154840704,-2.51186904907227
20170308154840705,-1.47427139282227
20170308154840706,0.738253021240234
20170308154840707,-2.77889785766602
20170308154840708,-1.28353652954102
20170308154840709,0.646700286865234
20170308154840710,-2.90096817016602
20170308154840711,-1.09280166625977
20170308154840712,0.562776947021484
20170308154840713,-2.99252090454102
20170308154840714,-0.879178619384766
20170308154840715,0.433077239990234
20170308154840716,-3.03829727172852
20170308154840717,-0.665555572509766
20170308154840718,0.280489349365234
20170308154840719,-3.01540908813477
20170308154840720,-0.322232818603516
20170308154840721,-0.223050689697266
20170308154840722,-3.00015029907227
20170308154840723,0.127901458740234
20170308154840724,-0.215421295166016
20170308154840725,-2.85519180297852
20170308154840726,0.272859954833984
20170308154840727,-0.596891021728516
20170308154840728,-2.91622695922852
20170308154840729,0.501741790771484
20170308154840730,-0.795255279541016
20170308154840731,-2.81704483032227
20170308154840732,0.623812103271484
20170308154840733,-0.940213775634766
20170308154840734,-2.87807998657227
20170308154840735,0.623812103271484
20170308154840736,-0.917325592041016
20170308154840737,-2.76363906860352
20170308154840738,0.547518157958984
20170308154840739,-0.909696197509766
20170308154840740,-2.77889785766602
20170308154840741,0.616182708740234
20170308154840742,-0.894437408447266
20170308154840743,-2.83993301391602
20170308154840744,0.852693939208984
20170308154840745,-1.22250137329102
20170308154840746,-2.66445693969727
20170308154840747,0.890840911865234
20170308154840748,-1.65737686157227
20170308154840749,-2.39742813110352
20170308154840750,0.951876068115234
20170308154840751,-1.80233535766602
20170308154840752,-2.30587539672852
20170308154840753,0.814546966552734
20170308154840754,-1.97018203735352
20170308154840755,-2.00069961547852
20170308154840756,0.707735443115234
20170308154840757,-2.06173477172852
20170308154840758,-2.11514053344727
20170308154840759,0.715364837646484
20170308154840760,-2.30587539672852
20170308154840761,-1.83285293579102
20170308154840762,0.700106048583984
20170308154840763,-2.33639297485352
20170308154840764,-1.65737686157227
20170308154840765,0.806917572021484
20170308154840766,-2.42031631469727
20170308154840767,-1.80233535766602
20170308154840768,0.791658782958984
20170308154840769,-2.25246963500977
20170308154840770,-1.74892959594727
20170308154840771,0.799288177490234
20170308154840772,-2.16854629516602
20170308154840773,-1.80233535766602
20170308154840774,0.684847259521484
20170308154840775,-2.17617568969727
20170308154840776,-1.92440567016602
20170308154840777,0.722994232177734
20170308154840778,-2.22195205688477
20170308154840779,-1.77181777954102
20170308154840780,0.806917572021484
20170308154840781,-2.27535781860352
20170308154840782,-1.76418838500977
20170308154840783,0.684847259521484
20170308154840784,-2.41268692016602
20170308154840785,-1.69552383422852
20170308154840786,0.677217864990234
20170308154840787,-2.45083389282227
20170308154840788,-1.61922988891602
20170308154840789,0.639070892333984
20170308154840790,-2.36691055297852
20170308154840791,-1.55819473266602
20170308154840792,0.677217864990234
20170308154840793,-2.50423965454102
20170308154840794,-1.47427139282227
20170308154840795,0.600923919677734
20170308154840796,-2.44320449829102
20170308154840797,-1.67263565063477
20170308154840798,0.814546966552734
20170308154840799,-2.42794570922852
20170308154840800,-1.84811172485352
20170308154840801,0.761141204833984
20170308154840802,-2.43557510375977
20170308154840803,-1.66500625610352
20170308154840804,0.791658782958984
20170308154840805,-2.36691055297852
20170308154840806,-1.68789443969727
20170308154840807,0.654329681396484
20170308154840808,-2.48135147094727
20170308154840809,-1.55819473266602
20170308154840810,0.562776947021484
20170308154840811,-2.42031631469727
20170308154840812,-1.51241836547852
20170308154840813,0.730623626708984
20170308154840814,-2.40505752563477
20170308154840815,-1.59634170532227
20170308154840816,0.799288177490234
20170308154840817,-2.38979873657227
20170308154840818,-1.49715957641602
20170308154840819,0.639070892333984
20170308154840820,-2.53475723266602
20170308154840821,-1.38271865844727
20170308154840822,0.784029388427734
20170308154840823,-2.60342178344727
20170308154840824,-1.34457168579102
20170308154840825,0.661959075927734
20170308154840826,-2.86282119750977
20170308154840827,-1.23013076782227
20170308154840828,0.608553314208984
20170308154840829,-3.04592666625977
20170308154840830,-0.947843170166016
20170308154840831,0.410189056396484
20170308154840832,-3.01540908813477
20170308154840833,-0.894437408447266
20170308154840834,0.303377532958984
20170308154840835,-2.98489151000977
20170308154840836,-0.413785552978516
20170308154840837,0.0973838806152344
20170308154840838,-2.97726211547852
20170308154840839,0.0210899353027344
20170308154840840,-0.253568267822266
20170308154840841,-2.94674453735352
20170308154840842,0.196566009521484
20170308154840843,-0.520597076416016
20170308154840844,-2.90096817016602
20170308154840845,0.326265716552734
20170308154840846,-0.642667388916016
20170308154840847,-2.96963272094727
20170308154840848,0.547518157958984
20170308154840849,-0.856290435791016
20170308154840850,-2.85519180297852
20170308154840851,0.867952728271484
20170308154840852,-0.963101959228516
20170308154840853,-2.75600967407227
20170308154840854,0.791658782958984
20170308154840855,-1.16146621704102
20170308154840856,-2.67208633422852
20170308154840857,1.05105819702148
20170308154840858,-1.43612442016602
20170308154840859,-2.55764541625977
20170308154840860,0.890840911865234
20170308154840861,-1.70315322875977
20170308154840862,-2.28298721313477
20170308154840863,0.860323333740234
20170308154840864,-2.04647598266602
20170308154840865,-1.94729385375977
20170308154840866,0.814546966552734
20170308154840867,-2.35165176391602
20170308154840868,-1.61160049438477
20170308154840869,0.700106048583984
20170308154840870,-2.49661026000977
20170308154840871,-1.53530654907227
20170308154840872,0.578035736083984
20170308154840873,-2.71023330688477
20170308154840874,-1.35983047485352
20170308154840875,0.684847259521484
20170308154840876,-2.87807998657227
20170308154840877,-1.26827774047852
20170308154840878,0.600923919677734
20170308154840879,-2.95437393188477
20170308154840880,-1.07754287719727
20170308154840881,0.501741790771484
20170308154840882,-3.04592666625977
20170308154840883,-1.06228408813477
20170308154840884,0.471224212646484
20170308154840885,-3.00015029907227
20170308154840886,-0.947843170166016
20170308154840887,0.478853607177734
20170308154840888,-3.00777969360352
20170308154840889,-0.711331939697266
20170308154840890,0.494112396240234
20170308154840891,-2.98489151000977
20170308154840892,-0.650296783447266
20170308154840893,0.280489349365234
20170308154840894,-2.96963272094727
20170308154840895,-0.589261627197266
20170308154840896,0.356783294677734
20170308154840897,-2.96963272094727
20170308154840898,-0.673184967041016
20170308154840899,0.311006927490234
20170308154840900,-2.99252090454102
20170308154840901,-0.650296783447266
20170308154840902,0.234712982177734
20170308154840903,-3.00777969360352
20170308154840904,-0.535855865478516
20170308154840905,0.234712982177734
20170308154840906,-2.95437393188477
20170308154840907,-0.543485260009766
20170308154840908,0.318636322021484
20170308154840909,-2.93911514282227
20170308154840910,-0.451932525634766
20170308154840911,0.112642669677734
20170308154840912,-2.93148574829102
20170308154840913,-0.276456451416016
20170308154840914,-0.0170570373535156
20170308154840915,-2.90859756469727
20170308154840916,-0.284085845947266
20170308154840917,-0.0933509826660156
20170308154840918,-2.96200332641602
20170308154840919,-0.306974029541016
20170308154840920,-0.0246864318847656
20170308154840921,-3.01540908813477
20170308154840922,-0.207791900634766
20170308154840923,-0.162015533447266
20170308154840924,-2.90096817016602
20170308154840925,0.120272064208984
20170308154840926,-0.459561920166016
20170308154840927,-2.90859756469727
20170308154840928,-0.100980377197266
20170308154840929,-0.337491607666016
20170308154840930,-2.91622695922852
20170308154840931,-0.108609771728516
20170308154840932,-0.0857215881347656
20170308154840933,-2.87807998657227
20170308154840934,0.0134605407714844
20170308154840935,-0.383267974853516
20170308154840936,-2.90096817016602
20170308154840937,0.0744956970214844
20170308154840938,-0.444303131103516
20170308154840939,-2.89333877563477
20170308154840940,0.150789642333984
20170308154840941,-0.512967681884766
20170308154840942,-2.88570938110352
20170308154840943,0.265230560302734
20170308154840944,-0.535855865478516
20170308154840945,-2.84756240844727
20170308154840946,0.181307220458984
20170308154840947,-0.429044342041016
20170308154840948,-2.83993301391602
20170308154840949,0.280489349365234
20170308154840950,-0.535855865478516
20170308154840951,-2.86282119750977
20170308154840952,0.166048431396484
20170308154840953,-0.574002838134766
20170308154840954,-2.93911514282227
20170308154840955,0.471224212646484
20170308154840956,-0.696073150634766
20170308154840957,-2.87045059204102
20170308154840958,0.364412689208984
20170308154840959,-0.657926177978516
20170308154840960,-2.90859756469727
20170308154840961,0.379671478271484
20170308154840962,-0.665555572509766
20170308154840963,-2.83993301391602
20170308154840964,0.616182708740234
20170308154840965,-0.879178619384766
20170308154840966,-2.77889785766602
20170308154840967,0.646700286865234
20170308154840968,-1.00124893188477
20170308154840969,-2.89333877563477
20170308154840970,0.715364837646484
20170308154840971,-1.16909561157227
20170308154840972,-2.80941543579102
20170308154840973,0.936617279052734
20170308154840974,-1.22250137329102
20170308154840975,-2.67208633422852
20170308154840976,0.791658782958984
20170308154840977,-1.45901260375977
20170308154840978,-2.56527481079102
20170308154840979,0.768770599365234
20170308154840980,-1.78707656860352
20170308154840981,-2.42031631469727
20170308154840982,0.677217864990234
20170308154840983,-1.76418838500977
20170308154840984,-2.33639297485352
20170308154840985,0.791658782958984
20170308154840986,-2.06173477172852
20170308154840987,-2.07699356079102
20170308154840988,0.677217864990234
20170308154840989,-2.04647598266602
20170308154840990,-2.06936416625977
20170308154840991,0.692476654052734
20170308154840992,-2.18380508422852
20170308154840993,-1.93966445922852
20170308154840994,0.715364837646484
20170308154840995,-2.28298721313477
20170308154840996,-1.87862930297852
20170308154840997,0.631441497802734
20170308154840998,-2.18380508422852
20170308154840999,-1.99307022094727
20170308154841000,0.585665130615234
20170308154841001,-2.16091690063477
20170308154841002,-1.90151748657227
20170308154841003,0.700106048583984
20170308154841004,-2.34402236938477
20170308154841005,-1.62685928344727
20170308154841006,0.677217864990234
20170308154841007,-2.65682754516602
20170308154841008,-1.52767715454102
20170308154841009,0.562776947021484
20170308154841010,-2.58816299438477
20170308154841011,-1.38271865844727
20170308154841012,0.616182708740234
20170308154841013,-2.85519180297852
20170308154841014,-1.23013076782227
20170308154841015,0.578035736083984
20170308154841016,-3.02303848266602
20170308154841017,-0.856290435791016
20170308154841018,0.394930267333984
20170308154841019,-3.00015029907227
20170308154841020,-0.436673736572266
20170308154841021,0.196566009521484
20170308154841022,-3.00015029907227
20170308154841023,-0.535855865478516
20170308154841024,0.143160247802734
20170308154841025,-3.01540908813477
20170308154841026,-0.268827056884766
20170308154841027,-0.0704627990722656
20170308154841028,-3.00015029907227
20170308154841029,-0.444303131103516
20170308154841030,-0.0628334045410156
20170308154841031,-3.00015029907227
20170308154841032,-0.0628334045410156
20170308154841033,-0.154386138916016
20170308154841034,-2.88570938110352
20170308154841035,0.112642669677734
20170308154841036,-0.329862213134766
20170308154841037,-2.85519180297852
20170308154841038,0.265230560302734
20170308154841039,-0.436673736572266
20170308154841040,-2.91622695922852
20170308154841041,0.448336029052734
20170308154841042,-0.696073150634766
20170308154841043,-2.96963272094727
20170308154841044,0.455965423583984
20170308154841045,-0.871549224853516
20170308154841046,-2.83230361938477
20170308154841047,0.707735443115234
20170308154841048,-0.970731353759766
20170308154841049,-2.87807998657227
20170308154841050,0.600923919677734
20170308154841051,-0.970731353759766
20170308154841052,-2.86282119750977
20170308154841053,0.898470306396484
20170308154841054,-1.26064834594727
20170308154841055,-2.67971572875977
20170308154841056,0.936617279052734
20170308154841057,-1.28353652954102
20170308154841058,-2.67208633422852
20170308154841059,0.776399993896484
20170308154841060,-1.41323623657227
20170308154841061,-2.64919815063477
20170308154841062,0.806917572021484
20170308154841063,-1.60397109985352
20170308154841064,-2.58816299438477
20170308154841065,0.677217864990234
20170308154841066,-1.46664199829102
20170308154841067,-2.62630996704102
20170308154841068,0.677217864990234
20170308154841069,-1.25301895141602
20170308154841070,-2.65682754516602
20170308154841071,0.784029388427734
20170308154841072,-1.39034805297852
20170308154841073,-2.59579238891602
20170308154841074,0.990023040771484
20170308154841075,-1.48190078735352
20170308154841076,-2.42794570922852
20170308154841077,0.768770599365234
20170308154841078,-1.42086563110352
20170308154841079,-2.48135147094727
20170308154841080,0.745882415771484
20170308154841081,-1.54293594360352
20170308154841082,-2.48898086547852
20170308154841083,0.791658782958984
20170308154841084,-1.52004776000977
20170308154841085,-2.42031631469727
20170308154841086,0.944246673583984
20170308154841087,-1.64211807250977
20170308154841088,-2.43557510375977
20170308154841089,0.715364837646484
20170308154841090,-1.61922988891602
20170308154841091,-2.41268692016602
20170308154841092,0.669588470458984
20170308154841093,-1.61922988891602
20170308154841094,-2.61868057250977
20170308154841095,0.707735443115234
20170308154841096,-1.48953018188477
20170308154841097,-2.59579238891602
20170308154841098,0.684847259521484
20170308154841099,-1.42849502563477
20170308154841100,-2.49661026000977
20170308154841101,0.761141204833984
20170308154841102,-1.55056533813477
20170308154841103,-2.52712783813477
20170308154841104,0.799288177490234
20170308154841105,-1.71841201782227
20170308154841106,-2.35165176391602
20170308154841107,0.707735443115234
20170308154841108,-1.77944717407227
20170308154841109,-2.23721084594727
20170308154841110,0.646700286865234
20170308154841111,-1.80996475219727
20170308154841112,-2.18380508422852
20170308154841113,0.753511810302734
20170308154841114,-2.05410537719727
20170308154841115,-2.17617568969727
20170308154841116,0.570406341552734
20170308154841117,-1.97018203735352
20170308154841118,-2.17617568969727
20170308154841119,0.669588470458984
20170308154841120,-1.91677627563477
20170308154841121,-2.13039932250977
20170308154841122,0.623812103271484
20170308154841123,-2.03884658813477
20170308154841124,-2.26772842407227
20170308154841125,0.646700286865234
20170308154841126,-2.18380508422852
20170308154841127,-1.80233535766602
20170308154841128,0.600923919677734
20170308154841129,-2.38979873657227
20170308154841130,-1.72604141235352
20170308154841131,0.585665130615234
20170308154841132,-2.28298721313477
20170308154841133,-1.80233535766602
20170308154841134,0.745882415771484
20170308154841135,-2.44320449829102
20170308154841136,-1.59634170532227
20170308154841137,0.639070892333984
20170308154841138,-2.61105117797852
20170308154841139,-1.47427139282227
20170308154841140,0.585665130615234
20170308154841141,-2.87807998657227
20170308154841142,-1.21487197875977
20170308154841143,0.616182708740234
20170308154841144,-3.01540908813477
20170308154841145,-1.03176651000977
20170308154841146,0.494112396240234
20170308154841147,-3.06881484985352
20170308154841148,-0.772367095947266
20170308154841149,0.425447845458984
20170308154841150,-3.04592666625977
20170308154841151,-0.734220123291016
20170308154841152,0.364412689208984
20170308154841153,-2.93911514282227
20170308154841154,-0.528226470947266
20170308154841155,0.288118743896484
20170308154841156,-2.90859756469727
20170308154841157,-0.299344635009766
20170308154841158,-0.0704627990722656
20170308154841159,-3.04592666625977
20170308154841160,-0.0475746154785156
20170308154841161,-0.116239166259766
20170308154841162,-2.92385635375977
20170308154841163,0.0134605407714844
20170308154841164,-0.368009185791016
20170308154841165,-2.95437393188477
20170308154841166,-0.0628334045410156
20170308154841167,-0.322232818603516
20170308154841168,-2.90096817016602
20170308154841169,0.272859954833984
20170308154841170,-0.505338287353516
20170308154841171,-2.83230361938477
20170308154841172,0.532259368896484
20170308154841173,-0.726590728759766
20170308154841174,-2.83230361938477
20170308154841175,0.799288177490234
20170308154841176,-1.06228408813477
20170308154841177,-2.78652725219727
20170308154841178,0.799288177490234
20170308154841179,-1.42086563110352
20170308154841180,-2.66445693969727
20170308154841181,0.791658782958984
20170308154841182,-1.35220108032227
20170308154841183,-2.60342178344727
20170308154841184,0.867952728271484
20170308154841185,-1.42849502563477
20170308154841186,-2.58053359985352
20170308154841187,0.684847259521484
20170308154841188,-1.72604141235352
20170308154841189,-2.37453994750977
20170308154841190,0.684847259521484
20170308154841191,-1.89388809204102
20170308154841192,-2.26009902954102
20170308154841193,0.631441497802734
20170308154841194,-1.80233535766602
20170308154841195,-2.29824600219727
20170308154841196,0.898470306396484
20170308154841197,-1.72604141235352
20170308154841198,-2.22958145141602
20170308154841199,0.692476654052734
20170308154841200,-1.87862930297852
20170308154841201,-2.26772842407227
20170308154841202,0.707735443115234
20170308154841203,-2.02358779907227
20170308154841204,-2.00832901000977
20170308154841205,0.600923919677734
20170308154841206,-2.03121719360352
20170308154841207,-1.97781143188477
20170308154841208,0.684847259521484
20170308154841209,-2.10751113891602
20170308154841210,-1.93203506469727
20170308154841211,0.532259368896484
20170308154841212,-2.08462295532227
20170308154841213,-1.97018203735352
20170308154841214,0.761141204833984
20170308154841215,-2.19906387329102
20170308154841216,-2.04647598266602
20170308154841217,0.730623626708984
20170308154841218,-2.26009902954102
20170308154841219,-1.95492324829102
20170308154841220,0.745882415771484
20170308154841221,-2.30587539672852
20170308154841222,-1.73367080688477
20170308154841223,0.646700286865234
20170308154841224,-2.42794570922852
20170308154841225,-1.67263565063477
20170308154841226,0.646700286865234
20170308154841227,-2.35928115844727
20170308154841228,-1.66500625610352
20170308154841229,0.700106048583984
20170308154841230,-2.45846328735352
20170308154841231,-1.58871231079102
20170308154841232,0.570406341552734
20170308154841233,-2.50423965454102
20170308154841234,-1.69552383422852
20170308154841235,0.715364837646484
20170308154841236,-2.38216934204102
20170308154841237,-1.68789443969727
20170308154841238,0.585665130615234
20170308154841239,-2.45846328735352
20170308154841240,-1.59634170532227
20170308154841241,0.806917572021484
20170308154841242,-2.51949844360352
20170308154841243,-1.55056533813477
20170308154841244,0.677217864990234
20170308154841245,-2.61105117797852
20170308154841246,-1.39797744750977
20170308154841247,0.715364837646484
20170308154841248,-2.83993301391602
20170308154841249,-1.25301895141602
20170308154841250,0.646700286865234
20170308154841251,-2.86282119750977
20170308154841252,-1.26064834594727
20170308154841253,0.547518157958984
20170308154841254,-2.84756240844727
20170308154841255,-1.23013076782227
20170308154841256,0.524629974365234
20170308154841257,-2.74838027954102
20170308154841258,-1.25301895141602
20170308154841259,0.524629974365234
20170308154841260,-2.77889785766602
20170308154841261,-1.32931289672852
20170308154841262,0.532259368896484
20170308154841263,-2.90096817016602
20170308154841264,-1.00887832641602
20170308154841265,0.417818450927734
20170308154841266,-2.96200332641602
20170308154841267,-0.978360748291016
20170308154841268,0.669588470458984
20170308154841269,-2.96200332641602
20170308154841270,-1.01650772094727
20170308154841271,0.463594818115234
20170308154841272,-3.00777969360352
20170308154841273,-0.947843170166016
20170308154841274,0.379671478271484
20170308154841275,-3.02303848266602
20170308154841276,-0.985990142822266
20170308154841277,0.494112396240234
20170308154841278,-3.02303848266602
20170308154841279,-0.863919830322266
20170308154841280,0.387300872802734
20170308154841281,-2.98489151000977
20170308154841282,-0.627408599853516
20170308154841283,0.433077239990234
20170308154841284,-2.94674453735352
20170308154841285,-0.581632232666016
20170308154841286,0.227083587646484
20170308154841287,-2.96963272094727
20170308154841288,-0.451932525634766
20170308154841289,0.112642669677734
20170308154841290,-2.90096817016602
20170308154841291,-0.474820709228516
20170308154841292,0.105013275146484
20170308154841293,-2.93911514282227
20170308154841294,-0.146756744384766
20170308154841295,-0.230680084228516
20170308154841296,-2.97726211547852
20170308154841297,0.0439781188964844
20170308154841298,-0.398526763916016
20170308154841299,-2.94674453735352
20170308154841300,0.181307220458984
20170308154841301,-0.322232818603516
20170308154841302,-2.83230361938477
20170308154841303,0.661959075927734
20170308154841304,-0.856290435791016
20170308154841305,-2.81704483032227
20170308154841306,0.707735443115234
20170308154841307,-1.00887832641602
20170308154841308,-2.81704483032227
20170308154841309,0.822176361083984
20170308154841310,-1.14620742797852
20170308154841311,-2.77126846313477
20170308154841312,0.784029388427734
20170308154841313,-1.25301895141602
20170308154841314,-2.64156875610352
20170308154841315,0.784029388427734
20170308154841316,-1.51241836547852
20170308154841317,-2.64156875610352
20170308154841318,0.837435150146484
20170308154841319,-1.64211807250977
20170308154841320,-2.41268692016602
20170308154841321,0.738253021240234
20170308154841322,-1.69552383422852
20170308154841323,-2.43557510375977
20170308154841324,0.730623626708984
20170308154841325,-1.62685928344727
20170308154841326,-2.35165176391602
20170308154841327,0.761141204833984
20170308154841328,-1.80996475219727
20170308154841329,-2.20669326782227
20170308154841330,0.799288177490234
20170308154841331,-2.04647598266602
20170308154841332,-2.00069961547852
20170308154841333,0.768770599365234
20170308154841334,-2.27535781860352
20170308154841335,-1.80996475219727
20170308154841336,0.722994232177734
20170308154841337,-2.22958145141602
20170308154841338,-1.64974746704102
20170308154841339,0.707735443115234
20170308154841340,-2.32876358032227
20170308154841341,-1.59634170532227
20170308154841342,0.768770599365234
20170308154841343,-2.58053359985352
20170308154841344,-1.39797744750977
20170308154841345,0.600923919677734
20170308154841346,-2.84756240844727
20170308154841347,-1.26064834594727
20170308154841348,0.608553314208984
20170308154841349,-2.87807998657227
20170308154841350,-1.22250137329102
20170308154841351,0.547518157958984
20170308154841352,-2.94674453735352
20170308154841353,-1.17672500610352
20170308154841354,0.509371185302734
20170308154841355,-2.99252090454102
20170308154841356,-0.955472564697266
20170308154841357,0.471224212646484
20170308154841358,-3.00015029907227
20170308154841359,-0.764737701416016
20170308154841360,0.372042083740234
20170308154841361,-3.03066787719727
20170308154841362,-0.734220123291016
20170308154841363,0.372042083740234
20170308154841364,-2.96200332641602
20170308154841365,-0.833402252197266
20170308154841366,0.303377532958984
20170308154841367,-2.96200332641602
20170308154841368,-0.650296783447266
20170308154841369,0.295748138427734
20170308154841370,-2.91622695922852
20170308154841371,-0.497708892822266
20170308154841372,0.295748138427734
20170308154841373,-2.94674453735352
20170308154841374,-0.505338287353516
20170308154841375,0.227083587646484
20170308154841376,-2.90859756469727
20170308154841377,-0.512967681884766
20170308154841378,0.204195404052734
20170308154841379,-2.93148574829102
20170308154841380,-0.413785552978516
20170308154841381,0.0821250915527344
20170308154841382,-2.97726211547852
20170308154841383,-0.429044342041016
20170308154841384,0.0668663024902344
20170308154841385,-2.96200332641602
20170308154841386,-0.261197662353516
20170308154841387,-0.0933509826660156
20170308154841388,-2.93148574829102
20170308154841389,-0.162015533447266
20170308154841390,-0.192533111572266
20170308154841391,-2.96200332641602
20170308154841392,-0.0323158264160156
20170308154841393,-0.184903717041016
20170308154841394,-2.92385635375977
20170308154841395,-0.169644927978516
20170308154841396,-0.291715240478516
20170308154841397,-2.87807998657227
20170308154841398,0.0897544860839844
20170308154841399,-0.383267974853516
20170308154841400,-2.93911514282227
20170308154841401,0.265230560302734
20170308154841402,-0.612149810791016
20170308154841403,-2.85519180297852
20170308154841404,0.417818450927734
20170308154841405,-0.680814361572266
20170308154841406,-2.87807998657227
20170308154841407,0.646700286865234
20170308154841408,-0.749478912353516
20170308154841409,-2.84756240844727
20170308154841410,0.578035736083984
20170308154841411,-0.787625885009766
20170308154841412,-2.82467422485352
20170308154841413,0.486483001708984
20170308154841414,-0.802884674072266
20170308154841415,-2.81704483032227
20170308154841416,0.722994232177734
20170308154841417,-0.978360748291016
20170308154841418,-2.71023330688477
20170308154841419,0.715364837646484
20170308154841420,-1.09280166625977
20170308154841421,-2.75600967407227
20170308154841422,1.02817001342773
20170308154841423,-1.20724258422852
20170308154841424,-2.67971572875977
20170308154841425,0.837435150146484
20170308154841426,-1.32168350219727
20170308154841427,-2.58816299438477
20170308154841428,0.860323333740234
20170308154841429,-1.68026504516602
20170308154841430,-2.33639297485352
20170308154841431,0.845064544677734
20170308154841432,-2.11514053344727
20170308154841433,-2.03121719360352
20170308154841434,0.745882415771484
20170308154841435,-2.24484024047852
20170308154841436,-1.84811172485352
20170308154841437,0.707735443115234
20170308154841438,-2.31350479125977
20170308154841439,-1.77181777954102
20170308154841440,0.806917572021484
20170308154841441,-2.45083389282227
20170308154841442,-1.50478897094727
20170308154841443,0.707735443115234
20170308154841444,-2.56527481079102
20170308154841445,-1.43612442016602
20170308154841446,0.738253021240234
20170308154841447,-2.87807998657227
20170308154841448,-1.03939590454102
20170308154841449,0.593294525146484
20170308154841450,-2.96200332641602
20170308154841451,-0.772367095947266
20170308154841452,0.539888763427734
20170308154841453,-3.00015029907227
20170308154841454,-0.528226470947266
20170308154841455,0.234712982177734
20170308154841456,-2.96200332641602
20170308154841457,-0.436673736572266
20170308154841458,0.150789642333984
20170308154841459,-2.87807998657227
20170308154841460,-0.390897369384766
20170308154841461,0.0058311462402344
20170308154841462,-2.92385635375977
20170308154841463,-0.215421295166016
20170308154841464,-0.123868560791016
20170308154841465,-2.96200332641602
20170308154841466,-0.146756744384766
20170308154841467,-0.0552040100097656
20170308154841468,-2.88570938110352
20170308154841469,0.0973838806152344
20170308154841470,-0.200162506103516
20170308154841471,-2.88570938110352
20170308154841472,0.280489349365234
20170308154841473,-0.261197662353516
20170308154841474,-2.80941543579102
20170308154841475,0.0516075134277344
20170308154841476,-0.299344635009766
20170308154841477,-2.83993301391602
20170308154841478,0.158419036865234
20170308154841479,-0.299344635009766
20170308154841480,-2.81704483032227
20170308154841481,0.0363487243652344
20170308154841482,-0.383267974853516
20170308154841483,-2.96963272094727
20170308154841484,-0.0094276428222656
20170308154841485,-0.276456451416016
20170308154841486,-2.94674453735352
20170308154841487,0.0821250915527344
20170308154841488,-0.223050689697266
20170308154841489,-2.85519180297852
20170308154841490,-0.0094276428222656
20170308154841491,-0.223050689697266
20170308154841492,-2.87807998657227
20170308154841493,0.0363487243652344
20170308154841494,-0.177274322509766
20170308154841495,-2.82467422485352
20170308154841496,0.311006927490234
20170308154841497,-0.596891021728516
20170308154841498,-2.83993301391602
20170308154841499,0.440706634521484
20170308154841500,-0.696073150634766
20170308154841501,-2.84756240844727
20170308154841502,0.539888763427734
20170308154841503,-0.757108306884766
20170308154841504,-2.77889785766602
20170308154841505,0.509371185302734
20170308154841506,-0.825772857666016
20170308154841507,-2.87807998657227
20170308154841508,0.532259368896484
20170308154841509,-0.787625885009766
20170308154841510,-2.75600967407227
20170308154841511,0.410189056396484
20170308154841512,-0.558744049072266
20170308154841513,-2.83230361938477
20170308154841514,0.738253021240234
20170308154841515,-0.863919830322266
20170308154841516,-2.80178604125977
20170308154841517,0.494112396240234
20170308154841518,-0.871549224853516
20170308154841519,-2.80178604125977
20170308154841520,0.494112396240234
20170308154841521,-0.863919830322266
20170308154841522,-2.81704483032227
20170308154841523,0.837435150146484
20170308154841524,-1.00887832641602
20170308154841525,-2.70260391235352
20170308154841526,0.860323333740234
20170308154841527,-1.14620742797852
20170308154841528,-2.71023330688477
20170308154841529,0.898470306396484
20170308154841530,-1.30642471313477
20170308154841531,-2.71786270141602
20170308154841532,0.776399993896484
20170308154841533,-1.26064834594727
20170308154841534,-2.64919815063477
20170308154841535,0.730623626708984
20170308154841536,-1.16146621704102
20170308154841537,-2.61105117797852
20170308154841538,0.646700286865234
20170308154841539,-1.18435440063477
20170308154841540,-2.66445693969727
20170308154841541,0.822176361083984
20170308154841542,-1.27590713500977
20170308154841543,-2.64156875610352
20170308154841544,1.00528182983398
20170308154841545,-1.27590713500977
20170308154841546,-2.56527481079102
20170308154841547,0.852693939208984
20170308154841548,-1.25301895141602
20170308154841549,-2.64919815063477
20170308154841550,0.883211517333984
20170308154841551,-1.52004776000977
20170308154841552,-2.48898086547852
20170308154841553,0.906099700927734
20170308154841554,-1.68789443969727
20170308154841555,-2.28298721313477
20170308154841556,0.776399993896484
20170308154841557,-1.71841201782227
20170308154841558,-2.29061660766602
20170308154841559,0.700106048583984
20170308154841560,-1.90914688110352
20170308154841561,-2.25246963500977
20170308154841562,0.600923919677734
20170308154841563,-1.74130020141602
20170308154841564,-2.26009902954102
20170308154841565,0.799288177490234
20170308154841566,-2.02358779907227
20170308154841567,-2.08462295532227
20170308154841568,0.837435150146484
20170308154841569,-2.10751113891602
20170308154841570,-1.94729385375977
20170308154841571,0.715364837646484
20170308154841572,-2.32113418579102
20170308154841573,-1.71841201782227
20170308154841574,0.738253021240234
20170308154841575,-2.38979873657227
20170308154841576,-1.55819473266602
20170308154841577,0.768770599365234
20170308154841578,-2.62630996704102
20170308154841579,-1.39797744750977
20170308154841580,0.639070892333984
20170308154841581,-2.76363906860352
20170308154841582,-1.27590713500977
20170308154841583,0.722994232177734
20170308154841584,-2.96963272094727
20170308154841585,-0.787625885009766
20170308154841586,0.410189056396484
20170308154841587,-3.00015029907227
20170308154841588,-0.314603424072266
20170308154841589,0.0821250915527344
20170308154841590,-2.87807998657227
20170308154841591,-0.245938873291016
20170308154841592,0.0592369079589844
20170308154841593,-2.90096817016602
20170308154841594,-0.223050689697266
20170308154841595,-0.146756744384766
20170308154841596,-2.94674453735352
20170308154841597,0.0058311462402344
20170308154841598,-0.352750396728516
20170308154841599,-2.91622695922852
20170308154841600,0.249971771240234
20170308154841601,-0.581632232666016
20170308154841602,-2.89333877563477
20170308154841603,0.524629974365234
20170308154841604,-0.795255279541016
20170308154841605,-2.81704483032227
20170308154841606,0.410189056396484
20170308154841607,-0.772367095947266
20170308154841608,-2.78652725219727
20170308154841609,0.646700286865234
20170308154841610,-0.863919830322266
20170308154841611,-2.93148574829102
20170308154841612,0.486483001708984
20170308154841613,-0.909696197509766
20170308154841614,-2.86282119750977
20170308154841615,0.623812103271484
20170308154841616,-1.05465469360352
20170308154841617,-2.83230361938477
20170308154841618,0.654329681396484
20170308154841619,-1.07754287719727
20170308154841620,-2.64156875610352
20170308154841621,0.997652435302734
20170308154841622,-1.04702529907227
20170308154841623,-2.59579238891602
20170308154841624,0.730623626708984
20170308154841625,-1.17672500610352
20170308154841626,-2.64919815063477
20170308154841627,0.799288177490234
20170308154841628,-1.21487197875977
20170308154841629,-2.66445693969727
20170308154841630,0.677217864990234
20170308154841631,-1.04702529907227
20170308154841632,-2.81704483032227
20170308154841633,0.761141204833984
20170308154841634,-1.09280166625977
20170308154841635,-2.77126846313477
20170308154841636,0.753511810302734
20170308154841637,-1.02413711547852
20170308154841638,-2.70260391235352
20170308154841639,0.814546966552734
20170308154841640,-1.27590713500977
20170308154841641,-2.63393936157227
20170308154841642,0.829805755615234
20170308154841643,-1.33694229125977
20170308154841644,-2.61105117797852
20170308154841645,0.776399993896484
20170308154841646,-1.32168350219727
20170308154841647,-2.61868057250977
20170308154841648,0.829805755615234
20170308154841649,-1.25301895141602
20170308154841650,-2.54238662719727
20170308154841651,0.753511810302734
20170308154841652,-1.45901260375977
20170308154841653,-2.48898086547852
20170308154841654,0.936617279052734
20170308154841655,-1.46664199829102
20170308154841656,-2.49661026000977
20170308154841657,0.829805755615234
20170308154841658,-1.13857803344727
20170308154841659,-2.55764541625977
20170308154841660,0.791658782958984
20170308154841661,-1.31405410766602
20170308154841662,-2.42794570922852
20170308154841663,0.906099700927734
20170308154841664,-1.55819473266602
20170308154841665,-2.42794570922852
20170308154841666,0.784029388427734
20170308154841667,-1.67263565063477
20170308154841668,-2.40505752563477
20170308154841669,0.646700286865234
20170308154841670,-1.42086563110352
20170308154841671,-2.48898086547852
20170308154841672,0.997652435302734
20170308154841673,-1.57345352172852
20170308154841674,-2.30587539672852
20170308154841675,0.890840911865234
20170308154841676,-1.70315322875977
20170308154841677,-2.52712783813477
20170308154841678,0.944246673583984
20170308154841679,-1.46664199829102
20170308154841680,-2.37453994750977
20170308154841681,0.715364837646484
20170308154841682,-1.70315322875977
20170308154841683,-2.36691055297852
20170308154841684,0.623812103271484
20170308154841685,-1.70315322875977
20170308154841686,-2.45083389282227
20170308154841687,0.768770599365234
20170308154841688,-1.87862930297852
20170308154841689,-2.03121719360352
20170308154841690,0.829805755615234
20170308154841691,-2.34402236938477
20170308154841692,-1.70315322875977
20170308154841693,0.806917572021484
20170308154841694,-2.60342178344727
20170308154841695,-1.49715957641602
20170308154841696,0.684847259521484
20170308154841697,-2.47372207641602
20170308154841698,-1.61160049438477
20170308154841699,0.646700286865234
20170308154841700,-2.38979873657227
20170308154841701,-1.61160049438477
20170308154841702,0.692476654052734
20170308154841703,-2.48898086547852
20170308154841704,-1.45138320922852
20170308154841705,0.646700286865234
20170308154841706,-2.68734512329102
20170308154841707,-1.29116592407227
20170308154841708,0.669588470458984
20170308154841709,-2.91622695922852
20170308154841710,-1.13857803344727
20170308154841711,0.547518157958984
20170308154841712,-2.94674453735352
20170308154841713,-1.05465469360352
20170308154841714,0.448336029052734
20170308154841715,-2.97726211547852
20170308154841716,-0.848661041259766
20170308154841717,0.433077239990234
20170308154841718,-2.94674453735352
20170308154841719,-0.696073150634766
20170308154841720,0.394930267333984
20170308154841721,-2.93911514282227
20170308154841722,-0.520597076416016
20170308154841723,0.410189056396484
20170308154841724,-2.89333877563477
20170308154841725,-0.459561920166016
20170308154841726,0.120272064208984
20170308154841727,-3.01540908813477
20170308154841728,-0.306974029541016
20170308154841729,0.196566009521484
20170308154841730,-2.87807998657227
20170308154841731,-0.223050689697266
20170308154841732,-0.154386138916016
20170308154841733,-2.92385635375977
20170308154841734,-0.108609771728516
20170308154841735,-0.276456451416016
20170308154841736,-2.81704483032227
20170308154841737,0.0134605407714844
20170308154841738,-0.360379791259766
20170308154841739,-2.84756240844727
20170308154841740,0.288118743896484
20170308154841741,-0.245938873291016
20170308154841742,-2.83230361938477
20170308154841743,0.272859954833984
20170308154841744,-0.581632232666016
20170308154841745,-2.80178604125977
20170308154841746,0.448336029052734
20170308154841747,-0.612149810791016
20170308154841748,-2.78652725219727
20170308154841749,0.677217864990234
20170308154841750,-0.848661041259766
20170308154841751,-2.77126846313477
20170308154841752,0.837435150146484
20170308154841753,-1.21487197875977
20170308154841754,-2.61868057250977
20170308154841755,1.04342880249023
20170308154841756,-1.48953018188477
20170308154841757,-2.48135147094727
20170308154841758,0.906099700927734
20170308154841759,-1.61160049438477
20170308154841760,-2.35928115844727
20170308154841761,0.829805755615234
20170308154841762,-1.57345352172852
20170308154841763,-2.48135147094727
20170308154841764,0.799288177490234
20170308154841765,-1.45138320922852
20170308154841766,-2.44320449829102
20170308154841767,0.806917572021484
20170308154841768,-1.57345352172852
20170308154841769,-2.42031631469727
20170308154841770,0.776399993896484
20170308154841771,-1.62685928344727
20170308154841772,-2.36691055297852
20170308154841773,0.852693939208984
20170308154841774,-1.80233535766602
20170308154841775,-2.14565811157227
20170308154841776,0.806917572021484
20170308154841777,-1.98544082641602
20170308154841778,-2.22958145141602
20170308154841779,0.707735443115234
20170308154841780,-1.99307022094727
20170308154841781,-1.97018203735352
20170308154841782,0.799288177490234
20170308154841783,-2.29061660766602
20170308154841784,-1.63448867797852
20170308154841785,0.776399993896484
20170308154841786,-2.45846328735352
20170308154841787,-1.60397109985352
20170308154841788,0.730623626708984
20170308154841789,-2.51949844360352
20170308154841790,-1.38271865844727
20170308154841791,0.715364837646484
20170308154841792,-2.70260391235352
20170308154841793,-1.30642471313477
20170308154841794,0.814546966552734
20170308154841795,-2.61868057250977
20170308154841796,-1.53530654907227
20170308154841797,0.692476654052734
20170308154841798,-2.61105117797852
20170308154841799,-1.32168350219727
20170308154841800,0.738253021240234
20170308154841801,-2.75600967407227
20170308154841802,-1.26064834594727
20170308154841803,0.745882415771484
20170308154841804,-2.90096817016602
20170308154841805,-1.05465469360352
20170308154841806,0.677217864990234
20170308154841807,-2.88570938110352
20170308154841808,-0.985990142822266
20170308154841809,0.478853607177734
20170308154841810,-2.96200332641602
20170308154841811,-1.05465469360352
20170308154841812,0.379671478271484
20170308154841813,-2.93911514282227
20170308154841814,-1.02413711547852
20170308154841815,0.646700286865234
20170308154841816,-2.93911514282227
20170308154841817,-0.978360748291016
20170308154841818,0.433077239990234
20170308154841819,-2.93911514282227
20170308154841820,-1.01650772094727
20170308154841821,0.455965423583984
20170308154841822,-2.99252090454102
20170308154841823,-0.696073150634766
20170308154841824,0.394930267333984
20170308154841825,-2.95437393188477
20170308154841826,-0.665555572509766
20170308154841827,0.394930267333984
20170308154841828,-2.97726211547852
20170308154841829,-0.406156158447266
20170308154841830,0.0821250915527344
20170308154841831,-3.00015029907227
20170308154841832,-0.490079498291016
20170308154841833,0.158419036865234
20170308154841834,-2.92385635375977
20170308154841835,-0.444303131103516
20170308154841836,0.0516075134277344
20170308154841837,-2.88570938110352
20170308154841838,-0.291715240478516
20170308154841839,0.0363487243652344
20170308154841840,-2.85519180297852
20170308154841841,-0.177274322509766
20170308154841842,0.105013275146484
20170308154841843,-2.91622695922852
20170308154841844,-0.108609771728516
20170308154841845,-0.0170570373535156
20170308154841846,-2.83230361938477
20170308154841847,-0.0017982482910156
20170308154841848,-0.360379791259766
20170308154841849,-2.87045059204102
20170308154841850,0.188936614990234
20170308154841851,-0.589261627197266
20170308154841852,-2.87807998657227
20170308154841853,0.356783294677734
20170308154841854,-0.703702545166016
20170308154841855,-2.88570938110352
20170308154841856,0.349153900146484
20170308154841857,-0.688443756103516
20170308154841858,-2.85519180297852
20170308154841859,0.791658782958984
20170308154841860,-0.947843170166016
20170308154841861,-2.93148574829102
20170308154841862,0.608553314208984
20170308154841863,-1.02413711547852
20170308154841864,-2.75600967407227
20170308154841865,0.799288177490234
20170308154841866,-1.19198379516602
20170308154841867,-2.74838027954102
20170308154841868,0.791658782958984
20170308154841869,-1.07754287719727
20170308154841870,-2.61868057250977
20170308154841871,0.936617279052734
20170308154841872,-1.63448867797852
20170308154841873,-2.33639297485352
20170308154841874,0.738253021240234
20170308154841875,-1.90914688110352
20170308154841876,-2.14565811157227
20170308154841877,0.837435150146484
20170308154841878,-2.19906387329102
20170308154841879,-1.87862930297852
20170308154841880,0.730623626708984
20170308154841881,-2.38216934204102
20170308154841882,-1.70315322875977
20170308154841883,0.715364837646484
20170308154841884,-2.46609268188477
20170308154841885,-1.54293594360352
20170308154841886,0.692476654052734
20170308154841887,-2.71023330688477
20170308154841888,-1.36745986938477
20170308154841889,0.623812103271484
20170308154841890,-2.86282119750977
20170308154841891,-1.14620742797852
20170308154841892,0.532259368896484
20170308154841893,-2.93911514282227
20170308154841894,-0.917325592041016
20170308154841895,0.440706634521484
20170308154841896,-2.87045059204102
20170308154841897,-1.00887832641602
20170308154841898,0.448336029052734
20170308154841899,-2.93911514282227
20170308154841900,-1.01650772094727
20170308154841901,0.555147552490234
20170308154841902,-2.95437393188477
20170308154841903,-0.627408599853516
20170308154841904,0.295748138427734
20170308154841905,-2.92385635375977
20170308154841906,-0.535855865478516
20170308154841907,0.288118743896484
20170308154841908,-2.98489151000977
20170308154841909,-0.276456451416016
20170308154841910,-0.0246864318847656
20170308154841911,-3.01540908813477
20170308154841912,-0.230680084228516
20170308154841913,-0.116239166259766
20170308154841914,-2.92385635375977
20170308154841915,0.0287193298339844
20170308154841916,-0.245938873291016
20170308154841917,-2.87807998657227
20170308154841918,0.0668663024902344
20170308154841919,-0.192533111572266
20170308154841920,-2.88570938110352
20170308154841921,0.295748138427734
20170308154841922,-0.543485260009766
20170308154841923,-2.86282119750977
20170308154841924,0.455965423583984
20170308154841925,-0.711331939697266
20170308154841926,-2.90859756469727
20170308154841927,0.585665130615234
20170308154841928,-0.970731353759766
20170308154841929,-2.74838027954102
20170308154841930,0.730623626708984
20170308154841931,-1.04702529907227
20170308154841932,-2.74838027954102
20170308154841933,0.990023040771484
20170308154841934,-1.04702529907227
20170308154841935,-2.76363906860352
20170308154841936,0.799288177490234
20170308154841937,-1.04702529907227
20170308154841938,-2.69497451782227
20170308154841939,0.799288177490234
20170308154841940,-1.21487197875977
20170308154841941,-2.58053359985352
20170308154841942,0.829805755615234
20170308154841943,-1.20724258422852
20170308154841944,-2.65682754516602
20170308154841945,0.707735443115234
20170308154841946,-1.19961318969727
20170308154841947,-2.74838027954102
20170308154841948,0.852693939208984
20170308154841949,-1.16146621704102
20170308154841950,-2.60342178344727
20170308154841951,0.829805755615234
20170308154841952,-1.36745986938477
20170308154841953,-2.52712783813477
20170308154841954,0.829805755615234
20170308154841955,-1.65737686157227
20170308154841956,-2.47372207641602
20170308154841957,0.715364837646484
20170308154841958,-1.67263565063477
20170308154841959,-2.38979873657227
20170308154841960,0.761141204833984
20170308154841961,-1.54293594360352
20170308154841962,-2.42031631469727
20170308154841963,0.722994232177734
20170308154841964,-1.57345352172852
20170308154841965,-2.38979873657227
20170308154841966,0.715364837646484
20170308154841967,-1.67263565063477
20170308154841968,-2.33639297485352
20170308154841969,0.845064544677734
20170308154841970,-1.93203506469727
20170308154841971,-2.03121719360352
20170308154841972,0.692476654052734
20170308154841973,-2.08462295532227
20170308154841974,-1.93203506469727
20170308154841975,0.730623626708984
20170308154841976,-2.22958145141602
20170308154841977,-1.91677627563477
20170308154841978,0.700106048583984
20170308154841979,-2.22958145141602
20170308154841980,-1.80996475219727
20170308154841981,0.776399993896484
20170308154841982,-2.26009902954102
20170308154841983,-1.80233535766602
20170308154841984,0.730623626708984
20170308154841985,-2.38979873657227
20170308154841986,-1.63448867797852
20170308154841987,0.761141204833984
20170308154841988,-2.43557510375977
20170308154841989,-1.32931289672852
20170308154841990,0.639070892333984
20170308154841991,-2.63393936157227
20170308154841992,-1.35983047485352
20170308154841993,0.784029388427734
20170308154841994,-2.66445693969727
20170308154841995,-1.34457168579102
20170308154841996,0.623812103271484
20170308154841997,-2.83993301391602
20170308154841998,-1.23013076782227
20170308154841999,0.661959075927734
20170308154842000,-2.89333877563477
20170308154842001,-1.10043106079102
20170308154842002,0.509371185302734
20170308154842003,-3.00015029907227
20170308154842004,-0.947843170166016
20170308154842005,0.463594818115234
20170308154842006,-2.96963272094727
20170308154842007,-0.779996490478516
20170308154842008,0.562776947021484
20170308154842009,-2.93148574829102
20170308154842010,-0.619779205322266
20170308154842011,0.356783294677734
20170308154842012,-2.98489151000977
20170308154842013,-0.467191314697266
20170308154842014,0.158419036865234
20170308154842015,-2.95437393188477
20170308154842016,-0.375638580322266
20170308154842017,0.0210899353027344
20170308154842018,-2.98489151000977
20170308154842019,-0.276456451416016
20170308154842020,-0.169644927978516
20170308154842021,-2.97726211547852
20170308154842022,-0.207791900634766
20170308154842023,-0.245938873291016
20170308154842024,-2.93148574829102
20170308154842025,0.318636322021484
20170308154842026,-0.535855865478516
20170308154842027,-2.85519180297852
20170308154842028,0.417818450927734
20170308154842029,-0.650296783447266
20170308154842030,-2.85519180297852
20170308154842031,0.600923919677734
20170308154842032,-0.902066802978516
20170308154842033,-2.88570938110352
20170308154842034,0.738253021240234
20170308154842035,-0.978360748291016
20170308154842036,-2.77126846313477
20170308154842037,0.814546966552734
20170308154842038,-1.13094863891602
20170308154842039,-2.67208633422852
20170308154842040,0.898470306396484
20170308154842041,-1.32931289672852
20170308154842042,-2.64919815063477
20170308154842043,0.829805755615234
20170308154842044,-1.52004776000977
20170308154842045,-2.57290420532227
20170308154842046,0.837435150146484
20170308154842047,-1.69552383422852
20170308154842048,-2.54238662719727
20170308154842049,0.623812103271484
20170308154842050,-1.70315322875977
20170308154842051,-2.35928115844727
20170308154842052,0.700106048583984
20170308154842053,-1.71841201782227
20170308154842054,-2.25246963500977
20170308154842055,0.906099700927734
20170308154842056,-1.84811172485352
20170308154842057,-2.35165176391602
20170308154842058,0.661959075927734
20170308154842059,-1.61160049438477
20170308154842060,-2.46609268188477
20170308154842061,0.959505462646484
20170308154842062,-1.81759414672852
20170308154842063,-2.19906387329102
20170308154842064,0.822176361083984
20170308154842065,-1.87862930297852
20170308154842066,-2.11514053344727
20170308154842067,0.661959075927734
20170308154842068,-1.97781143188477
20170308154842069,-2.13039932250977
20170308154842070,0.883211517333984
20170308154842071,-2.01595840454102
20170308154842072,-1.97781143188477
20170308154842073,0.883211517333984
20170308154842074,-2.33639297485352
20170308154842075,-1.58871231079102
20170308154842076,0.753511810302734
20170308154842077,-2.50423965454102
20170308154842078,-1.48953018188477
20170308154842079,0.715364837646484
20170308154842080,-2.71023330688477
20170308154842081,-1.51241836547852
20170308154842082,0.585665130615234
20170308154842083,-2.50423965454102
20170308154842084,-1.45901260375977
20170308154842085,0.684847259521484
20170308154842086,-2.45083389282227
20170308154842087,-1.54293594360352
20170308154842088,0.600923919677734
20170308154842089,-2.45083389282227
20170308154842090,-1.70315322875977
20170308154842091,0.616182708740234
20170308154842092,-2.30587539672852
20170308154842093,-1.64974746704102
20170308154842094,0.677217864990234
20170308154842095,-2.34402236938477
20170308154842096,-1.72604141235352
20170308154842097,0.631441497802734
20170308154842098,-2.24484024047852
20170308154842099,-1.88625869750977
20170308154842100,0.707735443115234
20170308154842101,-2.13802871704102
20170308154842102,-1.84811172485352
20170308154842103,0.867952728271484
20170308154842104,-2.46609268188477
20170308154842105,-1.63448867797852
20170308154842106,0.646700286865234
20170308154842107,-2.34402236938477
20170308154842108,-1.58871231079102
20170308154842109,0.700106048583984
20170308154842110,-2.42794570922852
20170308154842111,-1.55819473266602
20170308154842112,0.875582122802734
20170308154842113,-2.36691055297852
20170308154842114,-1.45138320922852
20170308154842115,0.784029388427734
20170308154842116,-2.80941543579102
20170308154842117,-1.33694229125977
20170308154842118,0.570406341552734
20170308154842119,-2.79415664672852
20170308154842120,-1.26827774047852
20170308154842121,0.631441497802734
20170308154842122,-2.85519180297852
20170308154842123,-1.30642471313477
20170308154842124,0.631441497802734
20170308154842125,-2.86282119750977
20170308154842126,-1.09280166625977
20170308154842127,0.448336029052734
20170308154842128,-2.76363906860352
20170308154842129,-1.13857803344727
20170308154842130,0.471224212646484
20170308154842131,-2.96963272094727
20170308154842132,-1.01650772094727
20170308154842133,0.669588470458984
20170308154842134,-3.01540908813477
20170308154842135,-0.909696197509766
20170308154842136,0.425447845458984
20170308154842137,-2.95437393188477
20170308154842138,-0.604520416259766
20170308154842139,0.311006927490234
20170308154842140,-2.89333877563477
20170308154842141,-0.490079498291016
20170308154842142,0.150789642333984
20170308154842143,-2.96200332641602
20170308154842144,-0.230680084228516
20170308154842145,-0.116239166259766
20170308154842146,-2.93148574829102
20170308154842147,-0.146756744384766
20170308154842148,-0.284085845947266
20170308154842149,-2.90096817016602
20170308154842150,0.181307220458984
20170308154842151,-0.360379791259766
20170308154842152,-2.90859756469727
20170308154842153,-0.0170570373535156
20170308154842154,-0.299344635009766
20170308154842155,-2.83993301391602
20170308154842156,0.257601165771484
20170308154842157,-0.299344635009766
20170308154842158,-2.80941543579102
20170308154842159,0.295748138427734
20170308154842160,-0.581632232666016
20170308154842161,-2.85519180297852
20170308154842162,0.295748138427734
20170308154842163,-0.635037994384766
20170308154842164,-2.89333877563477
20170308154842165,0.410189056396484
20170308154842166,-0.856290435791016
20170308154842167,-2.87045059204102
20170308154842168,0.707735443115234
20170308154842169,-0.985990142822266
20170308154842170,-2.79415664672852
20170308154842171,0.928987884521484
20170308154842172,-1.41323623657227
20170308154842173,-2.55764541625977
20170308154842174,0.677217864990234
20170308154842175,-1.41323623657227
20170308154842176,-2.38216934204102
20170308154842177,0.784029388427734
20170308154842178,-1.68026504516602
20170308154842179,-2.20669326782227
20170308154842180,0.936617279052734
20170308154842181,-1.92440567016602
20170308154842182,-2.26009902954102
20170308154842183,0.669588470458984
20170308154842184,-1.92440567016602
20170308154842185,-2.09225234985352
20170308154842186,0.639070892333984
20170308154842187,-1.95492324829102
20170308154842188,-2.13802871704102
20170308154842189,0.692476654052734
20170308154842190,-2.00069961547852
20170308154842191,-1.92440567016602
20170308154842192,0.661959075927734
20170308154842193,-2.23721084594727
20170308154842194,-1.67263565063477
20170308154842195,0.990023040771484
20170308154842196,-2.30587539672852
20170308154842197,-1.58871231079102
20170308154842198,0.852693939208984
20170308154842199,-2.65682754516602
20170308154842200,-1.37508926391602
20170308154842201,0.616182708740234
20170308154842202,-2.67971572875977
20170308154842203,-1.40560684204102
20170308154842204,0.646700286865234
20170308154842205,-2.87807998657227
20170308154842206,-1.16909561157227
20170308154842207,0.494112396240234
20170308154842208,-2.84756240844727
20170308154842209,-1.18435440063477
20170308154842210,0.539888763427734
20170308154842211,-2.96963272094727
20170308154842212,-1.14620742797852
20170308154842213,0.517000579833984
20170308154842214,-2.94674453735352
20170308154842215,-1.16146621704102
20170308154842216,0.517000579833984
20170308154842217,-3.01540908813477
20170308154842218,-1.00887832641602
20170308154842219,0.654329681396484
20170308154842220,-2.96200332641602
20170308154842221,-0.985990142822266
20170308154842222,0.303377532958984
20170308154842223,-2.91622695922852
20170308154842224,-1.13094863891602
20170308154842225,0.768770599365234
20170308154842226,-2.91622695922852
20170308154842227,-1.11568984985352
20170308154842228,0.539888763427734
20170308154842229,-2.93911514282227
20170308154842230,-0.856290435791016
20170308154842231,0.593294525146484
20170308154842232,-2.96200332641602
20170308154842233,-0.894437408447266
20170308154842234,0.356783294677734
20170308154842235,-2.93148574829102
20170308154842236,-0.902066802978516
20170308154842237,0.555147552490234
20170308154842238,-2.92385635375977
20170308154842239,-0.886808013916016
20170308154842240,0.517000579833984
20170308154842241,-2.90859756469727
20170308154842242,-0.932584381103516
20170308154842243,0.410189056396484
20170308154842244,-2.96963272094727
20170308154842245,-1.06228408813477
20170308154842246,0.448336029052734
20170308154842247,-2.93911514282227
20170308154842248,-1.11568984985352
20170308154842249,0.417818450927734
20170308154842250,-2.93911514282227
20170308154842251,-1.15383682250977
20170308154842252,0.455965423583984
20170308154842253,-2.97726211547852
20170308154842254,-1.06991348266602
20170308154842255,0.440706634521484
20170308154842256,-2.93148574829102
20170308154842257,-0.993619537353516
20170308154842258,0.425447845458984
20170308154842259,-2.92385635375977
20170308154842260,-0.589261627197266
20170308154842261,0.349153900146484
20170308154842262,-3.03066787719727
20170308154842263,-0.574002838134766
20170308154842264,0.188936614990234
20170308154842265,-3.02303848266602
20170308154842266,-0.703702545166016
20170308154842267,0.326265716552734
20170308154842268,-2.93148574829102
20170308154842269,-0.497708892822266
20170308154842270,0.112642669677734
20170308154842271,-2.91622695922852
20170308154842272,-0.360379791259766
20170308154842273,0.127901458740234
20170308154842274,-2.90859756469727
20170308154842275,-0.215421295166016
20170308154842276,-0.223050689697266
20170308154842277,-2.92385635375977
20170308154842278,0.0516075134277344
20170308154842279,-0.406156158447266
20170308154842280,-2.86282119750977
20170308154842281,-0.0017982482910156
20170308154842282,-0.390897369384766
20170308154842283,-3.00015029907227
20170308154842284,-0.0552040100097656
20170308154842285,-0.268827056884766
20170308154842286,-2.90859756469727
20170308154842287,0.0821250915527344
20170308154842288,-0.444303131103516
20170308154842289,-2.83993301391602
20170308154842290,0.517000579833984
20170308154842291,-0.696073150634766
20170308154842292,-2.89333877563477
20170308154842293,0.616182708740234
20170308154842294,-0.917325592041016
20170308154842295,-2.90096817016602
20170308154842296,0.784029388427734
20170308154842297,-1.13857803344727
20170308154842298,-2.69497451782227
20170308154842299,0.814546966552734
20170308154842300,-1.48190078735352
20170308154842301,-2.51949844360352
20170308154842302,0.806917572021484
20170308154842303,-1.61922988891602
20170308154842304,-2.45083389282227
20170308154842305,0.791658782958984
20170308154842306,-1.71841201782227
20170308154842307,-2.34402236938477
20170308154842308,0.776399993896484
20170308154842309,-1.84048233032227
20170308154842310,-2.13039932250977
20170308154842311,0.700106048583984
20170308154842312,-2.01595840454102
20170308154842313,-2.07699356079102
20170308154842314,0.730623626708984
20170308154842315,-2.25246963500977
20170308154842316,-1.76418838500977
20170308154842317,0.837435150146484
20170308154842318,-2.56527481079102
20170308154842319,-1.46664199829102
20170308154842320,0.646700286865234
20170308154842321,-2.71023330688477
20170308154842322,-1.31405410766602
20170308154842323,0.707735443115234
20170308154842324,-3.00015029907227
20170308154842325,-1.00124893188477
20170308154842326,0.410189056396484
20170308154842327,-3.02303848266602
20170308154842328,-0.802884674072266
20170308154842329,0.631441497802734
20170308154842330,-2.95437393188477
20170308154842331,-0.696073150634766
20170308154842332,0.280489349365234
20170308154842333,-3.07644424438477
20170308154842334,-0.490079498291016
20170308154842335,0.150789642333984
20170308154842336,-3.01540908813477
20170308154842337,-0.368009185791016
20170308154842338,-0.0704627990722656
20170308154842339,-3.05355606079102
20170308154842340,-0.322232818603516
20170308154842341,-0.0475746154785156
20170308154842342,-2.96200332641602
20170308154842343,-0.268827056884766
20170308154842344,-0.0628334045410156
20170308154842345,-3.01540908813477
20170308154842346,-0.421414947509766
20170308154842347,0.0287193298339844
20170308154842348,-2.93911514282227
20170308154842349,-0.291715240478516
20170308154842350,-0.162015533447266
20170308154842351,-2.89333877563477
20170308154842352,-0.131497955322266
20170308154842353,-0.0323158264160156
20170308154842354,-2.90859756469727
20170308154842355,-0.238309478759766
20170308154842356,-0.116239166259766
20170308154842357,-2.90096817016602
20170308154842358,-0.116239166259766
20170308154842359,-0.223050689697266
20170308154842360,-2.93148574829102
20170308154842361,-0.116239166259766
20170308154842362,-0.284085845947266
20170308154842363,-2.87045059204102
20170308154842364,-0.0628334045410156
20170308154842365,-0.421414947509766
20170308154842366,-2.86282119750977
20170308154842367,-0.0552040100097656
20170308154842368,-0.360379791259766
20170308154842369,-2.89333877563477
20170308154842370,-0.0399452209472656
20170308154842371,-0.299344635009766
20170308154842372,-2.92385635375977
20170308154842373,0.234712982177734
20170308154842374,-0.390897369384766
20170308154842375,-2.83993301391602
20170308154842376,0.181307220458984
20170308154842377,-0.314603424072266
20170308154842378,-2.89333877563477
20170308154842379,0.448336029052734
20170308154842380,-0.574002838134766
20170308154842381,-2.80941543579102
20170308154842382,0.440706634521484
20170308154842383,-0.612149810791016
20170308154842384,-2.84756240844727
20170308154842385,0.524629974365234
20170308154842386,-0.764737701416016
20170308154842387,-2.83993301391602
20170308154842388,0.501741790771484
20170308154842389,-0.871549224853516
20170308154842390,-2.81704483032227
20170308154842391,0.646700286865234
20170308154842392,-0.917325592041016
20170308154842393,-2.78652725219727
20170308154842394,0.722994232177734
20170308154842395,-1.08517227172852
20170308154842396,-2.81704483032227
20170308154842397,0.852693939208984
20170308154842398,-0.993619537353516
20170308154842399,-2.77126846313477
20170308154842400,0.707735443115234
20170308154842401,-1.15383682250977
20170308154842402,-2.68734512329102
20170308154842403,0.806917572021484
20170308154842404,-1.23776016235352
20170308154842405,-2.64156875610352
20170308154842406,0.784029388427734
20170308154842407,-1.36745986938477
20170308154842408,-2.51949844360352
20170308154842409,1.08157577514648
20170308154842410,-1.45138320922852
20170308154842411,-2.55001602172852
20170308154842412,0.944246673583984
20170308154842413,-1.54293594360352
20170308154842414,-2.49661026000977
20170308154842415,0.761141204833984
20170308154842416,-1.68026504516602
20170308154842417,-2.40505752563477
20170308154842418,0.791658782958984
20170308154842419,-1.84048233032227
20170308154842420,-2.27535781860352
20170308154842421,0.684847259521484
20170308154842422,-1.86337051391602
20170308154842423,-2.21432266235352
20170308154842424,0.745882415771484
20170308154842425,-2.09988174438477
20170308154842426,-2.06936416625977
20170308154842427,0.654329681396484
20170308154842428,-2.12276992797852
20170308154842429,-2.03884658813477
20170308154842430,0.707735443115234
20170308154842431,-2.19143447875977
20170308154842432,-2.03884658813477
20170308154842433,0.745882415771484
20170308154842434,-2.25246963500977
20170308154842435,-1.91677627563477
20170308154842436,0.799288177490234
20170308154842437,-2.21432266235352
20170308154842438,-1.74892959594727
20170308154842439,0.738253021240234
20170308154842440,-2.39742813110352
20170308154842441,-1.50478897094727
20170308154842442,0.753511810302734
20170308154842443,-2.75600967407227
20170308154842444,-1.25301895141602
20170308154842445,0.600923919677734
20170308154842446,-2.97726211547852
20170308154842447,-1.10043106079102
20170308154842448,0.578035736083984
20170308154842449,-2.97726211547852
20170308154842450,-0.841031646728516
20170308154842451,0.593294525146484
20170308154842452,-2.90859756469727
20170308154842453,-0.818143463134766
20170308154842454,0.410189056396484
20170308154842455,-2.94674453735352
20170308154842456,-0.619779205322266
20170308154842457,0.494112396240234
20170308154842458,-2.93148574829102
20170308154842459,-0.482450103759766
20170308154842460,0.150789642333984
20170308154842461,-3.00015029907227
20170308154842462,-0.291715240478516
20170308154842463,-0.0246864318847656
20170308154842464,-2.94674453735352
20170308154842465,-0.261197662353516
20170308154842466,-0.215421295166016
20170308154842467,-2.93911514282227
20170308154842468,-0.261197662353516
20170308154842469,-0.223050689697266
20170308154842470,-2.97726211547852
20170308154842471,0.0744956970214844
20170308154842472,-0.284085845947266
20170308154842473,-2.91622695922852
20170308154842474,0.0058311462402344
20170308154842475,-0.291715240478516
20170308154842476,-2.90859756469727
20170308154842477,-0.131497955322266
20170308154842478,-0.215421295166016
20170308154842479,-2.93911514282227
20170308154842480,-0.169644927978516
20170308154842481,-0.238309478759766
20170308154842482,-2.93911514282227
20170308154842483,0.120272064208984
20170308154842484,-0.322232818603516
20170308154842485,-2.85519180297852
20170308154842486,0.249971771240234
20170308154842487,-0.451932525634766
20170308154842488,-2.86282119750977
20170308154842489,0.532259368896484
20170308154842490,-0.764737701416016
20170308154842491,-2.87045059204102
20170308154842492,0.486483001708984
20170308154842493,-0.795255279541016
20170308154842494,-2.95437393188477
20170308154842495,0.722994232177734
20170308154842496,-0.985990142822266
20170308154842497,-2.80941543579102
20170308154842498,0.761141204833984
20170308154842499,-1.08517227172852
20170308154842500,-2.82467422485352
20170308154842501,0.623812103271484
20170308154842502,-0.863919830322266
20170308154842503,-2.80178604125977
20170308154842504,0.585665130615234
20170308154842505,-0.993619537353516
20170308154842506,-2.86282119750977
20170308154842507,0.883211517333984
20170308154842508,-1.10043106079102
20170308154842509,-2.72549209594727
20170308154842510,0.707735443115234
20170308154842511,-1.14620742797852
20170308154842512,-2.74075088500977
20170308154842513,0.654329681396484
20170308154842514,-1.08517227172852
20170308154842515,-2.80178604125977
20170308154842516,0.585665130615234
20170308154842517,-1.11568984985352
20170308154842518,-2.67971572875977
20170308154842519,0.753511810302734
20170308154842520,-1.12331924438477
20170308154842521,-2.70260391235352
20170308154842522,1.04342880249023
20170308154842523,-1.22250137329102
20170308154842524,-2.67971572875977
20170308154842525,0.822176361083984
20170308154842526,-1.22250137329102
20170308154842527,-2.59579238891602
20170308154842528,0.837435150146484
20170308154842529,-1.29879531860352
20170308154842530,-2.57290420532227
20170308154842531,0.776399993896484
20170308154842532,-1.50478897094727
20170308154842533,-2.64156875610352
20170308154842534,0.745882415771484
20170308154842535,-1.42086563110352
20170308154842536,-2.58053359985352
20170308154842537,0.761141204833984
20170308154842538,-1.39034805297852
20170308154842539,-2.55001602172852
20170308154842540,0.814546966552734
20170308154842541,-1.58108291625977
20170308154842542,-2.52712783813477
20170308154842543,0.707735443115234
20170308154842544,-1.75655899047852
20170308154842545,-2.45846328735352
20170308154842546,0.677217864990234
20170308154842547,-1.73367080688477
20170308154842548,-2.40505752563477
20170308154842549,0.890840911865234
20170308154842550,-1.69552383422852
20170308154842551,-2.35165176391602
20170308154842552,0.852693939208984
20170308154842553,-1.81759414672852
20170308154842554,-2.16854629516602
20170308154842555,0.852693939208984
20170308154842556,-2.01595840454102
20170308154842557,-1.94729385375977
20170308154842558,0.852693939208984
20170308154842559,-2.26772842407227
20170308154842560,-1.82522354125977
20170308154842561,0.684847259521484
20170308154842562,-2.33639297485352
20170308154842563,-1.95492324829102
20170308154842564,0.623812103271484
20170308154842565,-2.20669326782227
20170308154842566,-2.00832901000977
20170308154842567,0.623812103271484
20170308154842568,-1.97018203735352
20170308154842569,-2.06173477172852
20170308154842570,0.593294525146484
20170308154842571,-1.97781143188477
20170308154842572,-2.11514053344727
20170308154842573,0.684847259521484
20170308154842574,-2.09988174438477
20170308154842575,-1.82522354125977
20170308154842576,0.867952728271484
20170308154842577,-2.22195205688477
20170308154842578,-1.70315322875977
20170308154842579,0.928987884521484
20170308154842580,-2.35928115844727
20170308154842581,-1.51241836547852
20170308154842582,0.684847259521484
20170308154842583,-2.73312149047852
20170308154842584,-1.38271865844727
20170308154842585,0.616182708740234
20170308154842586,-2.87807998657227
20170308154842587,-0.985990142822266
20170308154842588,0.517000579833984
20170308154842589,-3.00777969360352
20170308154842590,-0.741849517822266
20170308154842591,0.517000579833984
20170308154842592,-2.93148574829102
20170308154842593,-0.825772857666016
20170308154842594,0.410189056396484
20170308154842595,-3.05355606079102
20170308154842596,-0.650296783447266
20170308154842597,0.349153900146484
20170308154842598,-3.01540908813477
20170308154842599,-0.482450103759766
20170308154842600,0.0897544860839844
20170308154842601,-2.98489151000977
20170308154842602,-0.268827056884766
20170308154842603,-0.0704627990722656
20170308154842604,-2.91622695922852
20170308154842605,-0.0323158264160156
20170308154842606,-0.200162506103516
20170308154842607,-2.89333877563477
20170308154842608,0.181307220458984
20170308154842609,-0.352750396728516
20170308154842610,-2.84756240844727
20170308154842611,0.547518157958984
20170308154842612,-0.718961334228516
20170308154842613,-2.83993301391602
20170308154842614,0.600923919677734
20170308154842615,-0.985990142822266
20170308154842616,-2.83230361938477
20170308154842617,0.692476654052734
20170308154842618,-0.818143463134766
20170308154842619,-2.79415664672852
20170308154842620,0.898470306396484
20170308154842621,-1.32168350219727
20170308154842622,-2.66445693969727
20170308154842623,0.784029388427734
20170308154842624,-1.32168350219727
20170308154842625,-2.55001602172852
20170308154842626,0.761141204833984
20170308154842627,-1.56582412719727
20170308154842628,-2.42031631469727
20170308154842629,0.646700286865234
20170308154842630,-1.75655899047852
20170308154842631,-2.16091690063477
20170308154842632,0.684847259521484
20170308154842633,-2.05410537719727
20170308154842634,-2.10751113891602
20170308154842635,0.715364837646484
20170308154842636,-2.19143447875977
20170308154842637,-2.12276992797852
20170308154842638,0.776399993896484
20170308154842639,-2.08462295532227
20170308154842640,-2.04647598266602
20170308154842641,0.921358489990234
20170308154842642,-2.22195205688477
20170308154842643,-1.77181777954102
20170308154842644,0.646700286865234
20170308154842645,-2.31350479125977
20170308154842646,-1.76418838500977
20170308154842647,0.700106048583984
20170308154842648,-2.41268692016602
20170308154842649,-1.64974746704102
20170308154842650,0.784029388427734
20170308154842651,-2.37453994750977
20170308154842652,-1.66500625610352
20170308154842653,0.684847259521484
20170308154842654,-2.42794570922852
20170308154842655,-1.61922988891602
20170308154842656,0.616182708740234
20170308154842657,-2.32876358032227
20170308154842658,-1.69552383422852
20170308154842659,0.814546966552734
20170308154842660,-2.65682754516602
20170308154842661,-1.43612442016602
20170308154842662,0.524629974365234
20170308154842663,-2.58053359985352
20170308154842664,-1.48953018188477
20170308154842665,0.753511810302734
20170308154842666,-2.90096817016602
20170308154842667,-1.25301895141602
20170308154842668,0.455965423583984
20170308154842669,-2.91622695922852
20170308154842670,-1.21487197875977
20170308154842671,0.433077239990234
20170308154842672,-2.81704483032227
20170308154842673,-1.36745986938477
20170308154842674,0.799288177490234
20170308154842675,-2.77126846313477
20170308154842676,-1.43612442016602
20170308154842677,0.585665130615234
20170308154842678,-2.74075088500977
20170308154842679,-1.48953018188477
20170308154842680,0.677217864990234
20170308154842681,-2.59579238891602
20170308154842682,-1.45901260375977
20170308154842683,0.593294525146484
20170308154842684,-2.47372207641602
20170308154842685,-1.54293594360352
20170308154842686,0.684847259521484
20170308154842687,-2.56527481079102
20170308154842688,-1.39034805297852
20170308154842689,0.593294525146484
20170308154842690,-2.51186904907227
20170308154842691,-1.62685928344727
20170308154842692,0.654329681396484
20170308154842693,-2.55764541625977
20170308154842694,-1.44375381469727
20170308154842695,0.768770599365234
20170308154842696,-2.64156875610352
20170308154842697,-1.39797744750977
20170308154842698,0.532259368896484
20170308154842699,-2.50423965454102
20170308154842700,-1.54293594360352
20170308154842701,0.715364837646484
20170308154842702,-2.58816299438477
20170308154842703,-1.43612442016602
20170308154842704,0.578035736083984
20170308154842705,-2.42031631469727
20170308154842706,-1.53530654907227
20170308154842707,0.661959075927734
20170308154842708,-2.61105117797852
20170308154842709,-1.39034805297852
20170308154842710,0.539888763427734
20170308154842711,-2.72549209594727
20170308154842712,-1.30642471313477
20170308154842713,0.654329681396484
20170308154842714,-2.92385635375977
20170308154842715,-1.12331924438477
20170308154842716,0.509371185302734
20170308154842717,-3.06881484985352
20170308154842718,-0.909696197509766
20170308154842719,0.433077239990234
20170308154842720,-2.96963272094727
20170308154842721,-0.902066802978516
20170308154842722,0.471224212646484
20170308154842723,-2.96963272094727
20170308154842724,-0.642667388916016
20170308154842725,0.288118743896484
20170308154842726,-2.94674453735352
20170308154842727,-0.436673736572266
20170308154842728,0.204195404052734
20170308154842729,-2.98489151000977
20170308154842730,-0.406156158447266
20170308154842731,0.135530853271484
20170308154842732,-2.93148574829102
20170308154842733,-0.261197662353516
20170308154842734,-0.0704627990722656
20170308154842735,-2.98489151000977
20170308154842736,0.0821250915527344
20170308154842737,-0.314603424072266
20170308154842738,-2.93148574829102
20170308154842739,0.349153900146484
20170308154842740,-0.650296783447266
20170308154842741,-2.83993301391602
20170308154842742,0.570406341552734
20170308154842743,-0.841031646728516
20170308154842744,-2.86282119750977
20170308154842745,0.715364837646484
20170308154842746,-0.856290435791016
20170308154842747,-2.80941543579102
20170308154842748,0.738253021240234
20170308154842749,-1.07754287719727
20170308154842750,-2.83230361938477
20170308154842751,0.806917572021484
20170308154842752,-1.04702529907227
20170308154842753,-2.68734512329102
20170308154842754,0.745882415771484
20170308154842755,-1.13857803344727
20170308154842756,-2.61868057250977
20170308154842757,0.799288177490234
20170308154842758,-1.35220108032227
20170308154842759,-2.45083389282227
20170308154842760,0.768770599365234
20170308154842761,-1.61922988891602
20170308154842762,-2.38979873657227
20170308154842763,0.837435150146484
20170308154842764,-1.66500625610352
20170308154842765,-2.28298721313477
20170308154842766,0.578035736083984
20170308154842767,-1.92440567016602
20170308154842768,-2.35928115844727
20170308154842769,0.776399993896484
20170308154842770,-1.95492324829102
20170308154842771,-2.18380508422852
20170308154842772,0.654329681396484
20170308154842773,-2.08462295532227
20170308154842774,-1.93966445922852
20170308154842775,0.944246673583984
20170308154842776,-2.24484024047852
20170308154842777,-1.94729385375977
20170308154842778,0.684847259521484
20170308154842779,-2.23721084594727
20170308154842780,-1.83285293579102
20170308154842781,0.799288177490234
20170308154842782,-2.40505752563477
20170308154842783,-1.53530654907227
20170308154842784,0.784029388427734
20170308154842785,-2.56527481079102
20170308154842786,-1.41323623657227
20170308154842787,0.776399993896484
20170308154842788,-2.99252090454102
20170308154842789,-1.16909561157227
20170308154842790,0.639070892333984
20170308154842791,-3.00015029907227
20170308154842792,-0.924954986572266
20170308154842793,0.471224212646484
20170308154842794,-3.00777969360352
20170308154842795,-0.535855865478516
20170308154842796,0.356783294677734
20170308154842797,-2.93911514282227
20170308154842798,-0.604520416259766
20170308154842799,0.272859954833984
20170308154842800,-2.95437393188477
20170308154842801,-0.779996490478516
20170308154842802,0.341524505615234
20170308154842803,-2.95437393188477
20170308154842804,-0.772367095947266
20170308154842805,0.326265716552734
20170308154842806,-2.93911514282227
20170308154842807,-0.848661041259766
20170308154842808,0.303377532958984
20170308154842809,-2.97726211547852
20170308154842810,-0.718961334228516
20170308154842811,0.539888763427734
20170308154842812,-2.90096817016602
20170308154842813,-0.665555572509766
20170308154842814,0.249971771240234
20170308154842815,-2.96200332641602
20170308154842816,-0.505338287353516
20170308154842817,0.0668663024902344
20170308154842818,-3.06118545532227
20170308154842819,-0.116239166259766
20170308154842820,0.0668663024902344
20170308154842821,-2.94674453735352
20170308154842822,-0.162015533447266
20170308154842823,-0.238309478759766
20170308154842824,-2.84756240844727
20170308154842825,-0.223050689697266
20170308154842826,0.0744956970214844
20170308154842827,-2.93911514282227
20170308154842828,-0.421414947509766
20170308154842829,-0.0323158264160156
20170308154842830,-2.93911514282227
20170308154842831,-0.184903717041016
20170308154842832,0.0134605407714844
20170308154842833,-2.91622695922852
20170308154842834,-0.276456451416016
20170308154842835,-0.169644927978516
20170308154842836,-2.95437393188477
20170308154842837,-0.0552040100097656
20170308154842838,-0.268827056884766
20170308154842839,-2.94674453735352
20170308154842840,-0.253568267822266
20170308154842841,0.0821250915527344
20170308154842842,-2.97726211547852
20170308154842843,-0.200162506103516
20170308154842844,-0.169644927978516
20170308154842845,-2.95437393188477
20170308154842846,0.0821250915527344
20170308154842847,-0.345121002197266
20170308154842848,-2.85519180297852
20170308154842849,0.105013275146484
20170308154842850,-0.451932525634766
20170308154842851,-2.93911514282227
20170308154842852,0.257601165771484
20170308154842853,-0.337491607666016
20170308154842854,-2.88570938110352
20170308154842855,0.303377532958984
20170308154842856,-0.451932525634766
20170308154842857,-2.82467422485352
20170308154842858,0.600923919677734
20170308154842859,-0.512967681884766
20170308154842860,-2.78652725219727
20170308154842861,0.425447845458984
20170308154842862,-0.818143463134766
20170308154842863,-2.83230361938477
20170308154842864,0.753511810302734
20170308154842865,-0.894437408447266
20170308154842866,-2.80178604125977
20170308154842867,0.684847259521484
20170308154842868,-0.787625885009766
20170308154842869,-2.74075088500977
20170308154842870,0.852693939208984
20170308154842871,-0.970731353759766
20170308154842872,-2.82467422485352
20170308154842873,0.623812103271484
20170308154842874,-0.970731353759766
20170308154842875,-2.80941543579102
20170308154842876,0.860323333740234
20170308154842877,-0.970731353759766
20170308154842878,-2.78652725219727
20170308154842879,0.799288177490234
20170308154842880,-1.23013076782227
20170308154842881,-2.66445693969727
20170308154842882,0.822176361083984
20170308154842883,-1.35983047485352
20170308154842884,-2.55764541625977
20170308154842885,0.928987884521484
20170308154842886,-1.47427139282227
20170308154842887,-2.48898086547852
20170308154842888,0.722994232177734
20170308154842889,-1.68789443969727
20170308154842890,-2.29824600219727
20170308154842891,0.745882415771484
20170308154842892,-1.81759414672852
20170308154842893,-2.09988174438477
20170308154842894,0.722994232177734
20170308154842895,-2.11514053344727
20170308154842896,-1.95492324829102
20170308154842897,0.928987884521484
20170308154842898,-2.31350479125977
20170308154842899,-1.71841201782227
20170308154842900,0.707735443115234
20170308154842901,-2.53475723266602
20170308154842902,-1.32168350219727
20170308154842903,0.608553314208984
20170308154842904,-2.48898086547852
20170308154842905,-1.52767715454102
20170308154842906,0.722994232177734
20170308154842907,-2.60342178344727
20170308154842908,-1.37508926391602
20170308154842909,0.761141204833984
20170308154842910,-2.89333877563477
20170308154842911,-1.14620742797852
20170308154842912,0.616182708740234
20170308154842913,-2.95437393188477
20170308154842914,-0.909696197509766
20170308154842915,0.501741790771484
20170308154842916,-2.97726211547852
20170308154842917,-0.451932525634766
20170308154842918,0.249971771240234
20170308154842919,-2.99252090454102
20170308154842920,-0.497708892822266
20170308154842921,0.105013275146484
20170308154842922,-3.03829727172852
20170308154842923,-0.268827056884766
20170308154842924,-0.0246864318847656
20170308154842925,-2.96963272094727
20170308154842926,0.0973838806152344
20170308154842927,-0.0475746154785156
20170308154842928,-2.91622695922852
20170308154842929,0.0210899353027344
20170308154842930,-0.177274322509766
20170308154842931,-2.95437393188477
20170308154842932,0.0973838806152344
20170308154842933,-0.390897369384766
20170308154842934,-2.88570938110352
20170308154842935,0.0516075134277344
20170308154842936,-0.345121002197266
20170308154842937,-2.95437393188477
20170308154842938,0.105013275146484
20170308154842939,-0.200162506103516
20170308154842940,-2.86282119750977
20170308154842941,0.120272064208984
20170308154842942,-0.451932525634766
20170308154842943,-2.86282119750977
20170308154842944,0.158419036865234
20170308154842945,-0.451932525634766
20170308154842946,-2.86282119750977
20170308154842947,0.135530853271484
20170308154842948,-0.482450103759766
20170308154842949,-2.90096817016602
20170308154842950,0.0058311462402344
20170308154842951,-0.444303131103516
20170308154842952,-2.89333877563477
20170308154842953,0.341524505615234
20170308154842954,-0.551114654541016
20170308154842955,-2.81704483032227
20170308154842956,0.509371185302734
20170308154842957,-0.680814361572266
20170308154842958,-2.83993301391602
20170308154842959,0.471224212646484
20170308154842960,-0.688443756103516
20170308154842961,-2.86282119750977
20170308154842962,0.517000579833984
20170308154842963,-0.795255279541016
20170308154842964,-2.80178604125977
20170308154842965,0.669588470458984
20170308154842966,-0.955472564697266
20170308154842967,-2.79415664672852
20170308154842968,0.745882415771484
20170308154842969,-1.05465469360352
20170308154842970,-2.80178604125977
20170308154842971,0.578035736083984
20170308154842972,-0.894437408447266
20170308154842973,-2.81704483032227
20170308154842974,0.890840911865234
20170308154842975,-1.04702529907227
20170308154842976,-2.76363906860352
20170308154842977,0.692476654052734
20170308154842978,-0.940213775634766
20170308154842979,-2.77889785766602
20170308154842980,0.631441497802734
20170308154842981,-1.07754287719727
20170308154842982,-2.75600967407227
20170308154842983,0.761141204833984
20170308154842984,-0.993619537353516
20170308154842985,-2.71023330688477
20170308154842986,0.906099700927734
20170308154842987,-1.11568984985352
20170308154842988,-2.67971572875977
20170308154842989,0.692476654052734
20170308154842990,-1.17672500610352
20170308154842991,-2.75600967407227
20170308154842992,0.822176361083984
20170308154842993,-1.22250137329102
20170308154842994,-2.69497451782227
20170308154842995,0.768770599365234
20170308154842996,-1.37508926391602
20170308154842997,-2.61105117797852
20170308154842998,0.799288177490234
20170308154842999,-1.41323623657227
20170308154843000,-2.52712783813477
20170308154843001,0.806917572021484
20170308154843002,-1.54293594360352
20170308154843003,-2.46609268188477
20170308154843004,0.784029388427734
20170308154843005,-1.64211807250977
20170308154843006,-2.38979873657227
20170308154843007,0.745882415771484
20170308154843008,-1.66500625610352
20170308154843009,-2.23721084594727
20170308154843010,0.684847259521484
20170308154843011,-1.91677627563477
20170308154843012,-2.19143447875977
20170308154843013,0.600923919677734
20170308154843014,-1.94729385375977
20170308154843015,-2.17617568969727
20170308154843016,0.616182708740234
20170308154843017,-2.06936416625977
20170308154843018,-1.97018203735352
20170308154843019,0.738253021240234
20170308154843020,-2.26772842407227
20170308154843021,-1.84811172485352
20170308154843022,0.722994232177734
20170308154843023,-2.34402236938477
20170308154843024,-1.68026504516602
20170308154843025,0.761141204833984
20170308154843026,-2.40505752563477
20170308154843027,-1.64974746704102
20170308154843028,0.715364837646484
20170308154843029,-2.64156875610352
20170308154843030,-1.38271865844727
20170308154843031,0.608553314208984
20170308154843032,-2.56527481079102
20170308154843033,-1.52004776000977
20170308154843034,0.555147552490234
20170308154843035,-2.55001602172852
20170308154843036,-1.52004776000977
20170308154843037,0.692476654052734
20170308154843038,-2.44320449829102
20170308154843039,-1.42849502563477
20170308154843040,0.623812103271484
20170308154843041,-2.61105117797852
20170308154843042,-1.43612442016602
20170308154843043,0.738253021240234
20170308154843044,-2.93911514282227
20170308154843045,-1.19961318969727
20170308154843046,0.539888763427734
20170308154843047,-3.04592666625977
20170308154843048,-0.772367095947266
20170308154843049,0.394930267333984
20170308154843050,-2.98489151000977
20170308154843051,-0.589261627197266
20170308154843052,0.425447845458984
20170308154843053,-3.01540908813477
20170308154843054,-0.474820709228516
20170308154843055,0.0973838806152344
20170308154843056,-2.96963272094727
20170308154843057,-0.299344635009766
20170308154843058,-0.131497955322266
20170308154843059,-2.99252090454102
20170308154843060,0.0439781188964844
20170308154843061,-0.375638580322266
20170308154843062,-2.94674453735352
20170308154843063,0.288118743896484
20170308154843064,-0.360379791259766
20170308154843065,-2.90859756469727
20170308154843066,0.303377532958984
20170308154843067,-0.566373443603516
20170308154843068,-2.88570938110352
20170308154843069,0.249971771240234
20170308154843070,-0.596891021728516
20170308154843071,-2.82467422485352
20170308154843072,0.311006927490234
20170308154843073,-0.680814361572266
20170308154843074,-2.80178604125977
20170308154843075,0.288118743896484
20170308154843076,-0.329862213134766
20170308154843077,-2.86282119750977
20170308154843078,0.372042083740234
20170308154843079,-0.619779205322266
20170308154843080,-2.89333877563477
20170308154843081,0.517000579833984
20170308154843082,-0.818143463134766
20170308154843083,-2.89333877563477
20170308154843084,0.639070892333984
20170308154843085,-0.726590728759766
20170308154843086,-2.77889785766602
20170308154843087,0.661959075927734
20170308154843088,-0.963101959228516
20170308154843089,-2.89333877563477
20170308154843090,0.639070892333984
20170308154843091,-1.10043106079102
20170308154843092,-2.79415664672852
20170308154843093,0.845064544677734
20170308154843094,-1.12331924438477
20170308154843095,-2.57290420532227
20170308154843096,0.837435150146484
20170308154843097,-1.61160049438477
20170308154843098,-2.42031631469727
20170308154843099,0.692476654052734
20170308154843100,-1.96255264282227
20170308154843101,-2.35165176391602
20170308154843102,0.967134857177734
20170308154843103,-1.84048233032227
20170308154843104,-2.21432266235352
20170308154843105,0.608553314208984
20170308154843106,-1.99307022094727
20170308154843107,-2.13802871704102
20170308154843108,0.608553314208984
20170308154843109,-1.87099990844727
20170308154843110,-2.08462295532227
20170308154843111,0.837435150146484
20170308154843112,-2.32876358032227
20170308154843113,-1.74892959594727
20170308154843114,0.616182708740234
20170308154843115,-2.40505752563477
20170308154843116,-1.81759414672852
20170308154843117,0.692476654052734
20170308154843118,-2.38216934204102
20170308154843119,-1.87099990844727
20170308154843120,0.784029388427734
20170308154843121,-2.23721084594727
20170308154843122,-1.99307022094727
20170308154843123,0.539888763427734
20170308154843124,-2.04647598266602
20170308154843125,-2.09988174438477
20170308154843126,0.517000579833984
20170308154843127,-1.80233535766602
20170308154843128,-2.33639297485352
20170308154843129,0.654329681396484
20170308154843130,-1.71841201782227
20170308154843131,-2.44320449829102
20170308154843132,0.722994232177734
20170308154843133,-1.58108291625977
20170308154843134,-2.42794570922852
20170308154843135,0.738253021240234
20170308154843136,-1.74130020141602
20170308154843137,-2.47372207641602
20170308154843138,0.661959075927734
20170308154843139,-1.61922988891602
20170308154843140,-2.35165176391602
20170308154843141,0.753511810302734
20170308154843142,-1.76418838500977
20170308154843143,-2.25246963500977
20170308154843144,0.677217864990234
20170308154843145,-1.89388809204102
20170308154843146,-2.24484024047852
20170308154843147,0.715364837646484
20170308154843148,-2.13039932250977
20170308154843149,-2.03121719360352
20170308154843150,0.616182708740234
20170308154843151,-2.21432266235352
20170308154843152,-1.85574111938477
20170308154843153,0.875582122802734
20170308154843154,-2.40505752563477
20170308154843155,-1.64211807250977
20170308154843156,0.715364837646484
20170308154843157,-2.58053359985352
20170308154843158,-1.48190078735352
20170308154843159,0.616182708740234
20170308154843160,-2.40505752563477
20170308154843161,-1.50478897094727
20170308154843162,0.753511810302734
20170308154843163,-2.70260391235352
20170308154843164,-1.39797744750977
20170308154843165,0.639070892333984
20170308154843166,-2.83993301391602
20170308154843167,-1.26064834594727
20170308154843168,0.501741790771484
20170308154843169,-2.82467422485352
20170308154843170,-1.17672500610352
20170308154843171,0.631441497802734
20170308154843172,-2.98489151000977
20170308154843173,-0.902066802978516
20170308154843174,0.517000579833984
20170308154843175,-3.03066787719727
20170308154843176,-0.589261627197266
20170308154843177,0.326265716552734
20170308154843178,-2.93148574829102
20170308154843179,-0.459561920166016
20170308154843180,0.112642669677734
20170308154843181,-3.03066787719727
20170308154843182,-0.123868560791016
20170308154843183,0.0592369079589844
20170308154843184,-2.87045059204102
20170308154843185,-0.0323158264160156
20170308154843186,-0.192533111572266
20170308154843187,-2.99252090454102
20170308154843188,0.0973838806152344
20170308154843189,-0.337491607666016
20170308154843190,-2.89333877563477
20170308154843191,0.326265716552734
20170308154843192,-0.230680084228516
20170308154843193,-2.79415664672852
20170308154843194,0.486483001708984
20170308154843195,-0.734220123291016
20170308154843196,-2.87807998657227
20170308154843197,0.661959075927734
20170308154843198,-0.978360748291016
20170308154843199,-2.83993301391602
20170308154843200,0.669588470458984
20170308154843201,-1.06228408813477
20170308154843202,-2.72549209594727
20170308154843203,0.753511810302734
20170308154843204,-0.978360748291016
20170308154843205,-2.75600967407227
20170308154843206,0.822176361083984
20170308154843207,-1.20724258422852
20170308154843208,-2.60342178344727
20170308154843209,0.738253021240234
20170308154843210,-1.29116592407227
20170308154843211,-2.47372207641602
20170308154843212,0.745882415771484
20170308154843213,-1.62685928344727
20170308154843214,-2.32113418579102
20170308154843215,0.776399993896484
20170308154843216,-1.83285293579102
20170308154843217,-2.25246963500977
20170308154843218,0.959505462646484
20170308154843219,-1.98544082641602
20170308154843220,-2.17617568969727
20170308154843221,0.722994232177734
20170308154843222,-1.84811172485352
20170308154843223,-2.18380508422852
20170308154843224,0.608553314208984
20170308154843225,-1.71078262329102
20170308154843226,-2.26009902954102
20170308154843227,0.845064544677734
20170308154843228,-1.87862930297852
20170308154843229,-2.24484024047852
20170308154843230,0.616182708740234
20170308154843231,-1.90914688110352
20170308154843232,-2.11514053344727
20170308154843233,0.913729095458984
20170308154843234,-2.10751113891602
20170308154843235,-1.95492324829102
20170308154843236,0.722994232177734
20170308154843237,-2.22195205688477
20170308154843238,-1.87099990844727
20170308154843239,0.677217864990234
20170308154843240,-2.31350479125977
20170308154843241,-1.80996475219727
20170308154843242,0.913729095458984
20170308154843243,-2.28298721313477
20170308154843244,-1.90914688110352
20170308154843245,0.600923919677734
20170308154843246,-2.29061660766602
20170308154843247,-1.80996475219727
20170308154843248,0.684847259521484
20170308154843249,-2.31350479125977
20170308154843250,-1.77944717407227
20170308154843251,0.677217864990234
20170308154843252,-2.38216934204102
20170308154843253,-1.69552383422852
20170308154843254,0.829805755615234
20170308154843255,-2.42794570922852
20170308154843256,-1.60397109985352
20170308154843257,0.677217864990234
20170308154843258,-2.36691055297852
20170308154843259,-1.68026504516602
20170308154843260,0.921358489990234
20170308154843261,-2.35928115844727
20170308154843262,-1.75655899047852
20170308154843263,0.784029388427734
20170308154843264,-2.30587539672852
20170308154843265,-1.76418838500977
20170308154843266,0.799288177490234
20170308154843267,-2.38216934204102
20170308154843268,-1.72604141235352
20170308154843269,0.761141204833984
20170308154843270,-2.51949844360352
20170308154843271,-1.43612442016602
20170308154843272,0.631441497802734
20170308154843273,-2.64156875610352
20170308154843274,-1.39034805297852
20170308154843275,0.639070892333984
20170308154843276,-2.56527481079102
20170308154843277,-1.33694229125977
20170308154843278,0.555147552490234
20170308154843279,-2.77126846313477
20170308154843280,-1.21487197875977
20170308154843281,0.562776947021484
20170308154843282,-2.76363906860352
20170308154843283,-1.19961318969727
20170308154843284,0.768770599365234
20170308154843285,-2.65682754516602
20170308154843286,-1.32168350219727
20170308154843287,0.608553314208984
20170308154843288,-2.51949844360352
20170308154843289,-1.50478897094727
20170308154843290,0.700106048583984
20170308154843291,-2.51186904907227
20170308154843292,-1.35220108032227
20170308154843293,0.677217864990234
20170308154843294,-2.55001602172852
20170308154843295,-1.46664199829102
20170308154843296,0.646700286865234
20170308154843297,-2.58816299438477
20170308154843298,-1.35220108032227
20170308154843299,0.700106048583984
20170308154843300,-2.70260391235352
20170308154843301,-1.35983047485352
20170308154843302,0.578035736083984
20170308154843303,-2.48135147094727
20170308154843304,-1.48190078735352
20170308154843305,0.722994232177734
20170308154843306,-2.65682754516602
20170308154843307,-1.33694229125977
20170308154843308,0.776399993896484
20170308154843309,-2.76363906860352
20170308154843310,-1.16146621704102
20170308154843311,0.761141204833984
20170308154843312,-2.91622695922852
20170308154843313,-1.10806045532227
20170308154843314,0.555147552490234
20170308154843315,-2.97726211547852
20170308154843316,-0.810514068603516
20170308154843317,0.410189056396484
20170308154843318,-2.96963272094727
20170308154843319,-0.711331939697266
20170308154843320,0.402559661865234
20170308154843321,-2.94674453735352
20170308154843322,-0.459561920166016
20170308154843323,0.150789642333984
20170308154843324,-2.90096817016602
20170308154843325,-0.406156158447266
20170308154843326,0.0973838806152344
20170308154843327,-2.88570938110352
20170308154843328,-0.459561920166016
20170308154843329,0.265230560302734
20170308154843330,-2.87807998657227
20170308154843331,-0.436673736572266
20170308154843332,0.219454193115234
20170308154843333,-2.96963272094727
20170308154843334,-0.429044342041016
20170308154843335,0.364412689208984
20170308154843336,-2.93911514282227
20170308154843337,-0.467191314697266
20170308154843338,0.143160247802734
20170308154843339,-2.96200332641602
20170308154843340,-0.360379791259766
20170308154843341,-0.0323158264160156
20170308154843342,-2.90096817016602
20170308154843343,-0.444303131103516
20170308154843344,0.0973838806152344
20170308154843345,-2.95437393188477
20170308154843346,-0.444303131103516
20170308154843347,0.311006927490234
20170308154843348,-3.01540908813477
20170308154843349,-0.375638580322266
20170308154843350,0.0592369079589844
20170308154843351,-2.93148574829102
20170308154843352,-0.192533111572266
20170308154843353,-0.154386138916016
20170308154843354,-2.91622695922852
20170308154843355,0.150789642333984
20170308154843356,-0.345121002197266
20170308154843357,-2.89333877563477
20170308154843358,0.532259368896484
20170308154843359,-0.711331939697266
20170308154843360,-2.85519180297852
20170308154843361,0.646700286865234
20170308154843362,-0.917325592041016
20170308154843363,-2.79415664672852
20170308154843364,0.753511810302734
20170308154843365,-1.21487197875977
20170308154843366,-2.57290420532227
20170308154843367,0.845064544677734
20170308154843368,-1.61922988891602
20170308154843369,-2.37453994750977
20170308154843370,0.684847259521484
20170308154843371,-1.76418838500977
20170308154843372,-2.17617568969727
20170308154843373,0.738253021240234
20170308154843374,-2.03884658813477
20170308154843375,-2.00832901000977
20170308154843376,0.867952728271484
20170308154843377,-2.22958145141602
20170308154843378,-1.72604141235352
20170308154843379,0.730623626708984
20170308154843380,-2.48135147094727
20170308154843381,-1.55056533813477
20170308154843382,0.684847259521484
20170308154843383,-2.74075088500977
20170308154843384,-1.46664199829102
20170308154843385,0.616182708740234
20170308154843386,-2.83230361938477
20170308154843387,-1.26827774047852
20170308154843388,0.768770599365234
20170308154843389,-2.89333877563477
20170308154843390,-1.16909561157227
20170308154843391,0.593294525146484
20170308154843392,-2.93911514282227
20170308154843393,-1.04702529907227
20170308154843394,0.433077239990234
20170308154843395,-2.98489151000977
20170308154843396,-1.04702529907227
20170308154843397,0.425447845458984
20170308154843398,-2.96963272094727
20170308154843399,-0.947843170166016
20170308154843400,0.646700286865234
20170308154843401,-3.01540908813477
20170308154843402,-1.03939590454102
20170308154843403,0.616182708740234
20170308154843404,-3.01540908813477
20170308154843405,-0.696073150634766
20170308154843406,0.379671478271484
20170308154843407,-3.00777969360352
20170308154843408,-0.657926177978516
20170308154843409,0.509371185302734
20170308154843410,-2.85519180297852
20170308154843411,-0.696073150634766
20170308154843412,0.433077239990234
20170308154843413,-2.88570938110352
20170308154843414,-0.665555572509766
20170308154843415,0.509371185302734
20170308154843416,-2.86282119750977
20170308154843417,-0.505338287353516
20170308154843418,0.249971771240234
20170308154843419,-2.87045059204102
20170308154843420,-0.390897369384766
20170308154843421,0.181307220458984
20170308154843422,-2.84756240844727
20170308154843423,-0.306974029541016
20170308154843424,0.0134605407714844
20170308154843425,-2.91622695922852
20170308154843426,-0.154386138916016
20170308154843427,-0.131497955322266
20170308154843428,-2.91622695922852
20170308154843429,-0.360379791259766
20170308154843430,-0.0017982482910156
20170308154843431,-2.93148574829102
20170308154843432,-0.406156158447266
20170308154843433,-0.0552040100097656
20170308154843434,-2.96963272094727
20170308154843435,-0.306974029541016
20170308154843436,-0.0094276428222656
20170308154843437,-2.86282119750977
20170308154843438,-0.0933509826660156
20170308154843439,-0.0857215881347656
20170308154843440,-2.91622695922852
20170308154843441,-0.383267974853516
20170308154843442,0.127901458740234
20170308154843443,-2.91622695922852
20170308154843444,-0.154386138916016
20170308154843445,0.0210899353027344
20170308154843446,-2.91622695922852
20170308154843447,-0.146756744384766
20170308154843448,-0.261197662353516
20170308154843449,-2.87045059204102
20170308154843450,0.112642669677734
20170308154843451,-0.436673736572266
20170308154843452,-2.83230361938477
20170308154843453,0.494112396240234
20170308154843454,-0.352750396728516
20170308154843455,-2.77889785766602
20170308154843456,0.0973838806152344
20170308154843457,-0.467191314697266
20170308154843458,-2.87045059204102
20170308154843459,0.242342376708984
20170308154843460,-0.398526763916016
20170308154843461,-2.84756240844727
20170308154843462,0.112642669677734
20170308154843463,-0.413785552978516
20170308154843464,-2.79415664672852
20170308154843465,0.425447845458984
20170308154843466,-0.474820709228516
20170308154843467,-2.84756240844727
20170308154843468,0.166048431396484
20170308154843469,-0.528226470947266
20170308154843470,-2.87807998657227
20170308154843471,0.448336029052734
20170308154843472,-0.749478912353516
20170308154843473,-2.90096817016602
20170308154843474,0.539888763427734
20170308154843475,-0.810514068603516
20170308154843476,-2.87807998657227
20170308154843477,0.501741790771484
20170308154843478,-0.802884674072266
20170308154843479,-2.89333877563477
20170308154843480,0.471224212646484
20170308154843481,-0.924954986572266
20170308154843482,-2.86282119750977
20170308154843483,0.852693939208984
20170308154843484,-1.07754287719727
20170308154843485,-2.62630996704102
20170308154843486,0.837435150146484
20170308154843487,-1.23776016235352
20170308154843488,-2.66445693969727
20170308154843489,0.784029388427734
20170308154843490,-1.20724258422852
20170308154843491,-2.58816299438477
20170308154843492,0.944246673583984
20170308154843493,-1.19961318969727
20170308154843494,-2.48135147094727
20170308154843495,0.829805755615234
20170308154843496,-1.59634170532227
20170308154843497,-2.39742813110352
20170308154843498,0.700106048583984
20170308154843499,-1.71841201782227
20170308154843500,-2.35928115844727
20170308154843501,0.715364837646484
20170308154843502,-1.88625869750977
20170308154843503,-2.21432266235352
20170308154843504,0.906099700927734
20170308154843505,-1.98544082641602
20170308154843506,-2.00832901000977
20170308154843507,0.959505462646484
20170308154843508,-2.19143447875977
20170308154843509,-1.96255264282227
20170308154843510,0.768770599365234
20170308154843511,-2.20669326782227
20170308154843512,-2.06936416625977
20170308154843513,0.936617279052734
20170308154843514,-2.16091690063477
20170308154843515,-1.84811172485352
20170308154843516,0.768770599365234
20170308154843517,-2.35165176391602
20170308154843518,-1.64211807250977
20170308154843519,0.654329681396484
20170308154843520,-2.54238662719727
20170308154843521,-1.27590713500977
20170308154843522,0.677217864990234
20170308154843523,-2.79415664672852
20170308154843524,-1.17672500610352
20170308154843525,0.799288177490234
20170308154843526,-2.82467422485352
20170308154843527,-1.19961318969727
20170308154843528,0.608553314208984
20170308154843529,-2.87045059204102
20170308154843530,-1.19198379516602
20170308154843531,0.539888763427734
20170308154843532,-2.94674453735352
20170308154843533,-1.05465469360352
20170308154843534,0.433077239990234
20170308154843535,-2.95437393188477
20170308154843536,-0.718961334228516
20170308154843537,0.478853607177734
20170308154843538,-2.93911514282227
20170308154843539,-0.612149810791016
20170308154843540,0.349153900146484
20170308154843541,-2.89333877563477
20170308154843542,-0.360379791259766
20170308154843543,-0.0094276428222656
20170308154843544,-2.87807998657227
20170308154843545,-0.223050689697266
20170308154843546,0.127901458740234
20170308154843547,-2.90859756469727
20170308154843548,-0.184903717041016
20170308154843549,-0.154386138916016
20170308154843550,-2.93148574829102
20170308154843551,-0.0475746154785156
20170308154843552,-0.200162506103516
20170308154843553,-2.91622695922852
20170308154843554,-0.0933509826660156
20170308154843555,-0.306974029541016
20170308154843556,-2.86282119750977
20170308154843557,-0.0857215881347656
20170308154843558,-0.261197662353516
20170308154843559,-2.96200332641602
20170308154843560,0.204195404052734
20170308154843561,-0.459561920166016
20170308154843562,-2.91622695922852
20170308154843563,0.448336029052734
20170308154843564,-0.779996490478516
20170308154843565,-2.86282119750977
20170308154843566,0.745882415771484
20170308154843567,-0.970731353759766
20170308154843568,-2.88570938110352
20170308154843569,0.677217864990234
20170308154843570,-0.985990142822266
20170308154843571,-2.77889785766602
20170308154843572,0.784029388427734
20170308154843573,-1.00887832641602
20170308154843574,-2.73312149047852
20170308154843575,0.776399993896484
20170308154843576,-1.02413711547852
20170308154843577,-2.61105117797852
20170308154843578,1.01291122436523
20170308154843579,-1.16146621704102
20170308154843580,-2.62630996704102
20170308154843581,0.906099700927734
20170308154843582,-1.42086563110352
20170308154843583,-2.51186904907227
20170308154843584,0.875582122802734
20170308154843585,-1.46664199829102
20170308154843586,-2.53475723266602
20170308154843587,0.768770599365234
20170308154843588,-1.33694229125977
20170308154843589,-2.51186904907227
20170308154843590,0.738253021240234
20170308154843591,-1.48190078735352
20170308154843592,-2.49661026000977
20170308154843593,0.730623626708984
20170308154843594,-1.37508926391602
20170308154843595,-2.57290420532227
20170308154843596,0.982393646240234
20170308154843597,-1.26064834594727
20170308154843598,-2.51949844360352
20170308154843599,0.753511810302734
20170308154843600,-1.23776016235352
20170308154843601,-2.55001602172852
20170308154843602,0.799288177490234
20170308154843603,-1.58108291625977
20170308154843604,-2.43557510375977
20170308154843605,0.799288177490234
20170308154843606,-1.71841201782227
20170308154843607,-2.20669326782227
20170308154843608,0.753511810302734
20170308154843609,-1.90151748657227
20170308154843610,-2.06936416625977
20170308154843611,0.852693939208984
20170308154843612,-2.17617568969727
20170308154843613,-1.83285293579102
20170308154843614,0.761141204833984
20170308154843615,-2.27535781860352
20170308154843616,-1.91677627563477
20170308154843617,0.784029388427734
20170308154843618,-2.32876358032227
20170308154843619,-1.80233535766602
20170308154843620,0.715364837646484
20170308154843621,-2.26009902954102
20170308154843622,-1.85574111938477
20170308154843623,0.646700286865234
20170308154843624,-2.06173477172852
20170308154843625,-1.65737686157227
20170308154843626,0.906099700927734
20170308154843627,-2.29824600219727
20170308154843628,-1.39797744750977
20170308154843629,0.722994232177734
20170308154843630,-2.47372207641602
20170308154843631,-1.48190078735352
20170308154843632,0.677217864990234
20170308154843633,-2.73312149047852
20170308154843634,-1.31405410766602
20170308154843635,0.631441497802734
20170308154843636,-2.75600967407227
20170308154843637,-1.14620742797852
20170308154843638,0.738253021240234
20170308154843639,-2.86282119750977
20170308154843640,-1.11568984985352
20170308154843641,0.448336029052734
20170308154843642,-2.90096817016602
20170308154843643,-0.894437408447266
20170308154843644,0.509371185302734
20170308154843645,-3.00015029907227
20170308154843646,-0.635037994384766
20170308154843647,0.417818450927734
20170308154843648,-2.95437393188477
20170308154843649,-0.528226470947266
20170308154843650,0.242342376708984
20170308154843651,-2.96963272094727
20170308154843652,-0.413785552978516
20170308154843653,0.181307220458984
20170308154843654,-3.03829727172852
20170308154843655,-0.306974029541016
20170308154843656,-0.123868560791016
20170308154843657,-2.99252090454102
20170308154843658,-0.0323158264160156
20170308154843659,-0.215421295166016
20170308154843660,-2.92385635375977
20170308154843661,0.0973838806152344
20170308154843662,-0.406156158447266
20170308154843663,-2.87807998657227
20170308154843664,0.311006927490234
20170308154843665,-0.444303131103516
20170308154843666,-2.87045059204102
20170308154843667,0.440706634521484
20170308154843668,-0.375638580322266
20170308154843669,-2.81704483032227
20170308154843670,0.326265716552734
20170308154843671,-0.673184967041016
20170308154843672,-2.83993301391602
20170308154843673,0.433077239990234
20170308154843674,-0.726590728759766
20170308154843675,-2.91622695922852
20170308154843676,0.463594818115234
20170308154843677,-0.802884674072266
20170308154843678,-2.79415664672852
20170308154843679,0.425447845458984
20170308154843680,-0.726590728759766
20170308154843681,-2.83993301391602
20170308154843682,0.669588470458984
20170308154843683,-0.917325592041016
20170308154843684,-2.85519180297852
20170308154843685,0.707735443115234
20170308154843686,-0.970731353759766
20170308154843687,-2.78652725219727
20170308154843688,1.05105819702148
20170308154843689,-1.13094863891602
20170308154843690,-2.75600967407227
20170308154843691,0.799288177490234
20170308154843692,-1.16909561157227
20170308154843693,-2.65682754516602
20170308154843694,0.738253021240234
20170308154843695,-1.19961318969727
20170308154843696,-2.74075088500977
20170308154843697,0.867952728271484
20170308154843698,-1.44375381469727
20170308154843699,-2.59579238891602
20170308154843700,0.677217864990234
20170308154843701,-1.46664199829102
20170308154843702,-2.51949844360352
20170308154843703,0.814546966552734
20170308154843704,-1.68789443969727
20170308154843705,-2.32876358032227
20170308154843706,0.661959075927734
20170308154843707,-1.59634170532227
20170308154843708,-2.33639297485352
20170308154843709,0.936617279052734
20170308154843710,-1.79470596313477
20170308154843711,-2.27535781860352
20170308154843712,0.768770599365234
20170308154843713,-1.76418838500977
20170308154843714,-2.18380508422852
20170308154843715,0.791658782958984
20170308154843716,-1.99307022094727
20170308154843717,-1.93203506469727
20170308154843718,0.906099700927734
20170308154843719,-2.16091690063477
20170308154843720,-1.77181777954102
20170308154843721,0.997652435302734
20170308154843722,-2.28298721313477
20170308154843723,-1.82522354125977
20170308154843724,0.684847259521484
20170308154843725,-2.16854629516602
20170308154843726,-1.97781143188477
20170308154843727,0.646700286865234
20170308154843728,-1.95492324829102
20170308154843729,-2.07699356079102
20170308154843730,0.677217864990234
20170308154843731,-2.00832901000977
20170308154843732,-2.00069961547852
20170308154843733,0.654329681396484
20170308154843734,-2.11514053344727
20170308154843735,-1.87862930297852
20170308154843736,0.722994232177734
20170308154843737,-2.26772842407227
20170308154843738,-1.82522354125977
20170308154843739,0.707735443115234
20170308154843740,-2.24484024047852
20170308154843741,-1.76418838500977
20170308154843742,0.722994232177734
20170308154843743,-2.25246963500977
20170308154843744,-1.68789443969727
20170308154843745,0.768770599365234
20170308154843746,-2.42794570922852
20170308154843747,-1.58108291625977
20170308154843748,0.791658782958984
20170308154843749,-2.48135147094727
20170308154843750,-1.52767715454102
20170308154843751,0.722994232177734
20170308154843752,-2.59579238891602
20170308154843753,-1.32931289672852
20170308154843754,0.639070892333984
20170308154843755,-2.64919815063477
20170308154843756,-1.29879531860352
20170308154843757,0.722994232177734
20170308154843758,-2.86282119750977
20170308154843759,-1.16146621704102
20170308154843760,0.486483001708984
20170308154843761,-2.84756240844727
20170308154843762,-0.932584381103516
20170308154843763,0.387300872802734
20170308154843764,-2.93148574829102
20170308154843765,-1.13857803344727
20170308154843766,0.570406341552734
20170308154843767,-2.90096817016602
20170308154843768,-1.32168350219727
20170308154843769,0.486483001708984
20170308154843770,-2.74075088500977
20170308154843771,-1.29116592407227
20170308154843772,0.646700286865234
20170308154843773,-2.86282119750977
20170308154843774,-1.22250137329102
20170308154843775,0.578035736083984
20170308154843776,-2.89333877563477
20170308154843777,-0.963101959228516
20170308154843778,0.623812103271484
20170308154843779,-2.96200332641602
20170308154843780,-0.749478912353516
20170308154843781,0.356783294677734
20170308154843782,-2.97726211547852
20170308154843783,-0.528226470947266
20170308154843784,0.181307220458984
20170308154843785,-2.96963272094727
20170308154843786,-0.459561920166016
20170308154843787,0.356783294677734
20170308154843788,-2.89333877563477
20170308154843789,-0.451932525634766
20170308154843790,0.0516075134277344
20170308154843791,-2.94674453735352
20170308154843792,-0.169644927978516
20170308154843793,-0.200162506103516
20170308154843794,-2.87045059204102
20170308154843795,0.204195404052734
20170308154843796,-0.429044342041016
20170308154843797,-2.85519180297852
20170308154843798,0.333895111083984
20170308154843799,-0.551114654541016
20170308154843800,-2.80941543579102
20170308154843801,0.394930267333984
20170308154843802,-0.657926177978516
20170308154843803,-2.90096817016602
20170308154843804,0.791658782958984
20170308154843805,-0.833402252197266
20170308154843806,-2.85519180297852
20170308154843807,0.585665130615234
20170308154843808,-0.932584381103516
20170308154843809,-2.80178604125977
20170308154843810,0.761141204833984
20170308154843811,-1.10806045532227
20170308154843812,-2.80941543579102
20170308154843813,0.753511810302734
20170308154843814,-1.13094863891602
20170308154843815,-2.78652725219727
20170308154843816,0.852693939208984
20170308154843817,-1.32931289672852
20170308154843818,-2.59579238891602
20170308154843819,0.944246673583984
20170308154843820,-1.61922988891602
20170308154843821,-2.44320449829102
20170308154843822,0.654329681396484
20170308154843823,-1.71841201782227
20170308154843824,-2.30587539672852
20170308154843825,0.722994232177734
20170308154843826,-1.81759414672852
20170308154843827,-2.03121719360352
20170308154843828,0.654329681396484
20170308154843829,-2.00832901000977
20170308154843830,-2.06173477172852
20170308154843831,0.784029388427734
20170308154843832,-2.18380508422852
20170308154843833,-1.80996475219727
20170308154843834,0.715364837646484
20170308154843835,-2.48135147094727
20170308154843836,-1.52004776000977
20170308154843837,0.745882415771484
20170308154843838,-2.70260391235352
20170308154843839,-1.27590713500977
20170308154843840,0.654329681396484
20170308154843841,-2.84756240844727
20170308154843842,-1.18435440063477
20170308154843843,0.585665130615234
20170308154843844,-2.81704483032227
20170308154843845,-1.14620742797852
20170308154843846,0.562776947021484
20170308154843847,-2.86282119750977
20170308154843848,-1.18435440063477
20170308154843849,0.616182708740234
20170308154843850,-2.71786270141602
20170308154843851,-1.18435440063477
20170308154843852,0.539888763427734
20170308154843853,-2.76363906860352
20170308154843854,-1.17672500610352
20170308154843855,0.509371185302734
20170308154843856,-2.49661026000977
20170308154843857,-1.29879531860352
20170308154843858,0.547518157958984
20170308154843859,-2.88570938110352
20170308154843860,-1.27590713500977
20170308154843861,0.608553314208984
20170308154843862,-2.99252090454102
20170308154843863,-1.09280166625977
20170308154843864,0.501741790771484
20170308154843865,-3.02303848266602
20170308154843866,-1.06228408813477
20170308154843867,0.578035736083984
20170308154843868,-3.05355606079102
20170308154843869,-0.917325592041016
20170308154843870,0.326265716552734
20170308154843871,-2.98489151000977
20170308154843872,-0.970731353759766
20170308154843873,0.608553314208984
20170308154843874,-2.97726211547852
20170308154843875,-0.818143463134766
20170308154843876,0.379671478271484
20170308154843877,-2.88570938110352
20170308154843878,-0.932584381103516
20170308154843879,0.524629974365234
20170308154843880,-2.99252090454102
20170308154843881,-0.917325592041016
20170308154843882,0.448336029052734
20170308154843883,-2.90096817016602
20170308154843884,-0.749478912353516
20170308154843885,0.578035736083984
20170308154843886,-2.86282119750977
20170308154843887,-0.795255279541016
20170308154843888,0.387300872802734
20170308154843889,-2.94674453735352
20170308154843890,-0.696073150634766
20170308154843891,0.364412689208984
20170308154843892,-2.89333877563477
20170308154843893,-0.810514068603516
20170308154843894,0.539888763427734
20170308154843895,-2.90859756469727
20170308154843896,-0.688443756103516
20170308154843897,0.532259368896484
20170308154843898,-2.95437393188477
20170308154843899,-0.650296783447266
20170308154843900,0.410189056396484
20170308154843901,-2.95437393188477
20170308154843902,-0.642667388916016
20170308154843903,0.288118743896484
20170308154843904,-2.91622695922852
20170308154843905,-0.657926177978516
20170308154843906,0.570406341552734
20170308154843907,-2.99252090454102
20170308154843908,-0.574002838134766
20170308154843909,0.379671478271484
20170308154843910,-2.90859756469727
20170308154843911,-0.520597076416016
20170308154843912,0.341524505615234
20170308154843913,-2.96963272094727
20170308154843914,-0.398526763916016
20170308154843915,0.0439781188964844
20170308154843916,-2.94674453735352
20170308154843917,-0.436673736572266
20170308154843918,0.0058311462402344
20170308154843919,-2.98489151000977
20170308154843920,-0.245938873291016
20170308154843921,-0.0399452209472656
20170308154843922,-2.91622695922852
20170308154843923,-0.276456451416016
20170308154843924,-0.0933509826660156
20170308154843925,-2.96963272094727
20170308154843926,-0.0399452209472656
20170308154843927,-0.314603424072266
20170308154843928,-2.89333877563477
20170308154843929,0.387300872802734
20170308154843930,-0.703702545166016
20170308154843931,-2.93148574829102
20170308154843932,0.478853607177734
20170308154843933,-0.856290435791016
20170308154843934,-2.86282119750977
20170308154843935,0.806917572021484
20170308154843936,-1.03176651000977
20170308154843937,-2.83993301391602
20170308154843938,0.837435150146484
20170308154843939,-1.19198379516602
20170308154843940,-2.73312149047852
20170308154843941,0.791658782958984
20170308154843942,-1.28353652954102
20170308154843943,-2.68734512329102
20170308154843944,0.829805755615234
20170308154843945,-1.52004776000977
20170308154843946,-2.57290420532227
20170308154843947,0.639070892333984
20170308154843948,-1.53530654907227
20170308154843949,-2.48898086547852
20170308154843950,0.890840911865234
20170308154843951,-1.93966445922852
20170308154843952,-2.11514053344727
20170308154843953,0.692476654052734
20170308154843954,-2.24484024047852
20170308154843955,-1.97018203735352
20170308154843956,0.761141204833984
20170308154843957,-2.26772842407227
20170308154843958,-1.71078262329102
20170308154843959,0.814546966552734
20170308154843960,-2.48898086547852
20170308154843961,-1.64974746704102
20170308154843962,0.791658782958984
20170308154843963,-2.48898086547852
20170308154843964,-1.50478897094727
20170308154843965,0.677217864990234
20170308154843966,-2.48135147094727
20170308154843967,-1.48190078735352
20170308154843968,0.692476654052734
20170308154843969,-2.54238662719727
20170308154843970,-1.29116592407227
20170308154843971,0.677217864990234
20170308154843972,-2.71023330688477
20170308154843973,-1.33694229125977
20170308154843974,0.715364837646484
20170308154843975,-2.64919815063477
20170308154843976,-1.35983047485352
20170308154843977,0.608553314208984
20170308154843978,-2.72549209594727
20170308154843979,-1.45901260375977
20170308154843980,0.700106048583984
20170308154843981,-2.78652725219727
20170308154843982,-1.26827774047852
20170308154843983,0.616182708740234
20170308154843984,-2.97726211547852
20170308154843985,-0.909696197509766
20170308154843986,0.440706634521484
20170308154843987,-2.96963272094727
20170308154843988,-0.696073150634766
20170308154843989,0.364412689208984
20170308154843990,-2.97726211547852
20170308154843991,-0.734220123291016
20170308154843992,0.478853607177734
20170308154843993,-2.98489151000977
20170308154843994,-0.734220123291016
20170308154843995,0.455965423583984
20170308154843996,-2.93911514282227
20170308154843997,-0.535855865478516
20170308154843998,0.204195404052734
20170308154843999,-2.97726211547852
20170308154844000,-0.467191314697266
20170308154844001,0.0744956970214844
20170308154844002,-2.96200332641602
20170308154844003,-0.329862213134766
20170308154844004,0.0821250915527344
20170308154844005,-2.90859756469727
20170308154844006,-0.276456451416016
20170308154844007,0.143160247802734
20170308154844008,-2.86282119750977
20170308154844009,-0.284085845947266
20170308154844010,-0.0017982482910156
20170308154844011,-2.93911514282227
20170308154844012,-0.368009185791016
20170308154844013,0.120272064208984
20170308154844014,-2.92385635375977
20170308154844015,-0.291715240478516
20170308154844016,0.0210899353027344
20170308154844017,-2.93911514282227
20170308154844018,-0.398526763916016
20170308154844019,0.0592369079589844
20170308154844020,-2.96200332641602
20170308154844021,-0.238309478759766
20170308154844022,-0.139127349853516
20170308154844023,-2.96200332641602
20170308154844024,-0.215421295166016
20170308154844025,-0.0552040100097656
20170308154844026,-2.96963272094727
20170308154844027,-0.360379791259766
20170308154844028,0.0287193298339844
20170308154844029,-2.93911514282227
20170308154844030,-0.345121002197266
20170308154844031,0.0363487243652344
20170308154844032,-2.90859756469727
20170308154844033,-0.490079498291016
20170308154844034,0.196566009521484
20170308154844035,-2.87045059204102
20170308154844036,-0.474820709228516
20170308154844037,0.0973838806152344
20170308154844038,-2.91622695922852
20170308154844039,-0.406156158447266
20170308154844040,0.227083587646484
20170308154844041,-2.90096817016602
20170308154844042,-0.360379791259766
20170308154844043,0.0592369079589844
20170308154844044,-2.95437393188477
20170308154844045,-0.215421295166016
20170308154844046,-0.162015533447266
20170308154844047,-2.91622695922852
20170308154844048,0.0744956970214844
20170308154844049,-0.192533111572266
20170308154844050,-2.81704483032227
20170308154844051,0.166048431396484
20170308154844052,-0.467191314697266
20170308154844053,-2.84756240844727
20170308154844054,0.372042083740234
20170308154844055,-0.467191314697266
20170308154844056,-2.81704483032227
20170308154844057,0.349153900146484
20170308154844058,-0.589261627197266
20170308154844059,-2.93148574829102
20170308154844060,0.127901458740234
20170308154844061,-0.551114654541016
20170308154844062,-2.84756240844727
20170308154844063,0.333895111083984
20170308154844064,-0.596891021728516
20170308154844065,-2.85519180297852
20170308154844066,0.639070892333984
20170308154844067,-0.848661041259766
20170308154844068,-2.87045059204102
20170308154844069,0.700106048583984
20170308154844070,-0.772367095947266
20170308154844071,-2.87045059204102
20170308154844072,0.547518157958984
20170308154844073,-0.825772857666016
20170308154844074,-2.79415664672852
20170308154844075,0.875582122802734
20170308154844076,-0.985990142822266
20170308154844077,-2.71023330688477
20170308154844078,0.776399993896484
20170308154844079,-1.16146621704102
20170308154844080,-2.74075088500977
20170308154844081,0.822176361083984
20170308154844082,-1.35220108032227
20170308154844083,-2.68734512329102
20170308154844084,0.768770599365234
20170308154844085,-1.45901260375977
20170308154844086,-2.51949844360352
20170308154844087,0.791658782958984
20170308154844088,-1.68026504516602
20170308154844089,-2.41268692016602
20170308154844090,0.707735443115234
20170308154844091,-1.67263565063477
20170308154844092,-2.38216934204102
20170308154844093,0.761141204833984
20170308154844094,-1.89388809204102
20170308154844095,-2.03121719360352
20170308154844096,0.791658782958984
20170308154844097,-2.14565811157227
20170308154844098,-1.85574111938477
20170308154844099,0.784029388427734
20170308154844100,-2.35928115844727
20170308154844101,-1.64211807250977
20170308154844102,0.806917572021484
20170308154844103,-2.66445693969727
20170308154844104,-1.35220108032227
20170308154844105,0.616182708740234
20170308154844106,-2.83230361938477
20170308154844107,-1.12331924438477
20170308154844108,0.532259368896484
20170308154844109,-2.96200332641602
20170308154844110,-1.06991348266602
20170308154844111,0.486483001708984
20170308154844112,-3.00777969360352
20170308154844113,-0.787625885009766
20170308154844114,0.303377532958984
20170308154844115,-2.96200332641602
20170308154844116,-0.772367095947266
20170308154844117,0.318636322021484
20170308154844118,-3.00777969360352
20170308154844119,-0.764737701416016
20170308154844120,0.288118743896484
20170308154844121,-2.92385635375977
20170308154844122,-0.764737701416016
20170308154844123,0.494112396240234
20170308154844124,-3.02303848266602
20170308154844125,-0.558744049072266
20170308154844126,0.440706634521484
20170308154844127,-2.93148574829102
20170308154844128,-0.574002838134766
20170308154844129,0.196566009521484
20170308154844130,-2.93911514282227
20170308154844131,-0.253568267822266
20170308154844132,-0.0704627990722656
20170308154844133,-2.95437393188477
20170308154844134,-0.154386138916016
20170308154844135,-0.0170570373535156
20170308154844136,-2.90096817016602
20170308154844137,-0.200162506103516
20170308154844138,-0.0399452209472656
20170308154844139,-2.89333877563477
20170308154844140,-0.207791900634766
20170308154844141,-0.223050689697266
20170308154844142,-2.91622695922852
20170308154844143,-0.0246864318847656
20170308154844144,-0.268827056884766
20170308154844145,-2.92385635375977
20170308154844146,0.211824798583984
20170308154844147,-0.451932525634766
20170308154844148,-2.84756240844727
20170308154844149,0.219454193115234
20170308154844150,-0.459561920166016
20170308154844151,-2.83993301391602
20170308154844152,0.639070892333984
20170308154844153,-0.818143463134766
20170308154844154,-2.83993301391602
20170308154844155,0.539888763427734
20170308154844156,-0.779996490478516
20170308154844157,-2.90096817016602
20170308154844158,0.402559661865234
20170308154844159,-0.711331939697266
20170308154844160,-2.87807998657227
20170308154844161,0.349153900146484
20170308154844162,-0.497708892822266
20170308154844163,-2.86282119750977
20170308154844164,0.509371185302734
20170308154844165,-0.764737701416016
20170308154844166,-2.88570938110352
20170308154844167,0.524629974365234
20170308154844168,-0.917325592041016
20170308154844169,-2.88570938110352
20170308154844170,0.623812103271484
20170308154844171,-0.825772857666016
20170308154844172,-2.90859756469727
20170308154844173,0.265230560302734
20170308154844174,-0.589261627197266
20170308154844175,-2.77126846313477
20170308154844176,0.196566009521484
20170308154844177,-0.421414947509766
20170308154844178,-2.88570938110352
20170308154844179,0.0744956970214844
20170308154844180,-0.429044342041016
20170308154844181,-2.84756240844727
20170308154844182,0.219454193115234
20170308154844183,-0.574002838134766
20170308154844184,-2.92385635375977
20170308154844185,0.517000579833984
20170308154844186,-0.894437408447266
20170308154844187,-2.87045059204102
20170308154844188,0.623812103271484
20170308154844189,-0.932584381103516
20170308154844190,-2.83230361938477
20170308154844191,0.707735443115234
20170308154844192,-1.06228408813477
20170308154844193,-2.83993301391602
20170308154844194,0.883211517333984
20170308154844195,-1.16909561157227
20170308154844196,-2.81704483032227
20170308154844197,0.661959075927734
20170308154844198,-1.06991348266602
20170308154844199,-2.71023330688477
20170308154844200,0.852693939208984
20170308154844201,-1.17672500610352
20170308154844202,-2.61105117797852
20170308154844203,0.799288177490234
20170308154844204,-1.46664199829102
20170308154844205,-2.56527481079102
20170308154844206,0.806917572021484
20170308154844207,-1.67263565063477
20170308154844208,-2.50423965454102
20170308154844209,0.761141204833984
20170308154844210,-1.53530654907227
20170308154844211,-2.42031631469727
20170308154844212,0.730623626708984
20170308154844213,-1.89388809204102
20170308154844214,-2.11514053344727
20170308154844215,0.623812103271484
20170308154844216,-1.99307022094727
20170308154844217,-2.09225234985352
20170308154844218,0.608553314208984
20170308154844219,-2.08462295532227
20170308154844220,-2.18380508422852
20170308154844221,0.753511810302734
20170308154844222,-2.16091690063477
20170308154844223,-1.92440567016602
20170308154844224,0.646700286865234
20170308154844225,-2.16854629516602
20170308154844226,-1.86337051391602
20170308154844227,0.722994232177734
20170308154844228,-2.24484024047852
20170308154844229,-1.84048233032227
20170308154844230,0.700106048583984
20170308154844231,-2.42031631469727
20170308154844232,-1.56582412719727
20170308154844233,0.646700286865234
20170308154844234,-2.64919815063477
20170308154844235,-1.23776016235352
20170308154844236,0.593294525146484
20170308154844237,-2.95437393188477
20170308154844238,-1.04702529907227
20170308154844239,0.600923919677734
20170308154844240,-2.96963272094727
20170308154844241,-0.917325592041016
20170308154844242,0.394930267333984
20170308154844243,-3.03829727172852
20170308154844244,-0.718961334228516
20170308154844245,0.333895111083984
20170308154844246,-3.03066787719727
20170308154844247,-0.497708892822266
20170308154844248,0.181307220458984
20170308154844249,-2.96200332641602
20170308154844250,-0.406156158447266
20170308154844251,-0.0475746154785156
20170308154844252,-3.02303848266602
20170308154844253,-0.268827056884766
20170308154844254,-0.116239166259766
20170308154844255,-2.96200332641602
20170308154844256,-0.169644927978516
20170308154844257,-0.276456451416016
20170308154844258,-2.92385635375977
20170308154844259,0.0821250915527344
20170308154844260,-0.467191314697266
20170308154844261,-2.90859756469727
20170308154844262,0.0287193298339844
20170308154844263,-0.200162506103516
20170308154844264,-2.90859756469727
20170308154844265,0.410189056396484
20170308154844266,-0.535855865478516
20170308154844267,-2.85519180297852
20170308154844268,0.402559661865234
20170308154844269,-0.528226470947266
20170308154844270,-2.82467422485352
20170308154844271,0.730623626708984
20170308154844272,-0.856290435791016
20170308154844273,-2.87045059204102
20170308154844274,0.913729095458984
20170308154844275,-1.06991348266602
20170308154844276,-2.86282119750977
20170308154844277,0.707735443115234
20170308154844278,-0.863919830322266
20170308154844279,-2.80941543579102
20170308154844280,0.784029388427734
20170308154844281,-1.13094863891602
20170308154844282,-2.72549209594727
20170308154844283,0.761141204833984
20170308154844284,-1.26827774047852
20170308154844285,-2.72549209594727
20170308154844286,0.768770599365234
20170308154844287,-1.34457168579102
20170308154844288,-2.68734512329102
20170308154844289,0.700106048583984
20170308154844290,-1.60397109985352
20170308154844291,-2.56527481079102
20170308154844292,0.722994232177734
20170308154844293,-1.74130020141602
20170308154844294,-2.24484024047852
20170308154844295,0.730623626708984
20170308154844296,-1.75655899047852
20170308154844297,-2.41268692016602
20170308154844298,0.707735443115234
20170308154844299,-1.77181777954102
20170308154844300,-2.41268692016602
20170308154844301,0.677217864990234
20170308154844302,-1.91677627563477
20170308154844303,-2.20669326782227
20170308154844304,0.700106048583984
20170308154844305,-2.00069961547852
20170308154844306,-1.93966445922852
20170308154844307,0.738253021240234
20170308154844308,-2.22958145141602
20170308154844309,-1.86337051391602
20170308154844310,0.738253021240234
20170308154844311,-2.16854629516602
20170308154844312,-1.80996475219727
20170308154844313,0.707735443115234
20170308154844314,-2.30587539672852
20170308154844315,-1.80996475219727
20170308154844316,0.745882415771484
20170308154844317,-2.29061660766602
20170308154844318,-1.93203506469727
20170308154844319,0.600923919677734
20170308154844320,-2.09225234985352
20170308154844321,-2.06936416625977
20170308154844322,0.822176361083984
20170308154844323,-2.05410537719727
20170308154844324,-2.15328750610352
20170308154844325,0.677217864990234
20170308154844326,-1.95492324829102
20170308154844327,-2.22958145141602
20170308154844328,0.539888763427734
20170308154844329,-1.87099990844727
20170308154844330,-2.28298721313477
20170308154844331,0.837435150146484
20170308154844332,-1.96255264282227
20170308154844333,-2.16854629516602
20170308154844334,0.578035736083984
20170308154844335,-2.12276992797852
20170308154844336,-2.01595840454102
20170308154844337,0.700106048583984
20170308154844338,-2.13039932250977
20170308154844339,-2.00069961547852
20170308154844340,0.646700286865234
20170308154844341,-2.18380508422852
20170308154844342,-1.96255264282227
20170308154844343,0.753511810302734
20170308154844344,-2.16091690063477
20170308154844345,-1.93966445922852
20170308154844346,0.738253021240234
20170308154844347,-2.20669326782227
20170308154844348,-1.89388809204102
20170308154844349,0.570406341552734
20170308154844350,-2.10751113891602
20170308154844351,-1.94729385375977
20170308154844352,0.639070892333984
20170308154844353,-2.06173477172852
20170308154844354,-1.96255264282227
20170308154844355,0.829805755615234
20170308154844356,-2.20669326782227
20170308154844357,-1.84811172485352
20170308154844358,0.730623626708984
20170308154844359,-2.19143447875977
20170308154844360,-1.84811172485352
20170308154844361,0.722994232177734
20170308154844362,-2.38979873657227
20170308154844363,-1.73367080688477
20170308154844364,0.707735443115234
20170308154844365,-2.58816299438477
20170308154844366,-1.59634170532227
20170308154844367,0.623812103271484
20170308154844368,-2.71023330688477
20170308154844369,-1.47427139282227
20170308154844370,0.639070892333984
20170308154844371,-2.63393936157227
20170308154844372,-1.48953018188477
20170308154844373,0.814546966552734
20170308154844374,-2.74838027954102
20170308154844375,-1.40560684204102
20170308154844376,0.517000579833984
20170308154844377,-2.58053359985352
20170308154844378,-1.39797744750977
20170308154844379,0.654329681396484
20170308154844380,-2.85519180297852
20170308154844381,-1.16909561157227
20170308154844382,0.631441497802734
20170308154844383,-2.95437393188477
20170308154844384,-1.06991348266602
20170308154844385,0.417818450927734
20170308154844386,-2.92385635375977
20170308154844387,-0.818143463134766
20170308154844388,0.486483001708984
20170308154844389,-2.96200332641602
20170308154844390,-0.589261627197266
20170308154844391,0.494112396240234
20170308154844392,-2.90096817016602
20170308154844393,-0.581632232666016
20170308154844394,0.318636322021484
20170308154844395,-2.99252090454102
20170308154844396,-0.299344635009766
20170308154844397,-0.131497955322266
20170308154844398,-3.01540908813477
20170308154844399,-0.0628334045410156
20170308154844400,-0.223050689697266
20170308154844401,-2.90096817016602
20170308154844402,0.272859954833984
20170308154844403,-0.726590728759766
20170308154844404,-2.86282119750977
20170308154844405,0.654329681396484
20170308154844406,-0.970731353759766
20170308154844407,-2.76363906860352
20170308154844408,0.974764251708984
20170308154844409,-1.39797744750977
20170308154844410,-2.63393936157227
20170308154844411,0.997652435302734
20170308154844412,-1.56582412719727
20170308154844413,-2.53475723266602
20170308154844414,0.776399993896484
20170308154844415,-1.65737686157227
20170308154844416,-2.45083389282227
20170308154844417,0.692476654052734
20170308154844418,-1.70315322875977
20170308154844419,-2.42031631469727
20170308154844420,0.860323333740234
20170308154844421,-1.74130020141602
20170308154844422,-2.44320449829102
20170308154844423,0.600923919677734
20170308154844424,-1.74130020141602
20170308154844425,-2.15328750610352
20170308154844426,0.776399993896484
20170308154844427,-2.03884658813477
20170308154844428,-2.05410537719727
20170308154844429,0.745882415771484
20170308154844430,-2.16854629516602
20170308154844431,-1.93203506469727
20170308154844432,0.867952728271484
20170308154844433,-2.29824600219727
20170308154844434,-1.84811172485352
20170308154844435,0.608553314208984
20170308154844436,-2.22195205688477
20170308154844437,-1.88625869750977
20170308154844438,0.631441497802734
20170308154844439,-2.06936416625977
20170308154844440,-1.93966445922852
20170308154844441,0.745882415771484
20170308154844442,-2.22195205688477
20170308154844443,-1.71078262329102
20170308154844444,0.608553314208984
20170308154844445,-2.28298721313477
20170308154844446,-1.77944717407227
20170308154844447,0.677217864990234
20170308154844448,-2.41268692016602
20170308154844449,-1.67263565063477
20170308154844450,0.600923919677734
20170308154844451,-2.37453994750977
20170308154844452,-1.64211807250977
20170308154844453,0.639070892333984
20170308154844454,-2.41268692016602
20170308154844455,-1.59634170532227
20170308154844456,0.692476654052734
20170308154844457,-2.41268692016602
20170308154844458,-1.49715957641602
20170308154844459,0.562776947021484
20170308154844460,-2.45846328735352
20170308154844461,-1.60397109985352
20170308154844462,0.700106048583984
20170308154844463,-2.55764541625977
20170308154844464,-1.50478897094727
20170308154844465,0.822176361083984
20170308154844466,-2.53475723266602
20170308154844467,-1.42849502563477
20170308154844468,0.570406341552734
20170308154844469,-2.67971572875977
20170308154844470,-1.37508926391602
20170308154844471,0.532259368896484
20170308154844472,-2.74838027954102
20170308154844473,-1.25301895141602
20170308154844474,0.700106048583984
20170308154844475,-2.83230361938477
20170308154844476,-1.10043106079102
20170308154844477,0.585665130615234
20170308154844478,-2.93911514282227
20170308154844479,-1.10806045532227
20170308154844480,0.448336029052734
20170308154844481,-2.96963272094727
20170308154844482,-0.871549224853516
20170308154844483,0.501741790771484
20170308154844484,-3.00777969360352
20170308154844485,-0.863919830322266
20170308154844486,0.448336029052734
20170308154844487,-2.98489151000977
20170308154844488,-0.718961334228516
20170308154844489,0.288118743896484
20170308154844490,-2.97726211547852
20170308154844491,-0.535855865478516
20170308154844492,0.265230560302734
20170308154844493,-2.97726211547852
20170308154844494,-0.535855865478516
20170308154844495,0.0973838806152344
20170308154844496,-3.00777969360352
20170308154844497,-0.375638580322266
20170308154844498,0.0134605407714844
20170308154844499,-2.93148574829102
20170308154844500,-0.291715240478516
20170308154844501,-0.0094276428222656
20170308154844502,-3.01540908813477
20170308154844503,-0.192533111572266
20170308154844504,-0.200162506103516
20170308154844505,-2.90859756469727
20170308154844506,-0.0246864318847656
20170308154844507,-0.207791900634766
20170308154844508,-2.93148574829102
20170308154844509,0.265230560302734
20170308154844510,-0.383267974853516
20170308154844511,-2.88570938110352
20170308154844512,0.272859954833984
20170308154844513,-0.398526763916016
20170308154844514,-2.88570938110352
20170308154844515,0.303377532958984
20170308154844516,-0.406156158447266
20170308154844517,-2.78652725219727
20170308154844518,0.646700286865234
20170308154844519,-0.863919830322266
20170308154844520,-2.86282119750977
20170308154844521,0.684847259521484
20170308154844522,-0.917325592041016
20170308154844523,-2.80178604125977
20170308154844524,0.753511810302734
20170308154844525,-1.13094863891602
20170308154844526,-2.67208633422852
20170308154844527,0.852693939208984
20170308154844528,-1.39034805297852
20170308154844529,-2.58053359985352
20170308154844530,0.799288177490234
20170308154844531,-1.71078262329102
20170308154844532,-2.36691055297852
20170308154844533,0.715364837646484
20170308154844534,-1.82522354125977
20170308154844535,-2.19143447875977
20170308154844536,0.700106048583984
20170308154844537,-2.18380508422852
20170308154844538,-1.84048233032227
20170308154844539,0.867952728271484
20170308154844540,-2.21432266235352
20170308154844541,-1.80233535766602
20170308154844542,0.890840911865234
20170308154844543,-2.29061660766602
20170308154844544,-1.67263565063477
20170308154844545,0.867952728271484
20170308154844546,-2.45846328735352
20170308154844547,-1.57345352172852
20170308154844548,0.608553314208984
20170308154844549,-2.43557510375977
20170308154844550,-1.53530654907227
20170308154844551,0.722994232177734
20170308154844552,-2.65682754516602
20170308154844553,-1.41323623657227
20170308154844554,0.677217864990234
20170308154844555,-2.87807998657227
20170308154844556,-1.16146621704102
20170308154844557,0.547518157958984
20170308154844558,-2.92385635375977
20170308154844559,-1.04702529907227
20170308154844560,0.570406341552734
20170308154844561,-2.95437393188477
20170308154844562,-0.764737701416016
20170308154844563,0.402559661865234
20170308154844564,-2.96963272094727
20170308154844565,-0.543485260009766
20170308154844566,0.295748138427734
20170308154844567,-2.93148574829102
20170308154844568,-0.413785552978516
20170308154844569,0.127901458740234
20170308154844570,-2.94674453735352
20170308154844571,-0.306974029541016
20170308154844572,0.0058311462402344
20170308154844573,-2.93911514282227
20170308154844574,-0.200162506103516
20170308154844575,-0.238309478759766
20170308154844576,-2.92385635375977
20170308154844577,-0.0246864318847656
20170308154844578,-0.245938873291016
20170308154844579,-2.93911514282227
20170308154844580,-0.0628334045410156
20170308154844581,-0.253568267822266
20170308154844582,-2.90096817016602
20170308154844583,0.0973838806152344
20170308154844584,-0.200162506103516
20170308154844585,-2.93148574829102
20170308154844586,-0.162015533447266
20170308154844587,-0.215421295166016
20170308154844588,-2.94674453735352
20170308154844589,0.402559661865234
20170308154844590,-0.368009185791016
20170308154844591,-2.87045059204102
20170308154844592,0.188936614990234
20170308154844593,-0.360379791259766
20170308154844594,-2.87045059204102
20170308154844595,0.166048431396484
20170308154844596,-0.284085845947266
20170308154844597,-2.78652725219727
20170308154844598,0.410189056396484
20170308154844599,-0.627408599853516
20170308154844600,-2.84756240844727
20170308154844601,0.0516075134277344
20170308154844602,-0.238309478759766
20170308154844603,-2.87807998657227
20170308154844604,0.158419036865234
20170308154844605,-0.268827056884766
20170308154844606,-2.86282119750977
20170308154844607,0.0363487243652344
20170308154844608,-0.329862213134766
20170308154844609,-2.80178604125977
20170308154844610,0.181307220458984
20170308154844611,-0.314603424072266
20170308154844612,-2.86282119750977
20170308154844613,0.280489349365234
20170308154844614,-0.444303131103516
20170308154844615,-2.79415664672852
20170308154844616,0.433077239990234
20170308154844617,-0.635037994384766
20170308154844618,-2.89333877563477
20170308154844619,0.326265716552734
20170308154844620,-0.543485260009766
20170308154844621,-2.90096817016602
20170308154844622,0.288118743896484
20170308154844623,-0.574002838134766
20170308154844624,-2.87045059204102
20170308154844625,0.364412689208984
20170308154844626,-0.352750396728516
20170308154844627,-2.83230361938477
20170308154844628,0.227083587646484
20170308154844629,-0.207791900634766
20170308154844630,-2.78652725219727
20170308154844631,0.0363487243652344
20170308154844632,-0.184903717041016
20170308154844633,-2.81704483032227
20170308154844634,0.0210899353027344
20170308154844635,-0.345121002197266
20170308154844636,-2.86282119750977
20170308154844637,0.372042083740234
20170308154844638,-0.490079498291016
20170308154844639,-2.83993301391602
20170308154844640,0.425447845458984
20170308154844641,-0.635037994384766
20170308154844642,-2.83230361938477
20170308154844643,0.417818450927734
20170308154844644,-0.718961334228516
20170308154844645,-2.83993301391602
20170308154844646,0.494112396240234
20170308154844647,-0.436673736572266
20170308154844648,-2.80178604125977
20170308154844649,0.402559661865234
20170308154844650,-0.711331939697266
20170308154844651,-2.86282119750977
20170308154844652,0.799288177490234
20170308154844653,-0.764737701416016
20170308154844654,-2.77889785766602
20170308154844655,0.799288177490234
20170308154844656,-0.894437408447266
20170308154844657,-2.77889785766602
20170308154844658,0.692476654052734
20170308154844659,-1.08517227172852
20170308154844660,-2.75600967407227
20170308154844661,0.745882415771484
20170308154844662,-1.16146621704102
20170308154844663,-2.71023330688477
20170308154844664,0.967134857177734
20170308154844665,-1.23776016235352
20170308154844666,-2.67208633422852
20170308154844667,0.753511810302734
20170308154844668,-1.25301895141602
20170308154844669,-2.67971572875977
20170308154844670,0.829805755615234
20170308154844671,-1.48953018188477
20170308154844672,-2.49661026000977
20170308154844673,0.715364837646484
20170308154844674,-1.79470596313477
20170308154844675,-2.31350479125977
20170308154844676,0.936617279052734
20170308154844677,-1.74892959594727
20170308154844678,-2.21432266235352
20170308154844679,0.890840911865234
20170308154844680,-1.90914688110352
20170308154844681,-2.09988174438477
20170308154844682,0.730623626708984
20170308154844683,-2.06936416625977
20170308154844684,-1.71841201782227
20170308154844685,0.921358489990234
20170308154844686,-2.29824600219727
20170308154844687,-1.66500625610352
20170308154844688,0.768770599365234
20170308154844689,-2.47372207641602
20170308154844690,-1.62685928344727
20170308154844691,0.852693939208984
20170308154844692,-2.55764541625977
20170308154844693,-1.36745986938477
20170308154844694,0.639070892333984
20170308154844695,-2.82467422485352
20170308154844696,-1.25301895141602
20170308154844697,0.494112396240234
20170308154844698,-2.74838027954102
20170308154844699,-1.26827774047852
20170308154844700,0.646700286865234
20170308154844701,-2.98489151000977
20170308154844702,-1.03939590454102
20170308154844703,0.517000579833984
20170308154844704,-2.97726211547852
20170308154844705,-0.818143463134766
20170308154844706,0.425447845458984
20170308154844707,-2.96200332641602
20170308154844708,-0.383267974853516
20170308154844709,0.318636322021484
20170308154844710,-3.00015029907227
20170308154844711,-0.352750396728516
20170308154844712,0.196566009521484
20170308154844713,-2.90096817016602
20170308154844714,-0.360379791259766
20170308154844715,0.0592369079589844
20170308154844716,-3.00015029907227
20170308154844717,-0.284085845947266
20170308154844718,-0.139127349853516
20170308154844719,-2.97726211547852
20170308154844720,0.0363487243652344
20170308154844721,-0.345121002197266
20170308154844722,-2.90096817016602
20170308154844723,0.448336029052734
20170308154844724,-0.314603424072266
20170308154844725,-2.85519180297852
20170308154844726,0.593294525146484
20170308154844727,-0.558744049072266
20170308154844728,-2.82467422485352
20170308154844729,0.387300872802734
20170308154844730,-0.650296783447266
20170308154844731,-2.80178604125977
20170308154844732,0.829805755615234
20170308154844733,-0.924954986572266
20170308154844734,-2.77889785766602
20170308154844735,0.890840911865234
20170308154844736,-1.03939590454102
20170308154844737,-2.67208633422852
20170308154844738,0.845064544677734
20170308154844739,-1.19961318969727
20170308154844740,-2.46609268188477
20170308154844741,0.875582122802734
20170308154844742,-1.61160049438477
20170308154844743,-2.35165176391602
20170308154844744,0.707735443115234
20170308154844745,-1.79470596313477
20170308154844746,-2.30587539672852
20170308154844747,0.761141204833984
20170308154844748,-1.97781143188477
20170308154844749,-2.11514053344727
20170308154844750,0.661959075927734
20170308154844751,-2.04647598266602
20170308154844752,-1.90914688110352
20170308154844753,0.722994232177734
20170308154844754,-2.13802871704102
20170308154844755,-1.67263565063477
20170308154844756,0.814546966552734
20170308154844757,-2.38979873657227
20170308154844758,-1.53530654907227
20170308154844759,0.623812103271484
20170308154844760,-2.28298721313477
20170308154844761,-1.90914688110352
20170308154844762,0.608553314208984
20170308154844763,-2.21432266235352
20170308154844764,-1.92440567016602
20170308154844765,0.700106048583984
20170308154844766,-2.24484024047852
20170308154844767,-1.97018203735352
20170308154844768,0.677217864990234
20170308154844769,-2.24484024047852
20170308154844770,-2.03121719360352
20170308154844771,0.715364837646484
20170308154844772,-2.08462295532227
20170308154844773,-2.06936416625977
20170308154844774,0.593294525146484
20170308154844775,-2.07699356079102
20170308154844776,-2.15328750610352
20170308154844777,0.654329681396484
20170308154844778,-1.76418838500977
20170308154844779,-2.21432266235352
20170308154844780,0.639070892333984
20170308154844781,-1.76418838500977
20170308154844782,-2.32876358032227
20170308154844783,0.761141204833984
20170308154844784,-1.64974746704102
20170308154844785,-2.35165176391602
20170308154844786,0.692476654052734
20170308154844787,-1.79470596313477
20170308154844788,-2.26772842407227
20170308154844789,0.677217864990234
20170308154844790,-1.89388809204102
20170308154844791,-2.25246963500977
20170308154844792,0.875582122802734
20170308154844793,-1.95492324829102
20170308154844794,-2.16854629516602
20170308154844795,0.707735443115234
20170308154844796,-1.73367080688477
20170308154844797,-2.26772842407227
20170308154844798,0.654329681396484
20170308154844799,-1.73367080688477
20170308154844800,-2.32113418579102
20170308154844801,0.745882415771484
20170308154844802,-1.85574111938477
20170308154844803,-2.16091690063477
20170308154844804,0.768770599365234
20170308154844805,-2.20669326782227
20170308154844806,-2.00069961547852
20170308154844807,0.730623626708984
20170308154844808,-2.22195205688477
20170308154844809,-1.87099990844727
20170308154844810,0.822176361083984
20170308154844811,-2.26772842407227
20170308154844812,-1.71841201782227
20170308154844813,0.799288177490234
20170308154844814,-2.42794570922852
20170308154844815,-1.55056533813477
20170308154844816,0.730623626708984
20170308154844817,-2.61105117797852
20170308154844818,-1.41323623657227
20170308154844819,0.639070892333984
20170308154844820,-2.89333877563477
20170308154844821,-1.15383682250977
20170308154844822,0.738253021240234
20170308154844823,-2.84756240844727
20170308154844824,-0.917325592041016
20170308154844825,0.669588470458984
20170308154844826,-2.90096817016602
20170308154844827,-0.787625885009766
20170308154844828,0.509371185302734
20170308154844829,-2.90096817016602
20170308154844830,-0.619779205322266
20170308154844831,0.440706634521484
20170308154844832,-2.88570938110352
20170308154844833,-0.352750396728516
20170308154844834,0.242342376708984
20170308154844835,-2.93148574829102
20170308154844836,-0.360379791259766
20170308154844837,0.0058311462402344
20170308154844838,-2.93148574829102
20170308154844839,-0.276456451416016
20170308154844840,0.105013275146484
20170308154844841,-2.96963272094727
20170308154844842,-0.123868560791016
20170308154844843,-0.0475746154785156
20170308154844844,-2.89333877563477
20170308154844845,0.0439781188964844
20170308154844846,-0.291715240478516
20170308154844847,-2.86282119750977
20170308154844848,0.211824798583984
20170308154844849,-0.512967681884766
20170308154844850,-2.83993301391602
20170308154844851,0.311006927490234
20170308154844852,-0.566373443603516
20170308154844853,-2.79415664672852
20170308154844854,0.402559661865234
20170308154844855,-0.596891021728516
20170308154844856,-2.77889785766602
20170308154844857,0.753511810302734
20170308154844858,-0.764737701416016
20170308154844859,-2.80178604125977
20170308154844860,0.906099700927734
20170308154844861,-0.985990142822266
20170308154844862,-2.71023330688477
20170308154844863,0.806917572021484
20170308154844864,-1.21487197875977
20170308154844865,-2.64156875610352
20170308154844866,0.890840911865234
20170308154844867,-1.45138320922852
20170308154844868,-2.46609268188477
20170308154844869,0.860323333740234
20170308154844870,-1.55819473266602
20170308154844871,-2.43557510375977
20170308154844872,0.982393646240234
20170308154844873,-1.49715957641602
20170308154844874,-2.43557510375977
20170308154844875,0.806917572021484
20170308154844876,-1.65737686157227
20170308154844877,-2.35165176391602
20170308154844878,0.761141204833984
20170308154844879,-1.68789443969727
20170308154844880,-2.40505752563477
20170308154844881,0.875582122802734
20170308154844882,-1.64211807250977
20170308154844883,-2.38216934204102
20170308154844884,0.661959075927734
20170308154844885,-1.60397109985352
20170308154844886,-2.30587539672852
20170308154844887,0.700106048583984
20170308154844888,-1.72604141235352
20170308154844889,-2.26009902954102
20170308154844890,0.761141204833984
20170308154844891,-1.80233535766602
20170308154844892,-2.13802871704102
20170308154844893,0.730623626708984
20170308154844894,-2.04647598266602
20170308154844895,-1.98544082641602
20170308154844896,0.692476654052734
20170308154844897,-2.03121719360352
20170308154844898,-1.90151748657227
20170308154844899,0.814546966552734
20170308154844900,-2.26772842407227
20170308154844901,-1.77944717407227
20170308154844902,0.890840911865234
20170308154844903,-2.26772842407227
20170308154844904,-1.64211807250977
20170308154844905,0.784029388427734
20170308154844906,-2.29824600219727
20170308154844907,-1.65737686157227
20170308154844908,0.684847259521484
20170308154844909,-2.26009902954102
20170308154844910,-1.61160049438477
20170308154844911,0.799288177490234
20170308154844912,-2.19143447875977
20170308154844913,-1.80233535766602
20170308154844914,0.654329681396484
20170308154844915,-2.23721084594727
20170308154844916,-1.85574111938477
20170308154844917,0.829805755615234
20170308154844918,-2.20669326782227
20170308154844919,-1.80996475219727
20170308154844920,0.730623626708984
20170308154844921,-2.27535781860352
20170308154844922,-1.67263565063477
20170308154844923,0.883211517333984
20170308154844924,-2.33639297485352
20170308154844925,-1.55819473266602
20170308154844926,0.745882415771484
20170308154844927,-2.42031631469727
20170308154844928,-1.47427139282227
20170308154844929,0.784029388427734
20170308154844930,-2.60342178344727
20170308154844931,-1.41323623657227
20170308154844932,0.761141204833984
20170308154844933,-2.76363906860352
20170308154844934,-1.26064834594727
20170308154844935,0.669588470458984
20170308154844936,-2.85519180297852
20170308154844937,-1.16909561157227
20170308154844938,0.722994232177734
20170308154844939,-2.77126846313477
20170308154844940,-1.23013076782227
20170308154844941,0.593294525146484
20170308154844942,-2.83993301391602
20170308154844943,-1.17672500610352
20170308154844944,0.600923919677734
20170308154844945,-2.67208633422852
20170308154844946,-1.32168350219727
20170308154844947,0.814546966552734
20170308154844948,-2.77126846313477
20170308154844949,-1.33694229125977
20170308154844950,0.623812103271484
20170308154844951,-2.77889785766602
20170308154844952,-1.25301895141602
20170308154844953,0.639070892333984
20170308154844954,-2.80178604125977
20170308154844955,-1.23776016235352
20170308154844956,0.471224212646484
20170308154844957,-2.77126846313477
20170308154844958,-1.16146621704102
20170308154844959,0.539888763427734
20170308154844960,-2.82467422485352
20170308154844961,-1.10806045532227
20170308154844962,0.593294525146484
20170308154844963,-2.93148574829102
20170308154844964,-1.03176651000977
20170308154844965,0.440706634521484
20170308154844966,-2.89333877563477
20170308154844967,-0.810514068603516
20170308154844968,0.585665130615234
20170308154844969,-2.98489151000977
20170308154844970,-0.795255279541016
20170308154844971,0.616182708740234
20170308154844972,-2.88570938110352
20170308154844973,-0.673184967041016
20170308154844974,0.333895111083984
20170308154844975,-2.89333877563477
20170308154844976,-0.566373443603516
20170308154844977,0.402559661865234
20170308154844978,-2.90096817016602
20170308154844979,-0.345121002197266
20170308154844980,0.0897544860839844
20170308154844981,-2.96200332641602
20170308154844982,-0.238309478759766
20170308154844983,-0.123868560791016
20170308154844984,-2.96963272094727
20170308154844985,-0.0704627990722656
20170308154844986,-0.306974029541016
20170308154844987,-2.87807998657227
20170308154844988,0.127901458740234
20170308154844989,-0.337491607666016
20170308154844990,-2.80178604125977
20170308154844991,0.188936614990234
20170308154844992,-0.398526763916016
20170308154844993,-2.83993301391602
20170308154844994,0.379671478271484
20170308154844995,-0.368009185791016
20170308154844996,-2.78652725219727
20170308154844997,0.532259368896484
20170308154844998,-0.772367095947266
20170308154844999,-2.79415664672852
20170308154845000,0.761141204833984
20170308154845001,-0.802884674072266
20170308154845002,-2.85519180297852
20170308154845003,0.745882415771484
20170308154845004,-1.01650772094727
20170308154845005,-2.75600967407227
20170308154845006,1.02054061889648
20170308154845007,-1.19198379516602
20170308154845008,-2.72549209594727
20170308154845009,0.913729095458984
20170308154845010,-1.26827774047852
20170308154845011,-2.50423965454102
20170308154845012,0.967134857177734
20170308154845013,-1.57345352172852
20170308154845014,-2.37453994750977
20170308154845015,0.799288177490234
20170308154845016,-1.81759414672852
20170308154845017,-2.22195205688477
20170308154845018,0.722994232177734
20170308154845019,-2.08462295532227
20170308154845020,-1.91677627563477
20170308154845021,0.761141204833984
20170308154845022,-2.08462295532227
20170308154845023,-1.75655899047852
20170308154845024,0.898470306396484
20170308154845025,-2.34402236938477
20170308154845026,-1.52767715454102
20170308154845027,0.837435150146484
20170308154845028,-2.55764541625977
20170308154845029,-1.33694229125977
20170308154845030,0.631441497802734
20170308154845031,-2.67971572875977
20170308154845032,-1.10043106079102
20170308154845033,0.639070892333984
20170308154845034,-2.90859756469727
20170308154845035,-1.01650772094727
20170308154845036,0.524629974365234
20170308154845037,-2.97726211547852
20170308154845038,-0.879178619384766
20170308154845039,0.417818450927734
20170308154845040,-2.86282119750977
20170308154845041,-0.932584381103516
20170308154845042,0.555147552490234
20170308154845043,-2.92385635375977
20170308154845044,-0.833402252197266
20170308154845045,0.402559661865234
20170308154845046,-2.93148574829102
20170308154845047,-0.764737701416016
20170308154845048,0.402559661865234
20170308154845049,-2.88570938110352
20170308154845050,-0.726590728759766
20170308154845051,0.280489349365234
20170308154845052,-2.93148574829102
20170308154845053,-0.757108306884766
20170308154845054,0.417818450927734
20170308154845055,-2.97726211547852
20170308154845056,-0.650296783447266
20170308154845057,0.364412689208984
20170308154845058,-2.94674453735352
20170308154845059,-0.551114654541016
20170308154845060,0.387300872802734
20170308154845061,-2.94674453735352
20170308154845062,-0.451932525634766
20170308154845063,0.440706634521484
20170308154845064,-2.83230361938477
20170308154845065,-0.589261627197266
20170308154845066,0.196566009521484
20170308154845067,-2.90859756469727
20170308154845068,-0.596891021728516
20170308154845069,0.265230560302734
20170308154845070,-2.88570938110352
20170308154845071,-0.467191314697266
20170308154845072,0.318636322021484
20170308154845073,-2.87807998657227
20170308154845074,-0.322232818603516
20170308154845075,0.105013275146484
20170308154845076,-2.87807998657227
20170308154845077,-0.314603424072266
20170308154845078,0.158419036865234
20170308154845079,-2.97726211547852
20170308154845080,-0.0704627990722656
20170308154845081,-0.291715240478516
20170308154845082,-2.85519180297852
20170308154845083,-0.0704627990722656
20170308154845084,-0.314603424072266
20170308154845085,-2.92385635375977
20170308154845086,0.105013275146484
20170308154845087,-0.444303131103516
20170308154845088,-2.83230361938477
20170308154845089,0.364412689208984
20170308154845090,-0.528226470947266
20170308154845091,-2.87045059204102
20170308154845092,0.242342376708984
20170308154845093,-0.528226470947266
20170308154845094,-2.83230361938477
20170308154845095,0.600923919677734
20170308154845096,-0.657926177978516
20170308154845097,-2.85519180297852
20170308154845098,0.616182708740234
20170308154845099,-0.848661041259766
20170308154845100,-2.83230361938477
20170308154845101,0.829805755615234
20170308154845102,-1.10043106079102
20170308154845103,-2.70260391235352
20170308154845104,0.707735443115234
20170308154845105,-1.06991348266602
20170308154845106,-2.77126846313477
20170308154845107,0.867952728271484
20170308154845108,-1.16909561157227
20170308154845109,-2.61868057250977
20170308154845110,0.959505462646484
20170308154845111,-1.24538955688477
20170308154845112,-2.55001602172852
20170308154845113,0.799288177490234
20170308154845114,-1.24538955688477
20170308154845115,-2.58053359985352
20170308154845116,0.860323333740234
20170308154845117,-1.19961318969727
20170308154845118,-2.67971572875977
20170308154845119,0.883211517333984
20170308154845120,-1.19961318969727
20170308154845121,-2.65682754516602
20170308154845122,0.745882415771484
20170308154845123,-1.30642471313477
20170308154845124,-2.57290420532227
20170308154845125,0.860323333740234
20170308154845126,-1.64211807250977
20170308154845127,-2.44320449829102
20170308154845128,0.959505462646484
20170308154845129,-1.67263565063477
20170308154845130,-2.46609268188477
20170308154845131,0.768770599365234
20170308154845132,-1.72604141235352
20170308154845133,-2.45083389282227
20170308154845134,0.730623626708984
20170308154845135,-1.74130020141602
20170308154845136,-2.34402236938477
20170308154845137,0.669588470458984
20170308154845138,-1.75655899047852
20170308154845139,-2.21432266235352
20170308154845140,0.722994232177734
20170308154845141,-1.93203506469727
20170308154845142,-1.95492324829102
20170308154845143,0.875582122802734
20170308154845144,-2.29824600219727
20170308154845145,-1.61922988891602
20170308154845146,0.776399993896484
20170308154845147,-2.53475723266602
20170308154845148,-1.48190078735352
20170308154845149,0.661959075927734
20170308154845150,-2.71786270141602
20170308154845151,-1.27590713500977
20170308154845152,0.654329681396484
20170308154845153,-2.90859756469727
20170308154845154,-1.06228408813477
20170308154845155,0.570406341552734
20170308154845156,-2.99252090454102
20170308154845157,-0.841031646728516
20170308154845158,0.433077239990234
20170308154845159,-2.92385635375977
20170308154845160,-0.543485260009766
20170308154845161,0.455965423583984
20170308154845162,-2.84756240844727
20170308154845163,-0.436673736572266
20170308154845164,0.143160247802734
20170308154845165,-2.89333877563477
20170308154845166,-0.284085845947266
20170308154845167,0.0897544860839844
20170308154845168,-2.88570938110352
20170308154845169,0.0058311462402344
20170308154845170,-0.284085845947266
20170308154845171,-2.86282119750977
20170308154845172,0.547518157958984
20170308154845173,-0.642667388916016
20170308154845174,-2.82467422485352
20170308154845175,0.799288177490234
20170308154845176,-0.970731353759766
20170308154845177,-2.77126846313477
20170308154845178,0.722994232177734
20170308154845179,-0.726590728759766
20170308154845180,-2.82467422485352
20170308154845181,0.509371185302734
20170308154845182,-0.833402252197266
20170308154845183,-2.83993301391602
20170308154845184,0.700106048583984
20170308154845185,-1.07754287719727
20170308154845186,-2.83993301391602
20170308154845187,0.822176361083984
20170308154845188,-1.19961318969727
20170308154845189,-2.73312149047852
20170308154845190,0.799288177490234
20170308154845191,-1.03939590454102
20170308154845192,-2.80178604125977
20170308154845193,0.822176361083984
20170308154845194,-1.06991348266602
20170308154845195,-2.57290420532227
20170308154845196,0.852693939208984
20170308154845197,-1.19961318969727
20170308154845198,-2.64919815063477
20170308154845199,0.974764251708984
20170308154845200,-1.23013076782227
20170308154845201,-2.54238662719727
20170308154845202,1.05105819702148
20170308154845203,-1.52004776000977
20170308154845204,-2.49661026000977
20170308154845205,0.944246673583984
20170308154845206,-1.61160049438477
20170308154845207,-2.39742813110352
20170308154845208,0.784029388427734
20170308154845209,-1.72604141235352
20170308154845210,-2.43557510375977
20170308154845211,1.00528182983398
20170308154845212,-1.64211807250977
20170308154845213,-2.38216934204102
20170308154845214,0.890840911865234
20170308154845215,-1.77944717407227
20170308154845216,-2.19906387329102
20170308154845217,0.829805755615234
20170308154845218,-1.90151748657227
20170308154845219,-2.21432266235352
20170308154845220,0.593294525146484
20170308154845221,-1.82522354125977
20170308154845222,-2.11514053344727
20170308154845223,0.768770599365234
20170308154845224,-2.11514053344727
20170308154845225,-2.02358779907227
20170308154845226,0.722994232177734
20170308154845227,-2.20669326782227
20170308154845228,-1.79470596313477
20170308154845229,0.684847259521484
20170308154845230,-2.22195205688477
20170308154845231,-1.93203506469727
20170308154845232,0.661959075927734
20170308154845233,-2.24484024047852
20170308154845234,-1.96255264282227
20170308154845235,0.608553314208984
20170308154845236,-2.14565811157227
20170308154845237,-1.79470596313477
20170308154845238,0.593294525146484
20170308154845239,-2.20669326782227
20170308154845240,-1.81759414672852
20170308154845241,0.593294525146484
20170308154845242,-2.16091690063477
20170308154845243,-1.88625869750977
20170308154845244,0.761141204833984
20170308154845245,-2.16091690063477
20170308154845246,-1.85574111938477
20170308154845247,0.852693939208984
20170308154845248,-2.24484024047852
20170308154845249,-1.85574111938477
20170308154845250,0.867952728271484
20170308154845251,-2.29061660766602
20170308154845252,-1.84048233032227
20170308154845253,0.837435150146484
20170308154845254,-2.49661026000977
20170308154845255,-1.63448867797852
20170308154845256,0.677217864990234
20170308154845257,-2.37453994750977
20170308154845258,-1.59634170532227
20170308154845259,0.692476654052734
20170308154845260,-2.42031631469727
20170308154845261,-1.56582412719727
20170308154845262,0.761141204833984
20170308154845263,-2.51949844360352
20170308154845264,-1.52767715454102
20170308154845265,0.654329681396484
20170308154845266,-2.38979873657227
20170308154845267,-1.47427139282227
20170308154845268,0.692476654052734
20170308154845269,-2.73312149047852
20170308154845270,-1.32168350219727
20170308154845271,0.631441497802734
20170308154845272,-2.87045059204102
20170308154845273,-1.10043106079102
20170308154845274,0.593294525146484
20170308154845275,-2.96200332641602
20170308154845276,-1.12331924438477
20170308154845277,0.700106048583984
20170308154845278,-2.86282119750977
20170308154845279,-1.07754287719727
20170308154845280,0.562776947021484
20170308154845281,-2.91622695922852
20170308154845282,-0.802884674072266
20170308154845283,0.532259368896484
20170308154845284,-2.94674453735352
20170308154845285,-0.581632232666016
20170308154845286,0.227083587646484
20170308154845287,-2.90859756469727
20170308154845288,-0.451932525634766
20170308154845289,0.219454193115234
20170308154845290,-2.96963272094727
20170308154845291,-0.329862213134766
20170308154845292,0.143160247802734
20170308154845293,-2.93148574829102
20170308154845294,-0.123868560791016
20170308154845295,-0.238309478759766
20170308154845296,-2.94674453735352
20170308154845297,0.272859954833984
20170308154845298,-0.406156158447266
20170308154845299,-2.86282119750977
20170308154845300,0.295748138427734
20170308154845301,-0.558744049072266
20170308154845302,-2.90859756469727
20170308154845303,0.639070892333984
20170308154845304,-0.932584381103516
20170308154845305,-2.87045059204102
20170308154845306,0.661959075927734
20170308154845307,-0.879178619384766
20170308154845308,-2.83993301391602
20170308154845309,0.936617279052734
20170308154845310,-1.24538955688477
20170308154845311,-2.61105117797852
20170308154845312,0.867952728271484
20170308154845313,-1.45901260375977
20170308154845314,-2.51949844360352
20170308154845315,0.814546966552734
20170308154845316,-1.65737686157227
20170308154845317,-2.38979873657227
20170308154845318,0.669588470458984
20170308154845319,-1.72604141235352
20170308154845320,-2.21432266235352
20170308154845321,0.745882415771484
20170308154845322,-1.97781143188477
20170308154845323,-2.11514053344727
20170308154845324,0.730623626708984
20170308154845325,-2.16854629516602
20170308154845326,-1.84811172485352
20170308154845327,0.890840911865234
20170308154845328,-2.20669326782227
20170308154845329,-1.73367080688477
20170308154845330,0.799288177490234
20170308154845331,-2.31350479125977
20170308154845332,-1.64211807250977
20170308154845333,0.997652435302734
20170308154845334,-2.35165176391602
20170308154845335,-1.59634170532227
20170308154845336,0.631441497802734
20170308154845337,-2.37453994750977
20170308154845338,-1.62685928344727
20170308154845339,0.738253021240234
20170308154845340,-2.61105117797852
20170308154845341,-1.43612442016602
20170308154845342,0.669588470458984
20170308154845343,-2.74075088500977
20170308154845344,-1.10806045532227
20170308154845345,0.517000579833984
20170308154845346,-2.77889785766602
20170308154845347,-1.16146621704102
20170308154845348,0.570406341552734
20170308154845349,-2.96963272094727
20170308154845350,-1.00887832641602
20170308154845351,0.570406341552734
20170308154845352,-2.98489151000977
20170308154845353,-0.924954986572266
20170308154845354,0.326265716552734
20170308154845355,-2.93148574829102
20170308154845356,-0.825772857666016
20170308154845357,0.425447845458984
20170308154845358,-2.78652725219727
20170308154845359,-1.07754287719727
20170308154845360,0.501741790771484
20170308154845361,-2.90096817016602
20170308154845362,-1.15383682250977
20170308154845363,0.501741790771484
20170308154845364,-2.88570938110352
20170308154845365,-1.19198379516602
20170308154845366,0.524629974365234
20170308154845367,-2.74838027954102
20170308154845368,-1.19961318969727
20170308154845369,0.555147552490234
20170308154845370,-2.71023330688477
20170308154845371,-1.31405410766602
20170308154845372,0.661959075927734
20170308154845373,-2.67971572875977
20170308154845374,-1.35220108032227
20170308154845375,0.578035736083984
20170308154845376,-2.54238662719727
20170308154845377,-1.30642471313477
20170308154845378,0.707735443115234
20170308154845379,-2.68734512329102
20170308154845380,-1.26827774047852
20170308154845381,0.517000579833984
20170308154845382,-2.60342178344727
20170308154845383,-1.40560684204102
20170308154845384,0.623812103271484
20170308154845385,-2.77126846313477
20170308154845386,-1.34457168579102
20170308154845387,0.768770599365234
20170308154845388,-2.80178604125977
20170308154845389,-1.30642471313477
20170308154845390,0.539888763427734
20170308154845391,-2.79415664672852
20170308154845392,-1.35220108032227
20170308154845393,0.524629974365234
20170308154845394,-2.86282119750977
20170308154845395,-1.27590713500977
20170308154845396,0.387300872802734
20170308154845397,-2.89333877563477
20170308154845398,-1.17672500610352
20170308154845399,0.555147552490234
20170308154845400,-2.96963272094727
20170308154845401,-1.00887832641602
20170308154845402,0.440706634521484
20170308154845403,-2.96200332641602
20170308154845404,-0.688443756103516
20170308154845405,0.440706634521484
20170308154845406,-2.93911514282227
20170308154845407,-0.696073150634766
20170308154845408,0.303377532958984
20170308154845409,-2.90859756469727
20170308154845410,-0.398526763916016
20170308154845411,0.227083587646484
20170308154845412,-2.88570938110352
20170308154845413,-0.482450103759766
20170308154845414,0.120272064208984
20170308154845415,-2.98489151000977
20170308154845416,-0.451932525634766
20170308154845417,0.150789642333984
20170308154845418,-2.94674453735352
20170308154845419,-0.497708892822266
20170308154845420,0.0210899353027344
20170308154845421,-2.91622695922852
20170308154845422,-0.566373443603516
20170308154845423,0.135530853271484
20170308154845424,-2.96200332641602
20170308154845425,-0.467191314697266
20170308154845426,0.211824798583984
20170308154845427,-3.00777969360352
20170308154845428,-0.352750396728516
20170308154845429,0.0287193298339844
20170308154845430,-2.92385635375977
20170308154845431,-0.276456451416016
20170308154845432,-0.192533111572266
20170308154845433,-2.95437393188477
20170308154845434,-0.253568267822266
20170308154845435,-0.184903717041016
20170308154845436,-3.00777969360352
20170308154845437,0.0897544860839844
20170308154845438,-0.322232818603516
20170308154845439,-2.88570938110352
20170308154845440,-0.0094276428222656
20170308154845441,-0.337491607666016
20170308154845442,-2.90859756469727
20170308154845443,0.219454193115234
20170308154845444,-0.543485260009766
20170308154845445,-2.83230361938477
20170308154845446,0.425447845458984
20170308154845447,-0.436673736572266
20170308154845448,-2.80941543579102
20170308154845449,0.166048431396484
20170308154845450,-0.238309478759766
20170308154845451,-2.83230361938477
20170308154845452,0.517000579833984
20170308154845453,-0.406156158447266
20170308154845454,-2.74838027954102
20170308154845455,0.455965423583984
20170308154845456,-0.665555572509766
20170308154845457,-2.83230361938477
20170308154845458,0.593294525146484
20170308154845459,-0.802884674072266
20170308154845460,-2.83993301391602
20170308154845461,0.707735443115234
20170308154845462,-0.932584381103516
20170308154845463,-2.81704483032227
20170308154845464,0.936617279052734
20170308154845465,-1.05465469360352
20170308154845466,-2.68734512329102
20170308154845467,0.883211517333984
20170308154845468,-1.29879531860352
20170308154845469,-2.63393936157227
20170308154845470,0.883211517333984
20170308154845471,-1.63448867797852
20170308154845472,-2.39742813110352
20170308154845473,0.715364837646484
20170308154845474,-1.74130020141602
20170308154845475,-2.30587539672852
20170308154845476,0.738253021240234
20170308154845477,-1.94729385375977
20170308154845478,-2.02358779907227
20170308154845479,0.700106048583984
20170308154845480,-2.18380508422852
20170308154845481,-1.77944717407227
20170308154845482,0.715364837646484
20170308154845483,-2.45083389282227
20170308154845484,-1.41323623657227
20170308154845485,0.768770599365234
20170308154845486,-2.92385635375977
20170308154845487,-1.16909561157227
20170308154845488,0.707735443115234
20170308154845489,-2.85519180297852
20170308154845490,-1.12331924438477
20170308154845491,0.608553314208984
20170308154845492,-2.91622695922852
20170308154845493,-1.07754287719727
20170308154845494,0.532259368896484
20170308154845495,-2.85519180297852
20170308154845496,-1.05465469360352
20170308154845497,0.715364837646484
20170308154845498,-2.84756240844727
20170308154845499,-0.863919830322266
20170308154845500,0.562776947021484
20170308154845501,-2.92385635375977
20170308154845502,-0.696073150634766
20170308154845503,0.440706634521484
20170308154845504,-2.95437393188477
20170308154845505,-0.604520416259766
20170308154845506,0.356783294677734
20170308154845507,-2.87807998657227
20170308154845508,-0.398526763916016
20170308154845509,0.303377532958984
20170308154845510,-2.87045059204102
20170308154845511,-0.482450103759766
20170308154845512,0.0668663024902344
20170308154845513,-2.93911514282227
20170308154845514,-0.535855865478516
20170308154845515,0.120272064208984
20170308154845516,-2.97726211547852
20170308154845517,-0.207791900634766
20170308154845518,-0.177274322509766
20170308154845519,-3.03066787719727
20170308154845520,-0.0933509826660156
20170308154845521,-0.360379791259766
20170308154845522,-2.95437393188477
20170308154845523,0.265230560302734
20170308154845524,-0.612149810791016
20170308154845525,-2.88570938110352
20170308154845526,0.318636322021484
20170308154845527,-0.619779205322266
20170308154845528,-2.85519180297852
20170308154845529,0.547518157958984
20170308154845530,-0.535855865478516
20170308154845531,-2.80178604125977
20170308154845532,0.600923919677734
20170308154845533,-0.894437408447266
20170308154845534,-2.86282119750977
20170308154845535,0.822176361083984
20170308154845536,-1.17672500610352
20170308154845537,-2.71023330688477
20170308154845538,0.990023040771484
20170308154845539,-1.11568984985352
20170308154845540,-2.83230361938477
20170308154845541,0.692476654052734
20170308154845542,-1.06991348266602
20170308154845543,-2.80941543579102
20170308154845544,0.562776947021484
20170308154845545,-0.863919830322266
20170308154845546,-2.81704483032227
20170308154845547,0.677217864990234
20170308154845548,-0.917325592041016
20170308154845549,-2.87807998657227
20170308154845550,0.761141204833984
20170308154845551,-1.03939590454102
20170308154845552,-2.82467422485352
20170308154845553,0.578035736083984
20170308154845554,-0.688443756103516
20170308154845555,-2.80178604125977
20170308154845556,0.440706634521484
20170308154845557,-0.734220123291016
20170308154845558,-2.87045059204102
20170308154845559,0.410189056396484
20170308154845560,-0.680814361572266
20170308154845561,-2.86282119750977
20170308154845562,0.745882415771484
20170308154845563,-0.680814361572266
20170308154845564,-2.77889785766602
20170308154845565,0.730623626708984
20170308154845566,-0.856290435791016
20170308154845567,-2.77126846313477
20170308154845568,0.555147552490234
20170308154845569,-1.03176651000977
20170308154845570,-2.82467422485352
20170308154845571,0.700106048583984
20170308154845572,-1.00887832641602
20170308154845573,-2.72549209594727
20170308154845574,0.806917572021484
20170308154845575,-1.10806045532227
20170308154845576,-2.70260391235352
20170308154845577,0.845064544677734
20170308154845578,-1.37508926391602
20170308154845579,-2.69497451782227
20170308154845580,0.707735443115234
20170308154845581,-1.30642471313477
20170308154845582,-2.64919815063477
20170308154845583,0.722994232177734
20170308154845584,-1.35983047485352
20170308154845585,-2.64919815063477
20170308154845586,0.730623626708984
20170308154845587,-1.37508926391602
20170308154845588,-2.64919815063477
20170308154845589,0.677217864990234
20170308154845590,-1.24538955688477
20170308154845591,-2.64919815063477
20170308154845592,0.707735443115234
20170308154845593,-1.18435440063477
20170308154845594,-2.73312149047852
20170308154845595,0.928987884521484
20170308154845596,-1.19198379516602
20170308154845597,-2.76363906860352
20170308154845598,0.738253021240234
20170308154845599,-0.902066802978516
20170308154845600,-2.76363906860352
20170308154845601,0.898470306396484
20170308154845602,-1.10806045532227
20170308154845603,-2.67971572875977
20170308154845604,0.478853607177734
20170308154845605,-1.06228408813477
20170308154845606,-2.79415664672852
20170308154845607,0.799288177490234
20170308154845608,-1.20724258422852
20170308154845609,-2.66445693969727
20170308154845610,1.02054061889648
20170308154845611,-1.39034805297852
20170308154845612,-2.55764541625977
20170308154845613,0.829805755615234
20170308154845614,-1.57345352172852
20170308154845615,-2.49661026000977
20170308154845616,0.890840911865234
20170308154845617,-1.69552383422852
20170308154845618,-2.43557510375977
20170308154845619,0.906099700927734
20170308154845620,-1.58871231079102
20170308154845621,-2.38216934204102
20170308154845622,0.753511810302734
20170308154845623,-1.77944717407227
20170308154845624,-2.19143447875977
20170308154845625,0.738253021240234
20170308154845626,-1.96255264282227
20170308154845627,-2.06173477172852
20170308154845628,0.822176361083984
20170308154845629,-2.15328750610352
20170308154845630,-2.00832901000977
20170308154845631,0.845064544677734
20170308154845632,-2.38216934204102
20170308154845633,-1.73367080688477
20170308154845634,0.738253021240234
20170308154845635,-2.51186904907227
20170308154845636,-1.38271865844727
20170308154845637,0.692476654052734
20170308154845638,-2.77126846313477
20170308154845639,-1.31405410766602
20170308154845640,0.532259368896484
20170308154845641,-2.78652725219727
20170308154845642,-1.20724258422852
20170308154845643,0.623812103271484
20170308154845644,-2.90096817016602
20170308154845645,-1.04702529907227
20170308154845646,0.707735443115234
20170308154845647,-2.99252090454102
20170308154845648,-0.924954986572266
20170308154845649,0.539888763427734
20170308154845650,-3.00777969360352
20170308154845651,-0.604520416259766
20170308154845652,0.257601165771484
20170308154845653,-3.03829727172852
20170308154845654,-0.444303131103516
20170308154845655,0.288118743896484
20170308154845656,-2.93911514282227
20170308154845657,-0.368009185791016
20170308154845658,0.0363487243652344
20170308154845659,-2.90859756469727
20170308154845660,-0.123868560791016
20170308154845661,-0.207791900634766
20170308154845662,-2.88570938110352
20170308154845663,0.158419036865234
20170308154845664,-0.512967681884766
20170308154845665,-2.90096817016602
20170308154845666,0.394930267333984
20170308154845667,-0.566373443603516
20170308154845668,-2.86282119750977
20170308154845669,0.547518157958984
20170308154845670,-0.566373443603516
20170308154845671,-2.89333877563477
20170308154845672,0.600923919677734
20170308154845673,-0.856290435791016
20170308154845674,-2.80178604125977
20170308154845675,0.944246673583984
20170308154845676,-1.16146621704102
20170308154845677,-2.73312149047852
20170308154845678,0.906099700927734
20170308154845679,-0.894437408447266
20170308154845680,-2.82467422485352
20170308154845681,0.837435150146484
20170308154845682,-1.00124893188477
20170308154845683,-2.80941543579102
20170308154845684,0.814546966552734
20170308154845685,-1.21487197875977
20170308154845686,-2.71023330688477
20170308154845687,0.806917572021484
20170308154845688,-1.21487197875977
20170308154845689,-2.66445693969727
20170308154845690,0.639070892333984
20170308154845691,-1.16909561157227
20170308154845692,-2.76363906860352
20170308154845693,0.806917572021484
20170308154845694,-1.29116592407227
20170308154845695,-2.60342178344727
20170308154845696,0.753511810302734
20170308154845697,-1.55819473266602
20170308154845698,-2.52712783813477
20170308154845699,0.692476654052734
20170308154845700,-1.73367080688477
20170308154845701,-2.47372207641602
20170308154845702,0.715364837646484
20170308154845703,-1.78707656860352
20170308154845704,-2.42794570922852
20170308154845705,0.776399993896484
20170308154845706,-1.80233535766602
20170308154845707,-2.19143447875977
20170308154845708,0.822176361083984
20170308154845709,-1.97781143188477
20170308154845710,-2.03884658813477
20170308154845711,0.738253021240234
20170308154845712,-2.14565811157227
20170308154845713,-1.88625869750977
20170308154845714,0.883211517333984
20170308154845715,-2.25246963500977
20170308154845716,-1.77181777954102
20170308154845717,0.517000579833984
20170308154845718,-2.26009902954102
20170308154845719,-1.94729385375977
20170308154845720,0.631441497802734
20170308154845721,-2.30587539672852
20170308154845722,-1.84811172485352
20170308154845723,0.784029388427734
20170308154845724,-2.45846328735352
20170308154845725,-1.58871231079102
20170308154845726,0.669588470458984
20170308154845727,-2.44320449829102
20170308154845728,-1.53530654907227
20170308154845729,0.600923919677734
20170308154845730,-2.61868057250977
20170308154845731,-1.66500625610352
20170308154845732,0.532259368896484
20170308154845733,-2.36691055297852
20170308154845734,-1.57345352172852
20170308154845735,0.639070892333984
20170308154845736,-2.38979873657227
20170308154845737,-1.55819473266602
20170308154845738,0.745882415771484
20170308154845739,-2.56527481079102
20170308154845740,-1.32931289672852
20170308154845741,0.608553314208984
20170308154845742,-2.68734512329102
20170308154845743,-1.32168350219727
20170308154845744,0.700106048583984
20170308154845745,-2.81704483032227
20170308154845746,-1.29116592407227
20170308154845747,0.623812103271484
20170308154845748,-2.89333877563477
20170308154845749,-1.18435440063477
20170308154845750,0.455965423583984
20170308154845751,-2.85519180297852
20170308154845752,-1.24538955688477
20170308154845753,0.524629974365234
20170308154845754,-2.80941543579102
20170308154845755,-1.12331924438477
20170308154845756,0.578035736083984
20170308154845757,-2.83993301391602
20170308154845758,-1.18435440063477
20170308154845759,0.517000579833984
20170308154845760,-2.80178604125977
20170308154845761,-1.17672500610352
20170308154845762,0.532259368896484
20170308154845763,-3.00015029907227
20170308154845764,-0.924954986572266
20170308154845765,0.417818450927734
20170308154845766,-2.98489151000977
20170308154845767,-0.802884674072266
20170308154845768,0.387300872802734
20170308154845769,-3.07644424438477
20170308154845770,-0.535855865478516
20170308154845771,0.127901458740234
20170308154845772,-2.96963272094727
20170308154845773,-0.467191314697266
20170308154845774,0.112642669677734
20170308154845775,-2.92385635375977
20170308154845776,-0.184903717041016
20170308154845777,-0.139127349853516
20170308154845778,-2.90096817016602
20170308154845779,-0.0552040100097656
20170308154845780,-0.261197662353516
20170308154845781,-2.97726211547852
20170308154845782,0.295748138427734
20170308154845783,-0.482450103759766
20170308154845784,-2.87807998657227
20170308154845785,0.188936614990234
20170308154845786,-0.436673736572266
20170308154845787,-2.87045059204102
20170308154845788,0.173677825927734
20170308154845789,-0.474820709228516
20170308154845790,-2.86282119750977
20170308154845791,0.333895111083984
20170308154845792,-0.528226470947266
20170308154845793,-2.79415664672852
20170308154845794,0.646700286865234
20170308154845795,-0.772367095947266
20170308154845796,-2.83993301391602
20170308154845797,0.845064544677734
20170308154845798,-0.970731353759766
20170308154845799,-2.81704483032227
20170308154845800,0.692476654052734
20170308154845801,-1.08517227172852
20170308154845802,-2.76363906860352
20170308154845803,0.761141204833984
20170308154845804,-1.19961318969727
20170308154845805,-2.66445693969727
20170308154845806,0.776399993896484
20170308154845807,-1.42086563110352
20170308154845808,-2.58053359985352
20170308154845809,0.814546966552734
20170308154845810,-1.50478897094727
20170308154845811,-2.46609268188477
20170308154845812,0.753511810302734
20170308154845813,-1.76418838500977
20170308154845814,-2.26772842407227
20170308154845815,0.692476654052734
20170308154845816,-1.97018203735352
20170308154845817,-2.10751113891602
20170308154845818,0.623812103271484
20170308154845819,-2.05410537719727
20170308154845820,-2.09225234985352
20170308154845821,0.845064544677734
20170308154845822,-2.12276992797852
20170308154845823,-1.94729385375977
20170308154845824,0.745882415771484
20170308154845825,-2.06936416625977
20170308154845826,-2.09225234985352
20170308154845827,0.890840911865234
20170308154845828,-2.02358779907227
20170308154845829,-2.03884658813477
20170308154845830,0.837435150146484
20170308154845831,-2.13802871704102
20170308154845832,-1.95492324829102
20170308154845833,0.829805755615234
20170308154845834,-2.23721084594727
20170308154845835,-1.70315322875977
20170308154845836,0.707735443115234
20170308154845837,-2.44320449829102
20170308154845838,-1.50478897094727
20170308154845839,0.715364837646484
20170308154845840,-2.77889785766602
20170308154845841,-1.31405410766602
20170308154845842,0.722994232177734
20170308154845843,-2.68734512329102
20170308154845844,-1.29879531860352
20170308154845845,0.722994232177734
20170308154845846,-3.01540908813477
20170308154845847,-1.03176651000977
20170308154845848,0.402559661865234
20170308154845849,-2.97726211547852
20170308154845850,-0.787625885009766
20170308154845851,0.501741790771484
20170308154845852,-2.95437393188477
20170308154845853,-0.635037994384766
20170308154845854,0.227083587646484
20170308154845855,-3.00015029907227
20170308154845856,-0.520597076416016
20170308154845857,0.272859954833984
20170308154845858,-2.96963272094727
20170308154845859,-0.642667388916016
20170308154845860,0.242342376708984
20170308154845861,-2.98489151000977
20170308154845862,-0.574002838134766
20170308154845863,0.143160247802734
20170308154845864,-2.92385635375977
20170308154845865,-0.642667388916016
20170308154845866,0.166048431396484
20170308154845867,-2.93911514282227
20170308154845868,-0.581632232666016
20170308154845869,0.188936614990234
20170308154845870,-2.97726211547852
20170308154845871,-0.604520416259766
20170308154845872,0.127901458740234
20170308154845873,-2.91622695922852
20170308154845874,-0.635037994384766
20170308154845875,0.181307220458984
20170308154845876,-2.89333877563477
20170308154845877,-0.650296783447266
20170308154845878,0.524629974365234
20170308154845879,-2.90096817016602
20170308154845880,-0.528226470947266
20170308154845881,0.143160247802734
20170308154845882,-2.90096817016602
20170308154845883,-0.551114654541016
20170308154845884,0.181307220458984
20170308154845885,-2.91622695922852
20170308154845886,-0.497708892822266
20170308154845887,0.0973838806152344
20170308154845888,-2.92385635375977
20170308154845889,-0.474820709228516
20170308154845890,0.135530853271484
20170308154845891,-2.93911514282227
20170308154845892,-0.444303131103516
20170308154845893,0.0516075134277344
20170308154845894,-2.98489151000977
20170308154845895,-0.436673736572266
20170308154845896,0.0287193298339844
20170308154845897,-2.95437393188477
20170308154845898,-0.535855865478516
20170308154845899,0.173677825927734
20170308154845900,-2.96200332641602
20170308154845901,-0.612149810791016
20170308154845902,0.234712982177734
20170308154845903,-2.99252090454102
20170308154845904,-0.314603424072266
20170308154845905,-0.116239166259766
20170308154845906,-2.96200332641602
20170308154845907,-0.0323158264160156
20170308154845908,-0.345121002197266
20170308154845909,-2.95437393188477
20170308154845910,0.379671478271484
20170308154845911,-0.528226470947266
20170308154845912,-2.91622695922852
20170308154845913,0.364412689208984
20170308154845914,-0.543485260009766
20170308154845915,-2.80178604125977
20170308154845916,0.684847259521484
20170308154845917,-0.703702545166016
20170308154845918,-2.82467422485352
20170308154845919,0.631441497802734
20170308154845920,-1.02413711547852
20170308154845921,-2.85519180297852
20170308154845922,0.822176361083984
20170308154845923,-1.04702529907227
20170308154845924,-2.80941543579102
20170308154845925,0.845064544677734
20170308154845926,-1.22250137329102
20170308154845927,-2.64156875610352
20170308154845928,0.845064544677734
20170308154845929,-1.35220108032227
20170308154845930,-2.61105117797852
20170308154845931,0.799288177490234
20170308154845932,-1.57345352172852
20170308154845933,-2.45083389282227
20170308154845934,0.799288177490234
20170308154845935,-1.85574111938477
20170308154845936,-2.35928115844727
20170308154845937,0.700106048583984
20170308154845938,-1.86337051391602
20170308154845939,-2.19143447875977
20170308154845940,0.715364837646484
20170308154845941,-2.12276992797852
20170308154845942,-2.18380508422852
20170308154845943,0.745882415771484
20170308154845944,-2.21432266235352
20170308154845945,-1.82522354125977
20170308154845946,0.677217864990234
20170308154845947,-2.46609268188477
20170308154845948,-1.55819473266602
20170308154845949,0.631441497802734
20170308154845950,-2.56527481079102
20170308154845951,-1.46664199829102
20170308154845952,0.623812103271484
20170308154845953,-2.62630996704102
20170308154845954,-1.53530654907227
20170308154845955,0.631441497802734
20170308154845956,-2.65682754516602
20170308154845957,-1.39797744750977
20170308154845958,0.509371185302734
20170308154845959,-2.84756240844727
20170308154845960,-1.24538955688477
20170308154845961,0.616182708740234
20170308154845962,-2.96963272094727
20170308154845963,-0.871549224853516
20170308154845964,0.318636322021484
20170308154845965,-2.96963272094727
20170308154845966,-0.863919830322266
20170308154845967,0.486483001708984
20170308154845968,-2.99252090454102
20170308154845969,-0.543485260009766
20170308154845970,0.349153900146484
20170308154845971,-2.98489151000977
20170308154845972,-0.360379791259766
20170308154845973,-0.0399452209472656
20170308154845974,-2.96200332641602
20170308154845975,-0.245938873291016
20170308154845976,-0.139127349853516
20170308154845977,-2.89333877563477
20170308154845978,0.204195404052734
20170308154845979,-0.268827056884766
20170308154845980,-2.86282119750977
20170308154845981,0.318636322021484
20170308154845982,-0.543485260009766
20170308154845983,-2.92385635375977
20170308154845984,0.509371185302734
20170308154845985,-0.779996490478516
20170308154845986,-2.83993301391602
20170308154845987,0.661959075927734
20170308154845988,-0.985990142822266
20170308154845989,-2.83993301391602
20170308154845990,0.684847259521484
20170308154845991,-0.978360748291016
20170308154845992,-2.82467422485352
20170308154845993,0.799288177490234
20170308154845994,-0.985990142822266
20170308154845995,-2.81704483032227
20170308154845996,0.776399993896484
20170308154845997,-1.12331924438477
20170308154845998,-2.77889785766602
20170308154845999,0.875582122802734
20170308154846000,-1.16909561157227
20170308154846001,-2.77889785766602
20170308154846002,0.791658782958984
20170308154846003,-1.24538955688477
20170308154846004,-2.68734512329102
20170308154846005,0.784029388427734
20170308154846006,-1.41323623657227
20170308154846007,-2.57290420532227
20170308154846008,0.921358489990234
20170308154846009,-1.52004776000977
20170308154846010,-2.45846328735352
20170308154846011,0.768770599365234
20170308154846012,-1.55819473266602
20170308154846013,-2.58816299438477
20170308154846014,0.738253021240234
20170308154846015,-1.39797744750977
20170308154846016,-2.60342178344727
20170308154846017,0.654329681396484
20170308154846018,-1.14620742797852
20170308154846019,-2.77889785766602
20170308154846020,0.707735443115234
20170308154846021,-1.10806045532227
20170308154846022,-2.81704483032227
20170308154846023,0.661959075927734
20170308154846024,-1.01650772094727
20170308154846025,-2.81704483032227
20170308154846026,0.753511810302734
20170308154846027,-0.909696197509766
20170308154846028,-2.81704483032227
20170308154846029,0.860323333740234
20170308154846030,-1.03939590454102
20170308154846031,-2.77889785766602
20170308154846032,0.845064544677734
20170308154846033,-1.17672500610352
20170308154846034,-2.72549209594727
20170308154846035,0.745882415771484
20170308154846036,-1.22250137329102
20170308154846037,-2.68734512329102
20170308154846038,0.791658782958984
20170308154846039,-1.39034805297852
20170308154846040,-2.63393936157227
20170308154846041,0.791658782958984
20170308154846042,-1.52767715454102
20170308154846043,-2.42794570922852
20170308154846044,0.669588470458984
20170308154846045,-1.61160049438477
20170308154846046,-2.29061660766602
20170308154846047,0.814546966552734
20170308154846048,-1.99307022094727
20170308154846049,-2.14565811157227
20170308154846050,0.707735443115234
20170308154846051,-1.91677627563477
20170308154846052,-2.09988174438477
20170308154846053,0.661959075927734
20170308154846054,-2.02358779907227
20170308154846055,-1.99307022094727
20170308154846056,0.646700286865234
20170308154846057,-2.22958145141602
20170308154846058,-1.83285293579102
20170308154846059,0.753511810302734
20170308154846060,-2.35165176391602
20170308154846061,-1.60397109985352
20170308154846062,0.684847259521484
20170308154846063,-2.53475723266602
20170308154846064,-1.61922988891602
20170308154846065,0.707735443115234
20170308154846066,-2.85519180297852
20170308154846067,-1.26064834594727
20170308154846068,0.600923919677734
20170308154846069,-3.03829727172852
20170308154846070,-0.924954986572266
20170308154846071,0.417818450927734
20170308154846072,-3.02303848266602
20170308154846073,-0.558744049072266
20170308154846074,0.105013275146484
20170308154846075,-3.00015029907227
20170308154846076,-0.451932525634766
20170308154846077,0.143160247802734
20170308154846078,-3.04592666625977
20170308154846079,-0.306974029541016
20170308154846080,-0.100980377197266
20170308154846081,-3.00777969360352
20170308154846082,0.166048431396484
20170308154846083,-0.276456451416016
20170308154846084,-2.88570938110352
20170308154846085,0.0668663024902344
20170308154846086,-0.406156158447266
20170308154846087,-2.97726211547852
20170308154846088,0.280489349365234
20170308154846089,-0.528226470947266
20170308154846090,-2.86282119750977
20170308154846091,0.265230560302734
20170308154846092,-0.505338287353516
20170308154846093,-2.90859756469727
20170308154846094,0.486483001708984
20170308154846095,-0.543485260009766
20170308154846096,-2.83993301391602
20170308154846097,0.387300872802734
20170308154846098,-0.467191314697266
20170308154846099,-2.87045059204102
20170308154846100,0.829805755615234
20170308154846101,-0.863919830322266
20170308154846102,-2.78652725219727
20170308154846103,0.722994232177734
20170308154846104,-1.10043106079102
20170308154846105,-2.79415664672852
20170308154846106,0.837435150146484
20170308154846107,-1.11568984985352
20170308154846108,-2.67971572875977
20170308154846109,1.02817001342773
20170308154846110,-1.21487197875977
20170308154846111,-2.64919815063477
20170308154846112,0.799288177490234
20170308154846113,-1.19198379516602
20170308154846114,-2.67971572875977
20170308154846115,0.822176361083984
20170308154846116,-1.35220108032227
20170308154846117,-2.76363906860352
20170308154846118,0.806917572021484
20170308154846119,-1.52767715454102
20170308154846120,-2.63393936157227
20170308154846121,0.753511810302734
20170308154846122,-1.51241836547852
20170308154846123,-2.53475723266602
20170308154846124,0.730623626708984
20170308154846125,-1.52767715454102
20170308154846126,-2.50423965454102
20170308154846127,0.761141204833984
20170308154846128,-1.67263565063477
20170308154846129,-2.32113418579102
20170308154846130,0.639070892333984
20170308154846131,-1.90151748657227
20170308154846132,-2.29824600219727
20170308154846133,0.921358489990234
20170308154846134,-1.80996475219727
20170308154846135,-2.26009902954102
20170308154846136,0.402559661865234
20170308154846137,-1.62685928344727
20170308154846138,-2.37453994750977
20170308154846139,0.600923919677734
20170308154846140,-1.61922988891602
20170308154846141,-2.44320449829102
20170308154846142,0.745882415771484
20170308154846143,-1.62685928344727
20170308154846144,-2.42031631469727
20170308154846145,0.661959075927734
20170308154846146,-1.53530654907227
20170308154846147,-2.42794570922852
20170308154846148,0.776399993896484
20170308154846149,-1.72604141235352
20170308154846150,-2.19143447875977
20170308154846151,0.761141204833984
20170308154846152,-1.85574111938477
20170308154846153,-2.11514053344727
20170308154846154,0.623812103271484
20170308154846155,-2.05410537719727
20170308154846156,-2.00069961547852
20170308154846157,0.623812103271484
20170308154846158,-2.20669326782227
20170308154846159,-1.91677627563477
20170308154846160,0.669588470458984
20170308154846161,-2.17617568969727
20170308154846162,-2.00069961547852
20170308154846163,0.661959075927734
20170308154846164,-2.02358779907227
20170308154846165,-2.02358779907227
20170308154846166,0.631441497802734
20170308154846167,-2.15328750610352
20170308154846168,-1.87099990844727
20170308154846169,0.623812103271484
20170308154846170,-2.32113418579102
20170308154846171,-1.71078262329102
20170308154846172,0.845064544677734
20170308154846173,-2.43557510375977
20170308154846174,-1.64974746704102
20170308154846175,0.585665130615234
20170308154846176,-2.34402236938477
20170308154846177,-1.53530654907227
20170308154846178,0.791658782958984
20170308154846179,-2.67971572875977
20170308154846180,-1.35983047485352
20170308154846181,0.593294525146484
20170308154846182,-2.80941543579102
20170308154846183,-1.26827774047852
20170308154846184,0.517000579833984
20170308154846185,-2.83230361938477
20170308154846186,-1.32168350219727
20170308154846187,0.623812103271484
20170308154846188,-2.87807998657227
20170308154846189,-1.10043106079102
20170308154846190,0.478853607177734
20170308154846191,-2.88570938110352
20170308154846192,-1.18435440063477
20170308154846193,0.517000579833984
20170308154846194,-2.82467422485352
20170308154846195,-1.16146621704102
20170308154846196,0.791658782958984
20170308154846197,-2.90859756469727
20170308154846198,-1.18435440063477
20170308154846199,0.501741790771484
20170308154846200,-2.94674453735352
20170308154846201,-1.19961318969727
20170308154846202,0.410189056396484
20170308154846203,-3.05355606079102
20170308154846204,-0.902066802978516
20170308154846205,0.394930267333984
20170308154846206,-2.96963272094727
20170308154846207,-0.627408599853516
20170308154846208,0.326265716552734
20170308154846209,-3.07644424438477
20170308154846210,-0.451932525634766
20170308154846211,-0.0552040100097656
20170308154846212,-3.02303848266602
20170308154846213,-0.0094276428222656
20170308154846214,-0.329862213134766
20170308154846215,-2.88570938110352
20170308154846216,0.234712982177734
20170308154846217,-0.444303131103516
20170308154846218,-2.93911514282227
20170308154846219,0.494112396240234
20170308154846220,-0.421414947509766
20170308154846221,-2.85519180297852
20170308154846222,0.486483001708984
20170308154846223,-0.619779205322266
20170308154846224,-2.80941543579102
20170308154846225,0.608553314208984
20170308154846226,-0.703702545166016
20170308154846227,-2.78652725219727
20170308154846228,0.806917572021484
20170308154846229,-0.978360748291016
20170308154846230,-2.74075088500977
20170308154846231,0.845064544677734
20170308154846232,-0.993619537353516
20170308154846233,-2.77126846313477
20170308154846234,0.791658782958984
20170308154846235,-1.05465469360352
20170308154846236,-2.74838027954102
20170308154846237,0.898470306396484
20170308154846238,-1.29879531860352
20170308154846239,-2.61105117797852
20170308154846240,0.845064544677734
20170308154846241,-1.64211807250977
20170308154846242,-2.51186904907227
20170308154846243,0.616182708740234
20170308154846244,-1.61922988891602
20170308154846245,-2.32113418579102
20170308154846246,0.806917572021484
20170308154846247,-1.86337051391602
20170308154846248,-2.17617568969727
20170308154846249,0.722994232177734
20170308154846250,-2.23721084594727
20170308154846251,-2.10751113891602
20170308154846252,0.738253021240234
20170308154846253,-2.13039932250977
20170308154846254,-1.82522354125977
20170308154846255,0.951876068115234
20170308154846256,-2.08462295532227
20170308154846257,-1.87099990844727
20170308154846258,0.799288177490234
20170308154846259,-2.07699356079102
20170308154846260,-1.97781143188477
20170308154846261,0.593294525146484
20170308154846262,-1.97781143188477
20170308154846263,-2.13039932250977
20170308154846264,0.661959075927734
20170308154846265,-2.02358779907227
20170308154846266,-1.98544082641602
20170308154846267,0.715364837646484
20170308154846268,-2.03884658813477
20170308154846269,-2.00832901000977
20170308154846270,0.745882415771484
20170308154846271,-2.26009902954102
20170308154846272,-1.97018203735352
20170308154846273,0.654329681396484
20170308154846274,-2.11514053344727
20170308154846275,-1.88625869750977
20170308154846276,0.707735443115234
20170308154846277,-2.12276992797852
20170308154846278,-1.92440567016602
20170308154846279,0.600923919677734
20170308154846280,-2.22958145141602
20170308154846281,-1.80996475219727
20170308154846282,0.707735443115234
20170308154846283,-2.40505752563477
20170308154846284,-1.58108291625977
20170308154846285,0.700106048583984
20170308154846286,-2.48898086547852
20170308154846287,-1.62685928344727
20170308154846288,0.677217864990234
20170308154846289,-2.43557510375977
20170308154846290,-1.55056533813477
20170308154846291,0.631441497802734
20170308154846292,-2.50423965454102
20170308154846293,-1.48953018188477
20170308154846294,0.677217864990234
20170308154846295,-2.71786270141602
20170308154846296,-1.30642471313477
20170308154846297,0.623812103271484
20170308154846298,-2.82467422485352
20170308154846299,-1.19961318969727
20170308154846300,0.478853607177734
20170308154846301,-2.86282119750977
20170308154846302,-1.26827774047852
20170308154846303,0.593294525146484
20170308154846304,-2.73312149047852
20170308154846305,-1.27590713500977
20170308154846306,0.646700286865234
20170308154846307,-2.61105117797852
20170308154846308,-1.35220108032227
20170308154846309,0.585665130615234
20170308154846310,-2.64919815063477
20170308154846311,-1.45901260375977
20170308154846312,0.517000579833984
20170308154846313,-2.63393936157227
20170308154846314,-1.38271865844727
20170308154846315,0.517000579833984
20170308154846316,-2.78652725219727
20170308154846317,-1.18435440063477
20170308154846318,0.440706634521484
20170308154846319,-2.97726211547852
20170308154846320,-1.03939590454102
20170308154846321,0.478853607177734
20170308154846322,-2.99252090454102
20170308154846323,-0.795255279541016
20170308154846324,0.478853607177734
20170308154846325,-2.95437393188477
20170308154846326,-0.955472564697266
20170308154846327,0.448336029052734
20170308154846328,-2.99252090454102
20170308154846329,-0.627408599853516
20170308154846330,0.311006927490234
20170308154846331,-2.92385635375977
20170308154846332,-0.528226470947266
20170308154846333,0.249971771240234
20170308154846334,-2.89333877563477
20170308154846335,-0.451932525634766
20170308154846336,0.318636322021484
20170308154846337,-3.01540908813477
20170308154846338,-0.520597076416016
20170308154846339,0.188936614990234
20170308154846340,-2.93911514282227
20170308154846341,-0.291715240478516
20170308154846342,0.0821250915527344
20170308154846343,-2.91622695922852
20170308154846344,-0.253568267822266
20170308154846345,-0.162015533447266
20170308154846346,-2.89333877563477
20170308154846347,-0.200162506103516
20170308154846348,-0.200162506103516
20170308154846349,-2.93148574829102
20170308154846350,-0.162015533447266
20170308154846351,-0.0017982482910156
20170308154846352,-2.89333877563477
20170308154846353,0.0516075134277344
20170308154846354,-0.444303131103516
20170308154846355,-2.86282119750977
20170308154846356,0.196566009521484
20170308154846357,-0.436673736572266
20170308154846358,-2.87807998657227
20170308154846359,0.204195404052734
20170308154846360,-0.490079498291016
20170308154846361,-2.83230361938477
20170308154846362,0.204195404052734
20170308154846363,-0.383267974853516
20170308154846364,-2.87807998657227
20170308154846365,0.311006927490234
20170308154846366,-0.520597076416016
20170308154846367,-2.83230361938477
20170308154846368,0.242342376708984
20170308154846369,-0.436673736572266
20170308154846370,-2.86282119750977
20170308154846371,0.524629974365234
20170308154846372,-0.604520416259766
20170308154846373,-2.78652725219727
20170308154846374,0.562776947021484
20170308154846375,-0.902066802978516
20170308154846376,-2.79415664672852
20170308154846377,0.867952728271484
20170308154846378,-0.978360748291016
20170308154846379,-2.76363906860352
20170308154846380,0.646700286865234
20170308154846381,-0.833402252197266
20170308154846382,-2.80178604125977
20170308154846383,0.898470306396484
20170308154846384,-1.04702529907227
20170308154846385,-2.74075088500977
20170308154846386,0.799288177490234
20170308154846387,-1.26064834594727
20170308154846388,-2.56527481079102
20170308154846389,0.875582122802734
20170308154846390,-1.51241836547852
20170308154846391,-2.36691055297852
20170308154846392,0.845064544677734
20170308154846393,-1.80233535766602
20170308154846394,-2.24484024047852
20170308154846395,0.890840911865234
20170308154846396,-2.16854629516602
20170308154846397,-1.90151748657227
20170308154846398,0.768770599365234
20170308154846399,-2.29061660766602
20170308154846400,-1.76418838500977
20170308154846401,0.646700286865234
20170308154846402,-2.33639297485352
20170308154846403,-1.67263565063477
20170308154846404,0.623812103271484
20170308154846405,-2.52712783813477
20170308154846406,-1.42849502563477
20170308154846407,0.677217864990234
20170308154846408,-2.83230361938477
20170308154846409,-1.25301895141602
20170308154846410,0.509371185302734
20170308154846411,-2.97726211547852
20170308154846412,-0.940213775634766
20170308154846413,0.509371185302734
20170308154846414,-2.96963272094727
20170308154846415,-0.863919830322266
20170308154846416,0.410189056396484
20170308154846417,-2.94674453735352
20170308154846418,-0.856290435791016
20170308154846419,0.448336029052734
20170308154846420,-3.04592666625977
20170308154846421,-0.413785552978516
20170308154846422,0.0897544860839844
20170308154846423,-2.97726211547852
20170308154846424,-0.322232818603516
20170308154846425,-0.0094276428222656
20170308154846426,-2.93911514282227
20170308154846427,-0.139127349853516
20170308154846428,-0.0552040100097656
20170308154846429,-2.90859756469727
20170308154846430,-0.230680084228516
20170308154846431,-0.154386138916016
20170308154846432,-2.86282119750977
20170308154846433,-0.0323158264160156
20170308154846434,-0.390897369384766
20170308154846435,-2.83230361938477
20170308154846436,-0.0857215881347656
20170308154846437,-0.314603424072266
20170308154846438,-2.84756240844727
20170308154846439,-0.261197662353516
20170308154846440,-0.0857215881347656
20170308154846441,-2.87807998657227
20170308154846442,-0.276456451416016
20170308154846443,-0.162015533447266
20170308154846444,-2.86282119750977
20170308154846445,-0.0704627990722656
20170308154846446,-0.200162506103516
20170308154846447,-2.88570938110352
20170308154846448,0.0516075134277344
20170308154846449,-0.375638580322266
20170308154846450,-2.82467422485352
20170308154846451,0.402559661865234
20170308154846452,-0.490079498291016
20170308154846453,-2.88570938110352
20170308154846454,0.471224212646484
20170308154846455,-0.375638580322266
20170308154846456,-2.84756240844727
20170308154846457,0.463594818115234
20170308154846458,-0.642667388916016
20170308154846459,-2.80178604125977
20170308154846460,0.158419036865234
20170308154846461,-0.413785552978516
20170308154846462,-2.87045059204102
20170308154846463,0.433077239990234
20170308154846464,-0.734220123291016
20170308154846465,-2.84756240844727
20170308154846466,0.738253021240234
20170308154846467,-0.902066802978516
20170308154846468,-2.83230361938477
20170308154846469,0.730623626708984
20170308154846470,-1.12331924438477
20170308154846471,-2.65682754516602
20170308154846472,0.913729095458984
20170308154846473,-1.22250137329102
20170308154846474,-2.64156875610352
20170308154846475,0.692476654052734
20170308154846476,-1.43612442016602
20170308154846477,-2.59579238891602
20170308154846478,0.890840911865234
20170308154846479,-1.56582412719727
20170308154846480,-2.39742813110352
20170308154846481,0.677217864990234
20170308154846482,-1.45901260375977
20170308154846483,-2.45083389282227
20170308154846484,0.944246673583984
20170308154846485,-1.60397109985352
20170308154846486,-2.37453994750977
20170308154846487,0.745882415771484
20170308154846488,-1.67263565063477
20170308154846489,-2.37453994750977
20170308154846490,0.722994232177734
20170308154846491,-1.81759414672852
20170308154846492,-2.26772842407227
20170308154846493,0.890840911865234
20170308154846494,-1.75655899047852
20170308154846495,-2.22958145141602
20170308154846496,0.715364837646484
20170308154846497,-1.90151748657227
20170308154846498,-2.14565811157227
20170308154846499,0.730623626708984
20170308154846500,-2.08462295532227
20170308154846501,-2.00069961547852
20170308154846502,0.646700286865234
20170308154846503,-2.22958145141602
20170308154846504,-1.87862930297852
20170308154846505,0.692476654052734
20170308154846506,-2.23721084594727
20170308154846507,-1.82522354125977
20170308154846508,0.707735443115234
20170308154846509,-2.38979873657227
20170308154846510,-1.70315322875977
20170308154846511,0.806917572021484
20170308154846512,-2.53475723266602
20170308154846513,-1.40560684204102
20170308154846514,0.562776947021484
20170308154846515,-2.79415664672852
20170308154846516,-1.23776016235352
20170308154846517,0.623812103271484
20170308154846518,-2.87045059204102
20170308154846519,-1.13094863891602
20170308154846520,0.616182708740234
20170308154846521,-2.92385635375977
20170308154846522,-0.863919830322266
20170308154846523,0.517000579833984
20170308154846524,-2.93148574829102
20170308154846525,-0.696073150634766
20170308154846526,0.372042083740234
20170308154846527,-2.96200332641602
20170308154846528,-0.329862213134766
20170308154846529,0.150789642333984
20170308154846530,-2.93911514282227
20170308154846531,-0.0017982482910156
20170308154846532,-0.131497955322266
20170308154846533,-2.89333877563477
20170308154846534,0.219454193115234
20170308154846535,-0.444303131103516
20170308154846536,-2.87807998657227
20170308154846537,0.333895111083984
20170308154846538,-0.635037994384766
20170308154846539,-2.83993301391602
20170308154846540,0.562776947021484
20170308154846541,-0.772367095947266
20170308154846542,-2.88570938110352
20170308154846543,0.768770599365234
20170308154846544,-0.688443756103516
20170308154846545,-2.76363906860352
20170308154846546,0.616182708740234
20170308154846547,-0.924954986572266
20170308154846548,-2.82467422485352
20170308154846549,0.677217864990234
20170308154846550,-1.02413711547852
20170308154846551,-2.72549209594727
20170308154846552,0.631441497802734
20170308154846553,-1.15383682250977
20170308154846554,-2.79415664672852
20170308154846555,0.738253021240234
20170308154846556,-1.18435440063477
20170308154846557,-2.61105117797852
20170308154846558,0.837435150146484
20170308154846559,-1.35983047485352
20170308154846560,-2.51949844360352
20170308154846561,0.799288177490234
20170308154846562,-1.45901260375977
20170308154846563,-2.38216934204102
20170308154846564,0.715364837646484
20170308154846565,-1.74130020141602
20170308154846566,-2.32113418579102
20170308154846567,0.814546966552734
20170308154846568,-1.81759414672852
20170308154846569,-2.19143447875977
20170308154846570,0.692476654052734
20170308154846571,-1.96255264282227
20170308154846572,-2.14565811157227
20170308154846573,0.745882415771484
20170308154846574,-2.02358779907227
20170308154846575,-2.02358779907227
20170308154846576,0.700106048583984
20170308154846577,-2.08462295532227
20170308154846578,-1.87862930297852
20170308154846579,0.852693939208984
20170308154846580,-2.29824600219727
20170308154846581,-1.74130020141602
20170308154846582,0.639070892333984
20170308154846583,-2.35165176391602
20170308154846584,-1.62685928344727
20170308154846585,0.555147552490234
20170308154846586,-2.39742813110352
20170308154846587,-1.64974746704102
20170308154846588,0.661959075927734
20170308154846589,-2.64156875610352
20170308154846590,-1.46664199829102
20170308154846591,0.661959075927734
20170308154846592,-2.67208633422852
20170308154846593,-1.42849502563477
20170308154846594,0.585665130615234
20170308154846595,-2.47372207641602
20170308154846596,-1.58108291625977
20170308154846597,0.600923919677734
20170308154846598,-2.61105117797852
20170308154846599,-1.28353652954102
20170308154846600,0.570406341552734
20170308154846601,-2.79415664672852
20170308154846602,-1.30642471313477
20170308154846603,0.715364837646484
20170308154846604,-2.81704483032227
20170308154846605,-1.23013076782227
20170308154846606,0.639070892333984
20170308154846607,-2.89333877563477
20170308154846608,-1.01650772094727
20170308154846609,0.455965423583984
20170308154846610,-2.89333877563477
20170308154846611,-1.03176651000977
20170308154846612,0.677217864990234
20170308154846613,-2.90096817016602
20170308154846614,-1.04702529907227
20170308154846615,0.471224212646484
20170308154846616,-2.89333877563477
20170308154846617,-0.940213775634766
20170308154846618,0.616182708740234
20170308154846619,-2.91622695922852
20170308154846620,-0.863919830322266
20170308154846621,0.494112396240234
20170308154846622,-2.93148574829102
20170308154846623,-0.650296783447266
20170308154846624,0.311006927490234
20170308154846625,-2.93148574829102
20170308154846626,-0.650296783447266
20170308154846627,0.272859954833984
20170308154846628,-2.96963272094727
20170308154846629,-0.459561920166016
20170308154846630,0.318636322021484
20170308154846631,-2.90859756469727
20170308154846632,-0.429044342041016
20170308154846633,0.0363487243652344
20170308154846634,-2.90096817016602
20170308154846635,-0.0857215881347656
20170308154846636,-0.192533111572266
20170308154846637,-2.95437393188477
20170308154846638,-0.139127349853516
20170308154846639,-0.261197662353516
20170308154846640,-2.90859756469727
20170308154846641,-0.0933509826660156
20170308154846642,-0.291715240478516
20170308154846643,-2.83993301391602
20170308154846644,-0.123868560791016
20170308154846645,-0.0017982482910156
20170308154846646,-2.78652725219727
20170308154846647,0.150789642333984
20170308154846648,-0.383267974853516
20170308154846649,-2.86282119750977
20170308154846650,0.272859954833984
20170308154846651,-0.505338287353516
20170308154846652,-2.83993301391602
20170308154846653,0.425447845458984
20170308154846654,-0.802884674072266
20170308154846655,-2.84756240844727
20170308154846656,0.875582122802734
20170308154846657,-0.993619537353516
20170308154846658,-2.70260391235352
20170308154846659,0.883211517333984
20170308154846660,-1.38271865844727
20170308154846661,-2.48135147094727
20170308154846662,0.768770599365234
20170308154846663,-1.56582412719727
20170308154846664,-2.42031631469727
20170308154846665,0.806917572021484
20170308154846666,-1.76418838500977
20170308154846667,-2.29061660766602
20170308154846668,0.814546966552734
20170308154846669,-2.00832901000977
20170308154846670,-1.91677627563477
20170308154846671,0.784029388427734
20170308154846672,-2.27535781860352
20170308154846673,-1.64211807250977
20170308154846674,0.707735443115234
20170308154846675,-2.42794570922852
20170308154846676,-1.32931289672852
20170308154846677,0.768770599365234
20170308154846678,-2.88570938110352
20170308154846679,-1.01650772094727
20170308154846680,0.532259368896484
20170308154846681,-2.99252090454102
20170308154846682,-0.833402252197266
20170308154846683,0.440706634521484
20170308154846684,-2.99252090454102
20170308154846685,-0.810514068603516
20170308154846686,0.249971771240234
20170308154846687,-3.00015029907227
20170308154846688,-0.528226470947266
20170308154846689,0.265230560302734
20170308154846690,-2.90859756469727
20170308154846691,-0.512967681884766
20170308154846692,0.120272064208984
20170308154846693,-2.91622695922852
20170308154846694,-0.413785552978516
20170308154846695,0.303377532958984
20170308154846696,-2.87807998657227
20170308154846697,-0.322232818603516
20170308154846698,0.158419036865234
20170308154846699,-2.87045059204102
20170308154846700,-0.413785552978516
20170308154846701,-0.0017982482910156
20170308154846702,-2.87045059204102
20170308154846703,-0.406156158447266
20170308154846704,0.0439781188964844
20170308154846705,-2.89333877563477
20170308154846706,-0.436673736572266
20170308154846707,0.0668663024902344
20170308154846708,-2.87807998657227
20170308154846709,-0.139127349853516
20170308154846710,-0.0780921936035156
20170308154846711,-2.92385635375977
20170308154846712,-0.100980377197266
20170308154846713,-0.253568267822266
20170308154846714,-2.90859756469727
20170308154846715,0.120272064208984
20170308154846716,-0.436673736572266
20170308154846717,-2.90096817016602
20170308154846718,0.249971771240234
20170308154846719,-0.558744049072266
20170308154846720,-2.89333877563477
20170308154846721,0.295748138427734
20170308154846722,-0.543485260009766
20170308154846723,-2.86282119750977
20170308154846724,0.127901458740234
20170308154846725,-0.589261627197266
20170308154846726,-2.83993301391602
20170308154846727,0.257601165771484
20170308154846728,-0.436673736572266
20170308154846729,-2.77126846313477
20170308154846730,0.478853607177734
20170308154846731,-0.779996490478516
20170308154846732,-2.79415664672852
20170308154846733,0.646700286865234
20170308154846734,-0.673184967041016
20170308154846735,-2.83230361938477
20170308154846736,0.608553314208984
20170308154846737,-0.741849517822266
20170308154846738,-2.72549209594727
20170308154846739,0.654329681396484
20170308154846740,-0.955472564697266
20170308154846741,-2.80178604125977
20170308154846742,0.799288177490234
20170308154846743,-0.886808013916016
20170308154846744,-2.77126846313477
20170308154846745,0.715364837646484
20170308154846746,-1.02413711547852
20170308154846747,-2.76363906860352
20170308154846748,0.631441497802734
20170308154846749,-0.970731353759766
20170308154846750,-2.80941543579102
20170308154846751,0.738253021240234
20170308154846752,-1.07754287719727
20170308154846753,-2.78652725219727
20170308154846754,0.745882415771484
20170308154846755,-1.10043106079102
20170308154846756,-2.71786270141602
20170308154846757,0.829805755615234
20170308154846758,-1.06991348266602
20170308154846759,-2.79415664672852
20170308154846760,0.928987884521484
20170308154846761,-1.04702529907227
20170308154846762,-2.67971572875977
20170308154846763,0.814546966552734
20170308154846764,-1.28353652954102
20170308154846765,-2.70260391235352
20170308154846766,0.715364837646484
20170308154846767,-1.14620742797852
20170308154846768,-2.67208633422852
20170308154846769,0.959505462646484
20170308154846770,-1.23013076782227
20170308154846771,-2.63393936157227
20170308154846772,0.784029388427734
20170308154846773,-1.19198379516602
20170308154846774,-2.50423965454102
20170308154846775,0.982393646240234
20170308154846776,-1.26064834594727
20170308154846777,-2.66445693969727
20170308154846778,0.829805755615234
20170308154846779,-1.26827774047852
20170308154846780,-2.56527481079102
20170308154846781,0.791658782958984
20170308154846782,-1.10043106079102
20170308154846783,-2.57290420532227
20170308154846784,1.03579940795898
20170308154846785,-1.25301895141602
20170308154846786,-2.58816299438477
20170308154846787,0.936617279052734
20170308154846788,-1.35983047485352
20170308154846789,-2.57290420532227
20170308154846790,0.745882415771484
20170308154846791,-1.43612442016602
20170308154846792,-2.52712783813477
20170308154846793,0.677217864990234
20170308154846794,-1.71841201782227
20170308154846795,-2.40505752563477
20170308154846796,0.761141204833984
20170308154846797,-1.79470596313477
20170308154846798,-2.26772842407227
20170308154846799,0.806917572021484
20170308154846800,-2.08462295532227
20170308154846801,-2.06173477172852
20170308154846802,0.745882415771484
20170308154846803,-2.13039932250977
20170308154846804,-2.00069961547852
20170308154846805,0.753511810302734
20170308154846806,-2.16854629516602
20170308154846807,-1.82522354125977
20170308154846808,0.761141204833984
20170308154846809,-2.41268692016602
20170308154846810,-1.53530654907227
20170308154846811,0.745882415771484
20170308154846812,-2.74838027954102
20170308154846813,-1.15383682250977
20170308154846814,0.661959075927734
20170308154846815,-2.98489151000977
20170308154846816,-1.06228408813477
20170308154846817,0.517000579833984
20170308154846818,-3.00777969360352
20170308154846819,-0.787625885009766
20170308154846820,0.402559661865234
20170308154846821,-3.01540908813477
20170308154846822,-0.337491607666016
20170308154846823,0.0363487243652344
20170308154846824,-2.96963272094727
20170308154846825,-0.230680084228516
20170308154846826,-0.200162506103516
20170308154846827,-2.87807998657227
20170308154846828,0.0973838806152344
20170308154846829,-0.360379791259766
20170308154846830,-2.90859756469727
20170308154846831,0.196566009521484
20170308154846832,-0.512967681884766
20170308154846833,-2.87045059204102
20170308154846834,0.433077239990234
20170308154846835,-0.688443756103516
20170308154846836,-2.78652725219727
20170308154846837,0.578035736083984
20170308154846838,-0.795255279541016
20170308154846839,-2.80178604125977
20170308154846840,0.639070892333984
20170308154846841,-0.894437408447266
20170308154846842,-2.76363906860352
20170308154846843,0.860323333740234
20170308154846844,-1.16146621704102
20170308154846845,-2.75600967407227
20170308154846846,0.829805755615234
20170308154846847,-1.35983047485352
20170308154846848,-2.52712783813477
20170308154846849,0.799288177490234
20170308154846850,-1.64974746704102
20170308154846851,-2.37453994750977
20170308154846852,0.837435150146484
20170308154846853,-1.84811172485352
20170308154846854,-2.34402236938477
20170308154846855,0.661959075927734
20170308154846856,-1.99307022094727
20170308154846857,-2.16091690063477
20170308154846858,0.852693939208984
20170308154846859,-2.14565811157227
20170308154846860,-1.93966445922852
20170308154846861,0.684847259521484
20170308154846862,-2.10751113891602
20170308154846863,-2.00832901000977
20170308154846864,0.639070892333984
20170308154846865,-2.09988174438477
20170308154846866,-1.93966445922852
20170308154846867,0.608553314208984
20170308154846868,-2.03884658813477
20170308154846869,-2.11514053344727
20170308154846870,0.677217864990234
20170308154846871,-1.95492324829102
20170308154846872,-2.19143447875977
20170308154846873,0.639070892333984
20170308154846874,-1.87099990844727
20170308154846875,-2.14565811157227
20170308154846876,0.623812103271484
20170308154846877,-1.98544082641602
20170308154846878,-2.16091690063477
20170308154846879,0.875582122802734
20170308154846880,-2.26009902954102
20170308154846881,-1.63448867797852
20170308154846882,0.867952728271484
20170308154846883,-2.55001602172852
20170308154846884,-1.40560684204102
20170308154846885,0.555147552490234
20170308154846886,-2.69497451782227
20170308154846887,-1.39034805297852
20170308154846888,0.570406341552734
20170308154846889,-2.73312149047852
20170308154846890,-1.39034805297852
20170308154846891,0.707735443115234
20170308154846892,-2.77126846313477
20170308154846893,-1.32168350219727
20170308154846894,0.722994232177734
20170308154846895,-2.74838027954102
20170308154846896,-1.39034805297852
20170308154846897,0.730623626708984
20170308154846898,-2.71023330688477
20170308154846899,-1.36745986938477
20170308154846900,0.578035736083984
20170308154846901,-2.79415664672852
20170308154846902,-1.25301895141602
20170308154846903,0.494112396240234
20170308154846904,-2.70260391235352
20170308154846905,-1.29116592407227
20170308154846906,0.570406341552734
20170308154846907,-2.64919815063477
20170308154846908,-1.38271865844727
20170308154846909,0.585665130615234
20170308154846910,-2.73312149047852
20170308154846911,-1.27590713500977
20170308154846912,0.585665130615234
20170308154846913,-2.74075088500977
20170308154846914,-1.33694229125977
20170308154846915,0.578035736083984
20170308154846916,-2.74838027954102
20170308154846917,-1.31405410766602
20170308154846918,0.768770599365234
20170308154846919,-2.77889785766602
20170308154846920,-1.24538955688477
20170308154846921,0.585665130615234
20170308154846922,-2.67208633422852
20170308154846923,-1.32168350219727
20170308154846924,0.616182708740234
20170308154846925,-2.89333877563477
20170308154846926,-1.30642471313477
20170308154846927,0.539888763427734
20170308154846928,-2.88570938110352
20170308154846929,-1.14620742797852
20170308154846930,0.524629974365234
20170308154846931,-2.95437393188477
20170308154846932,-0.947843170166016
20170308154846933,0.494112396240234
20170308154846934,-2.96200332641602
20170308154846935,-0.711331939697266
20170308154846936,0.539888763427734
20170308154846937,-2.96963272094727
20170308154846938,-0.711331939697266
20170308154846939,0.219454193115234
20170308154846940,-2.93911514282227
20170308154846941,-0.604520416259766
20170308154846942,0.211824798583984
20170308154846943,-2.87807998657227
20170308154846944,-0.619779205322266
20170308154846945,0.219454193115234
20170308154846946,-2.92385635375977
20170308154846947,-0.574002838134766
20170308154846948,0.280489349365234
20170308154846949,-2.90096817016602
20170308154846950,-0.581632232666016
20170308154846951,0.196566009521484
20170308154846952,-2.90859756469727
20170308154846953,-0.497708892822266
20170308154846954,0.0668663024902344
20170308154846955,-2.92385635375977
20170308154846956,-0.253568267822266
20170308154846957,0.0439781188964844
20170308154846958,-2.91622695922852
20170308154846959,-0.177274322509766
20170308154846960,-0.146756744384766
20170308154846961,-2.94674453735352
20170308154846962,-0.139127349853516
20170308154846963,-0.223050689697266
20170308154846964,-2.95437393188477
20170308154846965,0.242342376708984
20170308154846966,-0.505338287353516
20170308154846967,-2.87045059204102
20170308154846968,0.425447845458984
20170308154846969,-0.718961334228516
20170308154846970,-2.88570938110352
20170308154846971,0.585665130615234
20170308154846972,-0.841031646728516
20170308154846973,-2.82467422485352
20170308154846974,0.814546966552734
20170308154846975,-1.08517227172852
20170308154846976,-2.70260391235352
20170308154846977,0.928987884521484
20170308154846978,-1.16146621704102
20170308154846979,-2.66445693969727
20170308154846980,0.860323333740234
20170308154846981,-1.38271865844727
20170308154846982,-2.58816299438477
20170308154846983,0.814546966552734
20170308154846984,-1.71841201782227
20170308154846985,-2.29061660766602
20170308154846986,0.684847259521484
20170308154846987,-1.90914688110352
20170308154846988,-2.17617568969727
20170308154846989,0.776399993896484
20170308154846990,-2.07699356079102
20170308154846991,-2.00832901000977
20170308154846992,0.745882415771484
20170308154846993,-2.29824600219727
20170308154846994,-1.71078262329102
20170308154846995,0.715364837646484
20170308154846996,-2.32113418579102
20170308154846997,-1.63448867797852
20170308154846998,0.684847259521484
20170308154846999,-2.34402236938477
20170308154847000,-1.56582412719727
20170308154847001,0.745882415771484
20170308154847002,-2.55001602172852
20170308154847003,-1.47427139282227
20170308154847004,0.700106048583984
20170308154847005,-2.80178604125977
20170308154847006,-1.11568984985352
20170308154847007,0.616182708740234
20170308154847008,-2.90859756469727
20170308154847009,-0.932584381103516
20170308154847010,0.448336029052734
20170308154847011,-2.87045059204102
20170308154847012,-0.718961334228516
20170308154847013,0.448336029052734
20170308154847014,-2.95437393188477
20170308154847015,-0.848661041259766
20170308154847016,0.585665130615234
20170308154847017,-2.93148574829102
20170308154847018,-0.963101959228516
20170308154847019,0.349153900146484
20170308154847020,-2.92385635375977
20170308154847021,-1.01650772094727
20170308154847022,0.333895111083984
20170308154847023,-2.98489151000977
20170308154847024,-1.09280166625977
20170308154847025,0.471224212646484
20170308154847026,-2.93148574829102
20170308154847027,-0.856290435791016
20170308154847028,0.394930267333984
20170308154847029,-2.97726211547852
20170308154847030,-1.09280166625977
20170308154847031,0.433077239990234
20170308154847032,-3.02303848266602
20170308154847033,-0.711331939697266
20170308154847034,0.311006927490234
20170308154847035,-2.90096817016602
20170308154847036,-0.650296783447266
20170308154847037,0.433077239990234
20170308154847038,-2.94674453735352
20170308154847039,-0.619779205322266
20170308154847040,0.257601165771484
20170308154847041,-2.89333877563477
20170308154847042,-0.528226470947266
20170308154847043,0.181307220458984
20170308154847044,-2.85519180297852
20170308154847045,-0.680814361572266
20170308154847046,0.242342376708984
20170308154847047,-2.92385635375977
20170308154847048,-0.650296783447266
20170308154847049,0.349153900146484
20170308154847050,-2.85519180297852
20170308154847051,-0.505338287353516
20170308154847052,0.0363487243652344
20170308154847053,-2.93148574829102
20170308154847054,-0.413785552978516
20170308154847055,-0.0628334045410156
20170308154847056,-2.93911514282227
20170308154847057,-0.215421295166016
20170308154847058,-0.139127349853516
20170308154847059,-2.87045059204102
20170308154847060,-0.192533111572266
20170308154847061,0.0363487243652344
20170308154847062,-2.89333877563477
20170308154847063,-0.169644927978516
20170308154847064,-0.154386138916016
20170308154847065,-2.96200332641602
20170308154847066,-0.0323158264160156
20170308154847067,-0.276456451416016
20170308154847068,-2.90859756469727
20170308154847069,-0.146756744384766
20170308154847070,-0.0323158264160156
20170308154847071,-2.89333877563477
20170308154847072,-0.154386138916016
20170308154847073,-0.383267974853516
20170308154847074,-2.93148574829102
20170308154847075,-0.0704627990722656
20170308154847076,-0.352750396728516
20170308154847077,-2.86282119750977
20170308154847078,0.372042083740234
20170308154847079,-0.345121002197266
20170308154847080,-2.83993301391602
20170308154847081,0.265230560302734
20170308154847082,-0.551114654541016
20170308154847083,-2.90859756469727
20170308154847084,0.204195404052734
20170308154847085,-0.596891021728516
20170308154847086,-2.92385635375977
20170308154847087,0.593294525146484
20170308154847088,-0.726590728759766
20170308154847089,-2.83230361938477
20170308154847090,0.440706634521484
20170308154847091,-0.680814361572266
20170308154847092,-2.85519180297852
20170308154847093,0.379671478271484
20170308154847094,-0.505338287353516
20170308154847095,-2.81704483032227
20170308154847096,0.463594818115234
20170308154847097,-0.749478912353516
20170308154847098,-2.82467422485352
20170308154847099,0.585665130615234
20170308154847100,-0.871549224853516
20170308154847101,-2.82467422485352
20170308154847102,0.738253021240234
20170308154847103,-0.970731353759766
20170308154847104,-2.84756240844727
20170308154847105,0.799288177490234
20170308154847106,-1.13094863891602
20170308154847107,-2.73312149047852
20170308154847108,0.814546966552734
20170308154847109,-1.39034805297852
20170308154847110,-2.58053359985352
20170308154847111,0.806917572021484
20170308154847112,-1.60397109985352
20170308154847113,-2.43557510375977
20170308154847114,0.898470306396484
20170308154847115,-1.67263565063477
20170308154847116,-2.35165176391602
20170308154847117,0.654329681396484
20170308154847118,-1.72604141235352
20170308154847119,-2.16854629516602
20170308154847120,0.791658782958984
20170308154847121,-2.22195205688477
20170308154847122,-1.80996475219727
20170308154847123,0.722994232177734
20170308154847124,-2.32113418579102
20170308154847125,-1.64211807250977
20170308154847126,0.822176361083984
20170308154847127,-2.39742813110352
20170308154847128,-1.45901260375977
20170308154847129,0.814546966552734
20170308154847130,-2.60342178344727
20170308154847131,-1.37508926391602
20170308154847132,0.631441497802734
20170308154847133,-2.76363906860352
20170308154847134,-1.16146621704102
20170308154847135,0.616182708740234
20170308154847136,-2.93148574829102
20170308154847137,-0.955472564697266
20170308154847138,0.425447845458984
20170308154847139,-3.01540908813477
20170308154847140,-0.551114654541016
20170308154847141,0.188936614990234
20170308154847142,-3.00015029907227
20170308154847143,-0.261197662353516
20170308154847144,-0.131497955322266
20170308154847145,-2.93911514282227
20170308154847146,-0.0094276428222656
20170308154847147,-0.383267974853516
20170308154847148,-2.95437393188477
20170308154847149,0.417818450927734
20170308154847150,-0.383267974853516
20170308154847151,-2.89333877563477
20170308154847152,0.280489349365234
20170308154847153,-0.673184967041016
20170308154847154,-2.90096817016602
20170308154847155,0.425447845458984
20170308154847156,-0.718961334228516
20170308154847157,-2.85519180297852
20170308154847158,0.494112396240234
20170308154847159,-0.825772857666016
20170308154847160,-2.90859756469727
20170308154847161,0.616182708740234
20170308154847162,-0.940213775634766
20170308154847163,-2.87045059204102
20170308154847164,0.661959075927734
20170308154847165,-0.902066802978516
20170308154847166,-2.78652725219727
20170308154847167,0.616182708740234
20170308154847168,-0.993619537353516
20170308154847169,-2.80941543579102
20170308154847170,0.654329681396484
20170308154847171,-1.11568984985352
20170308154847172,-2.67971572875977
20170308154847173,0.829805755615234
20170308154847174,-1.05465469360352
20170308154847175,-2.74075088500977
20170308154847176,0.677217864990234
20170308154847177,-0.940213775634766
20170308154847178,-2.79415664672852
20170308154847179,0.898470306396484
20170308154847180,-1.09280166625977
20170308154847181,-2.64156875610352
20170308154847182,0.700106048583984
20170308154847183,-1.14620742797852
20170308154847184,-2.83230361938477
20170308154847185,0.784029388427734
20170308154847186,-1.10043106079102
20170308154847187,-2.80178604125977
20170308154847188,0.745882415771484
20170308154847189,-0.963101959228516
20170308154847190,-2.64919815063477
20170308154847191,0.806917572021484
20170308154847192,-1.23013076782227
20170308154847193,-2.69497451782227
20170308154847194,0.814546966552734
20170308154847195,-1.24538955688477
20170308154847196,-2.63393936157227
20170308154847197,0.791658782958984
20170308154847198,-1.37508926391602
20170308154847199,-2.59579238891602
20170308154847200,0.936617279052734
20170308154847201,-1.32168350219727
20170308154847202,-2.64156875610352
20170308154847203,0.753511810302734
20170308154847204,-1.37508926391602
20170308154847205,-2.58816299438477
20170308154847206,0.753511810302734
20170308154847207,-1.46664199829102
20170308154847208,-2.56527481079102
20170308154847209,0.768770599365234
20170308154847210,-1.20724258422852
20170308154847211,-2.59579238891602
20170308154847212,0.837435150146484
20170308154847213,-0.985990142822266
20170308154847214,-2.65682754516602
20170308154847215,0.799288177490234
20170308154847216,-1.26827774047852
20170308154847217,-2.73312149047852
20170308154847218,0.715364837646484
20170308154847219,-1.25301895141602
20170308154847220,-2.68734512329102
20170308154847221,0.906099700927734
20170308154847222,-1.42849502563477
20170308154847223,-2.55001602172852
20170308154847224,0.715364837646484
20170308154847225,-1.26064834594727
20170308154847226,-2.51186904907227
20170308154847227,0.646700286865234
20170308154847228,-1.26827774047852
20170308154847229,-2.64919815063477
20170308154847230,0.822176361083984
20170308154847231,-1.29879531860352
20170308154847232,-2.65682754516602
20170308154847233,0.745882415771484
20170308154847234,-1.51241836547852
20170308154847235,-2.47372207641602
20170308154847236,0.715364837646484
20170308154847237,-1.74130020141602
20170308154847238,-2.34402236938477
20170308154847239,0.799288177490234
20170308154847240,-1.91677627563477
20170308154847241,-2.06936416625977
20170308154847242,0.661959075927734
20170308154847243,-1.97018203735352
20170308154847244,-2.07699356079102
20170308154847245,0.700106048583984
20170308154847246,-2.12276992797852
20170308154847247,-1.85574111938477
20170308154847248,0.784029388427734
20170308154847249,-2.36691055297852
20170308154847250,-1.80996475219727
20170308154847251,0.669588470458984
20170308154847252,-2.24484024047852
20170308154847253,-1.85574111938477
20170308154847254,0.761141204833984
20170308154847255,-2.34402236938477
20170308154847256,-1.61160049438477
20170308154847257,0.776399993896484
20170308154847258,-2.48898086547852
20170308154847259,-1.60397109985352
20170308154847260,0.677217864990234
20170308154847261,-2.56527481079102
20170308154847262,-1.61922988891602
20170308154847263,0.593294525146484
20170308154847264,-2.61105117797852
20170308154847265,-1.48953018188477
20170308154847266,0.753511810302734
20170308154847267,-2.58053359985352
20170308154847268,-1.47427139282227
20170308154847269,0.524629974365234
20170308154847270,-2.53475723266602
20170308154847271,-1.42086563110352
20170308154847272,0.677217864990234
20170308154847273,-2.79415664672852
20170308154847274,-1.33694229125977
20170308154847275,0.684847259521484
20170308154847276,-2.98489151000977
20170308154847277,-1.26064834594727
20170308154847278,0.517000579833984
20170308154847279,-3.05355606079102
20170308154847280,-0.856290435791016
20170308154847281,0.585665130615234
20170308154847282,-2.99252090454102
20170308154847283,-0.642667388916016
20170308154847284,0.326265716552734
20170308154847285,-3.02303848266602
20170308154847286,-0.520597076416016
20170308154847287,0.0592369079589844
20170308154847288,-3.04592666625977
20170308154847289,-0.131497955322266
20170308154847290,-0.276456451416016
20170308154847291,-2.95437393188477
20170308154847292,0.372042083740234
20170308154847293,-0.551114654541016
20170308154847294,-2.88570938110352
20170308154847295,0.509371185302734
20170308154847296,-0.589261627197266
20170308154847297,-2.81704483032227
20170308154847298,0.463594818115234
20170308154847299,-0.825772857666016
20170308154847300,-2.81704483032227
20170308154847301,0.631441497802734
20170308154847302,-0.924954986572266
20170308154847303,-2.77889785766602
20170308154847304,0.730623626708984
20170308154847305,-0.940213775634766
20170308154847306,-2.80941543579102
20170308154847307,0.875582122802734
20170308154847308,-1.29116592407227
20170308154847309,-2.54238662719727
20170308154847310,0.822176361083984
20170308154847311,-1.56582412719727
20170308154847312,-2.38216934204102
20170308154847313,0.982393646240234
20170308154847314,-1.64974746704102
20170308154847315,-2.42794570922852
20170308154847316,0.631441497802734
20170308154847317,-1.79470596313477
20170308154847318,-2.24484024047852
20170308154847319,0.692476654052734
20170308154847320,-2.00069961547852
20170308154847321,-2.17617568969727
20170308154847322,0.784029388427734
20170308154847323,-2.30587539672852
20170308154847324,-1.78707656860352
20170308154847325,0.745882415771484
20170308154847326,-2.41268692016602
20170308154847327,-1.63448867797852
20170308154847328,0.669588470458984
20170308154847329,-2.56527481079102
20170308154847330,-1.33694229125977
20170308154847331,0.631441497802734
20170308154847332,-2.65682754516602
20170308154847333,-1.31405410766602
20170308154847334,0.654329681396484
20170308154847335,-2.87045059204102
20170308154847336,-1.35983047485352
20170308154847337,0.478853607177734
20170308154847338,-2.88570938110352
20170308154847339,-1.19198379516602
20170308154847340,0.600923919677734
20170308154847341,-2.77126846313477
20170308154847342,-1.20724258422852
20170308154847343,0.654329681396484
20170308154847344,-3.00777969360352
20170308154847345,-1.00124893188477
20170308154847346,0.425447845458984
20170308154847347,-2.90859756469727
20170308154847348,-0.871549224853516
20170308154847349,0.463594818115234
20170308154847350,-2.95437393188477
20170308154847351,-0.718961334228516
20170308154847352,0.311006927490234
20170308154847353,-2.87807998657227
20170308154847354,-0.718961334228516
20170308154847355,0.341524505615234
20170308154847356,-2.95437393188477
20170308154847357,-0.497708892822266
20170308154847358,0.127901458740234
20170308154847359,-2.93148574829102
20170308154847360,-0.657926177978516
20170308154847361,0.379671478271484
20170308154847362,-2.93911514282227
20170308154847363,-0.512967681884766
20170308154847364,0.0973838806152344
20170308154847365,-2.88570938110352
20170308154847366,-0.574002838134766
20170308154847367,0.280489349365234
20170308154847368,-2.98489151000977
20170308154847369,-0.482450103759766
20170308154847370,0.0744956970214844
20170308154847371,-2.93911514282227
20170308154847372,-0.558744049072266
20170308154847373,0.143160247802734
20170308154847374,-2.97726211547852
20170308154847375,-0.589261627197266
20170308154847376,0.326265716552734
20170308154847377,-2.97726211547852
20170308154847378,-0.535855865478516
20170308154847379,0.227083587646484
20170308154847380,-2.93148574829102
20170308154847381,-0.497708892822266
20170308154847382,0.417818450927734
20170308154847383,-2.86282119750977
20170308154847384,-0.406156158447266
20170308154847385,0.0897544860839844
20170308154847386,-2.77889785766602
20170308154847387,-0.413785552978516
20170308154847388,0.120272064208984
20170308154847389,-2.96200332641602
20170308154847390,-0.368009185791016
20170308154847391,-0.0552040100097656
20170308154847392,-2.93148574829102
20170308154847393,-0.375638580322266
20170308154847394,0.196566009521484
20170308154847395,-2.88570938110352
20170308154847396,-0.551114654541016
20170308154847397,0.158419036865234
20170308154847398,-2.96200332641602
20170308154847399,-0.436673736572266
20170308154847400,0.150789642333984
20170308154847401,-2.98489151000977
20170308154847402,-0.421414947509766
20170308154847403,0.0821250915527344
20170308154847404,-2.96200332641602
20170308154847405,-0.535855865478516
20170308154847406,0.303377532958984
20170308154847407,-2.90859756469727
20170308154847408,-0.566373443603516
20170308154847409,0.303377532958984
20170308154847410,-3.03066787719727
20170308154847411,-0.406156158447266
20170308154847412,0.196566009521484
20170308154847413,-2.94674453735352
20170308154847414,-0.482450103759766
20170308154847415,0.0363487243652344
20170308154847416,-2.93148574829102
20170308154847417,-0.520597076416016
20170308154847418,0.188936614990234
20170308154847419,-2.94674453735352
20170308154847420,-0.589261627197266
20170308154847421,0.257601165771484
20170308154847422,-2.94674453735352
20170308154847423,-0.657926177978516
20170308154847424,0.181307220458984
20170308154847425,-2.90859756469727
20170308154847426,-0.673184967041016
20170308154847427,0.341524505615234
20170308154847428,-2.87807998657227
20170308154847429,-0.413785552978516
20170308154847430,0.135530853271484
20170308154847431,-2.96963272094727
20170308154847432,-0.299344635009766
20170308154847433,-0.0933509826660156
20170308154847434,-3.02303848266602
20170308154847435,-0.200162506103516
20170308154847436,-0.261197662353516
20170308154847437,-2.97726211547852
20170308154847438,-0.0094276428222656
20170308154847439,-0.368009185791016
20170308154847440,-2.94674453735352
20170308154847441,0.318636322021484
20170308154847442,-0.566373443603516
20170308154847443,-2.90859756469727
20170308154847444,0.333895111083984
20170308154847445,-0.642667388916016
20170308154847446,-2.87045059204102
20170308154847447,0.372042083740234
20170308154847448,-0.818143463134766
20170308154847449,-2.93911514282227
20170308154847450,0.478853607177734
20170308154847451,-0.818143463134766
20170308154847452,-2.93148574829102
20170308154847453,0.562776947021484
20170308154847454,-0.665555572509766
20170308154847455,-2.82467422485352
20170308154847456,0.715364837646484
20170308154847457,-0.818143463134766
20170308154847458,-2.80941543579102
20170308154847459,0.692476654052734
20170308154847460,-1.07754287719727
20170308154847461,-2.77126846313477
20170308154847462,0.684847259521484
20170308154847463,-1.10043106079102
20170308154847464,-2.76363906860352
20170308154847465,0.944246673583984
20170308154847466,-1.45901260375977
20170308154847467,-2.55764541625977
20170308154847468,0.784029388427734
20170308154847469,-1.43612442016602
20170308154847470,-2.56527481079102
20170308154847471,0.806917572021484
20170308154847472,-1.73367080688477
20170308154847473,-2.32113418579102
20170308154847474,0.837435150146484
20170308154847475,-1.77944717407227
20170308154847476,-2.24484024047852
20170308154847477,0.722994232177734
20170308154847478,-1.84048233032227
20170308154847479,-2.14565811157227
20170308154847480,0.806917572021484
20170308154847481,-2.19143447875977
20170308154847482,-1.84048233032227
20170308154847483,0.570406341552734
20170308154847484,-2.33639297485352
20170308154847485,-1.66500625610352
20170308154847486,0.707735443115234
20170308154847487,-2.61105117797852
20170308154847488,-1.51241836547852
20170308154847489,0.799288177490234
20170308154847490,-2.69497451782227
20170308154847491,-1.39797744750977
20170308154847492,0.494112396240234
20170308154847493,-2.94674453735352
20170308154847494,-1.00124893188477
20170308154847495,0.471224212646484
20170308154847496,-2.98489151000977
20170308154847497,-0.757108306884766
20170308154847498,0.311006927490234
20170308154847499,-3.08407363891602
20170308154847500,-0.657926177978516
20170308154847501,0.433077239990234
20170308154847502,-2.96200332641602
20170308154847503,-0.566373443603516
20170308154847504,0.158419036865234
20170308154847505,-3.02303848266602
20170308154847506,-0.543485260009766
20170308154847507,0.0821250915527344
20170308154847508,-3.03066787719727
20170308154847509,-0.406156158447266
20170308154847510,0.0973838806152344
20170308154847511,-2.98489151000977
20170308154847512,-0.322232818603516
20170308154847513,-0.0780921936035156
20170308154847514,-2.97726211547852
20170308154847515,-0.169644927978516
20170308154847516,-0.284085845947266
20170308154847517,-2.94674453735352
20170308154847518,-0.0475746154785156
20170308154847519,-0.352750396728516
20170308154847520,-2.93148574829102
20170308154847521,-0.0017982482910156
20170308154847522,-0.421414947509766
20170308154847523,-2.95437393188477
20170308154847524,0.219454193115234
20170308154847525,-0.551114654541016
20170308154847526,-2.87045059204102
20170308154847527,0.318636322021484
20170308154847528,-0.627408599853516
20170308154847529,-2.85519180297852
20170308154847530,0.448336029052734
20170308154847531,-0.764737701416016
20170308154847532,-2.92385635375977
20170308154847533,0.600923919677734
20170308154847534,-0.924954986572266
20170308154847535,-2.78652725219727
20170308154847536,0.730623626708984
20170308154847537,-1.15383682250977
20170308154847538,-2.83230361938477
20170308154847539,0.898470306396484
20170308154847540,-1.14620742797852
20170308154847541,-2.77889785766602
20170308154847542,0.761141204833984
20170308154847543,-1.18435440063477
20170308154847544,-2.67208633422852
20170308154847545,0.806917572021484
20170308154847546,-1.39034805297852
20170308154847547,-2.75600967407227
20170308154847548,0.799288177490234
20170308154847549,-1.32168350219727
20170308154847550,-2.61868057250977
20170308154847551,0.974764251708984
20170308154847552,-1.29879531860352
20170308154847553,-2.58053359985352
20170308154847554,0.730623626708984
20170308154847555,-1.16146621704102
20170308154847556,-2.75600967407227
20170308154847557,0.654329681396484
20170308154847558,-1.03939590454102
20170308154847559,-2.71786270141602
20170308154847560,0.845064544677734
20170308154847561,-1.06228408813477
20170308154847562,-2.73312149047852
20170308154847563,0.776399993896484
20170308154847564,-1.12331924438477
20170308154847565,-2.72549209594727
20170308154847566,0.967134857177734
20170308154847567,-1.22250137329102
20170308154847568,-2.63393936157227
20170308154847569,0.677217864990234
20170308154847570,-1.16909561157227
20170308154847571,-2.85519180297852
20170308154847572,0.669588470458984
20170308154847573,-1.10806045532227
20170308154847574,-2.80178604125977
20170308154847575,0.646700286865234
20170308154847576,-1.09280166625977
20170308154847577,-2.80941543579102
20170308154847578,0.608553314208984
20170308154847579,-1.10043106079102
20170308154847580,-2.70260391235352
20170308154847581,0.646700286865234
20170308154847582,-1.09280166625977
20170308154847583,-2.80178604125977
20170308154847584,0.784029388427734
20170308154847585,-1.29879531860352
20170308154847586,-2.71023330688477
20170308154847587,0.806917572021484
20170308154847588,-1.39797744750977
20170308154847589,-2.58053359985352
20170308154847590,0.768770599365234
20170308154847591,-1.69552383422852
20170308154847592,-2.39742813110352
20170308154847593,0.845064544677734
20170308154847594,-1.63448867797852
20170308154847595,-2.32113418579102
20170308154847596,0.677217864990234
20170308154847597,-1.83285293579102
20170308154847598,-2.17617568969727
20170308154847599,0.623812103271484
20170308154847600,-1.97018203735352
20170308154847601,-2.09988174438477
20170308154847602,0.845064544677734
20170308154847603,-2.01595840454102
20170308154847604,-2.03884658813477
20170308154847605,0.822176361083984
20170308154847606,-2.02358779907227
20170308154847607,-1.89388809204102
20170308154847608,0.768770599365234
20170308154847609,-2.33639297485352
20170308154847610,-1.68026504516602
20170308154847611,0.578035736083984
20170308154847612,-2.35165176391602
20170308154847613,-1.74130020141602
20170308154847614,0.631441497802734
20170308154847615,-2.44320449829102
20170308154847616,-1.58108291625977
20170308154847617,0.806917572021484
20170308154847618,-2.42794570922852
20170308154847619,-1.52767715454102
20170308154847620,0.623812103271484
20170308154847621,-2.65682754516602
20170308154847622,-1.45901260375977
20170308154847623,0.639070892333984
20170308154847624,-2.75600967407227
20170308154847625,-1.24538955688477
20170308154847626,0.562776947021484
20170308154847627,-2.97726211547852
20170308154847628,-0.886808013916016
20170308154847629,0.448336029052734
20170308154847630,-2.97726211547852
20170308154847631,-0.703702545166016
20170308154847632,0.387300872802734
20170308154847633,-2.97726211547852
20170308154847634,-0.429044342041016
20170308154847635,0.158419036865234
20170308154847636,-3.00015029907227
20170308154847637,-0.390897369384766
20170308154847638,-0.0552040100097656
20170308154847639,-3.01540908813477
20170308154847640,0.0287193298339844
20170308154847641,-0.306974029541016
20170308154847642,-3.00015029907227
20170308154847643,0.181307220458984
20170308154847644,-0.444303131103516
20170308154847645,-2.84756240844727
20170308154847646,0.646700286865234
20170308154847647,-0.886808013916016
20170308154847648,-2.83993301391602
20170308154847649,0.623812103271484
20170308154847650,-0.985990142822266
20170308154847651,-2.93911514282227
20170308154847652,0.738253021240234
20170308154847653,-0.970731353759766
20170308154847654,-2.78652725219727
20170308154847655,0.768770599365234
20170308154847656,-1.13094863891602
20170308154847657,-2.78652725219727
20170308154847658,0.661959075927734
20170308154847659,-1.12331924438477
20170308154847660,-2.84756240844727
20170308154847661,0.593294525146484
20170308154847662,-0.970731353759766
20170308154847663,-2.80178604125977
20170308154847664,0.555147552490234
20170308154847665,-1.08517227172852
20170308154847666,-2.83230361938477
20170308154847667,0.761141204833984
20170308154847668,-1.10043106079102
20170308154847669,-2.83230361938477
20170308154847670,0.883211517333984
20170308154847671,-1.15383682250977
20170308154847672,-2.79415664672852
20170308154847673,0.784029388427734
20170308154847674,-1.24538955688477
20170308154847675,-2.55001602172852
20170308154847676,0.776399993896484
20170308154847677,-1.48953018188477
20170308154847678,-2.52712783813477
20170308154847679,1.03579940795898
20170308154847680,-1.58871231079102
20170308154847681,-2.51186904907227
20170308154847682,0.799288177490234
20170308154847683,-1.55056533813477
20170308154847684,-2.38216934204102
20170308154847685,0.928987884521484
20170308154847686,-1.73367080688477
20170308154847687,-2.32876358032227
20170308154847688,0.906099700927734
20170308154847689,-1.77944717407227
20170308154847690,-2.25246963500977
20170308154847691,0.715364837646484
20170308154847692,-1.73367080688477
20170308154847693,-2.32113418579102
20170308154847694,0.684847259521484
20170308154847695,-1.84048233032227
20170308154847696,-2.10751113891602
20170308154847697,0.745882415771484
20170308154847698,-2.18380508422852
20170308154847699,-2.16854629516602
20170308154847700,0.562776947021484
20170308154847701,-2.08462295532227
20170308154847702,-2.16091690063477
20170308154847703,0.761141204833984
20170308154847704,-2.03884658813477
20170308154847705,-2.17617568969727
20170308154847706,0.631441497802734
20170308154847707,-1.93966445922852
20170308154847708,-2.10751113891602
20170308154847709,0.639070892333984
20170308154847710,-1.97018203735352
20170308154847711,-2.23721084594727
20170308154847712,0.700106048583984
20170308154847713,-1.97018203735352
20170308154847714,-2.10751113891602
20170308154847715,0.654329681396484
20170308154847716,-1.90914688110352
20170308154847717,-2.25246963500977
20170308154847718,0.700106048583984
20170308154847719,-1.96255264282227
20170308154847720,-2.09225234985352
20170308154847721,0.722994232177734
20170308154847722,-2.17617568969727
20170308154847723,-1.84811172485352
20170308154847724,0.944246673583984
20170308154847725,-2.22195205688477
20170308154847726,-1.74130020141602
20170308154847727,0.707735443115234
20170308154847728,-2.26772842407227
20170308154847729,-1.62685928344727
20170308154847730,0.593294525146484
20170308154847731,-2.42794570922852
20170308154847732,-1.56582412719727
20170308154847733,0.875582122802734
20170308154847734,-2.45846328735352
20170308154847735,-1.45138320922852
20170308154847736,0.776399993896484
20170308154847737,-2.55001602172852
20170308154847738,-1.58871231079102
20170308154847739,0.677217864990234
20170308154847740,-2.35928115844727
20170308154847741,-1.51241836547852
20170308154847742,0.761141204833984
20170308154847743,-2.58816299438477
20170308154847744,-1.48190078735352
20170308154847745,0.532259368896484
20170308154847746,-2.65682754516602
20170308154847747,-1.35220108032227
20170308154847748,0.623812103271484
20170308154847749,-2.71786270141602
20170308154847750,-1.34457168579102
20170308154847751,0.547518157958984
20170308154847752,-2.80178604125977
20170308154847753,-1.31405410766602
20170308154847754,0.478853607177734
20170308154847755,-2.85519180297852
20170308154847756,-1.29879531860352
20170308154847757,0.684847259521484
20170308154847758,-2.90859756469727
20170308154847759,-1.05465469360352
20170308154847760,0.440706634521484
20170308154847761,-2.84756240844727
20170308154847762,-1.21487197875977
20170308154847763,0.539888763427734
20170308154847764,-2.79415664672852
20170308154847765,-1.30642471313477
20170308154847766,0.730623626708984
20170308154847767,-2.93148574829102
20170308154847768,-1.10043106079102
20170308154847769,0.425447845458984
20170308154847770,-2.87045059204102
20170308154847771,-1.28353652954102
20170308154847772,0.616182708740234
20170308154847773,-2.99252090454102
20170308154847774,-1.26827774047852
20170308154847775,0.730623626708984
20170308154847776,-2.79415664672852
20170308154847777,-1.21487197875977
20170308154847778,0.707735443115234
20170308154847779,-2.80178604125977
20170308154847780,-1.12331924438477
20170308154847781,0.509371185302734
20170308154847782,-2.96200332641602
20170308154847783,-1.06991348266602
20170308154847784,0.356783294677734
20170308154847785,-2.96963272094727
20170308154847786,-0.909696197509766
20170308154847787,0.326265716552734
20170308154847788,-2.95437393188477
20170308154847789,-1.02413711547852
20170308154847790,0.455965423583984
20170308154847791,-3.06118545532227
20170308154847792,-0.757108306884766
20170308154847793,0.402559661865234
20170308154847794,-2.99252090454102
20170308154847795,-0.398526763916016
20170308154847796,0.120272064208984
20170308154847797,-2.91622695922852
20170308154847798,-0.329862213134766
20170308154847799,-0.0857215881347656
20170308154847800,-2.96963272094727
20170308154847801,0.0744956970214844
20170308154847802,-0.368009185791016
20170308154847803,-2.90859756469727
20170308154847804,0.539888763427734
20170308154847805,-0.779996490478516
20170308154847806,-2.91622695922852
20170308154847807,0.707735443115234
20170308154847808,-0.863919830322266
20170308154847809,-2.90096817016602
20170308154847810,0.799288177490234
20170308154847811,-0.993619537353516
20170308154847812,-2.71023330688477
20170308154847813,0.883211517333984
20170308154847814,-1.18435440063477
20170308154847815,-2.66445693969727
20170308154847816,0.806917572021484
20170308154847817,-1.34457168579102
20170308154847818,-2.52712783813477
20170308154847819,0.753511810302734
20170308154847820,-1.56582412719727
20170308154847821,-2.42031631469727
20170308154847822,0.822176361083984
20170308154847823,-1.85574111938477
20170308154847824,-2.23721084594727
20170308154847825,0.722994232177734
20170308154847826,-1.97781143188477
20170308154847827,-2.07699356079102
20170308154847828,0.623812103271484
20170308154847829,-2.00832901000977
20170308154847830,-1.97781143188477
20170308154847831,0.822176361083984
20170308154847832,-2.19906387329102
20170308154847833,-1.74130020141602
20170308154847834,0.661959075927734
20170308154847835,-2.55764541625977
20170308154847836,-1.48953018188477
20170308154847837,0.669588470458984
20170308154847838,-2.67208633422852
20170308154847839,-1.26064834594727
20170308154847840,0.616182708740234
20170308154847841,-2.80941543579102
20170308154847842,-1.32168350219727
20170308154847843,0.562776947021484
20170308154847844,-3.03829727172852
20170308154847845,-1.11568984985352
20170308154847846,0.501741790771484
20170308154847847,-2.93911514282227
20170308154847848,-0.940213775634766
20170308154847849,0.654329681396484
20170308154847850,-2.98489151000977
20170308154847851,-0.734220123291016
20170308154847852,0.318636322021484
20170308154847853,-2.93148574829102
20170308154847854,-0.734220123291016
20170308154847855,0.333895111083984
20170308154847856,-2.92385635375977
20170308154847857,-0.520597076416016
20170308154847858,0.127901458740234
20170308154847859,-2.94674453735352
20170308154847860,-0.497708892822266
20170308154847861,0.0516075134277344
20170308154847862,-2.97726211547852
20170308154847863,-0.398526763916016
20170308154847864,0.242342376708984
20170308154847865,-2.93148574829102
20170308154847866,-0.360379791259766
20170308154847867,-0.100980377197266
20170308154847868,-2.95437393188477
20170308154847869,-0.0704627990722656
20170308154847870,-0.306974029541016
20170308154847871,-2.92385635375977
20170308154847872,0.181307220458984
20170308154847873,-0.429044342041016
20170308154847874,-2.92385635375977
20170308154847875,0.0592369079589844
20170308154847876,-0.223050689697266
20170308154847877,-2.78652725219727
20170308154847878,0.0058311462402344
20170308154847879,-0.238309478759766
20170308154847880,-2.90859756469727
20170308154847881,-0.100980377197266
20170308154847882,-0.215421295166016
20170308154847883,-2.88570938110352
20170308154847884,-0.200162506103516
20170308154847885,-0.146756744384766
20170308154847886,-2.90096817016602
20170308154847887,-0.245938873291016
20170308154847888,-0.0170570373535156
20170308154847889,-2.85519180297852
20170308154847890,-0.162015533447266
20170308154847891,-0.0704627990722656
20170308154847892,-2.90859756469727
20170308154847893,0.0744956970214844
20170308154847894,-0.360379791259766
20170308154847895,-2.82467422485352
20170308154847896,0.143160247802734
20170308154847897,-0.482450103759766
20170308154847898,-2.90096817016602
20170308154847899,0.562776947021484
20170308154847900,-0.787625885009766
20170308154847901,-2.80178604125977
20170308154847902,0.707735443115234
20170308154847903,-0.863919830322266
20170308154847904,-2.82467422485352
20170308154847905,0.501741790771484
20170308154847906,-0.841031646728516
20170308154847907,-2.87045059204102
20170308154847908,0.341524505615234
20170308154847909,-0.612149810791016
20170308154847910,-2.91622695922852
20170308154847911,0.280489349365234
20170308154847912,-0.528226470947266
20170308154847913,-2.88570938110352
20170308154847914,0.326265716552734
20170308154847915,-0.711331939697266
20170308154847916,-2.86282119750977
20170308154847917,0.517000579833984
20170308154847918,-0.863919830322266
20170308154847919,-2.90096817016602
20170308154847920,0.890840911865234
20170308154847921,-0.963101959228516
20170308154847922,-2.83230361938477
20170308154847923,0.875582122802734
20170308154847924,-1.19961318969727
20170308154847925,-2.71023330688477
20170308154847926,1.04342880249023
20170308154847927,-1.35983047485352
20170308154847928,-2.55001602172852
20170308154847929,0.898470306396484
20170308154847930,-1.63448867797852
20170308154847931,-2.38216934204102
20170308154847932,0.768770599365234
20170308154847933,-1.93966445922852
20170308154847934,-2.19906387329102
20170308154847935,0.791658782958984
20170308154847936,-2.18380508422852
20170308154847937,-1.98544082641602
20170308154847938,0.661959075927734
20170308154847939,-2.07699356079102
20170308154847940,-2.03121719360352
20170308154847941,0.928987884521484
20170308154847942,-2.08462295532227
20170308154847943,-1.94729385375977
20170308154847944,0.822176361083984
20170308154847945,-2.28298721313477
20170308154847946,-1.71841201782227
20170308154847947,0.700106048583984
20170308154847948,-2.42031631469727
20170308154847949,-1.65737686157227
20170308154847950,0.799288177490234
20170308154847951,-2.34402236938477
20170308154847952,-1.51241836547852
20170308154847953,0.684847259521484
20170308154847954,-2.62630996704102
20170308154847955,-1.45901260375977
20170308154847956,0.616182708740234
20170308154847957,-2.75600967407227
20170308154847958,-1.33694229125977
20170308154847959,0.608553314208984
20170308154847960,-2.69497451782227
20170308154847961,-1.16146621704102
20170308154847962,0.700106048583984
20170308154847963,-2.98489151000977
20170308154847964,-0.779996490478516
20170308154847965,0.471224212646484
20170308154847966,-2.93148574829102
20170308154847967,-0.574002838134766
20170308154847968,0.532259368896484
20170308154847969,-2.96200332641602
20170308154847970,-0.329862213134766
20170308154847971,0.105013275146484
20170308154847972,-2.90096817016602
20170308154847973,-0.306974029541016
20170308154847974,-0.0780921936035156
20170308154847975,-2.89333877563477
20170308154847976,-0.169644927978516
20170308154847977,-0.192533111572266
20170308154847978,-2.86282119750977
20170308154847979,0.0592369079589844
20170308154847980,-0.337491607666016
20170308154847981,-2.75600967407227
20170308154847982,0.0973838806152344
20170308154847983,-0.474820709228516
20170308154847984,-2.95437393188477
20170308154847985,0.471224212646484
20170308154847986,-0.802884674072266
20170308154847987,-2.85519180297852
20170308154847988,0.700106048583984
20170308154847989,-1.01650772094727
20170308154847990,-2.80941543579102
20170308154847991,0.967134857177734
20170308154847992,-1.10043106079102
20170308154847993,-2.75600967407227
20170308154847994,0.814546966552734
20170308154847995,-1.23013076782227
20170308154847996,-2.68734512329102
20170308154847997,1.05868759155273
20170308154847998,-1.36745986938477
20170308154847999,-2.58816299438477
20170308154848000,0.883211517333984
20170308154848001,-1.69552383422852
20170308154848002,-2.47372207641602
20170308154848003,0.654329681396484
20170308154848004,-1.80996475219727
20170308154848005,-2.42031631469727
20170308154848006,0.661959075927734
20170308154848007,-1.89388809204102
20170308154848008,-2.37453994750977
20170308154848009,0.867952728271484
20170308154848010,-1.72604141235352
20170308154848011,-2.32113418579102
20170308154848012,0.646700286865234
20170308154848013,-1.80233535766602
20170308154848014,-2.15328750610352
20170308154848015,0.829805755615234
20170308154848016,-1.94729385375977
20170308154848017,-2.10751113891602
20170308154848018,0.608553314208984
20170308154848019,-1.97781143188477
20170308154848020,-2.19906387329102
20170308154848021,0.814546966552734
20170308154848022,-2.22958145141602
20170308154848023,-1.87099990844727
20170308154848024,0.669588470458984
20170308154848025,-2.32113418579102
20170308154848026,-1.73367080688477
20170308154848027,0.593294525146484
20170308154848028,-2.30587539672852
20170308154848029,-1.67263565063477
20170308154848030,0.890840911865234
20170308154848031,-2.40505752563477
20170308154848032,-1.53530654907227
20170308154848033,0.806917572021484
20170308154848034,-2.49661026000977
20170308154848035,-1.47427139282227
20170308154848036,0.852693939208984
20170308154848037,-2.51949844360352
20170308154848038,-1.48953018188477
20170308154848039,0.669588470458984
20170308154848040,-2.55001602172852
20170308154848041,-1.41323623657227
20170308154848042,0.654329681396484
20170308154848043,-2.72549209594727
20170308154848044,-1.34457168579102
20170308154848045,0.829805755615234
20170308154848046,-2.82467422485352
20170308154848047,-1.21487197875977
20170308154848048,0.593294525146484
20170308154848049,-2.88570938110352
20170308154848050,-1.11568984985352
20170308154848051,0.692476654052734
20170308154848052,-2.87807998657227
20170308154848053,-1.14620742797852
20170308154848054,0.654329681396484
20170308154848055,-2.88570938110352
20170308154848056,-1.13094863891602
20170308154848057,0.570406341552734
20170308154848058,-2.87045059204102
20170308154848059,-1.01650772094727
20170308154848060,0.463594818115234
20170308154848061,-2.86282119750977
20170308154848062,-0.879178619384766
20170308154848063,0.547518157958984
20170308154848064,-2.91622695922852
20170308154848065,-0.833402252197266
20170308154848066,0.280489349365234
20170308154848067,-2.90096817016602
20170308154848068,-0.894437408447266
20170308154848069,0.486483001708984
20170308154848070,-2.88570938110352
20170308154848071,-1.00124893188477
20170308154848072,0.478853607177734
20170308154848073,-2.84756240844727
20170308154848074,-1.19198379516602
20170308154848075,0.738253021240234
20170308154848076,-2.87807998657227
20170308154848077,-1.15383682250977
20170308154848078,0.784029388427734
20170308154848079,-2.81704483032227
20170308154848080,-1.10806045532227
20170308154848081,0.768770599365234
20170308154848082,-2.89333877563477
20170308154848083,-1.06991348266602
20170308154848084,0.494112396240234
20170308154848085,-2.83993301391602
20170308154848086,-1.16909561157227
20170308154848087,0.539888763427734
20170308154848088,-2.81704483032227
20170308154848089,-1.19961318969727
20170308154848090,0.578035736083984
20170308154848091,-2.97726211547852
20170308154848092,-1.14620742797852
20170308154848093,0.661959075927734
20170308154848094,-2.87807998657227
20170308154848095,-1.09280166625977
20170308154848096,0.524629974365234
20170308154848097,-2.89333877563477
20170308154848098,-1.10806045532227
20170308154848099,0.578035736083984
20170308154848100,-3.03829727172852
20170308154848101,-0.932584381103516
20170308154848102,0.425447845458984
20170308154848103,-2.92385635375977
20170308154848104,-0.871549224853516
20170308154848105,0.425447845458984
20170308154848106,-2.94674453735352
20170308154848107,-0.841031646728516
20170308154848108,0.455965423583984
20170308154848109,-2.90096817016602
20170308154848110,-0.848661041259766
20170308154848111,0.448336029052734
20170308154848112,-2.91622695922852
20170308154848113,-0.512967681884766
20170308154848114,0.234712982177734
20170308154848115,-3.00777969360352
20170308154848116,-0.383267974853516
20170308154848117,-0.0246864318847656
20170308154848118,-2.91622695922852
20170308154848119,-0.314603424072266
20170308154848120,-0.0704627990722656
20170308154848121,-2.98489151000977
20170308154848122,-0.230680084228516
20170308154848123,-0.184903717041016
20170308154848124,-2.87045059204102
20170308154848125,-0.0094276428222656
20170308154848126,-0.253568267822266
20170308154848127,-2.91622695922852
20170308154848128,-0.0780921936035156
20170308154848129,-0.268827056884766
20170308154848130,-2.85519180297852
20170308154848131,0.120272064208984
20170308154848132,-0.459561920166016
20170308154848133,-2.90859756469727
20170308154848134,0.127901458740234
20170308154848135,-0.459561920166016
20170308154848136,-2.92385635375977
20170308154848137,0.562776947021484
20170308154848138,-0.696073150634766
20170308154848139,-2.87045059204102
20170308154848140,0.585665130615234
20170308154848141,-0.886808013916016
20170308154848142,-2.81704483032227
20170308154848143,0.623812103271484
20170308154848144,-0.940213775634766
20170308154848145,-2.82467422485352
20170308154848146,0.722994232177734
20170308154848147,-1.09280166625977
20170308154848148,-2.67971572875977
20170308154848149,1.02054061889648
20170308154848150,-1.47427139282227
20170308154848151,-2.46609268188477
20170308154848152,0.814546966552734
20170308154848153,-1.66500625610352
20170308154848154,-2.21432266235352
20170308154848155,0.814546966552734
20170308154848156,-1.94729385375977
20170308154848157,-2.16091690063477
20170308154848158,0.837435150146484
20170308154848159,-2.00069961547852
20170308154848160,-2.01595840454102
20170308154848161,0.730623626708984
20170308154848162,-2.17617568969727
20170308154848163,-1.74130020141602
20170308154848164,0.791658782958984
20170308154848165,-2.36691055297852
20170308154848166,-1.64974746704102
20170308154848167,0.623812103271484
20170308154848168,-2.47372207641602
20170308154848169,-1.49715957641602
20170308154848170,0.669588470458984
20170308154848171,-2.64919815063477
20170308154848172,-1.39797744750977
20170308154848173,0.547518157958984
20170308154848174,-2.80941543579102
20170308154848175,-1.21487197875977
20170308154848176,0.578035736083984
20170308154848177,-2.90096817016602
20170308154848178,-0.985990142822266
20170308154848179,0.478853607177734
20170308154848180,-3.04592666625977
20170308154848181,-0.772367095947266
20170308154848182,0.303377532958984
20170308154848183,-3.01540908813477
20170308154848184,-0.551114654541016
20170308154848185,0.173677825927734
20170308154848186,-2.96963272094727
20170308154848187,-0.482450103759766
20170308154848188,0.257601165771484
20170308154848189,-2.99252090454102
20170308154848190,-0.512967681884766
20170308154848191,0.227083587646484
20170308154848192,-2.77126846313477
20170308154848193,-0.490079498291016
20170308154848194,0.158419036865234
20170308154848195,-2.96200332641602
20170308154848196,-0.322232818603516
20170308154848197,0.0973838806152344
20170308154848198,-2.85519180297852
20170308154848199,-0.474820709228516
20170308154848200,0.0973838806152344
20170308154848201,-2.99252090454102
20170308154848202,-0.398526763916016
20170308154848203,0.0210899353027344
20170308154848204,-2.93148574829102
20170308154848205,-0.299344635009766
20170308154848206,-0.146756744384766
20170308154848207,-2.94674453735352
20170308154848208,-0.299344635009766
20170308154848209,-0.0933509826660156
20170308154848210,-2.93148574829102
20170308154848211,-0.146756744384766
20170308154848212,-0.245938873291016
20170308154848213,-2.87807998657227
20170308154848214,0.173677825927734
20170308154848215,-0.314603424072266
20170308154848216,-2.87807998657227
20170308154848217,0.181307220458984
20170308154848218,-0.490079498291016
20170308154848219,-2.87807998657227
20170308154848220,0.448336029052734
20170308154848221,-0.413785552978516
20170308154848222,-2.77889785766602
20170308154848223,0.272859954833984
20170308154848224,-0.543485260009766
20170308154848225,-2.85519180297852
20170308154848226,0.379671478271484
20170308154848227,-0.772367095947266
20170308154848228,-2.75600967407227
20170308154848229,0.578035736083984
20170308154848230,-0.589261627197266
20170308154848231,-2.82467422485352
20170308154848232,0.478853607177734
20170308154848233,-0.551114654541016
20170308154848234,-2.80178604125977
20170308154848235,0.646700286865234
20170308154848236,-0.879178619384766
20170308154848237,-2.86282119750977
20170308154848238,0.539888763427734
20170308154848239,-0.963101959228516
20170308154848240,-2.77126846313477
20170308154848241,0.822176361083984
20170308154848242,-1.00887832641602
20170308154848243,-2.80178604125977
20170308154848244,0.738253021240234
20170308154848245,-1.10806045532227
20170308154848246,-2.77889785766602
20170308154848247,0.776399993896484
20170308154848248,-1.17672500610352
20170308154848249,-2.69497451782227
20170308154848250,0.845064544677734
20170308154848251,-1.30642471313477
20170308154848252,-2.61868057250977
20170308154848253,0.707735443115234
20170308154848254,-1.42086563110352
20170308154848255,-2.51949844360352
20170308154848256,0.791658782958984
20170308154848257,-1.62685928344727
20170308154848258,-2.37453994750977
20170308154848259,0.623812103271484
20170308154848260,-1.83285293579102
20170308154848261,-2.23721084594727
20170308154848262,0.822176361083984
20170308154848263,-1.91677627563477
20170308154848264,-2.00069961547852
20170308154848265,0.677217864990234
20170308154848266,-2.19143447875977
20170308154848267,-1.93966445922852
20170308154848268,0.906099700927734
20170308154848269,-2.25246963500977
20170308154848270,-1.84048233032227
20170308154848271,0.845064544677734
20170308154848272,-2.37453994750977
20170308154848273,-1.54293594360352
20170308154848274,0.890840911865234
20170308154848275,-2.57290420532227
20170308154848276,-1.43612442016602
20170308154848277,0.631441497802734
20170308154848278,-2.50423965454102
20170308154848279,-1.36745986938477
20170308154848280,0.669588470458984
20170308154848281,-2.78652725219727
20170308154848282,-1.00887832641602
20170308154848283,0.654329681396484
20170308154848284,-2.92385635375977
20170308154848285,-0.818143463134766
20170308154848286,0.333895111083984
20170308154848287,-2.96200332641602
20170308154848288,-0.627408599853516
20170308154848289,0.303377532958984
20170308154848290,-2.94674453735352
20170308154848291,-0.360379791259766
20170308154848292,0.204195404052734
20170308154848293,-3.02303848266602
20170308154848294,-0.268827056884766
20170308154848295,0.0058311462402344
20170308154848296,-2.93148574829102
20170308154848297,-0.223050689697266
20170308154848298,-0.146756744384766
20170308154848299,-2.99252090454102
20170308154848300,-0.177274322509766
20170308154848301,-0.207791900634766
20170308154848302,-2.93148574829102
20170308154848303,0.356783294677734
20170308154848304,-0.596891021728516
20170308154848305,-2.87045059204102
20170308154848306,0.593294525146484
20170308154848307,-0.871549224853516
20170308154848308,-2.87045059204102
20170308154848309,0.791658782958984
20170308154848310,-1.17672500610352
20170308154848311,-2.79415664672852
20170308154848312,0.845064544677734
20170308154848313,-1.20724258422852
20170308154848314,-2.71023330688477
20170308154848315,0.921358489990234
20170308154848316,-1.47427139282227
20170308154848317,-2.63393936157227
20170308154848318,0.845064544677734
20170308154848319,-1.66500625610352
20170308154848320,-2.39742813110352
20170308154848321,0.730623626708984
20170308154848322,-1.48953018188477
20170308154848323,-2.54238662719727
20170308154848324,0.814546966552734
20170308154848325,-1.29116592407227
20170308154848326,-2.48135147094727
20170308154848327,0.852693939208984
20170308154848328,-1.53530654907227
20170308154848329,-2.44320449829102
20170308154848330,0.684847259521484
20170308154848331,-1.64974746704102
20170308154848332,-2.23721084594727
20170308154848333,0.890840911865234
20170308154848334,-1.89388809204102
20170308154848335,-2.15328750610352
20170308154848336,0.669588470458984
20170308154848337,-1.81759414672852
20170308154848338,-2.18380508422852
20170308154848339,0.921358489990234
20170308154848340,-1.93203506469727
20170308154848341,-2.11514053344727
20170308154848342,0.761141204833984
20170308154848343,-2.06173477172852
20170308154848344,-2.11514053344727
20170308154848345,0.700106048583984
20170308154848346,-2.12276992797852
20170308154848347,-2.03884658813477
20170308154848348,0.806917572021484
20170308154848349,-2.06173477172852
20170308154848350,-2.03884658813477
20170308154848351,0.677217864990234
20170308154848352,-2.13802871704102
20170308154848353,-2.09225234985352
20170308154848354,0.562776947021484
20170308154848355,-1.96255264282227
20170308154848356,-2.08462295532227
20170308154848357,0.890840911865234
20170308154848358,-1.90151748657227
20170308154848359,-2.11514053344727
20170308154848360,0.608553314208984
20170308154848361,-1.84048233032227
20170308154848362,-2.13039932250977
20170308154848363,0.867952728271484
20170308154848364,-1.91677627563477
20170308154848365,-2.06936416625977
20170308154848366,0.631441497802734
20170308154848367,-1.90914688110352
20170308154848368,-2.16091690063477
20170308154848369,0.799288177490234
20170308154848370,-1.82522354125977
20170308154848371,-2.19906387329102
20170308154848372,0.471224212646484
20170308154848373,-1.75655899047852
20170308154848374,-2.36691055297852
20170308154848375,0.700106048583984
20170308154848376,-1.75655899047852
20170308154848377,-2.29824600219727
20170308154848378,0.875582122802734
20170308154848379,-1.77181777954102
20170308154848380,-2.30587539672852
20170308154848381,0.722994232177734
20170308154848382,-1.90914688110352
20170308154848383,-2.10751113891602
20170308154848384,0.860323333740234
20170308154848385,-2.13802871704102
20170308154848386,-1.91677627563477
20170308154848387,0.829805755615234
20170308154848388,-2.18380508422852
20170308154848389,-1.98544082641602
20170308154848390,0.631441497802734
20170308154848391,-2.21432266235352
20170308154848392,-1.80996475219727
20170308154848393,0.677217864990234
20170308154848394,-2.35928115844727
20170308154848395,-1.61160049438477
20170308154848396,0.822176361083984
20170308154848397,-2.42031631469727
20170308154848398,-1.68789443969727
20170308154848399,0.829805755615234
20170308154848400,-2.30587539672852
20170308154848401,-1.68026504516602
20170308154848402,0.722994232177734
20170308154848403,-2.35928115844727
20170308154848404,-1.65737686157227
20170308154848405,0.639070892333984
20170308154848406,-2.30587539672852
20170308154848407,-1.68789443969727
20170308154848408,0.852693939208984
20170308154848409,-2.33639297485352
20170308154848410,-1.48953018188477
20170308154848411,0.631441497802734
20170308154848412,-2.72549209594727
20170308154848413,-1.26064834594727
20170308154848414,0.639070892333984
20170308154848415,-2.58816299438477
20170308154848416,-1.52004776000977
20170308154848417,0.951876068115234
20170308154848418,-2.56527481079102
20170308154848419,-1.52004776000977
20170308154848420,0.722994232177734
20170308154848421,-2.51949844360352
20170308154848422,-1.46664199829102
20170308154848423,0.639070892333984
20170308154848424,-2.56527481079102
20170308154848425,-1.30642471313477
20170308154848426,0.593294525146484
20170308154848427,-2.77889785766602
20170308154848428,-1.26064834594727
20170308154848429,0.524629974365234
20170308154848430,-2.72549209594727
20170308154848431,-1.25301895141602
20170308154848432,0.776399993896484
20170308154848433,-2.71786270141602
20170308154848434,-1.17672500610352
20170308154848435,0.593294525146484
20170308154848436,-2.91622695922852
20170308154848437,-0.940213775634766
20170308154848438,0.455965423583984
20170308154848439,-3.03829727172852
20170308154848440,-0.764737701416016
20170308154848441,0.478853607177734
20170308154848442,-2.93911514282227
20170308154848443,-0.696073150634766
20170308154848444,0.311006927490234
20170308154848445,-2.93148574829102
20170308154848446,-0.497708892822266
20170308154848447,0.188936614990234
20170308154848448,-2.96200332641602
20170308154848449,-0.322232818603516
20170308154848450,-0.116239166259766
20170308154848451,-2.95437393188477
20170308154848452,-0.0475746154785156
20170308154848453,-0.314603424072266
20170308154848454,-2.93148574829102
20170308154848455,0.333895111083984
20170308154848456,-0.604520416259766
20170308154848457,-2.83993301391602
20170308154848458,0.478853607177734
20170308154848459,-0.818143463134766
20170308154848460,-2.83230361938477
20170308154848461,0.738253021240234
20170308154848462,-0.963101959228516
20170308154848463,-2.78652725219727
20170308154848464,0.944246673583984
20170308154848465,-1.05465469360352
20170308154848466,-2.78652725219727
20170308154848467,0.845064544677734
20170308154848468,-1.16146621704102
20170308154848469,-2.68734512329102
20170308154848470,0.715364837646484
20170308154848471,-1.19198379516602
20170308154848472,-2.73312149047852
20170308154848473,0.784029388427734
20170308154848474,-1.42086563110352
20170308154848475,-2.51949844360352
20170308154848476,0.776399993896484
20170308154848477,-1.64211807250977
20170308154848478,-2.38216934204102
20170308154848479,0.776399993896484
20170308154848480,-1.69552383422852
20170308154848481,-2.34402236938477
20170308154848482,0.692476654052734
20170308154848483,-1.80233535766602
20170308154848484,-2.32876358032227
20170308154848485,0.768770599365234
20170308154848486,-1.86337051391602
20170308154848487,-2.10751113891602
20170308154848488,0.768770599365234
20170308154848489,-2.03121719360352
20170308154848490,-1.97781143188477
20170308154848491,0.745882415771484
20170308154848492,-2.04647598266602
20170308154848493,-1.84811172485352
20170308154848494,0.761141204833984
20170308154848495,-2.26772842407227
20170308154848496,-1.88625869750977
20170308154848497,0.700106048583984
20170308154848498,-2.09988174438477
20170308154848499,-1.89388809204102
20170308154848500,0.921358489990234
20170308154848501,-2.29824600219727
20170308154848502,-1.65737686157227
20170308154848503,0.677217864990234
20170308154848504,-2.50423965454102
20170308154848505,-1.65737686157227
20170308154848506,0.806917572021484
20170308154848507,-2.48898086547852
20170308154848508,-1.70315322875977
20170308154848509,0.845064544677734
20170308154848510,-2.36691055297852
20170308154848511,-1.63448867797852
20170308154848512,0.776399993896484
20170308154848513,-2.48898086547852
20170308154848514,-1.48953018188477
20170308154848515,0.707735443115234
20170308154848516,-2.56527481079102
20170308154848517,-1.47427139282227
20170308154848518,0.768770599365234
20170308154848519,-2.67208633422852
20170308154848520,-1.28353652954102
20170308154848521,0.532259368896484
20170308154848522,-2.85519180297852
20170308154848523,-1.19198379516602
20170308154848524,0.578035736083984
20170308154848525,-2.71786270141602
20170308154848526,-1.34457168579102
20170308154848527,0.608553314208984
20170308154848528,-2.93911514282227
20170308154848529,-1.18435440063477
20170308154848530,0.578035736083984
20170308154848531,-2.77889785766602
20170308154848532,-1.23776016235352
20170308154848533,0.600923919677734
20170308154848534,-2.74075088500977
20170308154848535,-1.25301895141602
20170308154848536,0.639070892333984
20170308154848537,-2.83993301391602
20170308154848538,-1.07754287719727
20170308154848539,0.440706634521484
20170308154848540,-2.83993301391602
20170308154848541,-1.06991348266602
20170308154848542,0.555147552490234
20170308154848543,-2.87807998657227
20170308154848544,-1.07754287719727
20170308154848545,0.654329681396484
20170308154848546,-2.83993301391602
20170308154848547,-0.680814361572266
20170308154848548,0.425447845458984
20170308154848549,-2.90859756469727
20170308154848550,-0.802884674072266
20170308154848551,0.478853607177734
20170308154848552,-2.88570938110352
20170308154848553,-0.734220123291016
20170308154848554,0.379671478271484
20170308154848555,-2.96963272094727
20170308154848556,-0.398526763916016
20170308154848557,0.112642669677734
20170308154848558,-2.96963272094727
20170308154848559,-0.360379791259766
20170308154848560,0.0668663024902344
20170308154848561,-2.94674453735352
20170308154848562,-0.467191314697266
20170308154848563,0.150789642333984
20170308154848564,-2.92385635375977
20170308154848565,-0.535855865478516
20170308154848566,0.0973838806152344
20170308154848567,-2.93148574829102
20170308154848568,-0.436673736572266
20170308154848569,0.257601165771484
20170308154848570,-2.90859756469727
20170308154848571,-0.520597076416016
20170308154848572,0.143160247802734
20170308154848573,-2.88570938110352
20170308154848574,-0.505338287353516
20170308154848575,0.181307220458984
20170308154848576,-2.80941543579102
20170308154848577,-0.421414947509766
20170308154848578,0.433077239990234
20170308154848579,-2.87045059204102
20170308154848580,-0.398526763916016
20170308154848581,0.288118743896484
20170308154848582,-2.90096817016602
20170308154848583,-0.444303131103516
20170308154848584,0.0897544860839844
20170308154848585,-2.90859756469727
20170308154848586,-0.0323158264160156
20170308154848587,-0.215421295166016
20170308154848588,-2.89333877563477
20170308154848589,-0.139127349853516
20170308154848590,-0.306974029541016
20170308154848591,-3.00777969360352
20170308154848592,0.0287193298339844
20170308154848593,-0.398526763916016
20170308154848594,-2.84756240844727
20170308154848595,0.333895111083984
20170308154848596,-0.581632232666016
20170308154848597,-2.87807998657227
20170308154848598,0.539888763427734
20170308154848599,-0.818143463134766
20170308154848600,-2.88570938110352
20170308154848601,0.761141204833984
20170308154848602,-0.993619537353516
20170308154848603,-2.88570938110352
20170308154848604,0.784029388427734
20170308154848605,-1.18435440063477
20170308154848606,-2.70260391235352
20170308154848607,0.845064544677734
20170308154848608,-1.41323623657227
20170308154848609,-2.64156875610352
20170308154848610,0.730623626708984
20170308154848611,-1.56582412719727
20170308154848612,-2.45083389282227
20170308154848613,0.837435150146484
20170308154848614,-1.52004776000977
20170308154848615,-2.38216934204102
20170308154848616,0.898470306396484
20170308154848617,-1.71078262329102
20170308154848618,-2.28298721313477
20170308154848619,0.700106048583984
20170308154848620,-1.84811172485352
20170308154848621,-2.20669326782227
20170308154848622,0.883211517333984
20170308154848623,-2.06173477172852
20170308154848624,-1.90914688110352
20170308154848625,0.791658782958984
20170308154848626,-2.19143447875977
20170308154848627,-1.76418838500977
20170308154848628,0.829805755615234
20170308154848629,-2.34402236938477
20170308154848630,-1.64211807250977
20170308154848631,0.738253021240234
20170308154848632,-2.61105117797852
20170308154848633,-1.54293594360352
20170308154848634,0.715364837646484
20170308154848635,-2.73312149047852
20170308154848636,-1.12331924438477
20170308154848637,0.661959075927734
20170308154848638,-3.00777969360352
20170308154848639,-0.764737701416016
20170308154848640,0.433077239990234
20170308154848641,-3.06118545532227
20170308154848642,-0.444303131103516
20170308154848643,0.242342376708984
20170308154848644,-2.93148574829102
20170308154848645,-0.680814361572266
20170308154848646,0.501741790771484
20170308154848647,-2.93148574829102
20170308154848648,-0.757108306884766
20170308154848649,0.364412689208984
20170308154848650,-2.92385635375977
20170308154848651,-0.619779205322266
20170308154848652,0.150789642333984
20170308154848653,-2.95437393188477
20170308154848654,-0.398526763916016
20170308154848655,0.0973838806152344
20170308154848656,-3.00777969360352
20170308154848657,-0.459561920166016
20170308154848658,0.196566009521484
20170308154848659,-3.02303848266602
20170308154848660,-0.291715240478516
20170308154848661,-0.0017982482910156
20170308154848662,-2.91622695922852
20170308154848663,-0.329862213134766
20170308154848664,-0.0628334045410156
20170308154848665,-2.95437393188477
20170308154848666,-0.261197662353516
20170308154848667,-0.108609771728516
20170308154848668,-2.93911514282227
20170308154848669,-0.184903717041016
20170308154848670,-0.116239166259766
20170308154848671,-2.93148574829102
20170308154848672,-0.337491607666016
20170308154848673,-0.0704627990722656
20170308154848674,-2.90859756469727
20170308154848675,-0.162015533447266
20170308154848676,-0.131497955322266
20170308154848677,-2.94674453735352
20170308154848678,-0.169644927978516
20170308154848679,-0.0933509826660156
20170308154848680,-3.00015029907227
20170308154848681,-0.0323158264160156
20170308154848682,-0.116239166259766
20170308154848683,-2.92385635375977
20170308154848684,-0.100980377197266
20170308154848685,0.0592369079589844
20170308154848686,-2.87807998657227
20170308154848687,-0.230680084228516
20170308154848688,-0.299344635009766
20170308154848689,-2.90859756469727
20170308154848690,0.112642669677734
20170308154848691,-0.421414947509766
20170308154848692,-2.87807998657227
20170308154848693,0.105013275146484
20170308154848694,-0.551114654541016
20170308154848695,-2.91622695922852
20170308154848696,0.227083587646484
20170308154848697,-0.535855865478516
20170308154848698,-2.88570938110352
20170308154848699,0.547518157958984
20170308154848700,-0.528226470947266
20170308154848701,-2.76363906860352
20170308154848702,0.661959075927734
20170308154848703,-0.856290435791016
20170308154848704,-2.74838027954102
20170308154848705,0.494112396240234
20170308154848706,-0.932584381103516
20170308154848707,-2.90096817016602
20170308154848708,0.761141204833984
20170308154848709,-1.02413711547852
20170308154848710,-2.83993301391602
20170308154848711,0.913729095458984
20170308154848712,-1.17672500610352
20170308154848713,-2.71023330688477
20170308154848714,0.875582122802734
20170308154848715,-1.42849502563477
20170308154848716,-2.55764541625977
20170308154848717,0.860323333740234
20170308154848718,-1.46664199829102
20170308154848719,-2.48898086547852
20170308154848720,0.860323333740234
20170308154848721,-1.63448867797852
20170308154848722,-2.37453994750977
20170308154848723,0.677217864990234
20170308154848724,-1.86337051391602
20170308154848725,-2.29061660766602
20170308154848726,0.623812103271484
20170308154848727,-1.77944717407227
20170308154848728,-2.34402236938477
20170308154848729,0.600923919677734
20170308154848730,-1.80233535766602
20170308154848731,-2.17617568969727
20170308154848732,0.631441497802734
20170308154848733,-1.93203506469727
20170308154848734,-2.09988174438477
20170308154848735,0.631441497802734
20170308154848736,-2.15328750610352
20170308154848737,-1.97018203735352
20170308154848738,0.738253021240234
20170308154848739,-2.33639297485352
20170308154848740,-1.86337051391602
20170308154848741,0.814546966552734
20170308154848742,-2.54238662719727
20170308154848743,-1.55056533813477
20170308154848744,0.677217864990234
20170308154848745,-2.84756240844727
20170308154848746,-1.22250137329102
20170308154848747,0.669588470458984
20170308154848748,-3.01540908813477
20170308154848749,-0.871549224853516
20170308154848750,0.341524505615234
20170308154848751,-2.90859756469727
20170308154848752,-0.726590728759766
20170308154848753,0.387300872802734
20170308154848754,-2.94674453735352
20170308154848755,-0.551114654541016
20170308154848756,0.0287193298339844
20170308154848757,-2.97726211547852
20170308154848758,-0.337491607666016
20170308154848759,-0.0933509826660156
20170308154848760,-2.93911514282227
20170308154848761,-0.0552040100097656
20170308154848762,-0.261197662353516
20170308154848763,-2.87807998657227
20170308154848764,0.105013275146484
20170308154848765,-0.345121002197266
20170308154848766,-2.94674453735352
20170308154848767,0.379671478271484
20170308154848768,-0.497708892822266
20170308154848769,-2.85519180297852
20170308154848770,0.372042083740234
20170308154848771,-0.566373443603516
20170308154848772,-2.87045059204102
20170308154848773,0.410189056396484
20170308154848774,-0.749478912353516
20170308154848775,-2.87807998657227
20170308154848776,0.356783294677734
20170308154848777,-0.421414947509766
20170308154848778,-2.83993301391602
20170308154848779,0.364412689208984
20170308154848780,-0.436673736572266
20170308154848781,-2.83993301391602
20170308154848782,0.455965423583984
20170308154848783,-0.772367095947266
20170308154848784,-2.85519180297852
20170308154848785,0.768770599365234
20170308154848786,-0.970731353759766
20170308154848787,-2.83230361938477
20170308154848788,0.715364837646484
20170308154848789,-0.955472564697266
20170308154848790,-2.73312149047852
20170308154848791,0.860323333740234
20170308154848792,-1.07754287719727
20170308154848793,-2.61868057250977
20170308154848794,0.928987884521484
20170308154848795,-1.23776016235352
20170308154848796,-2.58816299438477
20170308154848797,0.776399993896484
20170308154848798,-1.46664199829102
20170308154848799,-2.55001602172852
20170308154848800,0.745882415771484
20170308154848801,-1.50478897094727
20170308154848802,-2.50423965454102
20170308154848803,0.753511810302734
20170308154848804,-1.57345352172852
20170308154848805,-2.40505752563477
20170308154848806,0.959505462646484
20170308154848807,-1.68789443969727
20170308154848808,-2.33639297485352
20170308154848809,0.654329681396484
20170308154848810,-1.82522354125977
20170308154848811,-2.35165176391602
20170308154848812,0.875582122802734
20170308154848813,-1.72604141235352
20170308154848814,-2.17617568969727
20170308154848815,0.631441497802734
20170308154848816,-1.92440567016602
20170308154848817,-2.13802871704102
20170308154848818,0.707735443115234
20170308154848819,-1.96255264282227
20170308154848820,-2.17617568969727
20170308154848821,0.639070892333984
20170308154848822,-1.93203506469727
20170308154848823,-2.19143447875977
20170308154848824,0.722994232177734
20170308154848825,-1.84811172485352
20170308154848826,-2.20669326782227
20170308154848827,0.631441497802734
20170308154848828,-1.64974746704102
20170308154848829,-2.32113418579102
20170308154848830,0.692476654052734
20170308154848831,-1.72604141235352
20170308154848832,-2.29061660766602
20170308154848833,0.646700286865234
20170308154848834,-1.91677627563477
20170308154848835,-2.09225234985352
20170308154848836,0.867952728271484
20170308154848837,-2.04647598266602
20170308154848838,-2.19906387329102
20170308154848839,0.593294525146484
20170308154848840,-1.84048233032227
20170308154848841,-2.16091690063477
20170308154848842,0.860323333740234
20170308154848843,-2.04647598266602
20170308154848844,-1.80233535766602
20170308154848845,0.784029388427734
20170308154848846,-2.42031631469727
20170308154848847,-1.61922988891602
20170308154848848,0.700106048583984
20170308154848849,-2.53475723266602
20170308154848850,-1.51241836547852
20170308154848851,0.616182708740234
20170308154848852,-2.53475723266602
20170308154848853,-1.60397109985352
20170308154848854,0.661959075927734
20170308154848855,-2.55001602172852
20170308154848856,-1.45901260375977
20170308154848857,0.631441497802734
20170308154848858,-2.50423965454102
20170308154848859,-1.48190078735352
20170308154848860,0.616182708740234
20170308154848861,-2.50423965454102
20170308154848862,-1.46664199829102
20170308154848863,0.654329681396484
20170308154848864,-2.80178604125977
20170308154848865,-1.34457168579102
20170308154848866,0.768770599365234
20170308154848867,-2.72549209594727
20170308154848868,-1.30642471313477
20170308154848869,0.677217864990234
20170308154848870,-2.84756240844727
20170308154848871,-1.32931289672852
20170308154848872,0.486483001708984
20170308154848873,-2.80941543579102
20170308154848874,-1.21487197875977
20170308154848875,0.669588470458984
20170308154848876,-2.70260391235352
20170308154848877,-1.16146621704102
20170308154848878,0.585665130615234
20170308154848879,-2.84756240844727
20170308154848880,-1.12331924438477
20170308154848881,0.738253021240234
20170308154848882,-2.99252090454102
20170308154848883,-1.02413711547852
20170308154848884,0.425447845458984
20170308154848885,-2.89333877563477
20170308154848886,-0.688443756103516
20170308154848887,0.372042083740234
20170308154848888,-3.00015029907227
20170308154848889,-0.612149810791016
20170308154848890,0.204195404052734
20170308154848891,-2.93911514282227
20170308154848892,-0.490079498291016
20170308154848893,0.112642669677734
20170308154848894,-2.93148574829102
20170308154848895,-0.207791900634766
20170308154848896,-0.0094276428222656
20170308154848897,-2.93911514282227
20170308154848898,0.295748138427734
20170308154848899,-0.520597076416016
20170308154848900,-2.93911514282227
20170308154848901,0.394930267333984
20170308154848902,-0.741849517822266
20170308154848903,-2.90859756469727
20170308154848904,0.585665130615234
20170308154848905,-0.932584381103516
20170308154848906,-2.92385635375977
20170308154848907,0.677217864990234
20170308154848908,-1.03176651000977
20170308154848909,-2.77126846313477
20170308154848910,0.692476654052734
20170308154848911,-1.07754287719727
20170308154848912,-2.74075088500977
20170308154848913,0.837435150146484
20170308154848914,-1.32931289672852
20170308154848915,-2.61105117797852
20170308154848916,0.639070892333984
20170308154848917,-1.47427139282227
20170308154848918,-2.56527481079102
20170308154848919,0.921358489990234
20170308154848920,-1.61922988891602
20170308154848921,-2.45846328735352
20170308154848922,0.715364837646484
20170308154848923,-1.76418838500977
20170308154848924,-2.16091690063477
20170308154848925,0.715364837646484
20170308154848926,-2.08462295532227
20170308154848927,-2.01595840454102
20170308154848928,0.784029388427734
20170308154848929,-2.27535781860352
20170308154848930,-1.74130020141602
20170308154848931,0.730623626708984
20170308154848932,-2.29061660766602
20170308154848933,-1.71841201782227
20170308154848934,0.768770599365234
20170308154848935,-2.48898086547852
20170308154848936,-1.57345352172852
20170308154848937,0.700106048583984
20170308154848938,-2.38979873657227
20170308154848939,-1.45138320922852
20170308154848940,0.715364837646484
20170308154848941,-2.52712783813477
20170308154848942,-1.49715957641602
20170308154848943,0.616182708740234
20170308154848944,-2.64156875610352
20170308154848945,-1.45901260375977
20170308154848946,0.784029388427734
20170308154848947,-2.84756240844727
20170308154848948,-1.33694229125977
20170308154848949,0.600923919677734
20170308154848950,-2.72549209594727
20170308154848951,-1.22250137329102
20170308154848952,0.578035736083984
20170308154848953,-2.90096817016602
20170308154848954,-1.13094863891602
20170308154848955,0.455965423583984
20170308154848956,-2.92385635375977
20170308154848957,-1.10043106079102
20170308154848958,0.539888763427734
20170308154848959,-2.94674453735352
20170308154848960,-0.993619537353516
20170308154848961,0.425447845458984
20170308154848962,-2.85519180297852
20170308154848963,-0.856290435791016
20170308154848964,0.517000579833984
20170308154848965,-2.93911514282227
20170308154848966,-0.688443756103516
20170308154848967,0.356783294677734
20170308154848968,-2.92385635375977
20170308154848969,-0.657926177978516
20170308154848970,0.311006927490234
20170308154848971,-2.90096817016602
20170308154848972,-0.703702545166016
20170308154848973,0.211824798583984
20170308154848974,-2.93148574829102
20170308154848975,-0.650296783447266
20170308154848976,0.471224212646484
20170308154848977,-2.93911514282227
20170308154848978,-0.543485260009766
20170308154848979,0.135530853271484
20170308154848980,-2.93911514282227
20170308154848981,-0.543485260009766
20170308154848982,0.0516075134277344
20170308154848983,-2.96963272094727
20170308154848984,-0.635037994384766
20170308154848985,0.0821250915527344
20170308154848986,-2.94674453735352
20170308154848987,-0.406156158447266
20170308154848988,-0.0399452209472656
20170308154848989,-2.92385635375977
20170308154848990,-0.406156158447266
20170308154848991,-0.0246864318847656
20170308154848992,-2.96963272094727
20170308154848993,-0.100980377197266
20170308154848994,-0.215421295166016
20170308154848995,-3.03066787719727
20170308154848996,-0.162015533447266
20170308154848997,-0.169644927978516
20170308154848998,-2.96963272094727
20170308154848999,-0.0704627990722656
20170308154849000,-0.291715240478516
20170308154849001,-2.92385635375977
20170308154849002,0.0821250915527344
20170308154849003,-0.451932525634766
20170308154849004,-2.92385635375977
20170308154849005,0.181307220458984
20170308154849006,-0.650296783447266
20170308154849007,-2.88570938110352
20170308154849008,0.600923919677734
20170308154849009,-0.879178619384766
20170308154849010,-2.78652725219727
20170308154849011,0.478853607177734
20170308154849012,-0.856290435791016
20170308154849013,-2.83993301391602
20170308154849014,0.761141204833984
20170308154849015,-0.818143463134766
20170308154849016,-2.86282119750977
20170308154849017,0.578035736083984
20170308154849018,-0.985990142822266
20170308154849019,-2.84756240844727
20170308154849020,0.791658782958984
20170308154849021,-0.993619537353516
20170308154849022,-2.84756240844727
20170308154849023,0.608553314208984
20170308154849024,-0.978360748291016
20170308154849025,-2.81704483032227
20170308154849026,0.837435150146484
20170308154849027,-1.11568984985352
20170308154849028,-2.71786270141602
20170308154849029,0.913729095458984
20170308154849030,-1.18435440063477
20170308154849031,-2.66445693969727
20170308154849032,0.860323333740234
20170308154849033,-1.39797744750977
20170308154849034,-2.51949844360352
20170308154849035,0.677217864990234
20170308154849036,-1.62685928344727
20170308154849037,-2.45846328735352
20170308154849038,0.822176361083984
20170308154849039,-1.58871231079102
20170308154849040,-2.41268692016602
20170308154849041,0.761141204833984
20170308154849042,-1.90914688110352
20170308154849043,-2.11514053344727
20170308154849044,0.608553314208984
20170308154849045,-2.11514053344727
20170308154849046,-1.92440567016602
20170308154849047,0.768770599365234
20170308154849048,-2.31350479125977
20170308154849049,-1.63448867797852
20170308154849050,0.753511810302734
20170308154849051,-2.64156875610352
20170308154849052,-1.36745986938477
20170308154849053,0.631441497802734
20170308154849054,-2.82467422485352
20170308154849055,-1.32931289672852
20170308154849056,0.684847259521484
20170308154849057,-3.00015029907227
20170308154849058,-0.947843170166016
20170308154849059,0.677217864990234
20170308154849060,-2.96963272094727
20170308154849061,-0.749478912353516
20170308154849062,0.372042083740234
20170308154849063,-2.98489151000977
20170308154849064,-0.612149810791016
20170308154849065,0.333895111083984
20170308154849066,-2.95437393188477
20170308154849067,-0.421414947509766
20170308154849068,0.0973838806152344
20170308154849069,-2.97726211547852
20170308154849070,-0.375638580322266
20170308154849071,-0.0399452209472656
20170308154849072,-3.06881484985352
20170308154849073,-0.223050689697266
20170308154849074,-0.162015533447266
20170308154849075,-2.98489151000977
20170308154849076,-0.192533111572266
20170308154849077,-0.245938873291016
20170308154849078,-2.93148574829102
20170308154849079,0.0821250915527344
20170308154849080,-0.520597076416016
20170308154849081,-2.93911514282227
20170308154849082,0.532259368896484
20170308154849083,-0.680814361572266
20170308154849084,-2.87807998657227
20170308154849085,0.478853607177734
20170308154849086,-0.482450103759766
20170308154849087,-2.91622695922852
20170308154849088,0.585665130615234
20170308154849089,-0.810514068603516
20170308154849090,-2.81704483032227
20170308154849091,0.547518157958984
20170308154849092,-0.886808013916016
20170308154849093,-2.82467422485352
20170308154849094,0.387300872802734
20170308154849095,-0.810514068603516
20170308154849096,-2.84756240844727
20170308154849097,0.608553314208984
20170308154849098,-0.871549224853516
20170308154849099,-2.79415664672852
20170308154849100,0.784029388427734
20170308154849101,-0.963101959228516
20170308154849102,-2.80941543579102
20170308154849103,0.860323333740234
20170308154849104,-1.29879531860352
20170308154849105,-2.64919815063477
20170308154849106,0.768770599365234
20170308154849107,-1.26064834594727
20170308154849108,-2.71023330688477
20170308154849109,0.982393646240234
20170308154849110,-1.05465469360352
20170308154849111,-2.72549209594727
20170308154849112,0.959505462646484
20170308154849113,-1.18435440063477
20170308154849114,-2.55001602172852
20170308154849115,0.982393646240234
20170308154849116,-1.54293594360352
20170308154849117,-2.48898086547852
20170308154849118,0.700106048583984
20170308154849119,-1.57345352172852
20170308154849120,-2.42794570922852
20170308154849121,0.867952728271484
20170308154849122,-1.79470596313477
20170308154849123,-2.35165176391602
20170308154849124,0.539888763427734
20170308154849125,-1.74892959594727
20170308154849126,-2.46609268188477
20170308154849127,0.867952728271484
20170308154849128,-1.55819473266602
20170308154849129,-2.46609268188477
20170308154849130,0.677217864990234
20170308154849131,-1.50478897094727
20170308154849132,-2.45846328735352
20170308154849133,0.761141204833984
20170308154849134,-1.55819473266602
20170308154849135,-2.55001602172852
20170308154849136,0.791658782958984
20170308154849137,-1.55819473266602
20170308154849138,-2.57290420532227
20170308154849139,0.661959075927734
20170308154849140,-1.58108291625977
20170308154849141,-2.46609268188477
20170308154849142,0.715364837646484
20170308154849143,-1.44375381469727
20170308154849144,-2.44320449829102
20170308154849145,0.722994232177734
20170308154849146,-1.45901260375977
20170308154849147,-2.38216934204102
20170308154849148,0.715364837646484
20170308154849149,-1.63448867797852
20170308154849150,-2.40505752563477
20170308154849151,0.738253021240234
20170308154849152,-1.74130020141602
20170308154849153,-2.28298721313477
20170308154849154,0.616182708740234
20170308154849155,-1.70315322875977
20170308154849156,-2.38979873657227
20170308154849157,0.646700286865234
20170308154849158,-1.76418838500977
20170308154849159,-2.37453994750977
20170308154849160,0.654329681396484
20170308154849161,-1.77181777954102
20170308154849162,-2.29061660766602
20170308154849163,0.799288177490234
20170308154849164,-1.93966445922852
20170308154849165,-2.06173477172852
20170308154849166,0.669588470458984
20170308154849167,-1.95492324829102
20170308154849168,-2.19143447875977
20170308154849169,0.776399993896484
20170308154849170,-2.13802871704102
20170308154849171,-1.98544082641602
20170308154849172,0.707735443115234
20170308154849173,-2.38216934204102
20170308154849174,-1.60397109985352
20170308154849175,0.654329681396484
20170308154849176,-2.42031631469727
20170308154849177,-1.56582412719727
20170308154849178,0.745882415771484
20170308154849179,-2.51186904907227
20170308154849180,-1.45138320922852
20170308154849181,0.669588470458984
20170308154849182,-2.64919815063477
20170308154849183,-1.42086563110352
20170308154849184,0.555147552490234
20170308154849185,-2.74838027954102
20170308154849186,-1.31405410766602
20170308154849187,0.593294525146484
20170308154849188,-2.71023330688477
20170308154849189,-1.29116592407227
20170308154849190,0.677217864990234
20170308154849191,-2.87807998657227
20170308154849192,-1.06991348266602
20170308154849193,0.486483001708984
20170308154849194,-3.01540908813477
20170308154849195,-0.978360748291016
20170308154849196,0.547518157958984
20170308154849197,-3.00777969360352
20170308154849198,-0.551114654541016
20170308154849199,0.303377532958984
20170308154849200,-3.00015029907227
20170308154849201,-0.482450103759766
20170308154849202,0.0592369079589844
20170308154849203,-2.95437393188477
20170308154849204,-0.276456451416016
20170308154849205,-0.169644927978516
20170308154849206,-2.99252090454102
20170308154849207,0.204195404052734
20170308154849208,-0.337491607666016
20170308154849209,-2.91622695922852
20170308154849210,0.654329681396484
20170308154849211,-0.833402252197266
20170308154849212,-2.93911514282227
20170308154849213,0.646700286865234
20170308154849214,-0.818143463134766
20170308154849215,-2.79415664672852
20170308154849216,0.883211517333984
20170308154849217,-1.17672500610352
20170308154849218,-2.74838027954102
20170308154849219,0.761141204833984
20170308154849220,-1.35983047485352
20170308154849221,-2.64156875610352
20170308154849222,0.753511810302734
20170308154849223,-1.73367080688477
20170308154849224,-2.26009902954102
20170308154849225,0.722994232177734
20170308154849226,-1.93966445922852
20170308154849227,-2.09988174438477
20170308154849228,0.761141204833984
20170308154849229,-2.08462295532227
20170308154849230,-1.95492324829102
20170308154849231,0.669588470458984
20170308154849232,-2.07699356079102
20170308154849233,-2.00832901000977
20170308154849234,0.745882415771484
20170308154849235,-2.09988174438477
20170308154849236,-2.10751113891602
20170308154849237,0.761141204833984
20170308154849238,-2.11514053344727
20170308154849239,-1.92440567016602
20170308154849240,0.623812103271484
20170308154849241,-2.31350479125977
20170308154849242,-1.72604141235352
20170308154849243,0.715364837646484
20170308154849244,-2.55764541625977
20170308154849245,-1.53530654907227
20170308154849246,0.524629974365234
20170308154849247,-2.51186904907227
20170308154849248,-1.48190078735352
20170308154849249,0.494112396240234
20170308154849250,-2.74075088500977
20170308154849251,-1.41323623657227
20170308154849252,0.555147552490234
20170308154849253,-2.61868057250977
20170308154849254,-1.40560684204102
20170308154849255,0.593294525146484
20170308154849256,-2.52712783813477
20170308154849257,-1.56582412719727
20170308154849258,0.616182708740234
20170308154849259,-2.35928115844727
20170308154849260,-1.64974746704102
20170308154849261,0.730623626708984
20170308154849262,-2.37453994750977
20170308154849263,-1.65737686157227
20170308154849264,0.578035736083984
20170308154849265,-2.35165176391602
20170308154849266,-1.58108291625977
20170308154849267,0.730623626708984
20170308154849268,-2.53475723266602
20170308154849269,-1.45138320922852
20170308154849270,0.593294525146484
20170308154849271,-2.62630996704102
20170308154849272,-1.56582412719727
20170308154849273,0.570406341552734
20170308154849274,-2.71786270141602
20170308154849275,-1.29879531860352
20170308154849276,0.646700286865234
20170308154849277,-2.92385635375977
20170308154849278,-1.08517227172852
20170308154849279,0.509371185302734
20170308154849280,-2.95437393188477
20170308154849281,-1.04702529907227
20170308154849282,0.478853607177734
20170308154849283,-3.02303848266602
20170308154849284,-1.05465469360352
20170308154849285,0.440706634521484
20170308154849286,-2.90859756469727
20170308154849287,-1.23776016235352
20170308154849288,0.501741790771484
20170308154849289,-2.91622695922852
20170308154849290,-1.17672500610352
20170308154849291,0.547518157958984
20170308154849292,-2.95437393188477
20170308154849293,-1.08517227172852
20170308154849294,0.471224212646484
20170308154849295,-2.98489151000977
20170308154849296,-1.03939590454102
20170308154849297,0.394930267333984
20170308154849298,-3.05355606079102
20170308154849299,-0.856290435791016
20170308154849300,0.410189056396484
20170308154849301,-3.00015029907227
20170308154849302,-1.03176651000977
20170308154849303,0.509371185302734
20170308154849304,-2.96963272094727
20170308154849305,-0.902066802978516
20170308154849306,0.326265716552734
20170308154849307,-3.03066787719727
20170308154849308,-0.779996490478516
20170308154849309,0.356783294677734
20170308154849310,-2.93911514282227
20170308154849311,-0.574002838134766
20170308154849312,0.280489349365234
20170308154849313,-2.89333877563477
20170308154849314,-0.619779205322266
20170308154849315,0.356783294677734
20170308154849316,-3.01540908813477
20170308154849317,-0.558744049072266
20170308154849318,0.249971771240234
20170308154849319,-2.94674453735352
20170308154849320,-0.512967681884766
20170308154849321,0.0744956970214844
20170308154849322,-2.93911514282227
20170308154849323,-0.535855865478516
20170308154849324,0.0897544860839844
20170308154849325,-2.96200332641602
20170308154849326,-0.375638580322266
20170308154849327,-0.0704627990722656
20170308154849328,-3.00777969360352
20170308154849329,-0.207791900634766
20170308154849330,-0.169644927978516
20170308154849331,-2.96963272094727
20170308154849332,-0.200162506103516
20170308154849333,-0.245938873291016
20170308154849334,-2.91622695922852
20170308154849335,-0.123868560791016
20170308154849336,-0.322232818603516
20170308154849337,-2.90096817016602
20170308154849338,0.0592369079589844
20170308154849339,-0.474820709228516
20170308154849340,-2.83993301391602
20170308154849341,0.227083587646484
20170308154849342,-0.528226470947266
20170308154849343,-2.87045059204102
20170308154849344,0.219454193115234
20170308154849345,-0.627408599853516
20170308154849346,-2.87045059204102
20170308154849347,0.486483001708984
20170308154849348,-0.772367095947266
20170308154849349,-2.82467422485352
20170308154849350,1.01291122436523
20170308154849351,-0.940213775634766
20170308154849352,-2.69497451782227
20170308154849353,0.791658782958984
20170308154849354,-1.04702529907227
20170308154849355,-2.67208633422852
20170308154849356,0.936617279052734
20170308154849357,-1.62685928344727
20170308154849358,-2.29824600219727
20170308154849359,0.677217864990234
20170308154849360,-1.76418838500977
20170308154849361,-2.25246963500977
20170308154849362,0.837435150146484
20170308154849363,-2.03884658813477
20170308154849364,-1.95492324829102
20170308154849365,0.814546966552734
20170308154849366,-2.21432266235352
20170308154849367,-1.80233535766602
20170308154849368,0.814546966552734
20170308154849369,-2.38216934204102
20170308154849370,-1.61160049438477
20170308154849371,0.677217864990234
20170308154849372,-2.76363906860352
20170308154849373,-1.39034805297852
20170308154849374,0.730623626708984
20170308154849375,-2.92385635375977
20170308154849376,-1.09280166625977
20170308154849377,0.547518157958984
20170308154849378,-2.98489151000977
20170308154849379,-1.08517227172852
20170308154849380,0.455965423583984
20170308154849381,-2.87045059204102
20170308154849382,-1.10806045532227
20170308154849383,0.402559661865234
20170308154849384,-2.92385635375977
20170308154849385,-1.00887832641602
20170308154849386,0.478853607177734
20170308154849387,-2.98489151000977
20170308154849388,-0.696073150634766
20170308154849389,0.478853607177734
20170308154849390,-3.01540908813477
20170308154849391,-0.589261627197266
20170308154849392,0.356783294677734
20170308154849393,-2.98489151000977
20170308154849394,-0.574002838134766
20170308154849395,0.265230560302734
20170308154849396,-2.98489151000977
20170308154849397,-0.322232818603516
20170308154849398,0.0821250915527344
20170308154849399,-2.93911514282227
20170308154849400,-0.436673736572266
20170308154849401,0.0973838806152344
20170308154849402,-2.98489151000977
20170308154849403,-0.345121002197266
20170308154849404,-0.0780921936035156
20170308154849405,-2.95437393188477
20170308154849406,-0.184903717041016
20170308154849407,-0.276456451416016
20170308154849408,-2.85519180297852
20170308154849409,-0.0323158264160156
20170308154849410,-0.276456451416016
20170308154849411,-2.88570938110352
20170308154849412,-0.215421295166016
20170308154849413,-0.223050689697266
20170308154849414,-2.96963272094727
20170308154849415,-0.0094276428222656
20170308154849416,-0.184903717041016
20170308154849417,-2.93911514282227
20170308154849418,-0.306974029541016
20170308154849419,-0.139127349853516
20170308154849420,-2.94674453735352
20170308154849421,0.249971771240234
20170308154849422,-0.566373443603516
20170308154849423,-2.89333877563477
20170308154849424,0.379671478271484
20170308154849425,-0.642667388916016
20170308154849426,-2.84756240844727
20170308154849427,0.494112396240234
20170308154849428,-0.528226470947266
20170308154849429,-2.83993301391602
20170308154849430,0.311006927490234
20170308154849431,-0.581632232666016
20170308154849432,-2.87045059204102
20170308154849433,0.326265716552734
20170308154849434,-0.696073150634766
20170308154849435,-2.85519180297852
20170308154849436,0.524629974365234
20170308154849437,-0.688443756103516
20170308154849438,-2.86282119750977
20170308154849439,0.501741790771484
20170308154849440,-0.848661041259766
20170308154849441,-2.80941543579102
20170308154849442,0.753511810302734
20170308154849443,-1.00124893188477
20170308154849444,-2.83230361938477
20170308154849445,0.654329681396484
20170308154849446,-0.802884674072266
20170308154849447,-2.77126846313477
20170308154849448,0.845064544677734
20170308154849449,-1.14620742797852
20170308154849450,-2.66445693969727
20170308154849451,0.730623626708984
20170308154849452,-1.36745986938477
20170308154849453,-2.55764541625977
20170308154849454,0.837435150146484
20170308154849455,-1.46664199829102
20170308154849456,-2.50423965454102
20170308154849457,0.722994232177734
20170308154849458,-1.55056533813477
20170308154849459,-2.47372207641602
20170308154849460,0.639070892333984
20170308154849461,-1.63448867797852
20170308154849462,-2.39742813110352
20170308154849463,0.806917572021484
20170308154849464,-1.62685928344727
20170308154849465,-2.44320449829102
20170308154849466,0.669588470458984
20170308154849467,-1.63448867797852
20170308154849468,-2.50423965454102
20170308154849469,0.570406341552734
20170308154849470,-1.71841201782227
20170308154849471,-2.32876358032227
20170308154849472,0.661959075927734
20170308154849473,-1.84811172485352
20170308154849474,-2.23721084594727
20170308154849475,0.585665130615234
20170308154849476,-1.95492324829102
20170308154849477,-2.10751113891602
20170308154849478,0.654329681396484
20170308154849479,-2.09225234985352
20170308154849480,-2.06936416625977
20170308154849481,0.639070892333984
20170308154849482,-2.09988174438477
20170308154849483,-1.98544082641602
20170308154849484,0.753511810302734
20170308154849485,-2.21432266235352
20170308154849486,-1.77181777954102
20170308154849487,0.707735443115234
20170308154849488,-2.30587539672852
20170308154849489,-1.61922988891602
20170308154849490,0.707735443115234
20170308154849491,-2.64919815063477
20170308154849492,-1.35983047485352
20170308154849493,0.616182708740234
20170308154849494,-2.89333877563477
20170308154849495,-1.08517227172852
20170308154849496,0.631441497802734
20170308154849497,-2.92385635375977
20170308154849498,-1.00124893188477
20170308154849499,0.494112396240234
20170308154849500,-3.00777969360352
20170308154849501,-0.764737701416016
20170308154849502,0.410189056396484
20170308154849503,-2.93148574829102
20170308154849504,-0.657926177978516
20170308154849505,0.349153900146484
20170308154849506,-2.95437393188477
20170308154849507,-0.512967681884766
20170308154849508,0.158419036865234
20170308154849509,-2.96200332641602
20170308154849510,-0.360379791259766
20170308154849511,-0.0170570373535156
20170308154849512,-2.99252090454102
20170308154849513,-0.345121002197266
20170308154849514,-0.100980377197266
20170308154849515,-3.01540908813477
20170308154849516,0.288118743896484
20170308154849517,-0.253568267822266
20170308154849518,-2.91622695922852
20170308154849519,0.379671478271484
20170308154849520,-0.711331939697266
20170308154849521,-2.96963272094727
20170308154849522,0.799288177490234
20170308154849523,-0.917325592041016
20170308154849524,-2.81704483032227
20170308154849525,0.753511810302734
20170308154849526,-1.13094863891602
20170308154849527,-2.83230361938477
20170308154849528,0.768770599365234
20170308154849529,-1.12331924438477
20170308154849530,-2.70260391235352
20170308154849531,0.845064544677734
20170308154849532,-1.22250137329102
20170308154849533,-2.61868057250977
20170308154849534,1.01291122436523
20170308154849535,-1.25301895141602
20170308154849536,-2.61868057250977
20170308154849537,0.822176361083984
20170308154849538,-1.22250137329102
20170308154849539,-2.64919815063477
20170308154849540,0.883211517333984
20170308154849541,-1.25301895141602
20170308154849542,-2.61105117797852
20170308154849543,0.890840911865234
20170308154849544,-1.16909561157227
20170308154849545,-2.51949844360352
20170308154849546,0.677217864990234
20170308154849547,-1.31405410766602
20170308154849548,-2.54238662719727
20170308154849549,0.692476654052734
20170308154849550,-1.42849502563477
20170308154849551,-2.48135147094727
20170308154849552,0.654329681396484
20170308154849553,-1.64974746704102
20170308154849554,-2.19143447875977
20170308154849555,0.654329681396484
20170308154849556,-1.93203506469727
20170308154849557,-2.22195205688477
20170308154849558,0.852693939208984
20170308154849559,-2.17617568969727
20170308154849560,-1.91677627563477
20170308154849561,0.654329681396484
20170308154849562,-2.13802871704102
20170308154849563,-1.78707656860352
20170308154849564,0.806917572021484
20170308154849565,-2.34402236938477
20170308154849566,-1.49715957641602
20170308154849567,0.616182708740234
20170308154849568,-2.29824600219727
20170308154849569,-1.55056533813477
20170308154849570,0.707735443115234
20170308154849571,-2.48898086547852
20170308154849572,-1.45138320922852
20170308154849573,0.791658782958984
20170308154849574,-2.57290420532227
20170308154849575,-1.36745986938477
20170308154849576,0.677217864990234
20170308154849577,-2.67208633422852
20170308154849578,-1.32931289672852
20170308154849579,0.707735443115234
20170308154849580,-2.64156875610352
20170308154849581,-1.45901260375977
20170308154849582,0.776399993896484
20170308154849583,-2.65682754516602
20170308154849584,-1.33694229125977
20170308154849585,0.517000579833984
20170308154849586,-2.74838027954102
20170308154849587,-1.31405410766602
20170308154849588,0.555147552490234
20170308154849589,-2.70260391235352
20170308154849590,-1.35983047485352
20170308154849591,0.623812103271484
20170308154849592,-2.85519180297852
20170308154849593,-1.26064834594727
20170308154849594,0.593294525146484
20170308154849595,-2.77126846313477
20170308154849596,-1.10043106079102
20170308154849597,0.517000579833984
20170308154849598,-2.83230361938477
20170308154849599,-1.13857803344727
20170308154849600,0.539888763427734
20170308154849601,-2.94674453735352
20170308154849602,-1.10806045532227
20170308154849603,0.478853607177734
20170308154849604,-2.97726211547852
20170308154849605,-1.01650772094727
20170308154849606,0.616182708740234
20170308154849607,-2.92385635375977
20170308154849608,-0.970731353759766
20170308154849609,0.555147552490234
20170308154849610,-2.92385635375977
20170308154849611,-0.833402252197266
20170308154849612,0.623812103271484
20170308154849613,-2.94674453735352
20170308154849614,-0.909696197509766
20170308154849615,0.593294525146484
20170308154849616,-2.92385635375977
20170308154849617,-0.841031646728516
20170308154849618,0.364412689208984
20170308154849619,-3.00015029907227
20170308154849620,-0.787625885009766
20170308154849621,0.524629974365234
20170308154849622,-2.96200332641602
20170308154849623,-0.650296783447266
20170308154849624,0.349153900146484
20170308154849625,-2.90859756469727
20170308154849626,-0.497708892822266
20170308154849627,0.188936614990234
20170308154849628,-2.95437393188477
20170308154849629,-0.0628334045410156
20170308154849630,-0.108609771728516
20170308154849631,-3.00015029907227
20170308154849632,-0.169644927978516
20170308154849633,-0.238309478759766
20170308154849634,-3.00015029907227
20170308154849635,-0.0780921936035156
20170308154849636,-0.238309478759766
20170308154849637,-2.90096817016602
20170308154849638,0.112642669677734
20170308154849639,-0.238309478759766
20170308154849640,-2.83230361938477
20170308154849641,0.349153900146484
20170308154849642,-0.665555572509766
20170308154849643,-2.97726211547852
20170308154849644,0.341524505615234
20170308154849645,-0.696073150634766
20170308154849646,-2.90096817016602
20170308154849647,0.616182708740234
20170308154849648,-0.871549224853516
20170308154849649,-2.85519180297852
20170308154849650,0.829805755615234
20170308154849651,-1.15383682250977
20170308154849652,-2.64156875610352
20170308154849653,0.730623626708984
20170308154849654,-1.36745986938477
20170308154849655,-2.58053359985352
20170308154849656,0.715364837646484
20170308154849657,-1.35220108032227
20170308154849658,-2.59579238891602
20170308154849659,0.845064544677734
20170308154849660,-1.41323623657227
20170308154849661,-2.53475723266602
20170308154849662,0.753511810302734
20170308154849663,-1.60397109985352
20170308154849664,-2.35928115844727
20170308154849665,0.715364837646484
20170308154849666,-1.81759414672852
20170308154849667,-2.26772842407227
20170308154849668,0.730623626708984
20170308154849669,-1.90151748657227
20170308154849670,-2.12276992797852
20170308154849671,0.692476654052734
20170308154849672,-2.26772842407227
20170308154849673,-1.87099990844727
20170308154849674,0.738253021240234
20170308154849675,-2.39742813110352
20170308154849676,-1.65737686157227
20170308154849677,0.684847259521484
20170308154849678,-2.58053359985352
20170308154849679,-1.47427139282227
20170308154849680,0.715364837646484
20170308154849681,-2.75600967407227
20170308154849682,-1.23013076782227
20170308154849683,0.616182708740234
20170308154849684,-2.89333877563477
20170308154849685,-1.26064834594727
20170308154849686,0.669588470458984
20170308154849687,-3.03066787719727
20170308154849688,-1.07754287719727
20170308154849689,0.425447845458984
20170308154849690,-2.94674453735352
20170308154849691,-1.02413711547852
20170308154849692,0.593294525146484
20170308154849693,-2.90096817016602
20170308154849694,-0.917325592041016
20170308154849695,0.455965423583984
20170308154849696,-3.02303848266602
20170308154849697,-0.680814361572266
20170308154849698,0.463594818115234
20170308154849699,-2.90859756469727
20170308154849700,-0.314603424072266
20170308154849701,0.227083587646484
20170308154849702,-2.95437393188477
20170308154849703,-0.375638580322266
20170308154849704,0.249971771240234
20170308154849705,-2.97726211547852
20170308154849706,-0.429044342041016
20170308154849707,0.166048431396484
20170308154849708,-2.85519180297852
20170308154849709,-0.368009185791016
20170308154849710,0.0134605407714844
20170308154849711,-2.93911514282227
20170308154849712,-0.230680084228516
20170308154849713,-0.0933509826660156
20170308154849714,-2.92385635375977
20170308154849715,0.181307220458984
20170308154849716,-0.482450103759766
20170308154849717,-2.90096817016602
20170308154849718,0.356783294677734
20170308154849719,-0.619779205322266
20170308154849720,-2.89333877563477
20170308154849721,0.433077239990234
20170308154849722,-0.451932525634766
20170308154849723,-2.80941543579102
20170308154849724,0.463594818115234
20170308154849725,-0.604520416259766
20170308154849726,-2.84756240844727
20170308154849727,0.341524505615234
20170308154849728,-0.581632232666016
20170308154849729,-2.86282119750977
20170308154849730,0.204195404052734
20170308154849731,-0.444303131103516
20170308154849732,-2.89333877563477
20170308154849733,0.288118743896484
20170308154849734,-0.375638580322266
20170308154849735,-2.86282119750977
20170308154849736,0.372042083740234
20170308154849737,-0.604520416259766
20170308154849738,-2.80941543579102
20170308154849739,0.509371185302734
20170308154849740,-0.772367095947266
20170308154849741,-2.84756240844727
20170308154849742,0.600923919677734
20170308154849743,-0.848661041259766
20170308154849744,-2.80178604125977
20170308154849745,0.654329681396484
20170308154849746,-0.917325592041016
20170308154849747,-2.85519180297852
20170308154849748,0.852693939208984
20170308154849749,-1.03176651000977
20170308154849750,-2.79415664672852
20170308154849751,0.639070892333984
20170308154849752,-0.863919830322266
20170308154849753,-2.81704483032227
20170308154849754,0.585665130615234
20170308154849755,-0.902066802978516
20170308154849756,-2.81704483032227
20170308154849757,0.890840911865234
20170308154849758,-0.863919830322266
20170308154849759,-2.75600967407227
20170308154849760,0.883211517333984
20170308154849761,-1.03939590454102
20170308154849762,-2.71786270141602
20170308154849763,0.707735443115234
20170308154849764,-1.16909561157227
20170308154849765,-2.74838027954102
20170308154849766,0.913729095458984
20170308154849767,-1.22250137329102
20170308154849768,-2.73312149047852
20170308154849769,0.814546966552734
20170308154849770,-1.32931289672852
20170308154849771,-2.63393936157227
20170308154849772,0.890840911865234
20170308154849773,-1.46664199829102
20170308154849774,-2.66445693969727
20170308154849775,0.730623626708984
20170308154849776,-1.35220108032227
20170308154849777,-2.50423965454102
20170308154849778,0.646700286865234
20170308154849779,-1.64211807250977
20170308154849780,-2.28298721313477
20170308154849781,0.738253021240234
20170308154849782,-1.88625869750977
20170308154849783,-2.17617568969727
20170308154849784,0.738253021240234
20170308154849785,-2.09225234985352
20170308154849786,-1.86337051391602
20170308154849787,0.776399993896484
20170308154849788,-2.29061660766602
20170308154849789,-1.74892959594727
20170308154849790,0.829805755615234
20170308154849791,-2.32876358032227
20170308154849792,-1.49715957641602
20170308154849793,0.799288177490234
20170308154849794,-2.68734512329102
20170308154849795,-1.29879531860352
20170308154849796,0.654329681396484
20170308154849797,-2.74838027954102
20170308154849798,-1.21487197875977
20170308154849799,0.669588470458984
20170308154849800,-2.86282119750977
20170308154849801,-1.09280166625977
20170308154849802,0.570406341552734
20170308154849803,-2.97726211547852
20170308154849804,-1.02413711547852
20170308154849805,0.509371185302734
20170308154849806,-2.98489151000977
20170308154849807,-0.993619537353516
20170308154849808,0.486483001708984
20170308154849809,-3.00015029907227
20170308154849810,-0.841031646728516
20170308154849811,0.463594818115234
20170308154849812,-2.95437393188477
20170308154849813,-0.512967681884766
20170308154849814,0.455965423583984
20170308154849815,-2.94674453735352
20170308154849816,-0.467191314697266
20170308154849817,0.166048431396484
20170308154849818,-2.99252090454102
20170308154849819,-0.192533111572266
20170308154849820,-0.207791900634766
20170308154849821,-2.97726211547852
20170308154849822,0.0973838806152344
20170308154849823,-0.291715240478516
20170308154849824,-2.96200332641602
20170308154849825,0.318636322021484
20170308154849826,-0.505338287353516
20170308154849827,-2.83993301391602
20170308154849828,0.387300872802734
20170308154849829,-0.596891021728516
20170308154849830,-2.78652725219727
20170308154849831,0.394930267333984
20170308154849832,-0.657926177978516
20170308154849833,-2.81704483032227
20170308154849834,0.547518157958984
20170308154849835,-0.718961334228516
20170308154849836,-2.84756240844727
20170308154849837,0.784029388427734
20170308154849838,-0.932584381103516
20170308154849839,-2.85519180297852
20170308154849840,0.654329681396484
20170308154849841,-1.02413711547852
20170308154849842,-2.78652725219727
20170308154849843,0.555147552490234
20170308154849844,-0.734220123291016
20170308154849845,-2.78652725219727
20170308154849846,0.738253021240234
20170308154849847,-0.963101959228516
20170308154849848,-2.71023330688477
20170308154849849,1.07394638061523
20170308154849850,-1.10043106079102
20170308154849851,-2.74075088500977
20170308154849852,0.730623626708984
20170308154849853,-1.06228408813477
20170308154849854,-2.75600967407227
20170308154849855,0.837435150146484
20170308154849856,-1.29116592407227
20170308154849857,-2.65682754516602
20170308154849858,0.700106048583984
20170308154849859,-1.16146621704102
20170308154849860,-2.69497451782227
20170308154849861,1.07394638061523
20170308154849862,-1.15383682250977
20170308154849863,-2.71786270141602
20170308154849864,0.776399993896484
20170308154849865,-1.22250137329102
20170308154849866,-2.64156875610352
20170308154849867,0.753511810302734
20170308154849868,-1.18435440063477
20170308154849869,-2.67208633422852
20170308154849870,0.890840911865234
20170308154849871,-1.19961318969727
20170308154849872,-2.64156875610352
20170308154849873,0.982393646240234
20170308154849874,-1.17672500610352
20170308154849875,-2.65682754516602
20170308154849876,0.791658782958984
20170308154849877,-0.993619537353516
20170308154849878,-2.64919815063477
20170308154849879,0.845064544677734
20170308154849880,-1.31405410766602
20170308154849881,-2.51186904907227
20170308154849882,0.814546966552734
20170308154849883,-1.58871231079102
20170308154849884,-2.40505752563477
20170308154849885,0.715364837646484
20170308154849886,-1.63448867797852
20170308154849887,-2.38979873657227
20170308154849888,0.784029388427734
20170308154849889,-1.73367080688477
20170308154849890,-2.42794570922852
20170308154849891,0.745882415771484
20170308154849892,-1.64211807250977
20170308154849893,-2.34402236938477
20170308154849894,0.814546966552734
20170308154849895,-1.72604141235352
20170308154849896,-2.35165176391602
20170308154849897,0.730623626708984
20170308154849898,-1.74892959594727
20170308154849899,-2.20669326782227
20170308154849900,0.776399993896484
20170308154849901,-2.02358779907227
20170308154849902,-1.90151748657227
20170308154849903,0.784029388427734
20170308154849904,-2.26009902954102
20170308154849905,-1.80233535766602
20170308154849906,0.616182708740234
20170308154849907,-2.28298721313477
20170308154849908,-1.71841201782227
20170308154849909,0.753511810302734
20170308154849910,-2.22958145141602
20170308154849911,-1.65737686157227
20170308154849912,0.799288177490234
20170308154849913,-2.45846328735352
20170308154849914,-1.65737686157227
20170308154849915,0.616182708740234
20170308154849916,-2.38216934204102
20170308154849917,-1.53530654907227
20170308154849918,0.806917572021484
20170308154849919,-2.42794570922852
20170308154849920,-1.38271865844727
20170308154849921,0.799288177490234
20170308154849922,-2.78652725219727
20170308154849923,-1.24538955688477
20170308154849924,0.608553314208984
20170308154849925,-2.94674453735352
20170308154849926,-1.11568984985352
20170308154849927,0.555147552490234
20170308154849928,-3.00015029907227
20170308154849929,-0.764737701416016
20170308154849930,0.356783294677734
20170308154849931,-2.93911514282227
20170308154849932,-0.482450103759766
20170308154849933,0.166048431396484
20170308154849934,-2.97726211547852
20170308154849935,-0.223050689697266
20170308154849936,-0.154386138916016
20170308154849937,-2.90859756469727
20170308154849938,0.326265716552734
20170308154849939,-0.543485260009766
20170308154849940,-2.83230361938477
20170308154849941,0.471224212646484
20170308154849942,-0.772367095947266
20170308154849943,-2.84756240844727
20170308154849944,0.799288177490234
20170308154849945,-0.772367095947266
20170308154849946,-2.71023330688477
20170308154849947,0.745882415771484
20170308154849948,-1.39034805297852
20170308154849949,-2.55764541625977
20170308154849950,0.745882415771484
20170308154849951,-1.63448867797852
20170308154849952,-2.22195205688477
20170308154849953,0.730623626708984
20170308154849954,-1.86337051391602
20170308154849955,-2.15328750610352
20170308154849956,0.799288177490234
20170308154849957,-2.02358779907227
20170308154849958,-2.00832901000977
20170308154849959,0.646700286865234
20170308154849960,-2.06936416625977
20170308154849961,-1.96255264282227
20170308154849962,0.677217864990234
20170308154849963,-2.00069961547852
20170308154849964,-1.82522354125977
20170308154849965,0.654329681396484
20170308154849966,-2.04647598266602
20170308154849967,-1.84811172485352
20170308154849968,0.738253021240234
20170308154849969,-2.13802871704102
20170308154849970,-1.81759414672852
20170308154849971,0.875582122802734
20170308154849972,-2.31350479125977
20170308154849973,-1.79470596313477
20170308154849974,0.692476654052734
20170308154849975,-2.38216934204102
20170308154849976,-1.61160049438477
20170308154849977,0.814546966552734
20170308154849978,-2.28298721313477
20170308154849979,-1.52767715454102
20170308154849980,0.768770599365234
20170308154849981,-2.39742813110352
20170308154849982,-1.52767715454102
20170308154849983,0.654329681396484
20170308154849984,-2.35928115844727
20170308154849985,-1.57345352172852
20170308154849986,0.753511810302734
20170308154849987,-2.64156875610352
20170308154849988,-1.44375381469727
20170308154849989,0.562776947021484
20170308154849990,-2.70260391235352
20170308154849991,-1.31405410766602
20170308154849992,0.768770599365234
20170308154849993,-2.80941543579102
20170308154849994,-1.24538955688477
20170308154849995,0.555147552490234
20170308154849996,-2.69497451782227
20170308154849997,-1.23776016235352
20170308154849998,0.616182708740234
20170308154849999,-2.89333877563477
20170308154850000,-0.993619537353516
20170308154850001,0.639070892333984
20170308154850002,-2.88570938110352
20170308154850003,-1.13857803344727
20170308154850004,0.631441497802734
20170308154850005,-2.93148574829102
20170308154850006,-1.06228408813477
20170308154850007,0.478853607177734
20170308154850008,-2.94674453735352
20170308154850009,-1.03939590454102
20170308154850010,0.448336029052734
20170308154850011,-2.81704483032227
20170308154850012,-1.07754287719727
20170308154850013,0.478853607177734
20170308154850014,-2.88570938110352
20170308154850015,-0.932584381103516
20170308154850016,0.478853607177734
20170308154850017,-2.90859756469727
20170308154850018,-1.13857803344727
20170308154850019,0.547518157958984
20170308154850020,-2.74838027954102
20170308154850021,-1.18435440063477
20170308154850022,0.623812103271484
20170308154850023,-2.85519180297852
20170308154850024,-1.13094863891602
20170308154850025,0.692476654052734
20170308154850026,-2.89333877563477
20170308154850027,-1.10806045532227
20170308154850028,0.517000579833984
20170308154850029,-2.96963272094727
20170308154850030,-1.14620742797852
20170308154850031,0.646700286865234
20170308154850032,-2.83230361938477
20170308154850033,-1.20724258422852
20170308154850034,0.623812103271484
20170308154850035,-2.93148574829102
20170308154850036,-1.03939590454102
20170308154850037,0.372042083740234
20170308154850038,-2.93148574829102
20170308154850039,-0.909696197509766
20170308154850040,0.539888763427734
20170308154850041,-2.93911514282227
20170308154850042,-0.322232818603516
20170308154850043,0.242342376708984
20170308154850044,-2.89333877563477
20170308154850045,-0.139127349853516
20170308154850046,0.181307220458984
20170308154850047,-2.88570938110352
20170308154850048,-0.200162506103516
20170308154850049,-0.0246864318847656
20170308154850050,-2.83993301391602
20170308154850051,-0.139127349853516
20170308154850052,-0.184903717041016
20170308154850053,-2.87045059204102
20170308154850054,0.349153900146484
20170308154850055,-0.345121002197266
20170308154850056,-2.84756240844727
20170308154850057,0.379671478271484
20170308154850058,-0.528226470947266
20170308154850059,-2.79415664672852
20170308154850060,0.211824798583984
20170308154850061,-0.215421295166016
20170308154850062,-2.84756240844727
20170308154850063,0.463594818115234
20170308154850064,-0.299344635009766
20170308154850065,-2.77889785766602
20170308154850066,0.478853607177734
20170308154850067,-0.673184967041016
20170308154850068,-2.80178604125977
20170308154850069,0.486483001708984
20170308154850070,-0.764737701416016
20170308154850071,-2.87807998657227
20170308154850072,0.852693939208984
20170308154850073,-1.06228408813477
20170308154850074,-2.83230361938477
20170308154850075,0.860323333740234
20170308154850076,-1.22250137329102
20170308154850077,-2.59579238891602
20170308154850078,0.806917572021484
20170308154850079,-1.45901260375977
20170308154850080,-2.58816299438477
20170308154850081,0.806917572021484
20170308154850082,-1.61922988891602
20170308154850083,-2.32113418579102
20170308154850084,0.730623626708984
20170308154850085,-1.86337051391602
20170308154850086,-2.13039932250977
20170308154850087,0.738253021240234
20170308154850088,-2.10751113891602
20170308154850089,-1.95492324829102
20170308154850090,0.585665130615234
20170308154850091,-2.11514053344727
20170308154850092,-1.86337051391602
20170308154850093,0.768770599365234
20170308154850094,-2.20669326782227
20170308154850095,-1.83285293579102
20170308154850096,0.776399993896484
20170308154850097,-2.29061660766602
20170308154850098,-1.63448867797852
20170308154850099,0.768770599365234
20170308154850100,-2.25246963500977
20170308154850101,-1.69552383422852
20170308154850102,0.639070892333984
20170308154850103,-2.27535781860352
20170308154850104,-1.67263565063477
20170308154850105,0.646700286865234
20170308154850106,-2.35165176391602
20170308154850107,-1.53530654907227
20170308154850108,0.692476654052734
20170308154850109,-2.64919815063477
20170308154850110,-1.31405410766602
20170308154850111,0.700106048583984
20170308154850112,-2.83230361938477
20170308154850113,-1.31405410766602
20170308154850114,0.593294525146484
20170308154850115,-2.96200332641602
20170308154850116,-1.21487197875977
20170308154850117,0.585665130615234
20170308154850118,-2.91622695922852
20170308154850119,-1.01650772094727
20170308154850120,0.471224212646484
20170308154850121,-2.95437393188477
20170308154850122,-1.08517227172852
20170308154850123,0.616182708740234
20170308154850124,-2.92385635375977
20170308154850125,-0.757108306884766
20170308154850126,0.417818450927734
20170308154850127,-2.92385635375977
20170308154850128,-0.772367095947266
20170308154850129,0.555147552490234
20170308154850130,-2.90859756469727
20170308154850131,-0.703702545166016
20170308154850132,0.433077239990234
20170308154850133,-2.91622695922852
20170308154850134,-0.772367095947266
20170308154850135,0.646700286865234
20170308154850136,-2.90859756469727
20170308154850137,-0.818143463134766
20170308154850138,0.364412689208984
20170308154850139,-2.93148574829102
20170308154850140,-0.703702545166016
20170308154850141,0.333895111083984
20170308154850142,-2.91622695922852
20170308154850143,-0.665555572509766
20170308154850144,0.311006927490234
20170308154850145,-2.95437393188477
20170308154850146,-0.459561920166016
20170308154850147,0.143160247802734
20170308154850148,-2.90096817016602
20170308154850149,-0.177274322509766
20170308154850150,0.0134605407714844
20170308154850151,-2.93148574829102
20170308154850152,0.0744956970214844
20170308154850153,-0.345121002197266
20170308154850154,-2.90859756469727
20170308154850155,-0.0017982482910156
20170308154850156,-0.154386138916016
20170308154850157,-2.89333877563477
20170308154850158,0.211824798583984
20170308154850159,-0.421414947509766
20170308154850160,-2.80178604125977
20170308154850161,0.265230560302734
20170308154850162,-0.551114654541016
20170308154850163,-2.83993301391602
20170308154850164,0.280489349365234
20170308154850165,-0.574002838134766
20170308154850166,-2.83230361938477
20170308154850167,0.639070892333984
20170308154850168,-0.604520416259766
20170308154850169,-2.78652725219727
20170308154850170,0.509371185302734
20170308154850171,-0.779996490478516
20170308154850172,-2.77126846313477
20170308154850173,0.646700286865234
20170308154850174,-0.978360748291016
20170308154850175,-2.80941543579102
20170308154850176,0.539888763427734
20170308154850177,-0.879178619384766
20170308154850178,-2.85519180297852
20170308154850179,0.486483001708984
20170308154850180,-0.734220123291016
20170308154850181,-2.74075088500977
20170308154850182,0.272859954833984
20170308154850183,-0.604520416259766
20170308154850184,-2.81704483032227
20170308154850185,0.440706634521484
20170308154850186,-0.505338287353516
20170308154850187,-2.83993301391602
20170308154850188,0.494112396240234
20170308154850189,-0.604520416259766
20170308154850190,-2.82467422485352
20170308154850191,0.257601165771484
20170308154850192,-0.596891021728516
20170308154850193,-2.88570938110352
20170308154850194,0.562776947021484
20170308154850195,-0.718961334228516
20170308154850196,-2.76363906860352
20170308154850197,0.524629974365234
20170308154850198,-0.772367095947266
20170308154850199,-2.89333877563477
20170308154850200,0.829805755615234
20170308154850201,-0.947843170166016
20170308154850202,-2.86282119750977
20170308154850203,0.806917572021484
20170308154850204,-1.05465469360352
20170308154850205,-2.77126846313477
20170308154850206,0.951876068115234
20170308154850207,-1.18435440063477
20170308154850208,-2.70260391235352
20170308154850209,0.837435150146484
20170308154850210,-1.33694229125977
20170308154850211,-2.50423965454102
20170308154850212,0.814546966552734
20170308154850213,-1.55819473266602
20170308154850214,-2.47372207641602
20170308154850215,0.822176361083984
20170308154850216,-1.82522354125977
20170308154850217,-2.16854629516602
20170308154850218,0.875582122802734
20170308154850219,-1.98544082641602
20170308154850220,-1.93203506469727
20170308154850221,0.700106048583984
20170308154850222,-2.04647598266602
20170308154850223,-1.88625869750977
20170308154850224,0.883211517333984
20170308154850225,-2.22195205688477
20170308154850226,-1.99307022094727
20170308154850227,0.707735443115234
20170308154850228,-2.16091690063477
20170308154850229,-1.97781143188477
20170308154850230,0.784029388427734
20170308154850231,-2.16091690063477
20170308154850232,-1.71841201782227
20170308154850233,0.738253021240234
20170308154850234,-2.48898086547852
20170308154850235,-1.48953018188477
20170308154850236,0.791658782958984
20170308154850237,-2.59579238891602
20170308154850238,-1.12331924438477
20170308154850239,0.600923919677734
20170308154850240,-2.96963272094727
20170308154850241,-0.886808013916016
20170308154850242,0.646700286865234
20170308154850243,-2.94674453735352
20170308154850244,-0.924954986572266
20170308154850245,0.433077239990234
20170308154850246,-2.98489151000977
20170308154850247,-0.688443756103516
20170308154850248,0.349153900146484
20170308154850249,-2.91622695922852
20170308154850250,-0.413785552978516
20170308154850251,0.227083587646484
20170308154850252,-2.93911514282227
20170308154850253,-0.261197662353516
20170308154850254,-0.0399452209472656
20170308154850255,-2.93911514282227
20170308154850256,-0.0170570373535156
20170308154850257,-0.291715240478516
20170308154850258,-2.87807998657227
20170308154850259,0.204195404052734
20170308154850260,-0.215421295166016
20170308154850261,-2.84756240844727
20170308154850262,0.349153900146484
20170308154850263,-0.696073150634766
20170308154850264,-2.75600967407227
20170308154850265,0.562776947021484
20170308154850266,-0.772367095947266
20170308154850267,-2.80941543579102
20170308154850268,0.875582122802734
20170308154850269,-0.970731353759766
20170308154850270,-2.70260391235352
20170308154850271,0.883211517333984
20170308154850272,-1.06991348266602
20170308154850273,-2.56527481079102
20170308154850274,0.700106048583984
20170308154850275,-1.23776016235352
20170308154850276,-2.71023330688477
20170308154850277,0.860323333740234
20170308154850278,-1.37508926391602
20170308154850279,-2.64919815063477
20170308154850280,0.860323333740234
20170308154850281,-1.48953018188477
20170308154850282,-2.48898086547852
20170308154850283,0.928987884521484
20170308154850284,-1.45138320922852
20170308154850285,-2.39742813110352
20170308154850286,0.715364837646484
20170308154850287,-1.58871231079102
20170308154850288,-2.31350479125977
20170308154850289,0.677217864990234
20170308154850290,-1.64211807250977
20170308154850291,-2.38979873657227
20170308154850292,0.722994232177734
20170308154850293,-1.80233535766602
20170308154850294,-2.19906387329102
20170308154850295,0.883211517333984
20170308154850296,-2.06936416625977
20170308154850297,-1.97018203735352
20170308154850298,0.875582122802734
20170308154850299,-2.21432266235352
20170308154850300,-1.90151748657227
20170308154850301,0.745882415771484
20170308154850302,-2.26009902954102
20170308154850303,-1.87099990844727
20170308154850304,0.684847259521484
20170308154850305,-2.28298721313477
20170308154850306,-1.80233535766602
20170308154850307,0.814546966552734
20170308154850308,-2.42794570922852
20170308154850309,-1.69552383422852
20170308154850310,0.692476654052734
20170308154850311,-2.24484024047852
20170308154850312,-1.83285293579102
20170308154850313,0.799288177490234
20170308154850314,-2.25246963500977
20170308154850315,-1.74892959594727
20170308154850316,0.631441497802734
20170308154850317,-2.30587539672852
20170308154850318,-1.87862930297852
20170308154850319,0.608553314208984
20170308154850320,-2.26772842407227
20170308154850321,-1.80996475219727
20170308154850322,0.631441497802734
20170308154850323,-2.23721084594727
20170308154850324,-1.97018203735352
20170308154850325,0.600923919677734
20170308154850326,-2.13802871704102
20170308154850327,-1.84811172485352
20170308154850328,0.791658782958984
20170308154850329,-2.15328750610352
20170308154850330,-1.82522354125977
20170308154850331,0.661959075927734
20170308154850332,-2.27535781860352
20170308154850333,-1.78707656860352
20170308154850334,0.677217864990234
20170308154850335,-2.39742813110352
20170308154850336,-1.72604141235352
20170308154850337,0.715364837646484
20170308154850338,-2.35165176391602
20170308154850339,-1.68026504516602
20170308154850340,0.791658782958984
20170308154850341,-2.59579238891602
20170308154850342,-1.27590713500977
20170308154850343,0.623812103271484
20170308154850344,-2.79415664672852
20170308154850345,-1.38271865844727
20170308154850346,0.585665130615234
20170308154850347,-2.94674453735352
20170308154850348,-1.03939590454102
20170308154850349,0.707735443115234
20170308154850350,-2.91622695922852
20170308154850351,-0.810514068603516
20170308154850352,0.433077239990234
20170308154850353,-2.93148574829102
20170308154850354,-0.528226470947266
20170308154850355,0.227083587646484
20170308154850356,-2.92385635375977
20170308154850357,-0.345121002197266
20170308154850358,0.211824798583984
20170308154850359,-3.03829727172852
20170308154850360,-0.398526763916016
20170308154850361,-0.0475746154785156
20170308154850362,-2.96963272094727
20170308154850363,-0.368009185791016
20170308154850364,-0.0704627990722656
20170308154850365,-2.95437393188477
20170308154850366,-0.245938873291016
20170308154850367,-0.200162506103516
20170308154850368,-2.92385635375977
20170308154850369,-0.162015533447266
20170308154850370,-0.352750396728516
20170308154850371,-2.87807998657227
20170308154850372,-0.108609771728516
20170308154850373,-0.192533111572266
20170308154850374,-2.94674453735352
20170308154850375,0.181307220458984
20170308154850376,-0.490079498291016
20170308154850377,-2.86282119750977
20170308154850378,0.249971771240234
20170308154850379,-0.642667388916016
20170308154850380,-2.87807998657227
20170308154850381,0.585665130615234
20170308154850382,-0.833402252197266
20170308154850383,-2.81704483032227
20170308154850384,0.776399993896484
20170308154850385,-1.06991348266602
20170308154850386,-2.76363906860352
20170308154850387,0.822176361083984
20170308154850388,-1.42086563110352
20170308154850389,-2.61868057250977
20170308154850390,0.745882415771484
20170308154850391,-1.59634170532227
20170308154850392,-2.60342178344727
20170308154850393,0.715364837646484
20170308154850394,-1.57345352172852
20170308154850395,-2.51949844360352
20170308154850396,0.761141204833984
20170308154850397,-1.84048233032227
20170308154850398,-2.21432266235352
20170308154850399,0.715364837646484
20170308154850400,-2.08462295532227
20170308154850401,-2.03121719360352
20170308154850402,0.761141204833984
20170308154850403,-2.36691055297852
20170308154850404,-1.89388809204102
20170308154850405,0.806917572021484
20170308154850406,-2.41268692016602
20170308154850407,-1.65737686157227
20170308154850408,0.692476654052734
20170308154850409,-2.56527481079102
20170308154850410,-1.53530654907227
20170308154850411,0.585665130615234
20170308154850412,-2.74838027954102
20170308154850413,-1.38271865844727
20170308154850414,0.616182708740234
20170308154850415,-2.89333877563477
20170308154850416,-0.856290435791016
20170308154850417,0.593294525146484
20170308154850418,-3.03829727172852
20170308154850419,-0.749478912353516
20170308154850420,0.478853607177734
20170308154850421,-2.93911514282227
20170308154850422,-0.940213775634766
20170308154850423,0.425447845458984
20170308154850424,-2.97726211547852
20170308154850425,-0.764737701416016
20170308154850426,0.356783294677734
20170308154850427,-2.99252090454102
20170308154850428,-0.726590728759766
20170308154850429,0.295748138427734
20170308154850430,-3.00777969360352
20170308154850431,-0.612149810791016
20170308154850432,0.364412689208984
20170308154850433,-2.92385635375977
20170308154850434,-0.482450103759766
20170308154850435,0.257601165771484
20170308154850436,-2.94674453735352
20170308154850437,-0.490079498291016
20170308154850438,0.349153900146484
20170308154850439,-2.96963272094727
20170308154850440,-0.398526763916016
20170308154850441,-0.0017982482910156
20170308154850442,-2.94674453735352
20170308154850443,-0.306974029541016
20170308154850444,-0.0399452209472656
20170308154850445,-2.99252090454102
20170308154850446,-0.0246864318847656
20170308154850447,-0.230680084228516
20170308154850448,-2.90859756469727
20170308154850449,-0.0094276428222656
20170308154850450,-0.200162506103516
20170308154850451,-2.88570938110352
20170308154850452,-0.131497955322266
20170308154850453,-0.322232818603516
20170308154850454,-2.93148574829102
20170308154850455,0.0058311462402344
20170308154850456,-0.238309478759766
20170308154850457,-2.93911514282227
20170308154850458,0.0592369079589844
20170308154850459,-0.406156158447266
20170308154850460,-2.91622695922852
20170308154850461,0.0592369079589844
20170308154850462,-0.390897369384766
20170308154850463,-2.89333877563477
20170308154850464,-0.0475746154785156
20170308154850465,-0.375638580322266
20170308154850466,-2.87807998657227
20170308154850467,0.333895111083984
20170308154850468,-0.520597076416016
20170308154850469,-2.82467422485352
20170308154850470,0.188936614990234
20170308154850471,-0.467191314697266
20170308154850472,-2.92385635375977
20170308154850473,0.257601165771484
20170308154850474,-0.253568267822266
20170308154850475,-2.88570938110352
20170308154850476,0.204195404052734
20170308154850477,-0.482450103759766
20170308154850478,-2.79415664672852
20170308154850479,0.0897544860839844
20170308154850480,-0.429044342041016
20170308154850481,-2.80941543579102
20170308154850482,0.211824798583984
20170308154850483,-0.421414947509766
20170308154850484,-2.86282119750977
20170308154850485,0.196566009521484
20170308154850486,-0.490079498291016
20170308154850487,-2.87045059204102
20170308154850488,0.219454193115234
20170308154850489,-0.619779205322266
20170308154850490,-2.95437393188477
20170308154850491,0.181307220458984
20170308154850492,-0.574002838134766
20170308154850493,-2.87045059204102
20170308154850494,0.547518157958984
20170308154850495,-0.505338287353516
20170308154850496,-2.85519180297852
20170308154850497,0.692476654052734
20170308154850498,-0.802884674072266
20170308154850499,-2.83993301391602
20170308154850500,0.707735443115234
20170308154850501,-1.01650772094727
20170308154850502,-2.80178604125977
20170308154850503,0.654329681396484
20170308154850504,-1.13094863891602
20170308154850505,-2.80941543579102
20170308154850506,0.837435150146484
20170308154850507,-1.35220108032227
20170308154850508,-2.65682754516602
20170308154850509,0.867952728271484
20170308154850510,-1.52004776000977
20170308154850511,-2.46609268188477
20170308154850512,0.745882415771484
20170308154850513,-1.57345352172852
20170308154850514,-2.55001602172852
20170308154850515,0.784029388427734
20170308154850516,-1.50478897094727
20170308154850517,-2.50423965454102
20170308154850518,0.784029388427734
20170308154850519,-1.62685928344727
20170308154850520,-2.48135147094727
20170308154850521,0.707735443115234
20170308154850522,-1.65737686157227
20170308154850523,-2.35928115844727
20170308154850524,0.860323333740234
20170308154850525,-1.74130020141602
20170308154850526,-2.35928115844727
20170308154850527,0.722994232177734
20170308154850528,-1.93966445922852
20170308154850529,-2.06173477172852
20170308154850530,0.822176361083984
20170308154850531,-2.12276992797852
20170308154850532,-1.91677627563477
20170308154850533,0.738253021240234
20170308154850534,-2.19906387329102
20170308154850535,-1.86337051391602
20170308154850536,0.890840911865234
20170308154850537,-2.39742813110352
20170308154850538,-1.34457168579102
20170308154850539,0.631441497802734
20170308154850540,-2.69497451782227
20170308154850541,-1.35983047485352
20170308154850542,0.555147552490234
20170308154850543,-2.83230361938477
20170308154850544,-1.26064834594727
20170308154850545,0.600923919677734
20170308154850546,-2.79415664672852
20170308154850547,-1.27590713500977
20170308154850548,0.684847259521484
20170308154850549,-3.06881484985352
20170308154850550,-1.07754287719727
20170308154850551,0.478853607177734
20170308154850552,-2.97726211547852
20170308154850553,-0.741849517822266
20170308154850554,0.379671478271484
20170308154850555,-2.96963272094727
20170308154850556,-0.680814361572266
20170308154850557,0.280489349365234
20170308154850558,-3.02303848266602
20170308154850559,-0.596891021728516
20170308154850560,0.196566009521484
20170308154850561,-3.02303848266602
20170308154850562,-0.291715240478516
20170308154850563,-0.123868560791016
20170308154850564,-2.93148574829102
20170308154850565,0.211824798583984
20170308154850566,-0.337491607666016
20170308154850567,-2.85519180297852
20170308154850568,0.288118743896484
20170308154850569,-0.528226470947266
20170308154850570,-2.86282119750977
20170308154850571,0.463594818115234
20170308154850572,-0.757108306884766
20170308154850573,-2.89333877563477
20170308154850574,0.631441497802734
20170308154850575,-0.932584381103516
20170308154850576,-2.83230361938477
20170308154850577,0.906099700927734
20170308154850578,-0.970731353759766
20170308154850579,-2.81704483032227
20170308154850580,0.860323333740234
20170308154850581,-0.970731353759766
20170308154850582,-2.82467422485352
20170308154850583,0.875582122802734
20170308154850584,-1.05465469360352
20170308154850585,-2.78652725219727
20170308154850586,0.936617279052734
20170308154850587,-1.11568984985352
20170308154850588,-2.77126846313477
20170308154850589,0.867952728271484
20170308154850590,-1.00887832641602
20170308154850591,-2.77889785766602
20170308154850592,0.768770599365234
20170308154850593,-0.963101959228516
20170308154850594,-2.65682754516602
20170308154850595,0.898470306396484
20170308154850596,-1.24538955688477
20170308154850597,-2.64919815063477
20170308154850598,0.875582122802734
20170308154850599,-1.48953018188477
20170308154850600,-2.52712783813477
20170308154850601,0.692476654052734
20170308154850602,-1.39034805297852
20170308154850603,-2.64156875610352
20170308154850604,0.745882415771484
20170308154850605,-1.16146621704102
20170308154850606,-2.63393936157227
20170308154850607,0.799288177490234
20170308154850608,-1.48190078735352
20170308154850609,-2.51186904907227
20170308154850610,0.722994232177734
20170308154850611,-1.54293594360352
20170308154850612,-2.56527481079102
20170308154850613,0.768770599365234
20170308154850614,-1.49715957641602
20170308154850615,-2.42031631469727
20170308154850616,0.883211517333984
20170308154850617,-1.66500625610352
20170308154850618,-2.50423965454102
20170308154850619,0.661959075927734
20170308154850620,-1.34457168579102
20170308154850621,-2.58053359985352
20170308154850622,0.768770599365234
20170308154850623,-1.32168350219727
20170308154850624,-2.64156875610352
20170308154850625,0.768770599365234
20170308154850626,-1.16146621704102
20170308154850627,-2.61868057250977
20170308154850628,0.776399993896484
20170308154850629,-1.38271865844727
20170308154850630,-2.57290420532227
20170308154850631,0.776399993896484
20170308154850632,-1.61922988891602
20170308154850633,-2.49661026000977
20170308154850634,0.738253021240234
20170308154850635,-1.80233535766602
20170308154850636,-2.44320449829102
20170308154850637,0.784029388427734
20170308154850638,-1.84811172485352
20170308154850639,-2.24484024047852
20170308154850640,0.692476654052734
20170308154850641,-2.08462295532227
20170308154850642,-1.95492324829102
20170308154850643,0.669588470458984
20170308154850644,-2.25246963500977
20170308154850645,-1.90151748657227
20170308154850646,0.661959075927734
20170308154850647,-2.32876358032227
20170308154850648,-1.65737686157227
20170308154850649,0.738253021240234
20170308154850650,-2.30587539672852
20170308154850651,-1.68789443969727
20170308154850652,0.791658782958984
20170308154850653,-2.39742813110352
20170308154850654,-1.77181777954102
20170308154850655,0.692476654052734
20170308154850656,-2.40505752563477
20170308154850657,-1.55819473266602
20170308154850658,0.776399993896484
20170308154850659,-2.48135147094727
20170308154850660,-1.29879531860352
20170308154850661,0.555147552490234
20170308154850662,-2.83993301391602
20170308154850663,-1.17672500610352
20170308154850664,0.677217864990234
20170308154850665,-2.87807998657227
20170308154850666,-1.17672500610352
20170308154850667,0.539888763427734
20170308154850668,-2.99252090454102
20170308154850669,-1.03939590454102
20170308154850670,0.471224212646484
20170308154850671,-2.94674453735352
20170308154850672,-0.581632232666016
20170308154850673,0.234712982177734
20170308154850674,-3.00777969360352
20170308154850675,-0.543485260009766
20170308154850676,-0.0094276428222656
20170308154850677,-3.01540908813477
20170308154850678,-0.345121002197266
20170308154850679,-0.0475746154785156
20170308154850680,-3.02303848266602
20170308154850681,0.0744956970214844
20170308154850682,-0.100980377197266
20170308154850683,-2.90859756469727
20170308154850684,0.242342376708984
20170308154850685,-0.566373443603516
20170308154850686,-2.89333877563477
20170308154850687,0.532259368896484
20170308154850688,-0.718961334228516
20170308154850689,-2.88570938110352
20170308154850690,0.585665130615234
20170308154850691,-0.848661041259766
20170308154850692,-2.90096817016602
20170308154850693,0.776399993896484
20170308154850694,-0.909696197509766
20170308154850695,-2.74838027954102
20170308154850696,0.822176361083984
20170308154850697,-1.19198379516602
20170308154850698,-2.66445693969727
20170308154850699,0.806917572021484
20170308154850700,-1.39797744750977
20170308154850701,-2.56527481079102
20170308154850702,0.722994232177734
20170308154850703,-1.58108291625977
20170308154850704,-2.51186904907227
20170308154850705,0.906099700927734
20170308154850706,-1.60397109985352
20170308154850707,-2.45846328735352
20170308154850708,0.753511810302734
20170308154850709,-1.70315322875977
20170308154850710,-2.37453994750977
20170308154850711,0.730623626708984
20170308154850712,-1.94729385375977
20170308154850713,-2.09988174438477
20170308154850714,0.715364837646484
20170308154850715,-2.23721084594727
20170308154850716,-1.87862930297852
20170308154850717,0.761141204833984
20170308154850718,-2.22958145141602
20170308154850719,-1.71841201782227
20170308154850720,0.631441497802734
20170308154850721,-2.27535781860352
20170308154850722,-1.89388809204102
20170308154850723,0.631441497802734
20170308154850724,-2.40505752563477
20170308154850725,-1.70315322875977
20170308154850726,0.684847259521484
20170308154850727,-2.54238662719727
20170308154850728,-1.55056533813477
20170308154850729,0.600923919677734
20170308154850730,-2.63393936157227
20170308154850731,-1.38271865844727
20170308154850732,0.677217864990234
20170308154850733,-2.72549209594727
20170308154850734,-1.45138320922852
20170308154850735,0.593294525146484
20170308154850736,-2.80178604125977
20170308154850737,-1.24538955688477
20170308154850738,0.639070892333984
20170308154850739,-2.92385635375977
20170308154850740,-1.04702529907227
20170308154850741,0.417818450927734
20170308154850742,-2.95437393188477
20170308154850743,-0.940213775634766
20170308154850744,0.356783294677734
20170308154850745,-2.94674453735352
20170308154850746,-0.955472564697266
20170308154850747,0.387300872802734
20170308154850748,-2.94674453735352
20170308154850749,-0.879178619384766
20170308154850750,0.372042083740234
20170308154850751,-2.85519180297852
20170308154850752,-1.01650772094727
20170308154850753,0.379671478271484
20170308154850754,-2.98489151000977
20170308154850755,-0.932584381103516
20170308154850756,0.394930267333984
20170308154850757,-2.96963272094727
20170308154850758,-0.810514068603516
20170308154850759,0.311006927490234
20170308154850760,-2.97726211547852
20170308154850761,-0.810514068603516
20170308154850762,0.341524505615234
20170308154850763,-3.01540908813477
20170308154850764,-0.726590728759766
20170308154850765,0.333895111083984
20170308154850766,-3.03066787719727
20170308154850767,-0.512967681884766
20170308154850768,0.181307220458984
20170308154850769,-3.01540908813477
20170308154850770,-0.459561920166016
20170308154850771,0.150789642333984
20170308154850772,-2.93911514282227
20170308154850773,-0.673184967041016
20170308154850774,0.166048431396484
20170308154850775,-3.00777969360352
20170308154850776,-0.497708892822266
20170308154850777,0.204195404052734
20170308154850778,-2.90859756469727
20170308154850779,-0.764737701416016
20170308154850780,0.425447845458984
20170308154850781,-2.92385635375977
20170308154850782,-0.596891021728516
20170308154850783,0.349153900146484
20170308154850784,-2.96200332641602
20170308154850785,-0.673184967041016
20170308154850786,0.265230560302734
20170308154850787,-2.90859756469727
20170308154850788,-0.818143463134766
20170308154850789,0.402559661865234
20170308154850790,-2.95437393188477
20170308154850791,-0.490079498291016
20170308154850792,0.295748138427734
20170308154850793,-2.94674453735352
20170308154850794,-0.390897369384766
20170308154850795,0.0897544860839844
20170308154850796,-3.03829727172852
20170308154850797,-0.329862213134766
20170308154850798,0.150789642333984
20170308154850799,-2.87807998657227
20170308154850800,-0.459561920166016
20170308154850801,0.234712982177734
20170308154850802,-2.93148574829102
20170308154850803,-0.566373443603516
20170308154850804,0.196566009521484
20170308154850805,-2.91622695922852
20170308154850806,-0.680814361572266
20170308154850807,0.249971771240234
20170308154850808,-3.01540908813477
20170308154850809,-0.581632232666016
20170308154850810,0.0287193298339844
20170308154850811,-2.95437393188477
20170308154850812,-0.306974029541016
20170308154850813,-0.0628334045410156
20170308154850814,-2.95437393188477
20170308154850815,-0.276456451416016
20170308154850816,-0.0094276428222656
20170308154850817,-2.86282119750977
20170308154850818,-0.383267974853516
20170308154850819,0.112642669677734
20170308154850820,-2.96200332641602
20170308154850821,-0.543485260009766
20170308154850822,0.227083587646484
20170308154850823,-2.96200332641602
20170308154850824,-0.314603424072266
20170308154850825,0.127901458740234
20170308154850826,-2.94674453735352
20170308154850827,-0.123868560791016
20170308154850828,0.0287193298339844
20170308154850829,-2.88570938110352
20170308154850830,-0.253568267822266
20170308154850831,-0.169644927978516
20170308154850832,-2.93148574829102
20170308154850833,-0.146756744384766
20170308154850834,-0.154386138916016
20170308154850835,-2.96963272094727
20170308154850836,0.158419036865234
20170308154850837,-0.520597076416016
20170308154850838,-2.88570938110352
20170308154850839,0.0210899353027344
20170308154850840,-0.474820709228516
20170308154850841,-2.96963272094727
20170308154850842,0.471224212646484
20170308154850843,-0.429044342041016
20170308154850844,-2.91622695922852
20170308154850845,0.455965423583984
20170308154850846,-0.734220123291016
20170308154850847,-2.83230361938477
20170308154850848,0.501741790771484
20170308154850849,-0.932584381103516
20170308154850850,-2.89333877563477
20170308154850851,0.593294525146484
20170308154850852,-0.932584381103516
20170308154850853,-2.82467422485352
20170308154850854,0.951876068115234
20170308154850855,-1.10806045532227
20170308154850856,-2.70260391235352
20170308154850857,0.730623626708984
20170308154850858,-1.24538955688477
20170308154850859,-2.70260391235352
20170308154850860,0.875582122802734
20170308154850861,-1.45138320922852
20170308154850862,-2.55001602172852
20170308154850863,0.738253021240234
20170308154850864,-1.82522354125977
20170308154850865,-2.19143447875977
20170308154850866,0.814546966552734
20170308154850867,-1.87099990844727
20170308154850868,-2.16091690063477
20170308154850869,0.730623626708984
20170308154850870,-2.03884658813477
20170308154850871,-2.09225234985352
20170308154850872,0.761141204833984
20170308154850873,-2.19906387329102
20170308154850874,-2.02358779907227
20170308154850875,0.623812103271484
20170308154850876,-2.06173477172852
20170308154850877,-1.94729385375977
20170308154850878,0.631441497802734
20170308154850879,-2.24484024047852
20170308154850880,-1.89388809204102
20170308154850881,0.913729095458984
20170308154850882,-2.41268692016602
20170308154850883,-1.61160049438477
20170308154850884,0.753511810302734
20170308154850885,-2.55001602172852
20170308154850886,-1.53530654907227
20170308154850887,0.547518157958984
20170308154850888,-2.73312149047852
20170308154850889,-1.36745986938477
20170308154850890,0.547518157958984
20170308154850891,-2.92385635375977
20170308154850892,-1.06228408813477
20170308154850893,0.486483001708984
20170308154850894,-3.03066787719727
20170308154850895,-1.05465469360352
20170308154850896,0.394930267333984
20170308154850897,-3.03066787719727
20170308154850898,-1.06991348266602
20170308154850899,0.722994232177734
20170308154850900,-3.05355606079102
20170308154850901,-0.818143463134766
20170308154850902,0.394930267333984
20170308154850903,-2.99252090454102
20170308154850904,-0.619779205322266
20170308154850905,0.326265716552734
20170308154850906,-2.93148574829102
20170308154850907,-0.604520416259766
20170308154850908,0.257601165771484
20170308154850909,-2.98489151000977
20170308154850910,-0.429044342041016
20170308154850911,0.150789642333984
20170308154850912,-3.03066787719727
20170308154850913,-0.360379791259766
20170308154850914,-0.0017982482910156
20170308154850915,-2.93911514282227
20170308154850916,-0.284085845947266
20170308154850917,-0.0017982482910156
20170308154850918,-2.93911514282227
20170308154850919,-0.512967681884766
20170308154850920,0.150789642333984
20170308154850921,-2.93911514282227
20170308154850922,-0.520597076416016
20170308154850923,0.173677825927734
20170308154850924,-2.97726211547852
20170308154850925,-0.451932525634766
20170308154850926,-0.0552040100097656
20170308154850927,-2.93911514282227
20170308154850928,-0.245938873291016
20170308154850929,-0.169644927978516
20170308154850930,-2.93911514282227
20170308154850931,-0.0780921936035156
20170308154850932,-0.238309478759766
20170308154850933,-2.91622695922852
20170308154850934,-0.169644927978516
20170308154850935,-0.299344635009766
20170308154850936,-2.94674453735352
20170308154850937,-0.177274322509766
20170308154850938,-0.314603424072266
20170308154850939,-2.97726211547852
20170308154850940,0.0973838806152344
20170308154850941,-0.383267974853516
20170308154850942,-2.94674453735352
20170308154850943,0.0058311462402344
20170308154850944,-0.177274322509766
20170308154850945,-2.83230361938477
20170308154850946,0.288118743896484
20170308154850947,-0.589261627197266
20170308154850948,-2.83230361938477
20170308154850949,0.494112396240234
20170308154850950,-0.574002838134766
20170308154850951,-2.87807998657227
20170308154850952,0.410189056396484
20170308154850953,-0.696073150634766
20170308154850954,-2.87807998657227
20170308154850955,0.311006927490234
20170308154850956,-0.627408599853516
20170308154850957,-2.80941543579102
20170308154850958,0.188936614990234
20170308154850959,-0.589261627197266
20170308154850960,-2.77889785766602
20170308154850961,-0.0170570373535156
20170308154850962,-0.390897369384766
20170308154850963,-2.88570938110352
20170308154850964,0.204195404052734
20170308154850965,-0.413785552978516
20170308154850966,-2.87045059204102
20170308154850967,0.372042083740234
20170308154850968,-0.703702545166016
20170308154850969,-2.94674453735352
20170308154850970,0.471224212646484
20170308154850971,-0.779996490478516
20170308154850972,-2.87807998657227
20170308154850973,0.600923919677734
20170308154850974,-0.833402252197266
20170308154850975,-2.84756240844727
20170308154850976,0.799288177490234
20170308154850977,-0.932584381103516
20170308154850978,-2.80941543579102
20170308154850979,0.730623626708984
20170308154850980,-1.07754287719727
20170308154850981,-2.73312149047852
20170308154850982,0.784029388427734
20170308154850983,-1.14620742797852
20170308154850984,-2.71786270141602
20170308154850985,0.837435150146484
20170308154850986,-1.22250137329102
20170308154850987,-2.70260391235352
20170308154850988,0.684847259521484
20170308154850989,-1.00124893188477
20170308154850990,-2.62630996704102
20170308154850991,0.822176361083984
20170308154850992,-1.66500625610352
20170308154850993,-2.38979873657227
20170308154850994,0.867952728271484
20170308154850995,-1.79470596313477
20170308154850996,-2.19906387329102
20170308154850997,0.791658782958984
20170308154850998,-1.93203506469727
20170308154850999,-2.12276992797852
20170308154851000,0.715364837646484
20170308154851001,-1.80996475219727
20170308154851002,-2.20669326782227
20170308154851003,0.921358489990234
20170308154851004,-2.07699356079102
20170308154851005,-1.98544082641602
20170308154851006,0.684847259521484
20170308154851007,-2.32113418579102
20170308154851008,-1.83285293579102
20170308154851009,0.654329681396484
20170308154851010,-2.22958145141602
20170308154851011,-1.81759414672852
20170308154851012,0.707735443115234
20170308154851013,-2.46609268188477
20170308154851014,-1.55056533813477
20170308154851015,0.722994232177734
20170308154851016,-2.45083389282227
20170308154851017,-1.45901260375977
20170308154851018,0.814546966552734
20170308154851019,-2.66445693969727
20170308154851020,-1.24538955688477
20170308154851021,0.722994232177734
20170308154851022,-2.85519180297852
20170308154851023,-0.993619537353516
20170308154851024,0.547518157958984
20170308154851025,-3.07644424438477
20170308154851026,-0.696073150634766
20170308154851027,0.425447845458984
20170308154851028,-3.07644424438477
20170308154851029,-0.551114654541016
20170308154851030,0.333895111083984
20170308154851031,-2.99252090454102
20170308154851032,-0.558744049072266
20170308154851033,0.349153900146484
20170308154851034,-3.00015029907227
20170308154851035,-0.390897369384766
20170308154851036,0.0287193298339844
20170308154851037,-2.95437393188477
20170308154851038,-0.162015533447266
20170308154851039,-0.0628334045410156
20170308154851040,-2.87807998657227
20170308154851041,-0.108609771728516
20170308154851042,-0.360379791259766
20170308154851043,-2.89333877563477
20170308154851044,0.356783294677734
20170308154851045,-0.482450103759766
20170308154851046,-2.89333877563477
20170308154851047,0.562776947021484
20170308154851048,-0.718961334228516
20170308154851049,-2.84756240844727
20170308154851050,0.555147552490234
20170308154851051,-0.902066802978516
20170308154851052,-2.87045059204102
20170308154851053,0.936617279052734
20170308154851054,-1.00124893188477
20170308154851055,-2.75600967407227
20170308154851056,0.898470306396484
20170308154851057,-1.12331924438477
20170308154851058,-2.74838027954102
20170308154851059,0.722994232177734
20170308154851060,-1.14620742797852
20170308154851061,-2.73312149047852
20170308154851062,0.661959075927734
20170308154851063,-1.02413711547852
20170308154851064,-2.64919815063477
20170308154851065,0.829805755615234
20170308154851066,-1.54293594360352
20170308154851067,-2.42794570922852
20170308154851068,0.738253021240234
20170308154851069,-1.71078262329102
20170308154851070,-2.31350479125977
20170308154851071,0.692476654052734
20170308154851072,-1.80996475219727
20170308154851073,-2.32113418579102
20170308154851074,0.646700286865234
20170308154851075,-1.88625869750977
20170308154851076,-2.28298721313477
20170308154851077,0.768770599365234
20170308154851078,-1.71841201782227
20170308154851079,-2.32113418579102
20170308154851080,0.692476654052734
20170308154851081,-1.80996475219727
20170308154851082,-2.19143447875977
20170308154851083,0.829805755615234
20170308154851084,-1.97018203735352
20170308154851085,-2.06173477172852
20170308154851086,0.692476654052734
20170308154851087,-1.86337051391602
20170308154851088,-2.25246963500977
20170308154851089,0.684847259521484
20170308154851090,-1.77181777954102
20170308154851091,-2.29061660766602
20170308154851092,0.692476654052734
20170308154851093,-1.75655899047852
20170308154851094,-2.34402236938477
20170308154851095,0.906099700927734
20170308154851096,-1.79470596313477
20170308154851097,-2.29061660766602
20170308154851098,0.768770599365234
20170308154851099,-1.74130020141602
20170308154851100,-2.21432266235352
20170308154851101,0.654329681396484
20170308154851102,-1.90151748657227
20170308154851103,-2.22195205688477
20170308154851104,0.684847259521484
20170308154851105,-1.94729385375977
20170308154851106,-2.24484024047852
20170308154851107,0.700106048583984
20170308154851108,-1.84048233032227
20170308154851109,-2.41268692016602
20170308154851110,0.784029388427734
20170308154851111,-1.83285293579102
20170308154851112,-2.18380508422852
20170308154851113,0.585665130615234
20170308154851114,-1.95492324829102
20170308154851115,-2.05410537719727
20170308154851116,0.829805755615234
20170308154851117,-1.99307022094727
20170308154851118,-2.01595840454102
20170308154851119,0.600923919677734
20170308154851120,-2.01595840454102
20170308154851121,-2.03121719360352
20170308154851122,0.745882415771484
20170308154851123,-1.90151748657227
20170308154851124,-1.94729385375977
20170308154851125,0.936617279052734
20170308154851126,-2.08462295532227
20170308154851127,-1.89388809204102
20170308154851128,0.677217864990234
20170308154851129,-2.09225234985352
20170308154851130,-1.80996475219727
20170308154851131,0.814546966552734
20170308154851132,-2.32876358032227
20170308154851133,-1.66500625610352
20170308154851134,0.677217864990234
20170308154851135,-2.32876358032227
20170308154851136,-1.57345352172852
20170308154851137,0.845064544677734
20170308154851138,-2.61868057250977
20170308154851139,-1.38271865844727
20170308154851140,0.608553314208984
20170308154851141,-2.80178604125977
20170308154851142,-1.38271865844727
20170308154851143,0.593294525146484
20170308154851144,-2.61868057250977
20170308154851145,-1.35220108032227
20170308154851146,0.524629974365234
20170308154851147,-2.87045059204102
20170308154851148,-1.16146621704102
20170308154851149,0.700106048583984
20170308154851150,-2.87807998657227
20170308154851151,-1.08517227172852
20170308154851152,0.471224212646484
20170308154851153,-2.96200332641602
20170308154851154,-0.963101959228516
20170308154851155,0.486483001708984
20170308154851156,-3.03066787719727
20170308154851157,-0.741849517822266
20170308154851158,0.372042083740234
20170308154851159,-2.94674453735352
20170308154851160,-0.505338287353516
20170308154851161,0.120272064208984
20170308154851162,-3.00777969360352
20170308154851163,-0.322232818603516
20170308154851164,-0.0246864318847656
20170308154851165,-2.96963272094727
20170308154851166,-0.0933509826660156
20170308154851167,-0.207791900634766
20170308154851168,-2.90096817016602
20170308154851169,0.196566009521484
20170308154851170,-0.535855865478516
20170308154851171,-2.93911514282227
20170308154851172,0.471224212646484
20170308154851173,-0.749478912353516
20170308154851174,-2.90096817016602
20170308154851175,0.623812103271484
20170308154851176,-0.856290435791016
20170308154851177,-2.89333877563477
20170308154851178,0.677217864990234
20170308154851179,-0.970731353759766
20170308154851180,-2.82467422485352
20170308154851181,0.913729095458984
20170308154851182,-1.16146621704102
20170308154851183,-2.69497451782227
20170308154851184,0.715364837646484
20170308154851185,-1.23013076782227
20170308154851186,-2.69497451782227
20170308154851187,0.913729095458984
20170308154851188,-1.45138320922852
20170308154851189,-2.47372207641602
20170308154851190,0.784029388427734
20170308154851191,-1.72604141235352
20170308154851192,-2.18380508422852
20170308154851193,0.684847259521484
20170308154851194,-2.19906387329102
20170308154851195,-1.95492324829102
20170308154851196,0.761141204833984
20170308154851197,-2.26009902954102
20170308154851198,-1.77944717407227
20170308154851199,0.692476654052734
20170308154851200,-2.34402236938477
20170308154851201,-1.65737686157227
20170308154851202,0.684847259521484
20170308154851203,-2.58053359985352
20170308154851204,-1.39797744750977
20170308154851205,0.715364837646484
20170308154851206,-2.77889785766602
20170308154851207,-1.36745986938477
20170308154851208,0.715364837646484
20170308154851209,-2.98489151000977
20170308154851210,-1.00887832641602
20170308154851211,0.555147552490234
20170308154851212,-2.90859756469727
20170308154851213,-0.955472564697266
20170308154851214,0.501741790771484
20170308154851215,-2.95437393188477
20170308154851216,-0.810514068603516
20170308154851217,0.486483001708984
20170308154851218,-2.91622695922852
20170308154851219,-0.558744049072266
20170308154851220,0.295748138427734
20170308154851221,-2.90859756469727
20170308154851222,-0.505338287353516
20170308154851223,0.356783294677734
20170308154851224,-2.93148574829102
20170308154851225,-0.520597076416016
20170308154851226,0.509371185302734
20170308154851227,-2.91622695922852
20170308154851228,-0.581632232666016
20170308154851229,0.249971771240234
20170308154851230,-2.94674453735352
20170308154851231,-0.459561920166016
20170308154851232,0.249971771240234
20170308154851233,-2.93911514282227
20170308154851234,-0.627408599853516
20170308154851235,0.333895111083984
20170308154851236,-3.00777969360352
20170308154851237,-0.604520416259766
20170308154851238,0.204195404052734
20170308154851239,-2.95437393188477
20170308154851240,-0.558744049072266
20170308154851241,0.219454193115234
20170308154851242,-3.00777969360352
20170308154851243,-0.451932525634766
20170308154851244,0.211824798583984
20170308154851245,-2.93911514282227
20170308154851246,-0.306974029541016
20170308154851247,0.0821250915527344
20170308154851248,-2.96963272094727
20170308154851249,-0.0094276428222656
20170308154851250,-0.230680084228516
20170308154851251,-2.80178604125977
20170308154851252,-0.184903717041016
20170308154851253,0.0363487243652344
20170308154851254,-2.93911514282227
20170308154851255,-0.0094276428222656
20170308154851256,-0.268827056884766
20170308154851257,-2.86282119750977
20170308154851258,0.158419036865234
20170308154851259,-0.482450103759766
20170308154851260,-2.81704483032227
20170308154851261,0.311006927490234
20170308154851262,-0.368009185791016
20170308154851263,-2.85519180297852
20170308154851264,0.196566009521484
20170308154851265,-0.421414947509766
20170308154851266,-2.86282119750977
20170308154851267,0.166048431396484
20170308154851268,-0.345121002197266
20170308154851269,-2.85519180297852
20170308154851270,-0.0323158264160156
20170308154851271,-0.123868560791016
20170308154851272,-2.83230361938477
20170308154851273,-0.0170570373535156
20170308154851274,-0.398526763916016
20170308154851275,-2.94674453735352
20170308154851276,0.303377532958984
20170308154851277,-0.512967681884766
20170308154851278,-2.88570938110352
20170308154851279,0.440706634521484
20170308154851280,-0.612149810791016
20170308154851281,-2.92385635375977
20170308154851282,0.494112396240234
20170308154851283,-0.772367095947266
20170308154851284,-2.84756240844727
20170308154851285,0.455965423583984
20170308154851286,-0.818143463134766
20170308154851287,-2.81704483032227
20170308154851288,0.600923919677734
20170308154851289,-0.909696197509766
20170308154851290,-2.84756240844727
20170308154851291,0.600923919677734
20170308154851292,-0.703702545166016
20170308154851293,-2.80178604125977
20170308154851294,0.402559661865234
20170308154851295,-0.711331939697266
20170308154851296,-2.84756240844727
20170308154851297,0.661959075927734
20170308154851298,-0.894437408447266
20170308154851299,-2.80941543579102
20170308154851300,0.684847259521484
20170308154851301,-0.963101959228516
20170308154851302,-2.87807998657227
20170308154851303,0.784029388427734
20170308154851304,-1.16909561157227
20170308154851305,-2.64919815063477
20170308154851306,0.913729095458984
20170308154851307,-1.27590713500977
20170308154851308,-2.66445693969727
20170308154851309,0.738253021240234
20170308154851310,-1.27590713500977
20170308154851311,-2.64156875610352
20170308154851312,0.974764251708984
20170308154851313,-1.58871231079102
20170308154851314,-2.36691055297852
20170308154851315,0.745882415771484
20170308154851316,-1.80996475219727
20170308154851317,-2.15328750610352
20170308154851318,0.707735443115234
20170308154851319,-2.00832901000977
20170308154851320,-2.06936416625977
20170308154851321,0.906099700927734
20170308154851322,-2.19143447875977
20170308154851323,-1.72604141235352
20170308154851324,0.669588470458984
20170308154851325,-2.33639297485352
20170308154851326,-1.45901260375977
20170308154851327,0.799288177490234
20170308154851328,-2.62630996704102
20170308154851329,-1.35220108032227
20170308154851330,0.692476654052734
20170308154851331,-2.82467422485352
20170308154851332,-1.13094863891602
20170308154851333,0.639070892333984
20170308154851334,-2.93148574829102
20170308154851335,-0.932584381103516
20170308154851336,0.532259368896484
20170308154851337,-2.88570938110352
20170308154851338,-0.497708892822266
20170308154851339,0.448336029052734
20170308154851340,-2.98489151000977
20170308154851341,-0.360379791259766
20170308154851342,0.234712982177734
20170308154851343,-2.94674453735352
20170308154851344,-0.390897369384766
20170308154851345,-0.0170570373535156
20170308154851346,-2.96200332641602
20170308154851347,-0.215421295166016
20170308154851348,-0.154386138916016
20170308154851349,-2.87045059204102
20170308154851350,0.112642669677734
20170308154851351,-0.154386138916016
20170308154851352,-2.83230361938477
20170308154851353,0.188936614990234
20170308154851354,-0.398526763916016
20170308154851355,-2.83230361938477
20170308154851356,0.265230560302734
20170308154851357,-0.322232818603516
20170308154851358,-2.81704483032227
20170308154851359,0.211824798583984
20170308154851360,-0.467191314697266
20170308154851361,-2.81704483032227
20170308154851362,0.417818450927734
20170308154851363,-0.467191314697266
20170308154851364,-2.87045059204102
20170308154851365,0.326265716552734
20170308154851366,-0.574002838134766
20170308154851367,-2.84756240844727
20170308154851368,0.448336029052734
20170308154851369,-0.543485260009766
20170308154851370,-2.78652725219727
20170308154851371,0.379671478271484
20170308154851372,-0.482450103759766
20170308154851373,-2.80941543579102
20170308154851374,0.410189056396484
20170308154851375,-0.474820709228516
20170308154851376,-2.79415664672852
20170308154851377,0.509371185302734
20170308154851378,-0.787625885009766
20170308154851379,-2.83230361938477
20170308154851380,0.799288177490234
20170308154851381,-0.917325592041016
20170308154851382,-2.70260391235352
20170308154851383,0.890840911865234
20170308154851384,-1.10806045532227
20170308154851385,-2.72549209594727
20170308154851386,0.776399993896484
20170308154851387,-1.20724258422852
20170308154851388,-2.63393936157227
20170308154851389,0.799288177490234
20170308154851390,-1.29116592407227
20170308154851391,-2.54238662719727
20170308154851392,0.829805755615234
20170308154851393,-1.32931289672852
20170308154851394,-2.57290420532227
20170308154851395,0.875582122802734
20170308154851396,-1.54293594360352
20170308154851397,-2.38979873657227
20170308154851398,0.761141204833984
20170308154851399,-1.68789443969727
20170308154851400,-2.27535781860352
20170308154851401,0.791658782958984
20170308154851402,-1.75655899047852
20170308154851403,-2.27535781860352
20170308154851404,0.776399993896484
20170308154851405,-1.86337051391602
20170308154851406,-2.13039932250977
20170308154851407,0.761141204833984
20170308154851408,-1.93966445922852
20170308154851409,-2.16854629516602
20170308154851410,0.692476654052734
20170308154851411,-2.02358779907227
20170308154851412,-2.06936416625977
20170308154851413,0.852693939208984
20170308154851414,-2.29061660766602
20170308154851415,-1.59634170532227
20170308154851416,0.761141204833984
20170308154851417,-2.63393936157227
20170308154851418,-1.35983047485352
20170308154851419,0.661959075927734
20170308154851420,-2.67971572875977
20170308154851421,-1.35983047485352
20170308154851422,0.608553314208984
20170308154851423,-2.84756240844727
20170308154851424,-1.29116592407227
20170308154851425,0.715364837646484
20170308154851426,-2.83993301391602
20170308154851427,-1.29116592407227
20170308154851428,0.684847259521484
20170308154851429,-2.72549209594727
20170308154851430,-1.24538955688477
20170308154851431,0.478853607177734
20170308154851432,-2.74838027954102
20170308154851433,-1.24538955688477
20170308154851434,0.562776947021484
20170308154851435,-2.73312149047852
20170308154851436,-1.02413711547852
20170308154851437,0.524629974365234
20170308154851438,-2.93148574829102
20170308154851439,-1.04702529907227
20170308154851440,0.509371185302734
20170308154851441,-2.88570938110352
20170308154851442,-1.13094863891602
20170308154851443,0.463594818115234
20170308154851444,-2.91622695922852
20170308154851445,-1.07754287719727
20170308154851446,0.524629974365234
20170308154851447,-2.91622695922852
20170308154851448,-1.12331924438477
20170308154851449,0.677217864990234
20170308154851450,-2.98489151000977
20170308154851451,-0.894437408447266
20170308154851452,0.410189056396484
20170308154851453,-2.96200332641602
20170308154851454,-0.894437408447266
20170308154851455,0.585665130615234
20170308154851456,-3.00015029907227
20170308154851457,-0.650296783447266
20170308154851458,0.295748138427734
20170308154851459,-2.92385635375977
20170308154851460,-0.497708892822266
20170308154851461,0.242342376708984
20170308154851462,-2.96200332641602
20170308154851463,-0.406156158447266
20170308154851464,-0.0017982482910156
20170308154851465,-2.96200332641602
20170308154851466,-0.0323158264160156
20170308154851467,-0.299344635009766
20170308154851468,-2.78652725219727
20170308154851469,0.333895111083984
20170308154851470,-0.459561920166016
20170308154851471,-2.85519180297852
20170308154851472,0.547518157958984
20170308154851473,-0.734220123291016
20170308154851474,-2.89333877563477
20170308154851475,0.616182708740234
20170308154851476,-0.863919830322266
20170308154851477,-2.77889785766602
20170308154851478,0.784029388427734
20170308154851479,-0.955472564697266
20170308154851480,-2.75600967407227
20170308154851481,0.829805755615234
20170308154851482,-0.932584381103516
20170308154851483,-2.68734512329102
20170308154851484,0.860323333740234
20170308154851485,-1.19198379516602
20170308154851486,-2.54238662719727
20170308154851487,0.974764251708984
20170308154851488,-1.45901260375977
20170308154851489,-2.45083389282227
20170308154851490,0.768770599365234
20170308154851491,-1.71841201782227
20170308154851492,-2.32113418579102
20170308154851493,0.799288177490234
20170308154851494,-1.97018203735352
20170308154851495,-2.06936416625977
20170308154851496,0.883211517333984
20170308154851497,-2.16091690063477
20170308154851498,-1.87862930297852
20170308154851499,0.684847259521484
20170308154851500,-2.16854629516602
20170308154851501,-1.66500625610352
20170308154851502,0.867952728271484
20170308154851503,-2.42794570922852
20170308154851504,-1.56582412719727
20170308154851505,0.776399993896484
20170308154851506,-2.65682754516602
20170308154851507,-1.23776016235352
20170308154851508,0.730623626708984
20170308154851509,-2.96963272094727
20170308154851510,-1.12331924438477
20170308154851511,0.600923919677734
20170308154851512,-3.03066787719727
20170308154851513,-1.00887832641602
20170308154851514,0.501741790771484
20170308154851515,-2.98489151000977
20170308154851516,-1.08517227172852
20170308154851517,0.631441497802734
20170308154851518,-2.90096817016602
20170308154851519,-1.10806045532227
20170308154851520,0.562776947021484
20170308154851521,-2.87045059204102
20170308154851522,-1.10806045532227
20170308154851523,0.616182708740234
20170308154851524,-2.88570938110352
20170308154851525,-1.00887832641602
20170308154851526,0.517000579833984
20170308154851527,-2.93148574829102
20170308154851528,-1.01650772094727
20170308154851529,0.570406341552734
20170308154851530,-2.98489151000977
20170308154851531,-0.589261627197266
20170308154851532,0.349153900146484
20170308154851533,-2.88570938110352
20170308154851534,-0.696073150634766
20170308154851535,0.318636322021484
20170308154851536,-3.01540908813477
20170308154851537,-0.474820709228516
20170308154851538,0.204195404052734
20170308154851539,-2.92385635375977
20170308154851540,-0.604520416259766
20170308154851541,0.272859954833984
20170308154851542,-2.92385635375977
20170308154851543,-0.551114654541016
20170308154851544,0.105013275146484
20170308154851545,-2.96963272094727
20170308154851546,-0.520597076416016
20170308154851547,0.204195404052734
20170308154851548,-2.97726211547852
20170308154851549,-0.421414947509766
20170308154851550,0.166048431396484
20170308154851551,-2.91622695922852
20170308154851552,-0.482450103759766
20170308154851553,0.0973838806152344
20170308154851554,-2.97726211547852
20170308154851555,-0.497708892822266
20170308154851556,0.0134605407714844
20170308154851557,-2.97726211547852
20170308154851558,-0.299344635009766
20170308154851559,-0.100980377197266
20170308154851560,-2.80941543579102
20170308154851561,-0.230680084228516
20170308154851562,-0.131497955322266
20170308154851563,-2.92385635375977
20170308154851564,0.219454193115234
20170308154851565,-0.261197662353516
20170308154851566,-2.84756240844727
20170308154851567,0.227083587646484
20170308154851568,-0.543485260009766
20170308154851569,-2.90096817016602
20170308154851570,0.326265716552734
20170308154851571,-0.398526763916016
20170308154851572,-2.78652725219727
20170308154851573,0.364412689208984
20170308154851574,-0.459561920166016
20170308154851575,-2.81704483032227
20170308154851576,0.303377532958984
20170308154851577,-0.619779205322266
20170308154851578,-2.80941543579102
20170308154851579,0.166048431396484
20170308154851580,-0.421414947509766
20170308154851581,-2.83993301391602
20170308154851582,-0.0246864318847656
20170308154851583,-0.306974029541016
20170308154851584,-2.88570938110352
20170308154851585,0.188936614990234
20170308154851586,-0.398526763916016
20170308154851587,-2.83993301391602
20170308154851588,0.326265716552734
20170308154851589,-0.497708892822266
20170308154851590,-2.83993301391602
20170308154851591,0.410189056396484
20170308154851592,-0.512967681884766
20170308154851593,-2.85519180297852
20170308154851594,0.349153900146484
20170308154851595,-0.680814361572266
20170308154851596,-2.77126846313477
20170308154851597,0.509371185302734
20170308154851598,-0.787625885009766
20170308154851599,-2.74838027954102
20170308154851600,0.860323333740234
20170308154851601,-1.20724258422852
20170308154851602,-2.55764541625977
20170308154851603,0.974764251708984
20170308154851604,-1.39797744750977
20170308154851605,-2.45083389282227
20170308154851606,0.799288177490234
20170308154851607,-1.69552383422852
20170308154851608,-2.28298721313477
20170308154851609,0.906099700927734
20170308154851610,-1.79470596313477
20170308154851611,-2.28298721313477
20170308154851612,0.730623626708984
20170308154851613,-1.94729385375977
20170308154851614,-2.19143447875977
20170308154851615,0.738253021240234
20170308154851616,-1.98544082641602
20170308154851617,-1.85574111938477
20170308154851618,0.791658782958984
20170308154851619,-2.32113418579102
20170308154851620,-1.45901260375977
20170308154851621,0.776399993896484
20170308154851622,-2.64919815063477
20170308154851623,-1.32168350219727
20170308154851624,0.661959075927734
20170308154851625,-2.78652725219727
20170308154851626,-1.28353652954102
20170308154851627,0.677217864990234
20170308154851628,-3.00015029907227
20170308154851629,-1.06228408813477
20170308154851630,0.547518157958984
20170308154851631,-3.00015029907227
20170308154851632,-0.657926177978516
20170308154851633,0.402559661865234
20170308154851634,-2.99252090454102
20170308154851635,-0.413785552978516
20170308154851636,0.257601165771484
20170308154851637,-2.90859756469727
20170308154851638,-0.497708892822266
20170308154851639,0.143160247802734
20170308154851640,-2.99252090454102
20170308154851641,-0.375638580322266
20170308154851642,0.0058311462402344
20170308154851643,-2.95437393188477
20170308154851644,-0.383267974853516
20170308154851645,-0.0704627990722656
20170308154851646,-2.90859756469727
20170308154851647,0.227083587646484
20170308154851648,-0.299344635009766
20170308154851649,-2.81704483032227
20170308154851650,0.219454193115234
20170308154851651,-0.413785552978516
20170308154851652,-2.79415664672852
20170308154851653,0.654329681396484
20170308154851654,-0.871549224853516
20170308154851655,-2.81704483032227
20170308154851656,0.860323333740234
20170308154851657,-1.00887832641602
20170308154851658,-2.68734512329102
20170308154851659,0.951876068115234
20170308154851660,-1.31405410766602
20170308154851661,-2.62630996704102
20170308154851662,0.913729095458984
20170308154851663,-1.56582412719727
20170308154851664,-2.48135147094727
20170308154851665,0.867952728271484
20170308154851666,-1.79470596313477
20170308154851667,-2.29824600219727
20170308154851668,0.616182708740234
20170308154851669,-1.74130020141602
20170308154851670,-2.36691055297852
20170308154851671,0.799288177490234
20170308154851672,-1.84811172485352
20170308154851673,-2.26772842407227
20170308154851674,0.829805755615234
20170308154851675,-1.93203506469727
20170308154851676,-2.22195205688477
20170308154851677,0.585665130615234
20170308154851678,-1.98544082641602
20170308154851679,-2.13039932250977
20170308154851680,0.753511810302734
20170308154851681,-2.09225234985352
20170308154851682,-2.00069961547852
20170308154851683,0.715364837646484
20170308154851684,-2.21432266235352
20170308154851685,-1.97781143188477
20170308154851686,0.837435150146484
20170308154851687,-2.21432266235352
20170308154851688,-1.79470596313477
20170308154851689,0.784029388427734
20170308154851690,-2.05410537719727
20170308154851691,-1.84811172485352
20170308154851692,0.738253021240234
20170308154851693,-2.35928115844727
20170308154851694,-1.71078262329102
20170308154851695,0.715364837646484
20170308154851696,-2.19906387329102
20170308154851697,-1.63448867797852
20170308154851698,0.814546966552734
20170308154851699,-2.40505752563477
20170308154851700,-1.49715957641602
20170308154851701,0.738253021240234
20170308154851702,-2.46609268188477
20170308154851703,-1.61922988891602
20170308154851704,0.715364837646484
20170308154851705,-2.49661026000977
20170308154851706,-1.42086563110352
20170308154851707,0.890840911865234
20170308154851708,-2.61868057250977
20170308154851709,-1.36745986938477
20170308154851710,0.677217864990234
20170308154851711,-2.77126846313477
20170308154851712,-1.23776016235352
20170308154851713,0.669588470458984
20170308154851714,-2.71023330688477
20170308154851715,-1.19198379516602
20170308154851716,0.669588470458984
20170308154851717,-2.83993301391602
20170308154851718,-1.21487197875977
20170308154851719,0.738253021240234
20170308154851720,-2.82467422485352
20170308154851721,-1.20724258422852
20170308154851722,0.555147552490234
20170308154851723,-2.81704483032227
20170308154851724,-1.16146621704102
20170308154851725,0.616182708740234
20170308154851726,-2.78652725219727
20170308154851727,-1.13094863891602
20170308154851728,0.616182708740234
20170308154851729,-2.89333877563477
20170308154851730,-1.03939590454102
20170308154851731,0.707735443115234
20170308154851732,-2.79415664672852
20170308154851733,-1.10806045532227
20170308154851734,0.593294525146484
20170308154851735,-2.88570938110352
20170308154851736,-1.11568984985352
20170308154851737,0.524629974365234
20170308154851738,-2.67208633422852
20170308154851739,-1.21487197875977
20170308154851740,0.570406341552734
20170308154851741,-2.74075088500977
20170308154851742,-1.20724258422852
20170308154851743,0.730623626708984
20170308154851744,-2.88570938110352
20170308154851745,-1.13094863891602
20170308154851746,0.501741790771484
20170308154851747,-2.93148574829102
20170308154851748,-0.757108306884766
20170308154851749,0.669588470458984
20170308154851750,-2.91622695922852
20170308154851751,-0.856290435791016
20170308154851752,0.578035736083984
20170308154851753,-2.93148574829102
20170308154851754,-0.902066802978516
20170308154851755,0.661959075927734
20170308154851756,-2.92385635375977
20170308154851757,-0.818143463134766
20170308154851758,0.356783294677734
20170308154851759,-2.94674453735352
20170308154851760,-0.825772857666016
20170308154851761,0.364412689208984
20170308154851762,-2.96200332641602
20170308154851763,-0.757108306884766
20170308154851764,0.364412689208984
20170308154851765,-2.96200332641602
20170308154851766,-0.726590728759766
20170308154851767,0.318636322021484
20170308154851768,-2.94674453735352
20170308154851769,-0.635037994384766
20170308154851770,0.547518157958984
20170308154851771,-2.93911514282227
20170308154851772,-0.505338287353516
20170308154851773,0.242342376708984
20170308154851774,-2.87045059204102
20170308154851775,-0.528226470947266
20170308154851776,0.150789642333984
20170308154851777,-2.93148574829102
20170308154851778,-0.154386138916016
20170308154851779,-0.131497955322266
20170308154851780,-2.88570938110352
20170308154851781,-0.230680084228516
20170308154851782,-0.108609771728516
20170308154851783,-2.91622695922852
20170308154851784,0.265230560302734
20170308154851785,-0.322232818603516
20170308154851786,-2.88570938110352
20170308154851787,0.486483001708984
20170308154851788,-0.657926177978516
20170308154851789,-2.83993301391602
20170308154851790,0.562776947021484
20170308154851791,-0.856290435791016
20170308154851792,-2.83230361938477
20170308154851793,0.593294525146484
20170308154851794,-0.856290435791016
20170308154851795,-2.81704483032227
20170308154851796,0.738253021240234
20170308154851797,-0.825772857666016
20170308154851798,-2.84756240844727
20170308154851799,0.913729095458984
20170308154851800,-1.03939590454102
20170308154851801,-2.70260391235352
20170308154851802,0.661959075927734
20170308154851803,-0.978360748291016
20170308154851804,-2.80178604125977
20170308154851805,1.05868759155273
20170308154851806,-1.22250137329102
20170308154851807,-2.55764541625977
20170308154851808,0.913729095458984
20170308154851809,-1.82522354125977
20170308154851810,-2.32113418579102
20170308154851811,0.745882415771484
20170308154851812,-1.99307022094727
20170308154851813,-2.03121719360352
20170308154851814,0.692476654052734
20170308154851815,-1.99307022094727
20170308154851816,-1.98544082641602
20170308154851817,0.776399993896484
20170308154851818,-2.13802871704102
20170308154851819,-1.78707656860352
20170308154851820,0.677217864990234
20170308154851821,-2.36691055297852
20170308154851822,-1.70315322875977
20170308154851823,0.707735443115234
20170308154851824,-2.46609268188477
20170308154851825,-1.56582412719727
20170308154851826,0.730623626708984
20170308154851827,-2.76363906860352
20170308154851828,-1.29116592407227
20170308154851829,0.585665130615234
20170308154851830,-2.71023330688477
20170308154851831,-1.29879531860352
20170308154851832,0.761141204833984
20170308154851833,-2.98489151000977
20170308154851834,-1.06991348266602
20170308154851835,0.501741790771484
20170308154851836,-2.94674453735352
20170308154851837,-0.886808013916016
20170308154851838,0.486483001708984
20170308154851839,-2.94674453735352
20170308154851840,-0.863919830322266
20170308154851841,0.417818450927734
20170308154851842,-2.94674453735352
20170308154851843,-0.833402252197266
20170308154851844,0.265230560302734
20170308154851845,-3.00015029907227
20170308154851846,-0.779996490478516
20170308154851847,0.333895111083984
20170308154851848,-2.95437393188477
20170308154851849,-0.879178619384766
20170308154851850,0.440706634521484
20170308154851851,-3.03066787719727
20170308154851852,-0.718961334228516
20170308154851853,0.425447845458984
20170308154851854,-2.98489151000977
20170308154851855,-0.848661041259766
20170308154851856,0.417818450927734
20170308154851857,-2.95437393188477
20170308154851858,-0.650296783447266
20170308154851859,0.394930267333984
20170308154851860,-2.92385635375977
20170308154851861,-0.589261627197266
20170308154851862,0.303377532958984
20170308154851863,-2.85519180297852
20170308154851864,-0.429044342041016
20170308154851865,0.158419036865234
20170308154851866,-2.86282119750977
20170308154851867,-0.436673736572266
20170308154851868,0.288118743896484
20170308154851869,-2.83230361938477
20170308154851870,-0.306974029541016
20170308154851871,-0.0704627990722656
20170308154851872,-2.97726211547852
20170308154851873,-0.0399452209472656
20170308154851874,-0.314603424072266
20170308154851875,-2.97726211547852
20170308154851876,-0.245938873291016
20170308154851877,-0.284085845947266
20170308154851878,-2.91622695922852
20170308154851879,-0.200162506103516
20170308154851880,-0.268827056884766
20170308154851881,-2.86282119750977
20170308154851882,-0.0323158264160156
20170308154851883,-0.329862213134766
20170308154851884,-2.93148574829102
20170308154851885,0.158419036865234
20170308154851886,-0.184903717041016
20170308154851887,-2.90096817016602
20170308154851888,0.166048431396484
20170308154851889,-0.505338287353516
20170308154851890,-2.91622695922852
20170308154851891,0.387300872802734
20170308154851892,-0.574002838134766
20170308154851893,-2.89333877563477
20170308154851894,0.631441497802734
20170308154851895,-0.772367095947266
20170308154851896,-2.82467422485352
20170308154851897,0.715364837646484
20170308154851898,-1.00124893188477
20170308154851899,-2.76363906860352
20170308154851900,0.806917572021484
20170308154851901,-0.955472564697266
20170308154851902,-2.85519180297852
20170308154851903,0.722994232177734
20170308154851904,-0.833402252197266
20170308154851905,-2.77126846313477
20170308154851906,0.730623626708984
20170308154851907,-0.940213775634766
20170308154851908,-2.69497451782227
20170308154851909,0.745882415771484
20170308154851910,-1.04702529907227
20170308154851911,-2.67971572875977
20170308154851912,0.806917572021484
20170308154851913,-1.19961318969727
20170308154851914,-2.75600967407227
20170308154851915,0.837435150146484
20170308154851916,-1.22250137329102
20170308154851917,-2.68734512329102
20170308154851918,0.806917572021484
20170308154851919,-1.45901260375977
20170308154851920,-2.50423965454102
20170308154851921,0.692476654052734
20170308154851922,-1.34457168579102
20170308154851923,-2.58053359985352
20170308154851924,0.753511810302734
20170308154851925,-1.56582412719727
20170308154851926,-2.58816299438477
20170308154851927,0.738253021240234
20170308154851928,-1.65737686157227
20170308154851929,-2.38979873657227
20170308154851930,0.730623626708984
20170308154851931,-1.74130020141602
20170308154851932,-2.24484024047852
20170308154851933,0.829805755615234
20170308154851934,-1.92440567016602
20170308154851935,-2.00069961547852
20170308154851936,0.875582122802734
20170308154851937,-2.07699356079102
20170308154851938,-2.02358779907227
20170308154851939,0.753511810302734
20170308154851940,-2.21432266235352
20170308154851941,-1.78707656860352
20170308154851942,0.822176361083984
20170308154851943,-2.42794570922852
20170308154851944,-1.57345352172852
20170308154851945,0.715364837646484
20170308154851946,-2.61105117797852
20170308154851947,-1.43612442016602
20170308154851948,0.623812103271484
20170308154851949,-2.58816299438477
20170308154851950,-1.30642471313477
20170308154851951,0.600923919677734
20170308154851952,-2.77126846313477
20170308154851953,-1.20724258422852
20170308154851954,0.623812103271484
20170308154851955,-2.94674453735352
20170308154851956,-1.00124893188477
20170308154851957,0.448336029052734
20170308154851958,-2.94674453735352
20170308154851959,-0.635037994384766
20170308154851960,0.280489349365234
20170308154851961,-2.97726211547852
20170308154851962,-0.398526763916016
20170308154851963,0.0973838806152344
20170308154851964,-3.00015029907227
20170308154851965,-0.238309478759766
20170308154851966,-0.0399452209472656
20170308154851967,-2.95437393188477
20170308154851968,-0.245938873291016
20170308154851969,-0.123868560791016
20170308154851970,-3.00777969360352
20170308154851971,-0.200162506103516
20170308154851972,-0.238309478759766
20170308154851973,-2.90096817016602
20170308154851974,-0.108609771728516
20170308154851975,-0.314603424072266
20170308154851976,-2.94674453735352
20170308154851977,0.150789642333984
20170308154851978,-0.291715240478516
20170308154851979,-2.82467422485352
20170308154851980,0.280489349365234
20170308154851981,-0.558744049072266
20170308154851982,-2.93148574829102
20170308154851983,0.600923919677734
20170308154851984,-0.650296783447266
20170308154851985,-2.82467422485352
20170308154851986,0.532259368896484
20170308154851987,-0.680814361572266
20170308154851988,-2.84756240844727
20170308154851989,0.692476654052734
20170308154851990,-0.871549224853516
20170308154851991,-2.81704483032227
20170308154851992,0.639070892333984
20170308154851993,-0.993619537353516
20170308154851994,-2.77126846313477
20170308154851995,0.906099700927734
20170308154851996,-0.963101959228516
20170308154851997,-2.71023330688477
20170308154851998,0.883211517333984
20170308154851999,-1.39797744750977
20170308154852000,-2.52712783813477
20170308154852001,0.936617279052734
20170308154852002,-1.42849502563477
20170308154852003,-2.47372207641602
20170308154852004,0.784029388427734
20170308154852005,-1.52767715454102
20170308154852006,-2.29824600219727
20170308154852007,0.738253021240234
20170308154852008,-1.80996475219727
20170308154852009,-2.25246963500977
20170308154852010,0.707735443115234
20170308154852011,-1.96255264282227
20170308154852012,-2.21432266235352
20170308154852013,0.654329681396484
20170308154852014,-2.10751113891602
20170308154852015,-2.00832901000977
20170308154852016,0.684847259521484
20170308154852017,-2.23721084594727
20170308154852018,-1.92440567016602
20170308154852019,0.707735443115234
20170308154852020,-2.38216934204102
20170308154852021,-1.74130020141602
20170308154852022,0.814546966552734
20170308154852023,-2.45083389282227
20170308154852024,-1.77181777954102
20170308154852025,0.806917572021484
20170308154852026,-2.51949844360352
20170308154852027,-1.64211807250977
20170308154852028,0.608553314208984
20170308154852029,-2.61105117797852
20170308154852030,-1.42086563110352
20170308154852031,0.608553314208984
20170308154852032,-2.52712783813477
20170308154852033,-1.45138320922852
20170308154852034,0.806917572021484
20170308154852035,-2.44320449829102
20170308154852036,-1.45901260375977
20170308154852037,0.631441497802734
20170308154852038,-2.55764541625977
20170308154852039,-1.45138320922852
20170308154852040,0.654329681396484
20170308154852041,-2.62630996704102
20170308154852042,-1.41323623657227
20170308154852043,0.608553314208984
20170308154852044,-2.61105117797852
20170308154852045,-1.35983047485352
20170308154852046,0.639070892333984
20170308154852047,-2.43557510375977
20170308154852048,-1.45901260375977
20170308154852049,0.768770599365234
20170308154852050,-2.58816299438477
20170308154852051,-1.45901260375977
20170308154852052,0.547518157958984
20170308154852053,-2.58053359985352
20170308154852054,-1.48953018188477
20170308154852055,0.608553314208984
20170308154852056,-2.61868057250977
20170308154852057,-1.43612442016602
20170308154852058,0.578035736083984
20170308154852059,-2.75600967407227
20170308154852060,-1.29879531860352
20170308154852061,0.707735443115234
20170308154852062,-2.80178604125977
20170308154852063,-1.21487197875977
20170308154852064,0.639070892333984
20170308154852065,-2.90096817016602
20170308154852066,-1.19961318969727
20170308154852067,0.784029388427734
20170308154852068,-2.81704483032227
20170308154852069,-1.23013076782227
20170308154852070,0.776399993896484
20170308154852071,-2.83993301391602
20170308154852072,-1.12331924438477
20170308154852073,0.646700286865234
20170308154852074,-2.87807998657227
20170308154852075,-1.08517227172852
20170308154852076,0.700106048583984
20170308154852077,-2.87807998657227
20170308154852078,-0.779996490478516
20170308154852079,0.677217864990234
20170308154852080,-2.94674453735352
20170308154852081,-0.490079498291016
20170308154852082,0.234712982177734
20170308154852083,-2.93911514282227
20170308154852084,-0.345121002197266
20170308154852085,0.394930267333984
20170308154852086,-2.93911514282227
20170308154852087,-0.123868560791016
20170308154852088,-0.139127349853516
20170308154852089,-2.90096817016602
20170308154852090,0.0363487243652344
20170308154852091,-0.169644927978516
20170308154852092,-2.89333877563477
20170308154852093,0.227083587646484
20170308154852094,-0.535855865478516
20170308154852095,-2.86282119750977
20170308154852096,0.433077239990234
20170308154852097,-0.779996490478516
20170308154852098,-2.85519180297852
20170308154852099,0.761141204833984
20170308154852100,-0.764737701416016
20170308154852101,-2.82467422485352
20170308154852102,0.791658782958984
20170308154852103,-1.12331924438477
20170308154852104,-2.72549209594727
20170308154852105,0.806917572021484
20170308154852106,-1.23776016235352
20170308154852107,-2.66445693969727
20170308154852108,0.845064544677734
20170308154852109,-1.39034805297852
20170308154852110,-2.55001602172852
20170308154852111,0.959505462646484
20170308154852112,-1.58871231079102
20170308154852113,-2.43557510375977
20170308154852114,0.722994232177734
20170308154852115,-1.77181777954102
20170308154852116,-2.27535781860352
20170308154852117,0.852693939208984
20170308154852118,-2.00069961547852
20170308154852119,-2.01595840454102
20170308154852120,0.700106048583984
20170308154852121,-2.12276992797852
20170308154852122,-2.04647598266602
20170308154852123,0.784029388427734
20170308154852124,-2.15328750610352
20170308154852125,-1.87862930297852
20170308154852126,0.928987884521484
20170308154852127,-2.14565811157227
20170308154852128,-1.92440567016602
20170308154852129,0.745882415771484
20170308154852130,-2.19906387329102
20170308154852131,-1.99307022094727
20170308154852132,0.707735443115234
20170308154852133,-2.13802871704102
20170308154852134,-1.90914688110352
20170308154852135,0.646700286865234
20170308154852136,-2.11514053344727
20170308154852137,-1.93203506469727
20170308154852138,0.646700286865234
20170308154852139,-2.25246963500977
20170308154852140,-2.00832901000977
20170308154852141,0.684847259521484
20170308154852142,-2.22195205688477
20170308154852143,-1.87862930297852
20170308154852144,0.707735443115234
20170308154852145,-2.29061660766602
20170308154852146,-1.64211807250977
20170308154852147,0.692476654052734
20170308154852148,-2.50423965454102
20170308154852149,-1.49715957641602
20170308154852150,0.753511810302734
20170308154852151,-2.78652725219727
20170308154852152,-1.20724258422852
20170308154852153,0.623812103271484
20170308154852154,-2.92385635375977
20170308154852155,-1.03939590454102
20170308154852156,0.471224212646484
20170308154852157,-2.95437393188477
20170308154852158,-0.993619537353516
20170308154852159,0.372042083740234
20170308154852160,-2.93148574829102
20170308154852161,-1.15383682250977
20170308154852162,0.517000579833984
20170308154852163,-2.90859756469727
20170308154852164,-0.825772857666016
20170308154852165,0.417818450927734
20170308154852166,-2.89333877563477
20170308154852167,-0.955472564697266
20170308154852168,0.547518157958984
20170308154852169,-3.02303848266602
20170308154852170,-0.680814361572266
20170308154852171,0.463594818115234
20170308154852172,-2.93148574829102
20170308154852173,-0.574002838134766
20170308154852174,0.478853607177734
20170308154852175,-2.81704483032227
20170308154852176,-0.642667388916016
20170308154852177,0.311006927490234
20170308154852178,-2.94674453735352
20170308154852179,-0.398526763916016
20170308154852180,0.112642669677734
20170308154852181,-2.93911514282227
20170308154852182,-0.512967681884766
20170308154852183,0.173677825927734
20170308154852184,-2.94674453735352
20170308154852185,-0.421414947509766
20170308154852186,0.0744956970214844
20170308154852187,-2.93911514282227
20170308154852188,-0.535855865478516
20170308154852189,-0.0246864318847656
20170308154852190,-2.93148574829102
20170308154852191,-0.375638580322266
20170308154852192,-0.0017982482910156
20170308154852193,-2.97726211547852
20170308154852194,-0.375638580322266
20170308154852195,0.0363487243652344
20170308154852196,-2.99252090454102
20170308154852197,-0.169644927978516
20170308154852198,-0.146756744384766
20170308154852199,-2.97726211547852
20170308154852200,-0.162015533447266
20170308154852201,-0.177274322509766
20170308154852202,-2.88570938110352
20170308154852203,-0.139127349853516
20170308154852204,-0.184903717041016
20170308154852205,-2.85519180297852
20170308154852206,-0.116239166259766
20170308154852207,-0.184903717041016
20170308154852208,-2.91622695922852
20170308154852209,0.265230560302734
20170308154852210,-0.482450103759766
20170308154852211,-2.91622695922852
20170308154852212,0.288118743896484
20170308154852213,-0.551114654541016
20170308154852214,-2.85519180297852
20170308154852215,0.646700286865234
20170308154852216,-0.795255279541016
20170308154852217,-2.84756240844727
20170308154852218,0.677217864990234
20170308154852219,-0.917325592041016
20170308154852220,-2.87807998657227
20170308154852221,0.639070892333984
20170308154852222,-1.04702529907227
20170308154852223,-2.79415664672852
20170308154852224,0.806917572021484
20170308154852225,-1.17672500610352
20170308154852226,-2.78652725219727
20170308154852227,0.784029388427734
20170308154852228,-0.993619537353516
20170308154852229,-2.77126846313477
20170308154852230,0.822176361083984
20170308154852231,-1.24538955688477
20170308154852232,-2.65682754516602
20170308154852233,0.837435150146484
20170308154852234,-1.57345352172852
20170308154852235,-2.45083389282227
20170308154852236,0.730623626708984
20170308154852237,-1.77944717407227
20170308154852238,-2.26772842407227
20170308154852239,0.822176361083984
20170308154852240,-1.88625869750977
20170308154852241,-1.99307022094727
20170308154852242,0.814546966552734
20170308154852243,-2.19906387329102
20170308154852244,-1.87862930297852
20170308154852245,0.715364837646484
20170308154852246,-2.35928115844727
20170308154852247,-1.64974746704102
20170308154852248,0.692476654052734
20170308154852249,-2.58053359985352
20170308154852250,-1.53530654907227
20170308154852251,0.692476654052734
20170308154852252,-2.81704483032227
20170308154852253,-1.25301895141602
20170308154852254,0.486483001708984
20170308154852255,-2.79415664672852
20170308154852256,-1.14620742797852
20170308154852257,0.608553314208984
20170308154852258,-2.93911514282227
20170308154852259,-1.02413711547852
20170308154852260,0.478853607177734
20170308154852261,-2.86282119750977
20170308154852262,-1.06228408813477
20170308154852263,0.570406341552734
20170308154852264,-2.93911514282227
20170308154852265,-1.00887832641602
20170308154852266,0.669588470458984
20170308154852267,-2.94674453735352
20170308154852268,-0.635037994384766
20170308154852269,0.257601165771484
20170308154852270,-2.90859756469727
20170308154852271,-0.688443756103516
20170308154852272,0.280489349365234
20170308154852273,-3.01540908813477
20170308154852274,-0.749478912353516
20170308154852275,0.318636322021484
20170308154852276,-3.03066787719727
20170308154852277,-0.604520416259766
20170308154852278,0.219454193115234
20170308154852279,-2.95437393188477
20170308154852280,-0.360379791259766
20170308154852281,0.341524505615234
20170308154852282,-2.93911514282227
20170308154852283,-0.436673736572266
20170308154852284,0.143160247802734
20170308154852285,-2.93911514282227
20170308154852286,-0.635037994384766
20170308154852287,0.150789642333984
20170308154852288,-2.93148574829102
20170308154852289,-0.390897369384766
20170308154852290,0.0134605407714844
20170308154852291,-2.95437393188477
20170308154852292,-0.200162506103516
20170308154852293,-0.177274322509766
20170308154852294,-2.96200332641602
20170308154852295,0.0897544860839844
20170308154852296,-0.253568267822266
20170308154852297,-2.93148574829102
20170308154852298,-0.0170570373535156
20170308154852299,-0.306974029541016
20170308154852300,-2.90096817016602
20170308154852301,0.105013275146484
20170308154852302,-0.383267974853516
20170308154852303,-2.91622695922852
20170308154852304,0.0973838806152344
20170308154852305,-0.490079498291016
20170308154852306,-2.85519180297852
20170308154852307,0.219454193115234
20170308154852308,-0.352750396728516
20170308154852309,-2.87807998657227
20170308154852310,0.166048431396484
20170308154852311,-0.360379791259766
20170308154852312,-2.93148574829102
20170308154852313,0.341524505615234
20170308154852314,-0.619779205322266
20170308154852315,-2.80178604125977
20170308154852316,0.471224212646484
20170308154852317,-0.749478912353516
20170308154852318,-2.88570938110352
20170308154852319,0.700106048583984
20170308154852320,-0.848661041259766
20170308154852321,-2.85519180297852
20170308154852322,0.440706634521484
20170308154852323,-0.856290435791016
20170308154852324,-2.86282119750977
20170308154852325,0.570406341552734
20170308154852326,-0.833402252197266
20170308154852327,-2.87045059204102
20170308154852328,0.616182708740234
20170308154852329,-0.863919830322266
20170308154852330,-2.87807998657227
20170308154852331,0.539888763427734
20170308154852332,-0.902066802978516
20170308154852333,-2.73312149047852
20170308154852334,0.761141204833984
20170308154852335,-0.810514068603516
20170308154852336,-2.73312149047852
20170308154852337,0.829805755615234
20170308154852338,-0.978360748291016
20170308154852339,-2.74838027954102
20170308154852340,0.883211517333984
20170308154852341,-1.05465469360352
20170308154852342,-2.77889785766602
20170308154852343,0.898470306396484
20170308154852344,-1.05465469360352
20170308154852345,-2.68734512329102
20170308154852346,0.745882415771484
20170308154852347,-1.06228408813477
20170308154852348,-2.70260391235352
20170308154852349,0.768770599365234
20170308154852350,-1.13094863891602
20170308154852351,-2.68734512329102
20170308154852352,1.00528182983398
20170308154852353,-1.45138320922852
20170308154852354,-2.52712783813477
20170308154852355,0.898470306396484
20170308154852356,-1.49715957641602
20170308154852357,-2.45846328735352
20170308154852358,0.707735443115234
20170308154852359,-1.71841201782227
20170308154852360,-2.29824600219727
20170308154852361,0.837435150146484
20170308154852362,-1.87099990844727
20170308154852363,-2.16854629516602
20170308154852364,0.829805755615234
20170308154852365,-2.10751113891602
20170308154852366,-2.12276992797852
20170308154852367,0.722994232177734
20170308154852368,-2.21432266235352
20170308154852369,-1.92440567016602
20170308154852370,0.715364837646484
20170308154852371,-2.33639297485352
20170308154852372,-1.72604141235352
20170308154852373,0.753511810302734
20170308154852374,-2.42794570922852
20170308154852375,-1.59634170532227
20170308154852376,0.814546966552734
20170308154852377,-2.59579238891602
20170308154852378,-1.32931289672852
20170308154852379,0.600923919677734
20170308154852380,-2.93911514282227
20170308154852381,-0.947843170166016
20170308154852382,0.555147552490234
20170308154852383,-3.03829727172852
20170308154852384,-0.390897369384766
20170308154852385,0.143160247802734
20170308154852386,-3.08407363891602
20170308154852387,-0.192533111572266
20170308154852388,-0.0475746154785156
20170308154852389,-2.97726211547852
20170308154852390,-0.146756744384766
20170308154852391,-0.177274322509766
20170308154852392,-2.87807998657227
20170308154852393,0.280489349365234
20170308154852394,-0.635037994384766
20170308154852395,-2.87807998657227
20170308154852396,0.555147552490234
20170308154852397,-0.848661041259766
20170308154852398,-2.89333877563477
20170308154852399,0.707735443115234
20170308154852400,-0.863919830322266
20170308154852401,-2.82467422485352
20170308154852402,0.890840911865234
20170308154852403,-1.07754287719727
20170308154852404,-2.77889785766602
20170308154852405,0.616182708740234
20170308154852406,-1.03939590454102
20170308154852407,-2.83993301391602
20170308154852408,0.623812103271484
20170308154852409,-1.06228408813477
20170308154852410,-2.81704483032227
20170308154852411,0.753511810302734
20170308154852412,-1.20724258422852
20170308154852413,-2.71786270141602
20170308154852414,0.921358489990234
20170308154852415,-1.46664199829102
20170308154852416,-2.61868057250977
20170308154852417,0.936617279052734
20170308154852418,-1.42086563110352
20170308154852419,-2.46609268188477
20170308154852420,0.700106048583984
20170308154852421,-1.57345352172852
20170308154852422,-2.46609268188477
20170308154852423,0.730623626708984
20170308154852424,-1.72604141235352
20170308154852425,-2.41268692016602
20170308154852426,0.875582122802734
20170308154852427,-1.68789443969727
20170308154852428,-2.36691055297852
20170308154852429,0.974764251708984
20170308154852430,-1.75655899047852
20170308154852431,-2.28298721313477
20170308154852432,0.776399993896484
20170308154852433,-1.87862930297852
20170308154852434,-2.26009902954102
20170308154852435,0.608553314208984
20170308154852436,-1.83285293579102
20170308154852437,-2.33639297485352
20170308154852438,0.715364837646484
20170308154852439,-1.81759414672852
20170308154852440,-2.15328750610352
20170308154852441,0.784029388427734
20170308154852442,-1.89388809204102
20170308154852443,-2.24484024047852
20170308154852444,0.776399993896484
20170308154852445,-1.87099990844727
20170308154852446,-2.18380508422852
20170308154852447,0.837435150146484
20170308154852448,-1.95492324829102
20170308154852449,-2.12276992797852
20170308154852450,0.616182708740234
20170308154852451,-2.15328750610352
20170308154852452,-2.06936416625977
20170308154852453,0.722994232177734
20170308154852454,-2.35165176391602
20170308154852455,-1.82522354125977
20170308154852456,0.631441497802734
20170308154852457,-2.16091690063477
20170308154852458,-1.92440567016602
20170308154852459,0.745882415771484
20170308154852460,-2.30587539672852
20170308154852461,-1.75655899047852
20170308154852462,0.722994232177734
20170308154852463,-2.46609268188477
20170308154852464,-1.61922988891602
20170308154852465,0.875582122802734
20170308154852466,-2.51949844360352
20170308154852467,-1.48953018188477
20170308154852468,0.684847259521484
20170308154852469,-2.58053359985352
20170308154852470,-1.29116592407227
20170308154852471,0.585665130615234
20170308154852472,-2.74838027954102
20170308154852473,-1.32168350219727
20170308154852474,0.570406341552734
20170308154852475,-2.84756240844727
20170308154852476,-1.26064834594727
20170308154852477,0.547518157958984
20170308154852478,-2.96963272094727
20170308154852479,-0.940213775634766
20170308154852480,0.425447845458984
20170308154852481,-3.00015029907227
20170308154852482,-0.764737701416016
20170308154852483,0.249971771240234
20170308154852484,-2.94674453735352
20170308154852485,-0.657926177978516
20170308154852486,0.410189056396484
20170308154852487,-2.93148574829102
20170308154852488,-0.581632232666016
20170308154852489,0.143160247802734
20170308154852490,-2.95437393188477
20170308154852491,-0.459561920166016
20170308154852492,-0.0704627990722656
20170308154852493,-3.00015029907227
20170308154852494,-0.245938873291016
20170308154852495,-0.223050689697266
20170308154852496,-3.01540908813477
20170308154852497,0.318636322021484
20170308154852498,-0.429044342041016
20170308154852499,-2.88570938110352
20170308154852500,0.410189056396484
20170308154852501,-0.528226470947266
20170308154852502,-2.92385635375977
20170308154852503,0.326265716552734
20170308154852504,-0.619779205322266
20170308154852505,-2.87807998657227
20170308154852506,0.677217864990234
20170308154852507,-0.833402252197266
20170308154852508,-2.86282119750977
20170308154852509,0.822176361083984
20170308154852510,-1.01650772094727
20170308154852511,-2.83993301391602
20170308154852512,0.776399993896484
20170308154852513,-1.02413711547852
20170308154852514,-2.81704483032227
20170308154852515,0.837435150146484
20170308154852516,-1.23013076782227
20170308154852517,-2.78652725219727
20170308154852518,0.921358489990234
20170308154852519,-1.44375381469727
20170308154852520,-2.56527481079102
20170308154852521,0.806917572021484
20170308154852522,-1.56582412719727
20170308154852523,-2.48135147094727
20170308154852524,0.761141204833984
20170308154852525,-1.78707656860352
20170308154852526,-2.22195205688477
20170308154852527,0.631441497802734
20170308154852528,-2.03884658813477
20170308154852529,-1.98544082641602
20170308154852530,0.684847259521484
20170308154852531,-2.28298721313477
20170308154852532,-1.70315322875977
20170308154852533,0.730623626708984
20170308154852534,-2.44320449829102
20170308154852535,-1.61922988891602
20170308154852536,0.623812103271484
20170308154852537,-2.64156875610352
20170308154852538,-1.40560684204102
20170308154852539,0.677217864990234
20170308154852540,-2.80178604125977
20170308154852541,-1.28353652954102
20170308154852542,0.654329681396484
20170308154852543,-2.96200332641602
20170308154852544,-1.04702529907227
20170308154852545,0.440706634521484
20170308154852546,-2.94674453735352
20170308154852547,-1.06228408813477
20170308154852548,0.494112396240234
20170308154852549,-2.91622695922852
20170308154852550,-1.05465469360352
20170308154852551,0.532259368896484
20170308154852552,-3.03829727172852
20170308154852553,-1.04702529907227
20170308154852554,0.410189056396484
20170308154852555,-2.93911514282227
20170308154852556,-1.06228408813477
20170308154852557,0.486483001708984
20170308154852558,-2.98489151000977
20170308154852559,-0.863919830322266
20170308154852560,0.555147552490234
20170308154852561,-2.99252090454102
20170308154852562,-0.787625885009766
20170308154852563,0.387300872802734
20170308154852564,-3.02303848266602
20170308154852565,-0.596891021728516
20170308154852566,0.303377532958984
20170308154852567,-2.97726211547852
20170308154852568,-0.802884674072266
20170308154852569,0.249971771240234
20170308154852570,-2.99252090454102
20170308154852571,-0.650296783447266
20170308154852572,0.280489349365234
20170308154852573,-2.98489151000977
20170308154852574,-0.665555572509766
20170308154852575,0.127901458740234
20170308154852576,-2.94674453735352
20170308154852577,-0.795255279541016
20170308154852578,0.280489349365234
20170308154852579,-3.00015029907227
20170308154852580,-0.627408599853516
20170308154852581,0.257601165771484
20170308154852582,-2.99252090454102
20170308154852583,-0.581632232666016
20170308154852584,0.303377532958984
20170308154852585,-2.90859756469727
20170308154852586,-0.574002838134766
20170308154852587,0.196566009521484
20170308154852588,-3.00777969360352
20170308154852589,-0.574002838134766
20170308154852590,0.196566009521484
20170308154852591,-2.93911514282227
20170308154852592,-0.505338287353516
20170308154852593,0.234712982177734
20170308154852594,-2.91622695922852
20170308154852595,-0.383267974853516
20170308154852596,0.196566009521484
20170308154852597,-2.89333877563477
20170308154852598,-0.406156158447266
20170308154852599,0.0439781188964844
20170308154852600,-2.88570938110352
20170308154852601,-0.322232818603516
20170308154852602,0.0134605407714844
20170308154852603,-3.00777969360352
20170308154852604,-0.215421295166016
20170308154852605,-0.184903717041016
20170308154852606,-2.92385635375977
20170308154852607,-0.154386138916016
20170308154852608,-0.123868560791016
20170308154852609,-2.94674453735352
20170308154852610,-0.169644927978516
20170308154852611,-0.154386138916016
20170308154852612,-2.86282119750977
20170308154852613,-0.291715240478516
20170308154852614,-0.139127349853516
20170308154852615,-2.90096817016602
20170308154852616,-0.329862213134766
20170308154852617,-0.108609771728516
20170308154852618,-2.87807998657227
20170308154852619,-0.375638580322266
20170308154852620,0.0744956970214844
20170308154852621,-3.00777969360352
20170308154852622,-0.100980377197266
20170308154852623,0.0210899353027344
20170308154852624,-2.95437393188477
20170308154852625,-0.154386138916016
20170308154852626,-0.299344635009766
20170308154852627,-2.97726211547852
20170308154852628,0.249971771240234
20170308154852629,-0.253568267822266
20170308154852630,-2.87045059204102
20170308154852631,0.318636322021484
20170308154852632,-0.665555572509766
20170308154852633,-2.87045059204102
20170308154852634,0.692476654052734
20170308154852635,-0.795255279541016
20170308154852636,-2.83993301391602
20170308154852637,0.455965423583984
20170308154852638,-0.825772857666016
20170308154852639,-2.95437393188477
20170308154852640,0.570406341552734
20170308154852641,-0.833402252197266
20170308154852642,-2.89333877563477
20170308154852643,0.623812103271484
20170308154852644,-0.833402252197266
20170308154852645,-2.76363906860352
20170308154852646,0.898470306396484
20170308154852647,-1.01650772094727
20170308154852648,-2.68734512329102
20170308154852649,0.791658782958984
20170308154852650,-1.26827774047852
20170308154852651,-2.54238662719727
20170308154852652,0.936617279052734
20170308154852653,-1.78707656860352
20170308154852654,-2.26009902954102
20170308154852655,0.753511810302734
20170308154852656,-1.91677627563477
20170308154852657,-2.16091690063477
20170308154852658,0.784029388427734
20170308154852659,-2.16854629516602
20170308154852660,-1.87862930297852
20170308154852661,0.707735443115234
20170308154852662,-2.32876358032227
20170308154852663,-1.73367080688477
20170308154852664,0.814546966552734
20170308154852665,-2.39742813110352
20170308154852666,-1.64211807250977
20170308154852667,0.692476654052734
20170308154852668,-2.35928115844727
20170308154852669,-1.50478897094727
20170308154852670,0.883211517333984
20170308154852671,-2.59579238891602
20170308154852672,-1.23013076782227
20170308154852673,0.524629974365234
20170308154852674,-2.82467422485352
20170308154852675,-1.19198379516602
20170308154852676,0.738253021240234
20170308154852677,-2.87045059204102
20170308154852678,-1.06991348266602
20170308154852679,0.616182708740234
20170308154852680,-2.99252090454102
20170308154852681,-0.787625885009766
20170308154852682,0.471224212646484
20170308154852683,-2.97726211547852
20170308154852684,-0.535855865478516
20170308154852685,0.295748138427734
20170308154852686,-2.87045059204102
20170308154852687,-0.497708892822266
20170308154852688,0.295748138427734
20170308154852689,-2.97726211547852
20170308154852690,-0.291715240478516
20170308154852691,-0.0170570373535156
20170308154852692,-2.90859756469727
20170308154852693,-0.345121002197266
20170308154852694,-0.0399452209472656
20170308154852695,-3.00015029907227
20170308154852696,-0.123868560791016
20170308154852697,-0.162015533447266
20170308154852698,-2.95437393188477
20170308154852699,-0.284085845947266
20170308154852700,-0.0857215881347656
20170308154852701,-2.90096817016602
20170308154852702,-0.0017982482910156
20170308154852703,-0.184903717041016
20170308154852704,-2.95437393188477
20170308154852705,0.188936614990234
20170308154852706,-0.398526763916016
20170308154852707,-2.90859756469727
20170308154852708,0.249971771240234
20170308154852709,-0.635037994384766
20170308154852710,-2.93911514282227
20170308154852711,0.509371185302734
20170308154852712,-0.657926177978516
20170308154852713,-2.90096817016602
20170308154852714,0.524629974365234
20170308154852715,-0.612149810791016
20170308154852716,-2.85519180297852
20170308154852717,0.471224212646484
20170308154852718,-0.604520416259766
20170308154852719,-2.81704483032227
20170308154852720,0.303377532958984
20170308154852721,-0.657926177978516
20170308154852722,-2.87045059204102
20170308154852723,0.249971771240234
20170308154852724,-0.337491607666016
20170308154852725,-2.88570938110352
20170308154852726,0.295748138427734
20170308154852727,-0.459561920166016
20170308154852728,-2.82467422485352
20170308154852729,0.372042083740234
20170308154852730,-0.589261627197266
20170308154852731,-2.80941543579102
20170308154852732,0.272859954833984
20170308154852733,-0.574002838134766
20170308154852734,-2.85519180297852
20170308154852735,0.585665130615234
20170308154852736,-0.726590728759766
20170308154852737,-2.87807998657227
20170308154852738,0.692476654052734
20170308154852739,-0.970731353759766
20170308154852740,-2.81704483032227
20170308154852741,0.776399993896484
20170308154852742,-1.04702529907227
20170308154852743,-2.80178604125977
20170308154852744,0.784029388427734
20170308154852745,-1.20724258422852
20170308154852746,-2.65682754516602
20170308154852747,1.02817001342773
20170308154852748,-1.36745986938477
20170308154852749,-2.76363906860352
20170308154852750,0.730623626708984
20170308154852751,-1.13094863891602
20170308154852752,-2.64919815063477
20170308154852753,0.837435150146484
20170308154852754,-1.29879531860352
20170308154852755,-2.64919815063477
20170308154852756,0.768770599365234
20170308154852757,-1.33694229125977
20170308154852758,-2.58816299438477
20170308154852759,0.799288177490234
20170308154852760,-1.61160049438477
20170308154852761,-2.41268692016602
20170308154852762,0.722994232177734
20170308154852763,-1.77944717407227
20170308154852764,-2.20669326782227
20170308154852765,0.524629974365234
20170308154852766,-1.76418838500977
20170308154852767,-2.35165176391602
20170308154852768,0.768770599365234
20170308154852769,-1.84811172485352
20170308154852770,-2.13802871704102
20170308154852771,0.623812103271484
20170308154852772,-1.91677627563477
20170308154852773,-2.15328750610352
20170308154852774,0.707735443115234
20170308154852775,-2.07699356079102
20170308154852776,-1.81759414672852
20170308154852777,0.837435150146484
20170308154852778,-2.30587539672852
20170308154852779,-1.57345352172852
20170308154852780,0.715364837646484
20170308154852781,-2.35928115844727
20170308154852782,-1.63448867797852
20170308154852783,0.730623626708984
20170308154852784,-2.63393936157227
20170308154852785,-1.29879531860352
20170308154852786,0.677217864990234
20170308154852787,-2.83230361938477
20170308154852788,-1.26827774047852
20170308154852789,0.478853607177734
20170308154852790,-2.87045059204102
20170308154852791,-1.09280166625977
20170308154852792,0.532259368896484
20170308154852793,-2.96200332641602
20170308154852794,-0.818143463134766
20170308154852795,0.463594818115234
20170308154852796,-2.99252090454102
20170308154852797,-0.657926177978516
20170308154852798,0.318636322021484
20170308154852799,-3.00777969360352
20170308154852800,-0.482450103759766
20170308154852801,0.166048431396484
20170308154852802,-2.97726211547852
20170308154852803,-0.0933509826660156
20170308154852804,-0.116239166259766
20170308154852805,-2.89333877563477
20170308154852806,0.0516075134277344
20170308154852807,-0.421414947509766
20170308154852808,-2.83993301391602
20170308154852809,0.524629974365234
20170308154852810,-0.734220123291016
20170308154852811,-2.91622695922852
20170308154852812,0.684847259521484
20170308154852813,-0.985990142822266
20170308154852814,-2.82467422485352
20170308154852815,0.730623626708984
20170308154852816,-1.12331924438477
20170308154852817,-2.71023330688477
20170308154852818,0.883211517333984
20170308154852819,-1.41323623657227
20170308154852820,-2.61868057250977
20170308154852821,0.898470306396484
20170308154852822,-1.35983047485352
20170308154852823,-2.62630996704102
20170308154852824,0.822176361083984
20170308154852825,-1.35220108032227
20170308154852826,-2.55001602172852
20170308154852827,0.814546966552734
20170308154852828,-1.45901260375977
20170308154852829,-2.47372207641602
20170308154852830,0.761141204833984
20170308154852831,-1.65737686157227
20170308154852832,-2.31350479125977
20170308154852833,0.768770599365234
20170308154852834,-1.85574111938477
20170308154852835,-2.13039932250977
20170308154852836,0.677217864990234
20170308154852837,-2.06936416625977
20170308154852838,-2.14565811157227
20170308154852839,0.906099700927734
20170308154852840,-2.11514053344727
20170308154852841,-2.01595840454102
20170308154852842,0.585665130615234
20170308154852843,-2.12276992797852
20170308154852844,-2.10751113891602
20170308154852845,0.799288177490234
20170308154852846,-2.16854629516602
20170308154852847,-1.84811172485352
20170308154852848,0.822176361083984
20170308154852849,-2.19906387329102
20170308154852850,-1.83285293579102
20170308154852851,0.677217864990234
20170308154852852,-2.24484024047852
20170308154852853,-1.88625869750977
20170308154852854,0.814546966552734
20170308154852855,-2.29061660766602
20170308154852856,-1.93203506469727
20170308154852857,0.532259368896484
20170308154852858,-2.18380508422852
20170308154852859,-1.90914688110352
20170308154852860,0.761141204833984
20170308154852861,-2.30587539672852
20170308154852862,-1.52004776000977
20170308154852863,0.692476654052734
20170308154852864,-2.44320449829102
20170308154852865,-1.51241836547852
20170308154852866,0.944246673583984
20170308154852867,-2.58053359985352
20170308154852868,-1.45138320922852
20170308154852869,0.799288177490234
20170308154852870,-2.55764541625977
20170308154852871,-1.66500625610352
20170308154852872,0.623812103271484
20170308154852873,-2.38979873657227
20170308154852874,-1.59634170532227
20170308154852875,0.677217864990234
20170308154852876,-2.52712783813477
20170308154852877,-1.61922988891602
20170308154852878,0.623812103271484
20170308154852879,-2.55764541625977
20170308154852880,-1.42086563110352
20170308154852881,0.722994232177734
20170308154852882,-2.70260391235352
20170308154852883,-1.23776016235352
20170308154852884,0.646700286865234
20170308154852885,-2.86282119750977
20170308154852886,-1.16909561157227
20170308154852887,0.555147552490234
20170308154852888,-2.84756240844727
20170308154852889,-1.16146621704102
20170308154852890,0.547518157958984
20170308154852891,-2.77126846313477
20170308154852892,-1.26064834594727
20170308154852893,0.784029388427734
20170308154852894,-2.90096817016602
20170308154852895,-1.16146621704102
20170308154852896,0.654329681396484
20170308154852897,-2.90859756469727
20170308154852898,-0.917325592041016
20170308154852899,0.356783294677734
20170308154852900,-2.96963272094727
20170308154852901,-0.581632232666016
20170308154852902,0.372042083740234
20170308154852903,-2.96963272094727
20170308154852904,-0.680814361572266
20170308154852905,0.272859954833984
20170308154852906,-3.00777969360352
20170308154852907,-0.543485260009766
20170308154852908,0.249971771240234
20170308154852909,-3.00777969360352
20170308154852910,-0.245938873291016
20170308154852911,-0.0704627990722656
20170308154852912,-2.96963272094727
20170308154852913,-0.276456451416016
20170308154852914,0.0897544860839844
20170308154852915,-2.91622695922852
20170308154852916,-0.322232818603516
20170308154852917,-0.0704627990722656
20170308154852918,-2.88570938110352
20170308154852919,-0.0017982482910156
20170308154852920,-0.314603424072266
20170308154852921,-2.87807998657227
20170308154852922,0.272859954833984
20170308154852923,-0.551114654541016
20170308154852924,-2.90096817016602
20170308154852925,0.776399993896484
20170308154852926,-0.924954986572266
20170308154852927,-2.77889785766602
20170308154852928,0.921358489990234
20170308154852929,-1.10043106079102
20170308154852930,-2.65682754516602
20170308154852931,0.936617279052734
20170308154852932,-1.43612442016602
20170308154852933,-2.55001602172852
20170308154852934,0.921358489990234
20170308154852935,-1.48953018188477
20170308154852936,-2.37453994750977
20170308154852937,0.646700286865234
20170308154852938,-1.75655899047852
20170308154852939,-2.30587539672852
20170308154852940,0.768770599365234
20170308154852941,-1.92440567016602
20170308154852942,-2.11514053344727
20170308154852943,0.677217864990234
20170308154852944,-2.15328750610352
20170308154852945,-1.80996475219727
20170308154852946,0.684847259521484
20170308154852947,-2.29061660766602
20170308154852948,-1.75655899047852
20170308154852949,0.761141204833984
20170308154852950,-2.45846328735352
20170308154852951,-1.62685928344727
20170308154852952,0.761141204833984
20170308154852953,-2.58053359985352
20170308154852954,-1.52767715454102
20170308154852955,0.661959075927734
20170308154852956,-2.64919815063477
20170308154852957,-1.23013076782227
20170308154852958,0.593294525146484
20170308154852959,-2.64156875610352
20170308154852960,-1.26064834594727
20170308154852961,0.600923919677734
20170308154852962,-2.77126846313477
20170308154852963,-1.07754287719727
20170308154852964,0.616182708740234
20170308154852965,-2.96963272094727
20170308154852966,-0.955472564697266
20170308154852967,0.387300872802734
20170308154852968,-2.94674453735352
20170308154852969,-0.757108306884766
20170308154852970,0.585665130615234
20170308154852971,-2.97726211547852
20170308154852972,-0.917325592041016
20170308154852973,0.570406341552734
20170308154852974,-2.86282119750977
20170308154852975,-0.696073150634766
20170308154852976,0.333895111083984
20170308154852977,-2.99252090454102
20170308154852978,-0.520597076416016
20170308154852979,0.143160247802734
20170308154852980,-2.96963272094727
20170308154852981,-0.345121002197266
20170308154852982,0.0897544860839844
20170308154852983,-2.95437393188477
20170308154852984,-0.314603424072266
20170308154852985,-0.0628334045410156
20170308154852986,-2.99252090454102
20170308154852987,-0.329862213134766
20170308154852988,0.0821250915527344
20170308154852989,-2.88570938110352
20170308154852990,-0.345121002197266
20170308154852991,0.0744956970214844
20170308154852992,-2.93148574829102
20170308154852993,-0.299344635009766
20170308154852994,0.105013275146484
20170308154852995,-2.90859756469727
20170308154852996,-0.497708892822266
20170308154852997,-0.0246864318847656
20170308154852998,-2.97726211547852
20170308154852999,-0.291715240478516
20170308154853000,-0.0857215881347656
20170308154853001,-2.84756240844727
20170308154853002,-0.177274322509766
20170308154853003,-0.0628334045410156
20170308154853004,-2.93911514282227
20170308154853005,-0.215421295166016
20170308154853006,0.150789642333984
20170308154853007,-2.87045059204102
20170308154853008,-0.215421295166016
20170308154853009,-0.116239166259766
20170308154853010,-2.95437393188477
20170308154853011,-0.360379791259766
20170308154853012,-0.146756744384766
20170308154853013,-2.93911514282227
20170308154853014,0.0897544860839844
20170308154853015,-0.291715240478516
20170308154853016,-2.95437393188477
20170308154853017,0.0134605407714844
20170308154853018,-0.345121002197266
20170308154853019,-2.90096817016602
20170308154853020,0.0592369079589844
20170308154853021,-0.192533111572266
20170308154853022,-2.90859756469727
20170308154853023,0.234712982177734
20170308154853024,-0.383267974853516
20170308154853025,-2.84756240844727
20170308154853026,-0.0857215881347656
20170308154853027,-0.0780921936035156
20170308154853028,-2.87807998657227
20170308154853029,-0.0017982482910156
20170308154853030,-0.215421295166016
20170308154853031,-2.93911514282227
20170308154853032,0.196566009521484
20170308154853033,-0.467191314697266
20170308154853034,-2.77126846313477
20170308154853035,0.219454193115234
20170308154853036,-0.505338287353516
20170308154853037,-2.89333877563477
20170308154853038,0.608553314208984
20170308154853039,-0.810514068603516
20170308154853040,-2.83993301391602
20170308154853041,0.669588470458984
20170308154853042,-1.03176651000977
20170308154853043,-2.85519180297852
20170308154853044,0.646700286865234
20170308154853045,-0.978360748291016
20170308154853046,-2.93148574829102
20170308154853047,0.799288177490234
20170308154853048,-1.05465469360352
20170308154853049,-2.71786270141602
20170308154853050,0.822176361083984
20170308154853051,-1.22250137329102
20170308154853052,-2.60342178344727
20170308154853053,0.913729095458984
20170308154853054,-1.15383682250977
20170308154853055,-2.60342178344727
20170308154853056,0.822176361083984
20170308154853057,-1.39034805297852
20170308154853058,-2.58816299438477
20170308154853059,0.791658782958984
20170308154853060,-1.61922988891602
20170308154853061,-2.43557510375977
20170308154853062,0.906099700927734
20170308154853063,-1.75655899047852
20170308154853064,-2.26772842407227
20170308154853065,0.654329681396484
20170308154853066,-1.71841201782227
20170308154853067,-2.22958145141602
20170308154853068,0.867952728271484
20170308154853069,-2.08462295532227
20170308154853070,-1.87099990844727
20170308154853071,0.707735443115234
20170308154853072,-2.42031631469727
20170308154853073,-1.61160049438477
20170308154853074,0.761141204833984
20170308154853075,-2.67971572875977
20170308154853076,-1.42849502563477
20170308154853077,0.639070892333984
20170308154853078,-2.71786270141602
20170308154853079,-1.22250137329102
20170308154853080,0.646700286865234
20170308154853081,-3.01540908813477
20170308154853082,-1.10806045532227
20170308154853083,0.509371185302734
20170308154853084,-2.99252090454102
20170308154853085,-0.917325592041016
20170308154853086,0.501741790771484
20170308154853087,-2.90096817016602
20170308154853088,-0.818143463134766
20170308154853089,0.440706634521484
20170308154853090,-2.90859756469727
20170308154853091,-0.749478912353516
20170308154853092,0.402559661865234
20170308154853093,-2.90096817016602
20170308154853094,-0.955472564697266
20170308154853095,0.394930267333984
20170308154853096,-2.97726211547852
20170308154853097,-0.627408599853516
20170308154853098,0.387300872802734
20170308154853099,-2.97726211547852
20170308154853100,-0.551114654541016
20170308154853101,0.127901458740234
20170308154853102,-3.01540908813477
20170308154853103,-0.398526763916016
20170308154853104,0.0821250915527344
20170308154853105,-2.98489151000977
20170308154853106,-0.306974029541016
20170308154853107,-0.0399452209472656
20170308154853108,-3.00015029907227
20170308154853109,-0.200162506103516
20170308154853110,-0.177274322509766
20170308154853111,-2.88570938110352
20170308154853112,0.0516075134277344
20170308154853113,-0.276456451416016
20170308154853114,-2.87045059204102
20170308154853115,0.0821250915527344
20170308154853116,-0.398526763916016
20170308154853117,-2.78652725219727
20170308154853118,0.311006927490234
20170308154853119,-0.604520416259766
20170308154853120,-2.87045059204102
20170308154853121,0.547518157958984
20170308154853122,-0.665555572509766
20170308154853123,-2.79415664672852
20170308154853124,0.669588470458984
20170308154853125,-0.802884674072266
20170308154853126,-2.83993301391602
20170308154853127,0.631441497802734
20170308154853128,-0.764737701416016
20170308154853129,-2.73312149047852
20170308154853130,0.776399993896484
20170308154853131,-1.03939590454102
20170308154853132,-2.71786270141602
20170308154853133,0.761141204833984
20170308154853134,-1.03939590454102
20170308154853135,-2.64156875610352
20170308154853136,0.967134857177734
20170308154853137,-1.45901260375977
20170308154853138,-2.58053359985352
20170308154853139,0.921358489990234
20170308154853140,-1.28353652954102
20170308154853141,-2.61868057250977
20170308154853142,0.738253021240234
20170308154853143,-1.21487197875977
20170308154853144,-2.69497451782227
20170308154853145,0.692476654052734
20170308154853146,-1.24538955688477
20170308154853147,-2.69497451782227
20170308154853148,0.814546966552734
20170308154853149,-1.18435440063477
20170308154853150,-2.55764541625977
20170308154853151,0.707735443115234
20170308154853152,-1.54293594360352
20170308154853153,-2.42794570922852
20170308154853154,0.761141204833984
20170308154853155,-1.69552383422852
20170308154853156,-2.09988174438477
20170308154853157,0.661959075927734
20170308154853158,-1.90151748657227
20170308154853159,-2.17617568969727
20170308154853160,0.669588470458984
20170308154853161,-1.67263565063477
20170308154853162,-2.35165176391602
20170308154853163,0.738253021240234
20170308154853164,-1.74130020141602
20170308154853165,-2.39742813110352
20170308154853166,0.722994232177734
20170308154853167,-1.58871231079102
20170308154853168,-2.29061660766602
20170308154853169,0.707735443115234
20170308154853170,-1.67263565063477
20170308154853171,-2.28298721313477
20170308154853172,0.936617279052734
20170308154853173,-1.81759414672852
20170308154853174,-2.22195205688477
20170308154853175,0.860323333740234
20170308154853176,-1.84811172485352
20170308154853177,-2.26772842407227
20170308154853178,0.692476654052734
20170308154853179,-1.81759414672852
20170308154853180,-2.31350479125977
20170308154853181,0.639070892333984
20170308154853182,-1.79470596313477
20170308154853183,-2.26009902954102
20170308154853184,0.715364837646484
20170308154853185,-1.97018203735352
20170308154853186,-2.13039932250977
20170308154853187,0.608553314208984
20170308154853188,-1.96255264282227
20170308154853189,-2.11514053344727
20170308154853190,0.822176361083984
20170308154853191,-2.03121719360352
20170308154853192,-1.85574111938477
20170308154853193,0.639070892333984
20170308154853194,-2.25246963500977
20170308154853195,-1.80233535766602
20170308154853196,0.715364837646484
20170308154853197,-2.22958145141602
20170308154853198,-1.80233535766602
20170308154853199,0.722994232177734
20170308154853200,-2.41268692016602
20170308154853201,-1.47427139282227
20170308154853202,0.791658782958984
20170308154853203,-2.58816299438477
20170308154853204,-1.19198379516602
20170308154853205,0.608553314208984
20170308154853206,-2.73312149047852
20170308154853207,-1.14620742797852
20170308154853208,0.677217864990234
20170308154853209,-2.95437393188477
20170308154853210,-0.932584381103516
20170308154853211,0.539888763427734
20170308154853212,-2.95437393188477
20170308154853213,-0.543485260009766
20170308154853214,0.272859954833984
20170308154853215,-2.97726211547852
20170308154853216,-0.345121002197266
20170308154853217,0.0973838806152344
20170308154853218,-2.99252090454102
20170308154853219,-0.306974029541016
20170308154853220,-0.0780921936035156
20170308154853221,-2.97726211547852
20170308154853222,-0.0475746154785156
20170308154853223,-0.314603424072266
20170308154853224,-2.93911514282227
20170308154853225,0.143160247802734
20170308154853226,-0.505338287353516
20170308154853227,-2.88570938110352
20170308154853228,0.471224212646484
20170308154853229,-0.833402252197266
20170308154853230,-2.82467422485352
20170308154853231,0.692476654052734
20170308154853232,-0.985990142822266
20170308154853233,-2.87807998657227
20170308154853234,0.982393646240234
20170308154853235,-1.28353652954102
20170308154853236,-2.63393936157227
20170308154853237,0.806917572021484
20170308154853238,-1.45901260375977
20170308154853239,-2.54238662719727
20170308154853240,0.776399993896484
20170308154853241,-1.77944717407227
20170308154853242,-2.36691055297852
20170308154853243,0.707735443115234
20170308154853244,-1.87862930297852
20170308154853245,-2.18380508422852
20170308154853246,0.646700286865234
20170308154853247,-2.00069961547852
20170308154853248,-2.06173477172852
20170308154853249,0.852693939208984
20170308154853250,-2.16091690063477
20170308154853251,-1.84811172485352
20170308154853252,0.700106048583984
20170308154853253,-2.09225234985352
20170308154853254,-1.97781143188477
20170308154853255,0.814546966552734
20170308154853256,-2.14565811157227
20170308154853257,-1.97018203735352
20170308154853258,0.722994232177734
20170308154853259,-2.22195205688477
20170308154853260,-1.81759414672852
20170308154853261,0.730623626708984
20170308154853262,-2.14565811157227
20170308154853263,-1.92440567016602
20170308154853264,0.692476654052734
20170308154853265,-2.20669326782227
20170308154853266,-1.99307022094727
20170308154853267,0.722994232177734
20170308154853268,-2.20669326782227
20170308154853269,-1.90914688110352
20170308154853270,0.776399993896484
20170308154853271,-2.28298721313477
20170308154853272,-1.66500625610352
20170308154853273,0.883211517333984
20170308154853274,-2.37453994750977
20170308154853275,-1.60397109985352
20170308154853276,0.715364837646484
20170308154853277,-2.58816299438477
20170308154853278,-1.38271865844727
20170308154853279,0.730623626708984
20170308154853280,-2.71023330688477
20170308154853281,-1.29879531860352
20170308154853282,0.791658782958984
20170308154853283,-2.84756240844727
20170308154853284,-1.23013076782227
20170308154853285,0.486483001708984
20170308154853286,-2.87045059204102
20170308154853287,-1.19961318969727
20170308154853288,0.745882415771484
20170308154853289,-2.95437393188477
20170308154853290,-1.07754287719727
20170308154853291,0.463594818115234
20170308154853292,-2.91622695922852
20170308154853293,-0.955472564697266
20170308154853294,0.410189056396484
20170308154853295,-2.92385635375977
20170308154853296,-0.886808013916016
20170308154853297,0.463594818115234
20170308154853298,-2.93148574829102
20170308154853299,-0.902066802978516
20170308154853300,0.616182708740234
20170308154853301,-2.93148574829102
20170308154853302,-0.841031646728516
20170308154853303,0.478853607177734
20170308154853304,-2.93911514282227
20170308154853305,-0.711331939697266
20170308154853306,0.379671478271484
20170308154853307,-2.93148574829102
20170308154853308,-0.436673736572266
20170308154853309,0.120272064208984
20170308154853310,-2.96200332641602
20170308154853311,-0.375638580322266
20170308154853312,0.0439781188964844
20170308154853313,-2.84756240844727
20170308154853314,-0.512967681884766
20170308154853315,0.326265716552734
20170308154853316,-2.98489151000977
20170308154853317,-0.581632232666016
20170308154853318,0.333895111083984
20170308154853319,-2.89333877563477
20170308154853320,-0.566373443603516
20170308154853321,0.173677825927734
20170308154853322,-2.98489151000977
20170308154853323,-0.535855865478516
20170308154853324,0.0973838806152344
20170308154853325,-3.07644424438477
20170308154853326,-0.207791900634766
20170308154853327,-0.146756744384766
20170308154853328,-3.00777969360352
20170308154853329,-0.100980377197266
20170308154853330,-0.223050689697266
20170308154853331,-2.93148574829102
20170308154853332,0.143160247802734
20170308154853333,-0.451932525634766
20170308154853334,-2.79415664672852
20170308154853335,0.509371185302734
20170308154853336,-0.619779205322266
20170308154853337,-2.80941543579102
20170308154853338,0.517000579833984
20170308154853339,-0.680814361572266
20170308154853340,-2.75600967407227
20170308154853341,0.562776947021484
20170308154853342,-0.619779205322266
20170308154853343,-2.77889785766602
20170308154853344,0.639070892333984
20170308154853345,-0.894437408447266
20170308154853346,-2.74075088500977
20170308154853347,0.906099700927734
20170308154853348,-1.11568984985352
20170308154853349,-2.60342178344727
20170308154853350,0.898470306396484
20170308154853351,-1.21487197875977
20170308154853352,-2.55001602172852
20170308154853353,0.776399993896484
20170308154853354,-1.39797744750977
20170308154853355,-2.53475723266602
20170308154853356,0.852693939208984
20170308154853357,-1.68026504516602
20170308154853358,-2.31350479125977
20170308154853359,0.776399993896484
20170308154853360,-1.92440567016602
20170308154853361,-2.20669326782227
20170308154853362,0.753511810302734
20170308154853363,-2.13802871704102
20170308154853364,-1.91677627563477
20170308154853365,0.661959075927734
20170308154853366,-2.23721084594727
20170308154853367,-1.81759414672852
20170308154853368,0.860323333740234
20170308154853369,-2.57290420532227
20170308154853370,-1.48953018188477
20170308154853371,0.776399993896484
20170308154853372,-2.81704483032227
20170308154853373,-1.12331924438477
20170308154853374,0.684847259521484
20170308154853375,-3.03066787719727
20170308154853376,-0.718961334228516
20170308154853377,0.379671478271484
20170308154853378,-2.90859756469727
20170308154853379,-0.627408599853516
20170308154853380,0.417818450927734
20170308154853381,-2.90859756469727
20170308154853382,-0.512967681884766
20170308154853383,0.341524505615234
20170308154853384,-2.93911514282227
20170308154853385,-0.306974029541016
20170308154853386,0.143160247802734
20170308154853387,-2.91622695922852
20170308154853388,-0.0857215881347656
20170308154853389,-0.0246864318847656
20170308154853390,-2.79415664672852
20170308154853391,0.173677825927734
20170308154853392,-0.0628334045410156
20170308154853393,-2.86282119750977
20170308154853394,0.234712982177734
20170308154853395,-0.207791900634766
20170308154853396,-2.85519180297852
20170308154853397,0.333895111083984
20170308154853398,-0.512967681884766
20170308154853399,-2.82467422485352
20170308154853400,0.372042083740234
20170308154853401,-0.490079498291016
20170308154853402,-2.87045059204102
20170308154853403,0.318636322021484
20170308154853404,-0.413785552978516
20170308154853405,-2.82467422485352
20170308154853406,0.333895111083984
20170308154853407,-0.558744049072266
20170308154853408,-2.86282119750977
20170308154853409,0.188936614990234
20170308154853410,-0.566373443603516
20170308154853411,-2.93911514282227
20170308154853412,0.394930267333984
20170308154853413,-0.459561920166016
20170308154853414,-2.87807998657227
20170308154853415,0.494112396240234
20170308154853416,-0.520597076416016
20170308154853417,-2.82467422485352
20170308154853418,0.486483001708984
20170308154853419,-0.665555572509766
20170308154853420,-2.80941543579102
20170308154853421,0.623812103271484
20170308154853422,-0.886808013916016
20170308154853423,-2.80941543579102
20170308154853424,0.669588470458984
20170308154853425,-0.673184967041016
20170308154853426,-2.81704483032227
20170308154853427,0.600923919677734
20170308154853428,-0.604520416259766
20170308154853429,-2.75600967407227
20170308154853430,0.440706634521484
20170308154853431,-0.696073150634766
20170308154853432,-2.81704483032227
20170308154853433,0.379671478271484
20170308154853434,-0.703702545166016
20170308154853435,-2.79415664672852
20170308154853436,0.494112396240234
20170308154853437,-0.779996490478516
20170308154853438,-2.87807998657227
20170308154853439,0.578035736083984
20170308154853440,-0.833402252197266
20170308154853441,-2.80941543579102
20170308154853442,0.639070892333984
20170308154853443,-0.902066802978516
20170308154853444,-2.89333877563477
20170308154853445,0.570406341552734
20170308154853446,-0.757108306884766
20170308154853447,-2.83993301391602
20170308154853448,0.700106048583984
20170308154853449,-0.787625885009766
20170308154853450,-2.79415664672852
20170308154853451,0.669588470458984
20170308154853452,-0.734220123291016
20170308154853453,-2.74075088500977
20170308154853454,0.669588470458984
20170308154853455,-0.932584381103516
20170308154853456,-2.78652725219727
20170308154853457,0.814546966552734
20170308154853458,-1.16909561157227
20170308154853459,-2.75600967407227
20170308154853460,0.837435150146484
20170308154853461,-1.37508926391602
20170308154853462,-2.51186904907227
20170308154853463,0.822176361083984
20170308154853464,-1.55819473266602
20170308154853465,-2.38216934204102
20170308154853466,0.692476654052734
20170308154853467,-1.53530654907227
20170308154853468,-2.26009902954102
20170308154853469,0.745882415771484
20170308154853470,-1.81759414672852
20170308154853471,-2.09988174438477
20170308154853472,0.753511810302734
20170308154853473,-1.88625869750977
20170308154853474,-2.19143447875977
20170308154853475,0.616182708740234
20170308154853476,-1.98544082641602
20170308154853477,-2.16091690063477
20170308154853478,0.806917572021484
20170308154853479,-2.02358779907227
20170308154853480,-2.00832901000977
20170308154853481,0.639070892333984
20170308154853482,-2.20669326782227
20170308154853483,-1.78707656860352
20170308154853484,0.730623626708984
20170308154853485,-2.23721084594727
20170308154853486,-1.69552383422852
20170308154853487,0.852693939208984
20170308154853488,-2.48135147094727
20170308154853489,-1.39034805297852
20170308154853490,0.684847259521484
20170308154853491,-2.84756240844727
20170308154853492,-1.20724258422852
20170308154853493,0.600923919677734
20170308154853494,-2.97726211547852
20170308154853495,-0.978360748291016
20170308154853496,0.486483001708984
20170308154853497,-3.01540908813477
20170308154853498,-0.787625885009766
20170308154853499,0.410189056396484
20170308154853500,-2.95437393188477
20170308154853501,-0.589261627197266
20170308154853502,0.349153900146484
20170308154853503,-2.95437393188477
20170308154853504,-0.482450103759766
20170308154853505,0.196566009521484
20170308154853506,-3.00777969360352
20170308154853507,-0.245938873291016
20170308154853508,-0.123868560791016
20170308154853509,-2.85519180297852
20170308154853510,0.0744956970214844
20170308154853511,-0.383267974853516
20170308154853512,-2.87807998657227
20170308154853513,0.478853607177734
20170308154853514,-0.703702545166016
20170308154853515,-2.79415664672852
20170308154853516,0.722994232177734
20170308154853517,-0.924954986572266
20170308154853518,-2.84756240844727
20170308154853519,0.600923919677734
20170308154853520,-0.886808013916016
20170308154853521,-2.84756240844727
20170308154853522,0.806917572021484
20170308154853523,-1.03176651000977
20170308154853524,-2.70260391235352
20170308154853525,0.715364837646484
20170308154853526,-1.18435440063477
20170308154853527,-2.64919815063477
20170308154853528,0.860323333740234
20170308154853529,-1.39034805297852
20170308154853530,-2.50423965454102
20170308154853531,0.906099700927734
20170308154853532,-1.80996475219727
20170308154853533,-2.11514053344727
20170308154853534,0.822176361083984
20170308154853535,-2.22958145141602
20170308154853536,-1.79470596313477
20170308154853537,0.722994232177734
20170308154853538,-2.38216934204102
20170308154853539,-1.58108291625977
20170308154853540,0.677217864990234
20170308154853541,-2.41268692016602
20170308154853542,-1.59634170532227
20170308154853543,0.669588470458984
20170308154853544,-2.67208633422852
20170308154853545,-1.53530654907227
20170308154853546,0.806917572021484
20170308154853547,-2.71023330688477
20170308154853548,-1.37508926391602
20170308154853549,0.661959075927734
20170308154853550,-2.83993301391602
20170308154853551,-1.05465469360352
20170308154853552,0.425447845458984
20170308154853553,-2.92385635375977
20170308154853554,-1.06228408813477
20170308154853555,0.471224212646484
20170308154853556,-2.91622695922852
20170308154853557,-1.06228408813477
20170308154853558,0.486483001708984
20170308154853559,-2.91622695922852
20170308154853560,-0.833402252197266
20170308154853561,0.562776947021484
20170308154853562,-2.96963272094727
20170308154853563,-0.810514068603516
20170308154853564,0.578035736083984
20170308154853565,-2.87807998657227
20170308154853566,-0.741849517822266
20170308154853567,0.425447845458984
20170308154853568,-2.89333877563477
20170308154853569,-0.642667388916016
20170308154853570,0.356783294677734
20170308154853571,-2.90096817016602
20170308154853572,-0.429044342041016
20170308154853573,0.249971771240234
20170308154853574,-2.88570938110352
20170308154853575,-0.696073150634766
20170308154853576,0.318636322021484
20170308154853577,-2.95437393188477
20170308154853578,-0.917325592041016
20170308154853579,0.364412689208984
20170308154853580,-3.01540908813477
20170308154853581,-0.863919830322266
20170308154853582,0.417818450927734
20170308154853583,-2.92385635375977
20170308154853584,-0.787625885009766
20170308154853585,0.356783294677734
20170308154853586,-3.00015029907227
20170308154853587,-0.787625885009766
20170308154853588,0.341524505615234
20170308154853589,-2.87807998657227
20170308154853590,-1.08517227172852
20170308154853591,0.555147552490234
20170308154853592,-2.94674453735352
20170308154853593,-0.909696197509766
20170308154853594,0.372042083740234
20170308154853595,-2.93911514282227
20170308154853596,-0.856290435791016
20170308154853597,0.448336029052734
20170308154853598,-2.91622695922852
20170308154853599,-0.551114654541016
20170308154853600,0.326265716552734
20170308154853601,-2.90859756469727
20170308154853602,-0.406156158447266
20170308154853603,0.181307220458984
20170308154853604,-2.90096817016602
20170308154853605,-0.360379791259766
20170308154853606,0.0592369079589844
20170308154853607,-2.96200332641602
20170308154853608,-0.306974029541016
20170308154853609,-0.100980377197266
20170308154853610,-2.96200332641602
20170308154853611,-0.253568267822266
20170308154853612,-0.146756744384766
20170308154853613,-2.94674453735352
20170308154853614,-0.230680084228516
20170308154853615,-0.0933509826660156
20170308154853616,-2.88570938110352
20170308154853617,-0.0780921936035156
20170308154853618,-0.207791900634766
20170308154853619,-2.87045059204102
20170308154853620,0.0134605407714844
20170308154853621,-0.116239166259766
20170308154853622,-2.84756240844727
20170308154853623,-0.0857215881347656
20170308154853624,-0.390897369384766
20170308154853625,-2.92385635375977
20170308154853626,0.0516075134277344
20170308154853627,-0.238309478759766
20170308154853628,-2.99252090454102
20170308154853629,0.150789642333984
20170308154853630,-0.505338287353516
20170308154853631,-2.91622695922852
20170308154853632,0.448336029052734
20170308154853633,-0.535855865478516
20170308154853634,-2.75600967407227
20170308154853635,0.478853607177734
20170308154853636,-0.627408599853516
20170308154853637,-2.83993301391602
20170308154853638,0.394930267333984
20170308154853639,-0.680814361572266
20170308154853640,-2.85519180297852
20170308154853641,0.494112396240234
20170308154853642,-0.772367095947266
20170308154853643,-2.83993301391602
20170308154853644,0.509371185302734
20170308154853645,-0.879178619384766
20170308154853646,-2.87045059204102
20170308154853647,0.700106048583984
20170308154853648,-1.04702529907227
20170308154853649,-2.72549209594727
20170308154853650,0.806917572021484
20170308154853651,-1.13094863891602
20170308154853652,-2.74838027954102
20170308154853653,0.776399993896484
20170308154853654,-1.20724258422852
20170308154853655,-2.61868057250977
20170308154853656,0.883211517333984
20170308154853657,-1.43612442016602
20170308154853658,-2.39742813110352
20170308154853659,0.806917572021484
20170308154853660,-1.75655899047852
20170308154853661,-2.36691055297852
20170308154853662,0.814546966552734
20170308154853663,-1.77181777954102
20170308154853664,-2.29824600219727
20170308154853665,0.692476654052734
20170308154853666,-1.97781143188477
20170308154853667,-2.08462295532227
20170308154853668,0.829805755615234
20170308154853669,-2.26772842407227
20170308154853670,-1.63448867797852
20170308154853671,0.608553314208984
20170308154853672,-2.44320449829102
20170308154853673,-1.52004776000977
20170308154853674,0.761141204833984
20170308154853675,-2.74075088500977
20170308154853676,-1.28353652954102
20170308154853677,0.631441497802734
20170308154853678,-2.94674453735352
20170308154853679,-1.09280166625977
20170308154853680,0.608553314208984
20170308154853681,-2.92385635375977
20170308154853682,-1.00887832641602
20170308154853683,0.578035736083984
20170308154853684,-2.90859756469727
20170308154853685,-0.825772857666016
20170308154853686,0.455965423583984
20170308154853687,-2.96200332641602
20170308154853688,-0.978360748291016
20170308154853689,0.455965423583984
20170308154853690,-2.92385635375977
20170308154853691,-0.886808013916016
20170308154853692,0.593294525146484
20170308154853693,-2.89333877563477
20170308154853694,-0.879178619384766
20170308154853695,0.356783294677734
20170308154853696,-2.86282119750977
20170308154853697,-0.589261627197266
20170308154853698,0.280489349365234
20170308154853699,-3.00015029907227
20170308154853700,-0.207791900634766
20170308154853701,0.188936614990234
20170308154853702,-2.89333877563477
20170308154853703,-0.215421295166016
20170308154853704,0.0516075134277344
20170308154853705,-2.98489151000977
20170308154853706,-0.162015533447266
20170308154853707,-0.169644927978516
20170308154853708,-2.88570938110352
20170308154853709,0.158419036865234
20170308154853710,-0.352750396728516
20170308154853711,-2.90096817016602
20170308154853712,0.0821250915527344
20170308154853713,-0.520597076416016
20170308154853714,-2.92385635375977
20170308154853715,0.219454193115234
20170308154853716,-0.368009185791016
20170308154853717,-2.85519180297852
20170308154853718,0.440706634521484
20170308154853719,-0.299344635009766
20170308154853720,-2.90859756469727
20170308154853721,0.280489349365234
20170308154853722,-0.451932525634766
20170308154853723,-2.87045059204102
20170308154853724,0.333895111083984
20170308154853725,-0.604520416259766
20170308154853726,-2.80941543579102
20170308154853727,0.455965423583984
20170308154853728,-0.612149810791016
20170308154853729,-2.77889785766602
20170308154853730,0.608553314208984
20170308154853731,-0.909696197509766
20170308154853732,-2.79415664672852
20170308154853733,0.600923919677734
20170308154853734,-0.825772857666016
20170308154853735,-2.75600967407227
20170308154853736,0.654329681396484
20170308154853737,-0.917325592041016
20170308154853738,-2.83230361938477
20170308154853739,0.593294525146484
20170308154853740,-0.917325592041016
20170308154853741,-2.85519180297852
20170308154853742,0.455965423583984
20170308154853743,-0.795255279541016
20170308154853744,-2.87807998657227
20170308154853745,0.623812103271484
20170308154853746,-0.833402252197266
20170308154853747,-2.80941543579102
20170308154853748,0.394930267333984
20170308154853749,-0.749478912353516
20170308154853750,-2.80178604125977
20170308154853751,0.517000579833984
20170308154853752,-0.726590728759766
20170308154853753,-2.80941543579102
20170308154853754,0.532259368896484
20170308154853755,-0.657926177978516
20170308154853756,-2.88570938110352
20170308154853757,0.517000579833984
20170308154853758,-0.635037994384766
20170308154853759,-2.77889785766602
20170308154853760,0.486483001708984
20170308154853761,-0.574002838134766
20170308154853762,-2.80178604125977
20170308154853763,0.822176361083984
20170308154853764,-0.635037994384766
20170308154853765,-2.73312149047852
20170308154853766,0.722994232177734
20170308154853767,-1.02413711547852
20170308154853768,-2.81704483032227
20170308154853769,0.707735443115234
20170308154853770,-1.02413711547852
20170308154853771,-2.74838027954102
20170308154853772,0.677217864990234
20170308154853773,-0.993619537353516
20170308154853774,-2.77889785766602
20170308154853775,0.814546966552734
20170308154853776,-1.11568984985352
20170308154853777,-2.72549209594727
20170308154853778,0.837435150146484
20170308154853779,-1.26064834594727
20170308154853780,-2.63393936157227
20170308154853781,0.738253021240234
20170308154853782,-1.26064834594727
20170308154853783,-2.55764541625977
20170308154853784,0.761141204833984
20170308154853785,-1.29116592407227
20170308154853786,-2.59579238891602
20170308154853787,0.753511810302734
20170308154853788,-1.45901260375977
20170308154853789,-2.58816299438477
20170308154853790,0.944246673583984
20170308154853791,-1.32168350219727
20170308154853792,-2.64156875610352
20170308154853793,0.753511810302734
20170308154853794,-1.29879531860352
20170308154853795,-2.58816299438477
20170308154853796,0.806917572021484
20170308154853797,-1.52767715454102
20170308154853798,-2.48898086547852
20170308154853799,0.684847259521484
20170308154853800,-1.41323623657227
20170308154853801,-2.46609268188477
20170308154853802,0.799288177490234
20170308154853803,-1.55056533813477
20170308154853804,-2.48135147094727
20170308154853805,0.784029388427734
20170308154853806,-1.65737686157227
20170308154853807,-2.32876358032227
20170308154853808,0.722994232177734
20170308154853809,-1.83285293579102
20170308154853810,-2.06936416625977
20170308154853811,0.768770599365234
20170308154853812,-2.25246963500977
20170308154853813,-1.64974746704102
20170308154853814,0.875582122802734
20170308154853815,-2.60342178344727
20170308154853816,-1.40560684204102
20170308154853817,0.791658782958984
20170308154853818,-2.93911514282227
20170308154853819,-1.07754287719727
20170308154853820,0.593294525146484
20170308154853821,-2.96200332641602
20170308154853822,-0.703702545166016
20170308154853823,0.578035736083984
20170308154853824,-2.92385635375977
20170308154853825,-0.596891021728516
20170308154853826,0.234712982177734
20170308154853827,-3.00777969360352
20170308154853828,-0.360379791259766
20170308154853829,-0.0552040100097656
20170308154853830,-3.01540908813477
20170308154853831,-0.0475746154785156
20170308154853832,-0.322232818603516
20170308154853833,-2.87807998657227
20170308154853834,0.249971771240234
20170308154853835,-0.520597076416016
20170308154853836,-2.93911514282227
20170308154853837,0.455965423583984
20170308154853838,-0.543485260009766
20170308154853839,-2.86282119750977
20170308154853840,0.784029388427734
20170308154853841,-0.978360748291016
20170308154853842,-2.75600967407227
20170308154853843,0.837435150146484
20170308154853844,-1.37508926391602
20170308154853845,-2.68734512329102
20170308154853846,0.784029388427734
20170308154853847,-1.45901260375977
20170308154853848,-2.48135147094727
20170308154853849,0.867952728271484
20170308154853850,-1.77181777954102
20170308154853851,-2.33639297485352
20170308154853852,0.852693939208984
20170308154853853,-1.92440567016602
20170308154853854,-2.18380508422852
20170308154853855,0.692476654052734
20170308154853856,-1.96255264282227
20170308154853857,-2.26009902954102
20170308154853858,0.616182708740234
20170308154853859,-1.83285293579102
20170308154853860,-2.26009902954102
20170308154853861,0.837435150146484
20170308154853862,-1.93966445922852
20170308154853863,-2.13802871704102
20170308154853864,0.669588470458984
20170308154853865,-1.90151748657227
20170308154853866,-2.22958145141602
20170308154853867,0.631441497802734
20170308154853868,-1.74130020141602
20170308154853869,-2.35165176391602
20170308154853870,0.745882415771484
20170308154853871,-1.87862930297852
20170308154853872,-2.20669326782227
20170308154853873,0.715364837646484
20170308154853874,-1.90914688110352
20170308154853875,-2.03121719360352
20170308154853876,0.616182708740234
20170308154853877,-1.85574111938477
20170308154853878,-2.14565811157227
20170308154853879,0.677217864990234
20170308154853880,-1.95492324829102
20170308154853881,-2.06173477172852
20170308154853882,0.730623626708984
20170308154853883,-2.08462295532227
20170308154853884,-1.87099990844727
20170308154853885,0.776399993896484
20170308154853886,-2.30587539672852
20170308154853887,-1.84811172485352
20170308154853888,0.707735443115234
20170308154853889,-2.39742813110352
20170308154853890,-1.62685928344727
20170308154853891,0.867952728271484
20170308154853892,-2.39742813110352
20170308154853893,-1.55819473266602
20170308154853894,0.776399993896484
20170308154853895,-2.67971572875977
20170308154853896,-1.50478897094727
20170308154853897,0.837435150146484
20170308154853898,-2.58053359985352
20170308154853899,-1.42086563110352
20170308154853900,0.753511810302734
20170308154853901,-2.85519180297852
20170308154853902,-1.27590713500977
20170308154853903,0.738253021240234
20170308154853904,-2.80941543579102
20170308154853905,-1.22250137329102
20170308154853906,0.692476654052734
20170308154853907,-2.87807998657227
20170308154853908,-1.23776016235352
20170308154853909,0.532259368896484
20170308154853910,-2.77126846313477
20170308154853911,-1.24538955688477
20170308154853912,0.539888763427734
20170308154853913,-2.89333877563477
20170308154853914,-1.20724258422852
20170308154853915,0.722994232177734
20170308154853916,-2.88570938110352
20170308154853917,-1.13857803344727
20170308154853918,0.501741790771484
20170308154853919,-2.99252090454102
20170308154853920,-0.909696197509766
20170308154853921,0.417818450927734
20170308154853922,-2.93911514282227
20170308154853923,-0.772367095947266
20170308154853924,0.364412689208984
20170308154853925,-2.96200332641602
20170308154853926,-0.711331939697266
20170308154853927,0.265230560302734
20170308154853928,-2.96963272094727
20170308154853929,-0.696073150634766
20170308154853930,0.280489349365234
20170308154853931,-2.89333877563477
20170308154853932,-0.635037994384766
20170308154853933,0.249971771240234
20170308154853934,-2.96963272094727
20170308154853935,-0.436673736572266
20170308154853936,0.0897544860839844
20170308154853937,-2.95437393188477
20170308154853938,-0.345121002197266
20170308154853939,0.188936614990234
20170308154853940,-2.87045059204102
20170308154853941,-0.245938873291016
20170308154853942,-0.0704627990722656
20170308154853943,-2.86282119750977
20170308154853944,-0.192533111572266
20170308154853945,-0.245938873291016
20170308154853946,-2.95437393188477
20170308154853947,0.0439781188964844
20170308154853948,-0.261197662353516
20170308154853949,-2.87045059204102
20170308154853950,0.166048431396484
20170308154853951,-0.429044342041016
20170308154853952,-2.83993301391602
20170308154853953,0.562776947021484
20170308154853954,-0.757108306884766
20170308154853955,-2.88570938110352
20170308154853956,0.669588470458984
20170308154853957,-0.970731353759766
20170308154853958,-2.77126846313477
20170308154853959,0.906099700927734
20170308154853960,-1.06228408813477
20170308154853961,-2.77126846313477
20170308154853962,0.822176361083984
20170308154853963,-1.18435440063477
20170308154853964,-2.63393936157227
20170308154853965,0.768770599365234
20170308154853966,-1.45138320922852
20170308154853967,-2.52712783813477
20170308154853968,0.753511810302734
20170308154853969,-1.69552383422852
20170308154853970,-2.36691055297852
20170308154853971,0.806917572021484
20170308154853972,-2.01595840454102
20170308154853973,-2.05410537719727
20170308154853974,0.745882415771484
20170308154853975,-2.19906387329102
20170308154853976,-1.80996475219727
20170308154853977,0.745882415771484
20170308154853978,-2.41268692016602
20170308154853979,-1.66500625610352
20170308154853980,0.677217864990234
20170308154853981,-2.58816299438477
20170308154853982,-1.69552383422852
20170308154853983,0.608553314208984
20170308154853984,-2.56527481079102
20170308154853985,-1.44375381469727
20170308154853986,0.654329681396484
20170308154853987,-2.65682754516602
20170308154853988,-1.22250137329102
20170308154853989,0.623812103271484
20170308154853990,-2.96200332641602
20170308154853991,-0.841031646728516
20170308154853992,0.593294525146484
20170308154853993,-2.96963272094727
20170308154853994,-0.657926177978516
20170308154853995,0.532259368896484
20170308154853996,-2.93911514282227
20170308154853997,-0.482450103759766
20170308154853998,0.211824798583984
20170308154853999,-2.92385635375977
20170308154854000,-0.482450103759766
20170308154854001,0.0897544860839844
20170308154854002,-2.92385635375977
20170308154854003,-0.0857215881347656
20170308154854004,-0.139127349853516
20170308154854005,-2.93148574829102
20170308154854006,-0.284085845947266
20170308154854007,-0.162015533447266
20170308154854008,-2.99252090454102
20170308154854009,-0.238309478759766
20170308154854010,-0.0475746154785156
20170308154854011,-2.88570938110352
20170308154854012,-0.0857215881347656
20170308154854013,-0.146756744384766
20170308154854014,-2.88570938110352
20170308154854015,-0.162015533447266
20170308154854016,-0.0094276428222656
20170308154854017,-2.90859756469727
20170308154854018,-0.139127349853516
20170308154854019,-0.177274322509766
20170308154854020,-2.93911514282227
20170308154854021,-0.177274322509766
20170308154854022,-0.245938873291016
20170308154854023,-2.94674453735352
20170308154854024,-0.0246864318847656
20170308154854025,-0.116239166259766
20170308154854026,-2.96963272094727
20170308154854027,-0.131497955322266
20170308154854028,-0.0704627990722656
20170308154854029,-2.93911514282227
20170308154854030,0.127901458740234
20170308154854031,-0.299344635009766
20170308154854032,-2.81704483032227
20170308154854033,0.0210899353027344
20170308154854034,-0.284085845947266
20170308154854035,-2.80178604125977
20170308154854036,-0.108609771728516
20170308154854037,-0.184903717041016
20170308154854038,-2.85519180297852
20170308154854039,-0.207791900634766
20170308154854040,-0.0246864318847656
20170308154854041,-2.87045059204102
20170308154854042,-0.162015533447266
20170308154854043,0.0134605407714844
20170308154854044,-2.91622695922852
20170308154854045,-0.200162506103516
20170308154854046,-0.299344635009766
20170308154854047,-2.92385635375977
20170308154854048,0.0821250915527344
20170308154854049,-0.154386138916016
20170308154854050,-2.86282119750977
20170308154854051,-0.0017982482910156
20170308154854052,-0.154386138916016
20170308154854053,-2.84756240844727
20170308154854054,-0.0552040100097656
20170308154854055,-0.337491607666016
20170308154854056,-2.96200332641602
20170308154854057,0.112642669677734
20170308154854058,-0.291715240478516
20170308154854059,-2.91622695922852
20170308154854060,-0.0628334045410156
20170308154854061,-0.223050689697266
20170308154854062,-2.96200332641602
20170308154854063,0.234712982177734
20170308154854064,-0.581632232666016
20170308154854065,-2.90096817016602
20170308154854066,0.570406341552734
20170308154854067,-0.734220123291016
20170308154854068,-2.88570938110352
20170308154854069,0.539888763427734
20170308154854070,-0.726590728759766
20170308154854071,-2.87045059204102
20170308154854072,0.585665130615234
20170308154854073,-0.810514068603516
20170308154854074,-2.80178604125977
20170308154854075,0.524629974365234
20170308154854076,-0.802884674072266
20170308154854077,-2.90859756469727
20170308154854078,0.684847259521484
20170308154854079,-1.05465469360352
20170308154854080,-2.79415664672852
20170308154854081,0.898470306396484
20170308154854082,-1.29879531860352
20170308154854083,-2.59579238891602
20170308154854084,0.822176361083984
20170308154854085,-1.59634170532227
20170308154854086,-2.48135147094727
20170308154854087,0.745882415771484
20170308154854088,-1.64211807250977
20170308154854089,-2.35165176391602
20170308154854090,0.738253021240234
20170308154854091,-1.81759414672852
20170308154854092,-2.34402236938477
20170308154854093,0.639070892333984
20170308154854094,-1.76418838500977
20170308154854095,-2.35928115844727
20170308154854096,0.661959075927734
20170308154854097,-1.93203506469727
20170308154854098,-2.17617568969727
20170308154854099,0.677217864990234
20170308154854100,-2.33639297485352
20170308154854101,-1.81759414672852
20170308154854102,0.654329681396484
20170308154854103,-2.48135147094727
20170308154854104,-1.45138320922852
20170308154854105,0.669588470458984
20170308154854106,-2.67971572875977
20170308154854107,-1.42086563110352
20170308154854108,0.661959075927734
20170308154854109,-3.00777969360352
20170308154854110,-1.05465469360352
20170308154854111,0.478853607177734
20170308154854112,-3.07644424438477
20170308154854113,-0.703702545166016
20170308154854114,0.356783294677734
20170308154854115,-3.04592666625977
20170308154854116,-0.505338287353516
20170308154854117,0.112642669677734
20170308154854118,-3.09170303344727
20170308154854119,-0.200162506103516
20170308154854120,-0.131497955322266
20170308154854121,-2.97726211547852
20170308154854122,-0.139127349853516
20170308154854123,-0.360379791259766
20170308154854124,-2.91622695922852
20170308154854125,0.0287193298339844
20170308154854126,-0.207791900634766
20170308154854127,-2.93911514282227
20170308154854128,0.0363487243652344
20170308154854129,-0.429044342041016
20170308154854130,-2.93911514282227
20170308154854131,0.295748138427734
20170308154854132,-0.718961334228516
20170308154854133,-2.95437393188477
20170308154854134,0.555147552490234
20170308154854135,-0.932584381103516
20170308154854136,-2.88570938110352
20170308154854137,0.806917572021484
20170308154854138,-1.08517227172852
20170308154854139,-2.82467422485352
20170308154854140,0.669588470458984
20170308154854141,-1.10043106079102
20170308154854142,-2.87045059204102
20170308154854143,0.852693939208984
20170308154854144,-1.19961318969727
20170308154854145,-2.76363906860352
20170308154854146,0.677217864990234
20170308154854147,-1.10043106079102
20170308154854148,-2.80941543579102
20170308154854149,0.730623626708984
20170308154854150,-1.22250137329102
20170308154854151,-2.65682754516602
20170308154854152,0.707735443115234
20170308154854153,-1.12331924438477
20170308154854154,-2.76363906860352
20170308154854155,0.944246673583984
20170308154854156,-1.22250137329102
20170308154854157,-2.71023330688477
20170308154854158,0.768770599365234
20170308154854159,-1.44375381469727
20170308154854160,-2.65682754516602
20170308154854161,0.829805755615234
20170308154854162,-1.42086563110352
20170308154854163,-2.61105117797852
20170308154854164,0.776399993896484
20170308154854165,-1.63448867797852
20170308154854166,-2.51949844360352
20170308154854167,0.677217864990234
20170308154854168,-1.61922988891602
20170308154854169,-2.43557510375977
20170308154854170,0.776399993896484
20170308154854171,-1.45901260375977
20170308154854172,-2.61868057250977
20170308154854173,0.684847259521484
20170308154854174,-1.21487197875977
20170308154854175,-2.63393936157227
20170308154854176,0.738253021240234
20170308154854177,-1.25301895141602
20170308154854178,-2.63393936157227
20170308154854179,0.745882415771484
20170308154854180,-1.42849502563477
20170308154854181,-2.53475723266602
20170308154854182,0.707735443115234
20170308154854183,-1.65737686157227
20170308154854184,-2.45083389282227
20170308154854185,0.646700286865234
20170308154854186,-1.71841201782227
20170308154854187,-2.36691055297852
20170308154854188,0.684847259521484
20170308154854189,-1.95492324829102
20170308154854190,-2.18380508422852
20170308154854191,0.867952728271484
20170308154854192,-2.01595840454102
20170308154854193,-2.06936416625977
20170308154854194,0.623812103271484
20170308154854195,-2.20669326782227
20170308154854196,-1.77944717407227
20170308154854197,0.639070892333984
20170308154854198,-2.40505752563477
20170308154854199,-1.72604141235352
20170308154854200,0.677217864990234
20170308154854201,-2.32876358032227
20170308154854202,-1.74130020141602
20170308154854203,0.860323333740234
20170308154854204,-2.40505752563477
20170308154854205,-1.56582412719727
20170308154854206,0.822176361083984
20170308154854207,-2.45846328735352
20170308154854208,-1.48190078735352
20170308154854209,0.822176361083984
20170308154854210,-2.57290420532227
20170308154854211,-1.52004776000977
20170308154854212,0.745882415771484
20170308154854213,-2.74838027954102
20170308154854214,-1.39034805297852
20170308154854215,0.639070892333984
20170308154854216,-2.63393936157227
20170308154854217,-1.37508926391602
20170308154854218,0.677217864990234
20170308154854219,-2.86282119750977
20170308154854220,-1.06991348266602
20170308154854221,0.532259368896484
20170308154854222,-2.93911514282227
20170308154854223,-0.871549224853516
20170308154854224,0.364412689208984
20170308154854225,-3.01540908813477
20170308154854226,-0.787625885009766
20170308154854227,0.265230560302734
20170308154854228,-3.06118545532227
20170308154854229,-0.894437408447266
20170308154854230,0.333895111083984
20170308154854231,-3.03066787719727
20170308154854232,-0.810514068603516
20170308154854233,0.440706634521484
20170308154854234,-2.98489151000977
20170308154854235,-0.757108306884766
20170308154854236,0.326265716552734
20170308154854237,-2.93911514282227
20170308154854238,-0.520597076416016
20170308154854239,0.158419036865234
20170308154854240,-3.05355606079102
20170308154854241,-0.329862213134766
20170308154854242,-0.0857215881347656
20170308154854243,-2.96200332641602
20170308154854244,-0.169644927978516
20170308154854245,-0.215421295166016
20170308154854246,-2.98489151000977
20170308154854247,-0.238309478759766
20170308154854248,-0.207791900634766
20170308154854249,-2.98489151000977
20170308154854250,-0.0246864318847656
20170308154854251,-0.268827056884766
20170308154854252,-2.81704483032227
20170308154854253,0.173677825927734
20170308154854254,-0.337491607666016
20170308154854255,-2.91622695922852
20170308154854256,0.249971771240234
20170308154854257,-0.512967681884766
20170308154854258,-2.92385635375977
20170308154854259,0.593294525146484
20170308154854260,-0.757108306884766
20170308154854261,-2.91622695922852
20170308154854262,0.829805755615234
20170308154854263,-1.00124893188477
20170308154854264,-2.74075088500977
20170308154854265,1.01291122436523
20170308154854266,-1.30642471313477
20170308154854267,-2.63393936157227
20170308154854268,0.730623626708984
20170308154854269,-1.39034805297852
20170308154854270,-2.62630996704102
20170308154854271,0.768770599365234
20170308154854272,-1.39034805297852
20170308154854273,-2.56527481079102
20170308154854274,0.730623626708984
20170308154854275,-1.36745986938477
20170308154854276,-2.51949844360352
20170308154854277,0.715364837646484
20170308154854278,-1.81759414672852
20170308154854279,-2.26772842407227
20170308154854280,0.784029388427734
20170308154854281,-1.94729385375977
20170308154854282,-2.14565811157227
20170308154854283,0.593294525146484
20170308154854284,-2.08462295532227
20170308154854285,-2.02358779907227
20170308154854286,0.776399993896484
20170308154854287,-2.26009902954102
20170308154854288,-2.01595840454102
20170308154854289,0.822176361083984
20170308154854290,-2.19143447875977
20170308154854291,-2.00069961547852
20170308154854292,0.707735443115234
20170308154854293,-2.24484024047852
20170308154854294,-1.80996475219727
20170308154854295,0.669588470458984
20170308154854296,-2.39742813110352
20170308154854297,-1.64211807250977
20170308154854298,0.700106048583984
20170308154854299,-2.50423965454102
20170308154854300,-1.42086563110352
20170308154854301,0.608553314208984
20170308154854302,-2.71023330688477
20170308154854303,-1.33694229125977
20170308154854304,0.654329681396484
20170308154854305,-2.62630996704102
20170308154854306,-1.52767715454102
20170308154854307,0.517000579833984
20170308154854308,-2.61105117797852
20170308154854309,-1.55819473266602
20170308154854310,0.585665130615234
20170308154854311,-2.40505752563477
20170308154854312,-1.63448867797852
20170308154854313,0.654329681396484
20170308154854314,-2.30587539672852
20170308154854315,-1.78707656860352
20170308154854316,0.791658782958984
20170308154854317,-2.31350479125977
20170308154854318,-1.68789443969727
20170308154854319,0.623812103271484
20170308154854320,-2.32113418579102
20170308154854321,-1.64211807250977
20170308154854322,0.692476654052734
20170308154854323,-2.70260391235352
20170308154854324,-1.35220108032227
20170308154854325,0.661959075927734
20170308154854326,-2.79415664672852
20170308154854327,-1.32931289672852
20170308154854328,0.654329681396484
20170308154854329,-3.00777969360352
20170308154854330,-1.07754287719727
20170308154854331,0.692476654052734
20170308154854332,-2.94674453735352
20170308154854333,-0.955472564697266
20170308154854334,0.372042083740234
20170308154854335,-2.94674453735352
20170308154854336,-0.726590728759766
20170308154854337,0.593294525146484
20170308154854338,-2.89333877563477
20170308154854339,-0.619779205322266
20170308154854340,0.394930267333984
20170308154854341,-2.91622695922852
20170308154854342,-0.581632232666016
20170308154854343,0.249971771240234
20170308154854344,-2.88570938110352
20170308154854345,-0.512967681884766
20170308154854346,0.166048431396484
20170308154854347,-2.95437393188477
20170308154854348,-0.520597076416016
20170308154854349,0.188936614990234
20170308154854350,-2.98489151000977
20170308154854351,-0.741849517822266
20170308154854352,0.227083587646484
20170308154854353,-3.00777969360352
20170308154854354,-0.635037994384766
20170308154854355,0.242342376708984
20170308154854356,-2.96963272094727
20170308154854357,-0.619779205322266
20170308154854358,0.364412689208984
20170308154854359,-3.01540908813477
20170308154854360,-0.604520416259766
20170308154854361,0.410189056396484
20170308154854362,-2.98489151000977
20170308154854363,-0.482450103759766
20170308154854364,0.0897544860839844
20170308154854365,-2.94674453735352
20170308154854366,-0.429044342041016
20170308154854367,-0.0246864318847656
20170308154854368,-3.00777969360352
20170308154854369,-0.162015533447266
20170308154854370,-0.245938873291016
20170308154854371,-2.97726211547852
20170308154854372,-0.215421295166016
20170308154854373,-0.0323158264160156
20170308154854374,-2.95437393188477
20170308154854375,-0.215421295166016
20170308154854376,-0.184903717041016
20170308154854377,-2.98489151000977
20170308154854378,0.135530853271484
20170308154854379,-0.413785552978516
20170308154854380,-2.89333877563477
20170308154854381,0.150789642333984
20170308154854382,-0.245938873291016
20170308154854383,-2.93148574829102
20170308154854384,0.333895111083984
20170308154854385,-0.535855865478516
20170308154854386,-2.86282119750977
20170308154854387,0.341524505615234
20170308154854388,-0.429044342041016
20170308154854389,-2.81704483032227
20170308154854390,0.494112396240234
20170308154854391,-0.757108306884766
20170308154854392,-2.85519180297852
20170308154854393,0.532259368896484
20170308154854394,-0.749478912353516
20170308154854395,-2.88570938110352
20170308154854396,0.692476654052734
20170308154854397,-0.810514068603516
20170308154854398,-2.86282119750977
20170308154854399,0.845064544677734
20170308154854400,-1.22250137329102
20170308154854401,-2.75600967407227
20170308154854402,0.837435150146484
20170308154854403,-1.45901260375977
20170308154854404,-2.60342178344727
20170308154854405,0.715364837646484
20170308154854406,-1.74130020141602
20170308154854407,-2.35165176391602
20170308154854408,0.829805755615234
20170308154854409,-2.19143447875977
20170308154854410,-2.04647598266602
20170308154854411,0.753511810302734
20170308154854412,-2.38979873657227
20170308154854413,-1.58108291625977
20170308154854414,0.669588470458984
20170308154854415,-2.48898086547852
20170308154854416,-1.64974746704102
20170308154854417,0.654329681396484
20170308154854418,-2.62630996704102
20170308154854419,-1.33694229125977
20170308154854420,0.715364837646484
20170308154854421,-2.99252090454102
20170308154854422,-1.03176651000977
20170308154854423,0.478853607177734
20170308154854424,-3.01540908813477
20170308154854425,-0.902066802978516
20170308154854426,0.578035736083984
20170308154854427,-2.96963272094727
20170308154854428,-0.863919830322266
20170308154854429,0.517000579833984
20170308154854430,-2.93148574829102
20170308154854431,-0.680814361572266
20170308154854432,0.372042083740234
20170308154854433,-2.87807998657227
20170308154854434,-0.741849517822266
20170308154854435,0.387300872802734
20170308154854436,-2.93911514282227
20170308154854437,-0.543485260009766
20170308154854438,0.410189056396484
20170308154854439,-2.93148574829102
20170308154854440,-0.566373443603516
20170308154854441,0.219454193115234
20170308154854442,-2.90096817016602
20170308154854443,-0.574002838134766
20170308154854444,0.318636322021484
20170308154854445,-2.89333877563477
20170308154854446,-0.566373443603516
20170308154854447,0.150789642333984
20170308154854448,-2.96200332641602
20170308154854449,-0.245938873291016
20170308154854450,-0.0323158264160156
20170308154854451,-3.04592666625977
20170308154854452,-0.123868560791016
20170308154854453,-0.0094276428222656
20170308154854454,-2.93148574829102
20170308154854455,-0.0246864318847656
20170308154854456,-0.207791900634766
20170308154854457,-2.91622695922852
20170308154854458,0.0897544860839844
20170308154854459,-0.383267974853516
20170308154854460,-2.93148574829102
20170308154854461,0.120272064208984
20170308154854462,-0.268827056884766
20170308154854463,-2.84756240844727
20170308154854464,0.394930267333984
20170308154854465,-0.490079498291016
20170308154854466,-2.82467422485352
20170308154854467,0.311006927490234
20170308154854468,-0.360379791259766
20170308154854469,-2.86282119750977
20170308154854470,0.181307220458984
20170308154854471,-0.520597076416016
20170308154854472,-2.81704483032227
20170308154854473,0.173677825927734
20170308154854474,-0.329862213134766
20170308154854475,-2.83993301391602
20170308154854476,0.333895111083984
20170308154854477,-0.551114654541016
20170308154854478,-2.90096817016602
20170308154854479,0.227083587646484
20170308154854480,-0.558744049072266
20170308154854481,-2.85519180297852
20170308154854482,0.181307220458984
20170308154854483,-0.467191314697266
20170308154854484,-2.91622695922852
20170308154854485,-0.0857215881347656
20170308154854486,-0.268827056884766
20170308154854487,-2.99252090454102
20170308154854488,-0.0323158264160156
20170308154854489,-0.360379791259766
20170308154854490,-2.89333877563477
20170308154854491,0.0821250915527344
20170308154854492,-0.490079498291016
20170308154854493,-2.90096817016602
20170308154854494,0.211824798583984
20170308154854495,-0.512967681884766
20170308154854496,-2.89333877563477
20170308154854497,0.356783294677734
20170308154854498,-0.398526763916016
20170308154854499,-2.87045059204102
20170308154854500,0.341524505615234
20170308154854501,-0.543485260009766
20170308154854502,-2.87807998657227
20170308154854503,0.486483001708984
20170308154854504,-0.841031646728516
20170308154854505,-2.87045059204102
20170308154854506,0.616182708740234
20170308154854507,-0.970731353759766
20170308154854508,-2.83993301391602
20170308154854509,0.600923919677734
20170308154854510,-1.04702529907227
20170308154854511,-2.83993301391602
20170308154854512,0.852693939208984
20170308154854513,-1.34457168579102
20170308154854514,-2.56527481079102
20170308154854515,0.951876068115234
20170308154854516,-1.63448867797852
20170308154854517,-2.34402236938477
20170308154854518,0.860323333740234
20170308154854519,-2.05410537719727
20170308154854520,-2.14565811157227
20170308154854521,0.639070892333984
20170308154854522,-1.99307022094727
20170308154854523,-2.04647598266602
20170308154854524,0.654329681396484
20170308154854525,-2.13039932250977
20170308154854526,-2.01595840454102
20170308154854527,0.753511810302734
20170308154854528,-2.41268692016602
20170308154854529,-1.69552383422852
20170308154854530,0.661959075927734
20170308154854531,-2.61868057250977
20170308154854532,-1.50478897094727
20170308154854533,0.631441497802734
20170308154854534,-2.85519180297852
20170308154854535,-1.27590713500977
20170308154854536,0.745882415771484
20170308154854537,-3.07644424438477
20170308154854538,-0.970731353759766
20170308154854539,0.471224212646484
20170308154854540,-3.03829727172852
20170308154854541,-0.955472564697266
20170308154854542,0.585665130615234
20170308154854543,-2.99252090454102
20170308154854544,-0.917325592041016
20170308154854545,0.372042083740234
20170308154854546,-3.00015029907227
20170308154854547,-0.894437408447266
20170308154854548,0.532259368896484
20170308154854549,-2.93148574829102
20170308154854550,-0.360379791259766
20170308154854551,0.143160247802734
20170308154854552,-2.87045059204102
20170308154854553,-0.284085845947266
20170308154854554,0.0439781188964844
20170308154854555,-3.03066787719727
20170308154854556,-0.200162506103516
20170308154854557,-0.154386138916016
20170308154854558,-2.95437393188477
20170308154854559,0.0668663024902344
20170308154854560,-0.360379791259766
20170308154854561,-2.87807998657227
20170308154854562,0.204195404052734
20170308154854563,-0.551114654541016
20170308154854564,-2.90859756469727
20170308154854565,0.288118743896484
20170308154854566,-0.558744049072266
20170308154854567,-2.79415664672852
20170308154854568,0.227083587646484
20170308154854569,-0.337491607666016
20170308154854570,-2.87045059204102
20170308154854571,0.494112396240234
20170308154854572,-0.558744049072266
20170308154854573,-2.90859756469727
20170308154854574,0.356783294677734
20170308154854575,-0.787625885009766
20170308154854576,-2.92385635375977
20170308154854577,0.555147552490234
20170308154854578,-0.779996490478516
20170308154854579,-2.91622695922852
20170308154854580,0.501741790771484
20170308154854581,-0.856290435791016
20170308154854582,-2.92385635375977
20170308154854583,0.448336029052734
20170308154854584,-0.863919830322266
20170308154854585,-2.90096817016602
20170308154854586,0.784029388427734
20170308154854587,-0.932584381103516
20170308154854588,-2.84756240844727
20170308154854589,0.799288177490234
20170308154854590,-0.940213775634766
20170308154854591,-2.80178604125977
20170308154854592,0.829805755615234
20170308154854593,-1.03176651000977
20170308154854594,-2.78652725219727
20170308154854595,0.661959075927734
20170308154854596,-1.03939590454102
20170308154854597,-2.79415664672852
20170308154854598,0.745882415771484
20170308154854599,-1.12331924438477
20170308154854600,-2.66445693969727
20170308154854601,1.05868759155273
20170308154854602,-1.07754287719727
20170308154854603,-2.57290420532227
20170308154854604,0.745882415771484
20170308154854605,-1.09280166625977
20170308154854606,-2.73312149047852
20170308154854607,0.677217864990234
20170308154854608,-1.07754287719727
20170308154854609,-2.77889785766602
20170308154854610,0.890840911865234
20170308154854611,-1.11568984985352
20170308154854612,-2.77889785766602
20170308154854613,0.791658782958984
20170308154854614,-1.06228408813477
20170308154854615,-2.70260391235352
20170308154854616,0.669588470458984
20170308154854617,-1.18435440063477
20170308154854618,-2.71023330688477
20170308154854619,0.799288177490234
20170308154854620,-1.10806045532227
20170308154854621,-2.71023330688477
20170308154854622,0.875582122802734
20170308154854623,-1.20724258422852
20170308154854624,-2.66445693969727
20170308154854625,0.692476654052734
20170308154854626,-1.29116592407227
20170308154854627,-2.58053359985352
20170308154854628,0.791658782958984
20170308154854629,-1.31405410766602
20170308154854630,-2.58816299438477
20170308154854631,0.715364837646484
20170308154854632,-1.13094863891602
20170308154854633,-2.49661026000977
20170308154854634,0.784029388427734
20170308154854635,-1.13857803344727
20170308154854636,-2.55764541625977
20170308154854637,0.722994232177734
20170308154854638,-1.21487197875977
20170308154854639,-2.51949844360352
20170308154854640,0.913729095458984
20170308154854641,-1.62685928344727
20170308154854642,-2.47372207641602
20170308154854643,0.906099700927734
20170308154854644,-1.76418838500977
20170308154854645,-2.38216934204102
20170308154854646,0.776399993896484
20170308154854647,-1.85574111938477
20170308154854648,-2.26009902954102
20170308154854649,0.677217864990234
20170308154854650,-1.88625869750977
20170308154854651,-2.17617568969727
20170308154854652,0.829805755615234
20170308154854653,-2.00069961547852
20170308154854654,-1.83285293579102
20170308154854655,0.646700286865234
20170308154854656,-2.25246963500977
20170308154854657,-1.80996475219727
20170308154854658,0.654329681396484
20170308154854659,-2.20669326782227
20170308154854660,-1.81759414672852
20170308154854661,0.852693939208984
20170308154854662,-2.51186904907227
20170308154854663,-1.52767715454102
20170308154854664,0.684847259521484
20170308154854665,-2.66445693969727
20170308154854666,-1.35983047485352
20170308154854667,0.806917572021484
20170308154854668,-2.75600967407227
20170308154854669,-1.26064834594727
20170308154854670,0.730623626708984
20170308154854671,-2.94674453735352
20170308154854672,-1.13094863891602
20170308154854673,0.654329681396484
20170308154854674,-2.93148574829102
20170308154854675,-1.11568984985352
20170308154854676,0.509371185302734
20170308154854677,-2.95437393188477
20170308154854678,-0.696073150634766
20170308154854679,0.547518157958984
20170308154854680,-2.85519180297852
20170308154854681,-0.711331939697266
20170308154854682,0.364412689208984
20170308154854683,-2.93148574829102
20170308154854684,-0.551114654541016
20170308154854685,0.234712982177734
20170308154854686,-2.96963272094727
20170308154854687,-0.291715240478516
20170308154854688,0.0516075134277344
20170308154854689,-2.95437393188477
20170308154854690,-0.131497955322266
20170308154854691,-0.146756744384766
20170308154854692,-2.88570938110352
20170308154854693,-0.0475746154785156
20170308154854694,-0.291715240478516
20170308154854695,-2.87807998657227
20170308154854696,0.249971771240234
20170308154854697,-0.535855865478516
20170308154854698,-2.91622695922852
20170308154854699,0.478853607177734
20170308154854700,-0.734220123291016
20170308154854701,-2.85519180297852
20170308154854702,0.921358489990234
20170308154854703,-1.15383682250977
20170308154854704,-2.65682754516602
20170308154854705,0.921358489990234
20170308154854706,-1.31405410766602
20170308154854707,-2.55764541625977
20170308154854708,0.852693939208984
20170308154854709,-1.64211807250977
20170308154854710,-2.40505752563477
20170308154854711,0.730623626708984
20170308154854712,-1.78707656860352
20170308154854713,-2.19143447875977
20170308154854714,0.722994232177734
20170308154854715,-2.09988174438477
20170308154854716,-1.84811172485352
20170308154854717,0.829805755615234
20170308154854718,-2.31350479125977
20170308154854719,-1.69552383422852
20170308154854720,0.784029388427734
20170308154854721,-2.48898086547852
20170308154854722,-1.45901260375977
20170308154854723,0.707735443115234
20170308154854724,-2.76363906860352
20170308154854725,-1.40560684204102
20170308154854726,0.753511810302734
20170308154854727,-2.86282119750977
20170308154854728,-1.21487197875977
20170308154854729,0.486483001708984
20170308154854730,-2.78652725219727
20170308154854731,-1.19198379516602
20170308154854732,0.600923919677734
20170308154854733,-2.85519180297852
20170308154854734,-1.12331924438477
20170308154854735,0.631441497802734
20170308154854736,-2.87807998657227
20170308154854737,-1.22250137329102
20170308154854738,0.600923919677734
20170308154854739,-2.92385635375977
20170308154854740,-1.03176651000977
20170308154854741,0.517000579833984
20170308154854742,-2.90859756469727
20170308154854743,-0.955472564697266
20170308154854744,0.471224212646484
20170308154854745,-3.04592666625977
20170308154854746,-0.963101959228516
20170308154854747,0.448336029052734
20170308154854748,-2.94674453735352
20170308154854749,-0.955472564697266
20170308154854750,0.570406341552734
20170308154854751,-2.98489151000977
20170308154854752,-0.779996490478516
20170308154854753,0.326265716552734
20170308154854754,-2.96200332641602
20170308154854755,-0.520597076416016
20170308154854756,0.0668663024902344
20170308154854757,-3.06118545532227
20170308154854758,-0.276456451416016
20170308154854759,-0.123868560791016
20170308154854760,-2.97726211547852
20170308154854761,-0.100980377197266
20170308154854762,-0.0857215881347656
20170308154854763,-2.90859756469727
20170308154854764,-0.131497955322266
20170308154854765,-0.207791900634766
20170308154854766,-2.83230361938477
20170308154854767,0.0363487243652344
20170308154854768,-0.276456451416016
20170308154854769,-2.86282119750977
20170308154854770,-0.0552040100097656
20170308154854771,-0.177274322509766
20170308154854772,-2.93911514282227
20170308154854773,-0.268827056884766
20170308154854774,0.105013275146484
20170308154854775,-2.87807998657227
20170308154854776,-0.245938873291016
20170308154854777,-0.0323158264160156
20170308154854778,-2.89333877563477
20170308154854779,-0.368009185791016
20170308154854780,0.0134605407714844
20170308154854781,-2.90859756469727
20170308154854782,-0.207791900634766
20170308154854783,-0.0399452209472656
20170308154854784,-2.95437393188477
20170308154854785,-0.207791900634766
20170308154854786,-0.0552040100097656
20170308154854787,-2.96963272094727
20170308154854788,-0.0552040100097656
20170308154854789,-0.215421295166016
20170308154854790,-2.92385635375977
20170308154854791,-0.200162506103516
20170308154854792,-0.314603424072266
20170308154854793,-2.90096817016602
20170308154854794,0.181307220458984
20170308154854795,-0.482450103759766
20170308154854796,-2.87807998657227
20170308154854797,0.166048431396484
20170308154854798,-0.398526763916016
20170308154854799,-2.85519180297852
20170308154854800,0.0897544860839844
20170308154854801,-0.390897369384766
20170308154854802,-2.83993301391602
20170308154854803,0.318636322021484
20170308154854804,-0.535855865478516
20170308154854805,-2.83230361938477
20170308154854806,0.417818450927734
20170308154854807,-0.696073150634766
20170308154854808,-2.93148574829102
20170308154854809,0.272859954833984
20170308154854810,-0.589261627197266
20170308154854811,-2.77889785766602
20170308154854812,0.600923919677734
20170308154854813,-0.535855865478516
20170308154854814,-2.83230361938477
20170308154854815,0.692476654052734
20170308154854816,-0.863919830322266
20170308154854817,-2.83993301391602
20170308154854818,0.791658782958984
20170308154854819,-0.947843170166016
20170308154854820,-2.78652725219727
20170308154854821,0.852693939208984
20170308154854822,-1.21487197875977
20170308154854823,-2.65682754516602
20170308154854824,0.951876068115234
20170308154854825,-1.21487197875977
20170308154854826,-2.60342178344727
20170308154854827,0.776399993896484
20170308154854828,-1.45138320922852
20170308154854829,-2.54238662719727
20170308154854830,0.761141204833984
20170308154854831,-1.50478897094727
20170308154854832,-2.47372207641602
20170308154854833,0.700106048583984
20170308154854834,-1.73367080688477
20170308154854835,-2.28298721313477
20170308154854836,0.768770599365234
20170308154854837,-1.93203506469727
20170308154854838,-2.16091690063477
20170308154854839,0.738253021240234
20170308154854840,-1.98544082641602
20170308154854841,-1.90151748657227
20170308154854842,0.829805755615234
20170308154854843,-2.31350479125977
20170308154854844,-1.69552383422852
20170308154854845,0.921358489990234
20170308154854846,-2.48135147094727
20170308154854847,-1.50478897094727
20170308154854848,0.570406341552734
20170308154854849,-2.51949844360352
20170308154854850,-1.44375381469727
20170308154854851,0.700106048583984
20170308154854852,-2.71023330688477
20170308154854853,-1.26827774047852
20170308154854854,0.661959075927734
20170308154854855,-2.91622695922852
20170308154854856,-1.00887832641602
20170308154854857,0.547518157958984
20170308154854858,-2.96200332641602
20170308154854859,-0.635037994384766
20170308154854860,0.311006927490234
20170308154854861,-3.00777969360352
20170308154854862,-0.360379791259766
20170308154854863,0.158419036865234
20170308154854864,-2.93911514282227
20170308154854865,-0.200162506103516
20170308154854866,-0.0246864318847656
20170308154854867,-2.90096817016602
20170308154854868,-0.0704627990722656
20170308154854869,-0.116239166259766
20170308154854870,-2.89333877563477
20170308154854871,0.326265716552734
20170308154854872,-0.497708892822266
20170308154854873,-2.87807998657227
20170308154854874,0.425447845458984
20170308154854875,-0.619779205322266
20170308154854876,-2.89333877563477
20170308154854877,0.478853607177734
20170308154854878,-0.802884674072266
20170308154854879,-2.88570938110352
20170308154854880,0.661959075927734
20170308154854881,-0.985990142822266
20170308154854882,-2.83230361938477
20170308154854883,0.928987884521484
20170308154854884,-1.10806045532227
20170308154854885,-2.70260391235352
20170308154854886,0.860323333740234
20170308154854887,-1.25301895141602
20170308154854888,-2.59579238891602
20170308154854889,0.799288177490234
20170308154854890,-1.58871231079102
20170308154854891,-2.40505752563477
20170308154854892,0.776399993896484
20170308154854893,-1.75655899047852
20170308154854894,-2.09225234985352
20170308154854895,0.700106048583984
20170308154854896,-1.91677627563477
20170308154854897,-1.93966445922852
20170308154854898,0.677217864990234
20170308154854899,-2.19143447875977
20170308154854900,-1.87099990844727
20170308154854901,0.631441497802734
20170308154854902,-2.22195205688477
20170308154854903,-1.71841201782227
20170308154854904,0.890840911865234
20170308154854905,-2.48135147094727
20170308154854906,-1.64974746704102
20170308154854907,0.768770599365234
20170308154854908,-2.45083389282227
20170308154854909,-1.59634170532227
20170308154854910,0.692476654052734
20170308154854911,-2.32876358032227
20170308154854912,-1.66500625610352
20170308154854913,0.600923919677734
20170308154854914,-2.38979873657227
20170308154854915,-1.56582412719727
20170308154854916,0.715364837646484
20170308154854917,-2.60342178344727
20170308154854918,-1.47427139282227
20170308154854919,0.776399993896484
20170308154854920,-2.55764541625977
20170308154854921,-1.42849502563477
20170308154854922,0.677217864990234
20170308154854923,-2.69497451782227
20170308154854924,-1.32931289672852
20170308154854925,0.677217864990234
20170308154854926,-2.74075088500977
20170308154854927,-1.27590713500977
20170308154854928,0.463594818115234
20170308154854929,-2.55001602172852
20170308154854930,-1.42086563110352
20170308154854931,0.684847259521484
20170308154854932,-2.67971572875977
20170308154854933,-1.37508926391602
20170308154854934,0.547518157958984
20170308154854935,-2.49661026000977
20170308154854936,-1.47427139282227
20170308154854937,0.623812103271484
20170308154854938,-2.45846328735352
20170308154854939,-1.50478897094727
20170308154854940,0.684847259521484
20170308154854941,-2.49661026000977
20170308154854942,-1.51241836547852
20170308154854943,0.631441497802734
20170308154854944,-2.55001602172852
20170308154854945,-1.54293594360352
20170308154854946,0.646700286865234
20170308154854947,-2.56527481079102
20170308154854948,-1.39797744750977
20170308154854949,0.738253021240234
20170308154854950,-2.72549209594727
20170308154854951,-1.32931289672852
20170308154854952,0.806917572021484
20170308154854953,-2.77889785766602
20170308154854954,-1.30642471313477
20170308154854955,0.532259368896484
20170308154854956,-2.64156875610352
20170308154854957,-1.39797744750977
20170308154854958,0.616182708740234
20170308154854959,-2.71023330688477
20170308154854960,-1.41323623657227
20170308154854961,0.600923919677734
20170308154854962,-2.74075088500977
20170308154854963,-1.39797744750977
20170308154854964,0.631441497802734
20170308154854965,-2.79415664672852
20170308154854966,-1.30642471313477
20170308154854967,0.700106048583984
20170308154854968,-2.90096817016602
20170308154854969,-1.13857803344727
20170308154854970,0.616182708740234
20170308154854971,-3.02303848266602
20170308154854972,-0.955472564697266
20170308154854973,0.463594818115234
20170308154854974,-2.98489151000977
20170308154854975,-0.863919830322266
20170308154854976,0.471224212646484
20170308154854977,-2.96200332641602
20170308154854978,-0.665555572509766
20170308154854979,0.288118743896484
20170308154854980,-3.02303848266602
20170308154854981,-0.665555572509766
20170308154854982,0.257601165771484
20170308154854983,-2.96200332641602
20170308154854984,-0.245938873291016
20170308154854985,-0.0475746154785156
20170308154854986,-2.89333877563477
20170308154854987,0.105013275146484
20170308154854988,-0.314603424072266
20170308154854989,-2.84756240844727
20170308154854990,0.509371185302734
20170308154854991,-0.657926177978516
20170308154854992,-2.83230361938477
20170308154854993,0.806917572021484
20170308154854994,-0.886808013916016
20170308154854995,-2.85519180297852
20170308154854996,0.875582122802734
20170308154854997,-1.00887832641602
20170308154854998,-2.89333877563477
20170308154854999,0.845064544677734
20170308154855000,-0.963101959228516
20170308154855001,-2.65682754516602
20170308154855002,0.936617279052734
20170308154855003,-1.36745986938477
20170308154855004,-2.42031631469727
20170308154855005,0.967134857177734
20170308154855006,-1.61922988891602
20170308154855007,-2.35928115844727
20170308154855008,0.768770599365234
20170308154855009,-1.67263565063477
20170308154855010,-2.29824600219727
20170308154855011,0.875582122802734
20170308154855012,-1.93203506469727
20170308154855013,-2.06173477172852
20170308154855014,0.669588470458984
20170308154855015,-1.90151748657227
20170308154855016,-2.09988174438477
20170308154855017,0.745882415771484
20170308154855018,-2.04647598266602
20170308154855019,-1.94729385375977
20170308154855020,0.639070892333984
20170308154855021,-2.08462295532227
20170308154855022,-2.00832901000977
20170308154855023,0.845064544677734
20170308154855024,-2.07699356079102
20170308154855025,-2.05410537719727
20170308154855026,0.677217864990234
20170308154855027,-2.06173477172852
20170308154855028,-1.97781143188477
20170308154855029,0.753511810302734
20170308154855030,-2.17617568969727
20170308154855031,-1.93203506469727
20170308154855032,0.768770599365234
20170308154855033,-2.24484024047852
20170308154855034,-1.74130020141602
20170308154855035,0.669588470458984
20170308154855036,-2.19143447875977
20170308154855037,-1.70315322875977
20170308154855038,0.722994232177734
20170308154855039,-2.29824600219727
20170308154855040,-1.71078262329102
20170308154855041,0.677217864990234
20170308154855042,-2.25246963500977
20170308154855043,-1.67263565063477
20170308154855044,0.814546966552734
20170308154855045,-2.39742813110352
20170308154855046,-1.60397109985352
20170308154855047,0.707735443115234
20170308154855048,-2.51186904907227
20170308154855049,-1.46664199829102
20170308154855050,0.639070892333984
20170308154855051,-2.55001602172852
20170308154855052,-1.43612442016602
20170308154855053,0.692476654052734
20170308154855054,-2.84756240844727
20170308154855055,-1.22250137329102
20170308154855056,0.684847259521484
20170308154855057,-2.81704483032227
20170308154855058,-1.20724258422852
20170308154855059,0.562776947021484
20170308154855060,-2.69497451782227
20170308154855061,-1.37508926391602
20170308154855062,0.585665130615234
20170308154855063,-2.60342178344727
20170308154855064,-1.44375381469727
20170308154855065,0.639070892333984
20170308154855066,-2.55001602172852
20170308154855067,-1.42086563110352
20170308154855068,0.578035736083984
20170308154855069,-2.55764541625977
20170308154855070,-1.42849502563477
20170308154855071,0.707735443115234
20170308154855072,-2.60342178344727
20170308154855073,-1.24538955688477
20170308154855074,0.661959075927734
20170308154855075,-2.83230361938477
20170308154855076,-1.10043106079102
20170308154855077,0.600923919677734
20170308154855078,-2.96200332641602
20170308154855079,-1.07754287719727
20170308154855080,0.478853607177734
20170308154855081,-2.87807998657227
20170308154855082,-1.00124893188477
20170308154855083,0.517000579833984
20170308154855084,-2.94674453735352
20170308154855085,-0.924954986572266
20170308154855086,0.608553314208984
20170308154855087,-2.94674453735352
20170308154855088,-0.841031646728516
20170308154855089,0.402559661865234
20170308154855090,-2.94674453735352
20170308154855091,-0.665555572509766
20170308154855092,0.532259368896484
20170308154855093,-2.92385635375977
20170308154855094,-0.787625885009766
20170308154855095,0.341524505615234
20170308154855096,-2.96200332641602
20170308154855097,-0.833402252197266
20170308154855098,0.425447845458984
20170308154855099,-2.94674453735352
20170308154855100,-0.741849517822266
20170308154855101,0.303377532958984
20170308154855102,-2.96200332641602
20170308154855103,-0.406156158447266
20170308154855104,0.211824798583984
20170308154855105,-2.97726211547852
20170308154855106,-0.482450103759766
20170308154855107,0.143160247802734
20170308154855108,-2.93148574829102
20170308154855109,-0.352750396728516
20170308154855110,0.211824798583984
20170308154855111,-2.91622695922852
20170308154855112,-0.467191314697266
20170308154855113,0.143160247802734
20170308154855114,-2.87807998657227
20170308154855115,-0.322232818603516
20170308154855116,-0.0780921936035156
20170308154855117,-2.90096817016602
20170308154855118,-0.0246864318847656
20170308154855119,-0.223050689697266
20170308154855120,-2.87045059204102
20170308154855121,0.173677825927734
20170308154855122,-0.459561920166016
20170308154855123,-2.87045059204102
20170308154855124,0.402559661865234
20170308154855125,-0.688443756103516
20170308154855126,-2.78652725219727
20170308154855127,0.372042083740234
20170308154855128,-0.734220123291016
20170308154855129,-2.86282119750977
20170308154855130,0.684847259521484
20170308154855131,-0.894437408447266
20170308154855132,-2.87045059204102
20170308154855133,0.555147552490234
20170308154855134,-0.688443756103516
20170308154855135,-2.82467422485352
20170308154855136,0.890840911865234
20170308154855137,-1.03939590454102
20170308154855138,-2.70260391235352
20170308154855139,0.799288177490234
20170308154855140,-1.14620742797852
20170308154855141,-2.71786270141602
20170308154855142,1.04342880249023
20170308154855143,-1.29879531860352
20170308154855144,-2.65682754516602
20170308154855145,0.814546966552734
20170308154855146,-1.54293594360352
20170308154855147,-2.46609268188477
20170308154855148,0.776399993896484
20170308154855149,-1.81759414672852
20170308154855150,-2.13039932250977
20170308154855151,0.700106048583984
20170308154855152,-2.13039932250977
20170308154855153,-1.90914688110352
20170308154855154,0.799288177490234
20170308154855155,-2.35165176391602
20170308154855156,-1.80996475219727
20170308154855157,0.799288177490234
20170308154855158,-2.38979873657227
20170308154855159,-1.65737686157227
20170308154855160,0.722994232177734
20170308154855161,-2.45846328735352
20170308154855162,-1.40560684204102
20170308154855163,0.722994232177734
20170308154855164,-2.77889785766602
20170308154855165,-1.21487197875977
20170308154855166,0.799288177490234
20170308154855167,-2.74838027954102
20170308154855168,-1.21487197875977
20170308154855169,0.776399993896484
20170308154855170,-2.92385635375977
20170308154855171,-1.04702529907227
20170308154855172,0.539888763427734
20170308154855173,-2.92385635375977
20170308154855174,-0.940213775634766
20170308154855175,0.402559661865234
20170308154855176,-2.91622695922852
20170308154855177,-0.886808013916016
20170308154855178,0.402559661865234
20170308154855179,-2.97726211547852
20170308154855180,-0.764737701416016
20170308154855181,0.242342376708984
20170308154855182,-3.03829727172852
20170308154855183,-0.657926177978516
20170308154855184,0.303377532958984
20170308154855185,-3.04592666625977
20170308154855186,-0.467191314697266
20170308154855187,0.272859954833984
20170308154855188,-3.00015029907227
20170308154855189,-0.390897369384766
20170308154855190,0.0439781188964844
20170308154855191,-3.05355606079102
20170308154855192,-0.337491607666016
20170308154855193,0.0287193298339844
20170308154855194,-3.00777969360352
20170308154855195,-0.268827056884766
20170308154855196,-0.116239166259766
20170308154855197,-2.89333877563477
20170308154855198,-0.162015533447266
20170308154855199,-0.230680084228516
20170308154855200,-2.89333877563477
20170308154855201,-0.360379791259766
20170308154855202,-0.0780921936035156
20170308154855203,-2.89333877563477
20170308154855204,-0.215421295166016
20170308154855205,-0.100980377197266
20170308154855206,-2.89333877563477
20170308154855207,-0.184903717041016
20170308154855208,-0.146756744384766
20170308154855209,-2.91622695922852
20170308154855210,-0.345121002197266
20170308154855211,0.173677825927734
20170308154855212,-2.87807998657227
20170308154855213,-0.368009185791016
20170308154855214,-0.0017982482910156
20170308154855215,-2.96200332641602
20170308154855216,0.0363487243652344
20170308154855217,-0.291715240478516
20170308154855218,-2.82467422485352
20170308154855219,0.211824798583984
20170308154855220,-0.390897369384766
20170308154855221,-2.86282119750977
20170308154855222,0.143160247802734
20170308154855223,-0.360379791259766
20170308154855224,-2.87807998657227
20170308154855225,0.0897544860839844
20170308154855226,-0.245938873291016
20170308154855227,-2.83993301391602
20170308154855228,0.0744956970214844
20170308154855229,-0.421414947509766
20170308154855230,-2.90096817016602
20170308154855231,0.211824798583984
20170308154855232,-0.245938873291016
20170308154855233,-2.85519180297852
20170308154855234,0.120272064208984
20170308154855235,-0.398526763916016
20170308154855236,-2.80178604125977
20170308154855237,0.372042083740234
20170308154855238,-0.261197662353516
20170308154855239,-2.84756240844727
20170308154855240,0.0897544860839844
20170308154855241,-0.184903717041016
20170308154855242,-2.90096817016602
20170308154855243,-0.0170570373535156
20170308154855244,-0.337491607666016
20170308154855245,-2.88570938110352
20170308154855246,0.0363487243652344
20170308154855247,-0.368009185791016
20170308154855248,-2.91622695922852
20170308154855249,0.326265716552734
20170308154855250,-0.383267974853516
20170308154855251,-2.90096817016602
20170308154855252,0.341524505615234
20170308154855253,-0.551114654541016
20170308154855254,-2.83230361938477
20170308154855255,0.387300872802734
20170308154855256,-0.574002838134766
20170308154855257,-2.86282119750977
20170308154855258,0.486483001708984
20170308154855259,-0.604520416259766
20170308154855260,-2.95437393188477
20170308154855261,0.219454193115234
20170308154855262,-0.612149810791016
20170308154855263,-2.87045059204102
20170308154855264,0.494112396240234
20170308154855265,-0.810514068603516
20170308154855266,-2.83230361938477
20170308154855267,0.562776947021484
20170308154855268,-0.856290435791016
20170308154855269,-2.81704483032227
20170308154855270,0.669588470458984
20170308154855271,-0.810514068603516
20170308154855272,-2.81704483032227
20170308154855273,0.768770599365234
20170308154855274,-1.13857803344727
20170308154855275,-2.68734512329102
20170308154855276,0.967134857177734
20170308154855277,-1.55819473266602
20170308154855278,-2.37453994750977
20170308154855279,0.753511810302734
20170308154855280,-1.71841201782227
20170308154855281,-2.21432266235352
20170308154855282,0.829805755615234
20170308154855283,-1.79470596313477
20170308154855284,-2.13039932250977
20170308154855285,0.768770599365234
20170308154855286,-2.03121719360352
20170308154855287,-2.00069961547852
20170308154855288,0.692476654052734
20170308154855289,-1.97018203735352
20170308154855290,-1.98544082641602
20170308154855291,0.700106048583984
20170308154855292,-2.18380508422852
20170308154855293,-1.89388809204102
20170308154855294,0.738253021240234
20170308154855295,-2.26772842407227
20170308154855296,-1.89388809204102
20170308154855297,0.715364837646484
20170308154855298,-2.28298721313477
20170308154855299,-1.78707656860352
20170308154855300,0.845064544677734
20170308154855301,-2.40505752563477
20170308154855302,-1.61922988891602
20170308154855303,0.661959075927734
20170308154855304,-2.42031631469727
20170308154855305,-1.56582412719727
20170308154855306,0.677217864990234
20170308154855307,-2.68734512329102
20170308154855308,-1.45138320922852
20170308154855309,0.631441497802734
20170308154855310,-2.71786270141602
20170308154855311,-1.30642471313477
20170308154855312,0.684847259521484
20170308154855313,-3.08407363891602
20170308154855314,-0.924954986572266
20170308154855315,0.349153900146484
20170308154855316,-3.03066787719727
20170308154855317,-0.810514068603516
20170308154855318,0.539888763427734
20170308154855319,-3.00015029907227
20170308154855320,-0.650296783447266
20170308154855321,0.272859954833984
20170308154855322,-2.90859756469727
20170308154855323,-0.734220123291016
20170308154855324,0.318636322021484
20170308154855325,-2.94674453735352
20170308154855326,-0.665555572509766
20170308154855327,0.303377532958984
20170308154855328,-2.95437393188477
20170308154855329,-0.497708892822266
20170308154855330,0.341524505615234
20170308154855331,-2.94674453735352
20170308154855332,-0.421414947509766
20170308154855333,0.387300872802734
20170308154855334,-2.91622695922852
20170308154855335,-0.444303131103516
20170308154855336,0.166048431396484
20170308154855337,-2.89333877563477
20170308154855338,-0.444303131103516
20170308154855339,0.0821250915527344
20170308154855340,-2.91622695922852
20170308154855341,-0.413785552978516
20170308154855342,0.0058311462402344
20170308154855343,-3.00777969360352
20170308154855344,-0.276456451416016
20170308154855345,0.0973838806152344
20170308154855346,-2.96200332641602
20170308154855347,-0.116239166259766
20170308154855348,-0.100980377197266
20170308154855349,-2.94674453735352
20170308154855350,-0.100980377197266
20170308154855351,-0.253568267822266
20170308154855352,-2.95437393188477
20170308154855353,-0.0323158264160156
20170308154855354,-0.245938873291016
20170308154855355,-3.01540908813477
20170308154855356,-0.0933509826660156
20170308154855357,-0.322232818603516
20170308154855358,-2.90859756469727
20170308154855359,0.249971771240234
20170308154855360,-0.390897369384766
20170308154855361,-2.90096817016602
20170308154855362,0.311006927490234
20170308154855363,-0.612149810791016
20170308154855364,-2.87807998657227
20170308154855365,0.311006927490234
20170308154855366,-0.581632232666016
20170308154855367,-2.84756240844727
20170308154855368,0.463594818115234
20170308154855369,-0.703702545166016
20170308154855370,-2.82467422485352
20170308154855371,0.478853607177734
20170308154855372,-0.833402252197266
20170308154855373,-2.79415664672852
20170308154855374,0.524629974365234
20170308154855375,-0.879178619384766
20170308154855376,-2.90096817016602
20170308154855377,0.455965423583984
20170308154855378,-0.787625885009766
20170308154855379,-2.85519180297852
20170308154855380,0.471224212646484
20170308154855381,-0.741849517822266
20170308154855382,-2.81704483032227
20170308154855383,0.562776947021484
20170308154855384,-0.795255279541016
20170308154855385,-2.83993301391602
20170308154855386,0.791658782958984
20170308154855387,-0.955472564697266
20170308154855388,-2.90096817016602
20170308154855389,0.623812103271484
20170308154855390,-0.757108306884766
20170308154855391,-2.83993301391602
20170308154855392,0.837435150146484
20170308154855393,-0.886808013916016
20170308154855394,-2.78652725219727
20170308154855395,0.906099700927734
20170308154855396,-1.10043106079102
20170308154855397,-2.77126846313477
20170308154855398,0.799288177490234
20170308154855399,-1.26827774047852
20170308154855400,-2.61105117797852
20170308154855401,0.768770599365234
20170308154855402,-1.53530654907227
20170308154855403,-2.59579238891602
20170308154855404,0.722994232177734
20170308154855405,-1.71078262329102
20170308154855406,-2.34402236938477
20170308154855407,0.677217864990234
20170308154855408,-1.77181777954102
20170308154855409,-2.29061660766602
20170308154855410,0.692476654052734
20170308154855411,-1.78707656860352
20170308154855412,-2.24484024047852
20170308154855413,0.722994232177734
20170308154855414,-1.95492324829102
20170308154855415,-2.05410537719727
20170308154855416,0.677217864990234
20170308154855417,-1.87862930297852
20170308154855418,-2.20669326782227
20170308154855419,0.753511810302734
20170308154855420,-2.02358779907227
20170308154855421,-1.99307022094727
20170308154855422,0.631441497802734
20170308154855423,-2.06936416625977
20170308154855424,-2.15328750610352
20170308154855425,0.776399993896484
20170308154855426,-2.09988174438477
20170308154855427,-1.96255264282227
20170308154855428,0.692476654052734
20170308154855429,-2.21432266235352
20170308154855430,-1.82522354125977
20170308154855431,0.730623626708984
20170308154855432,-2.42031631469727
20170308154855433,-1.52767715454102
20170308154855434,0.875582122802734
20170308154855435,-2.43557510375977
20170308154855436,-1.48953018188477
20170308154855437,0.692476654052734
20170308154855438,-2.83993301391602
20170308154855439,-1.22250137329102
20170308154855440,0.616182708740234
20170308154855441,-2.96200332641602
20170308154855442,-0.932584381103516
20170308154855443,0.402559661865234
20170308154855444,-3.03066787719727
20170308154855445,-0.635037994384766
20170308154855446,0.311006927490234
20170308154855447,-3.08407363891602
20170308154855448,-0.337491607666016
20170308154855449,0.0668663024902344
20170308154855450,-3.03829727172852
20170308154855451,-0.0704627990722656
20170308154855452,-0.192533111572266
20170308154855453,-2.99252090454102
20170308154855454,0.0516075134277344
20170308154855455,-0.406156158447266
20170308154855456,-2.90859756469727
20170308154855457,0.372042083740234
20170308154855458,-0.444303131103516
20170308154855459,-2.81704483032227
20170308154855460,0.639070892333984
20170308154855461,-0.917325592041016
20170308154855462,-2.89333877563477
20170308154855463,0.623812103271484
20170308154855464,-0.932584381103516
20170308154855465,-2.86282119750977
20170308154855466,0.707735443115234
20170308154855467,-1.00124893188477
20170308154855468,-2.83230361938477
20170308154855469,0.501741790771484
20170308154855470,-0.688443756103516
20170308154855471,-2.83993301391602
20170308154855472,0.822176361083984
20170308154855473,-0.985990142822266
20170308154855474,-2.83230361938477
20170308154855475,0.608553314208984
20170308154855476,-1.02413711547852
20170308154855477,-2.83230361938477
20170308154855478,0.776399993896484
20170308154855479,-1.24538955688477
20170308154855480,-2.71023330688477
20170308154855481,0.768770599365234
20170308154855482,-1.40560684204102
20170308154855483,-2.63393936157227
20170308154855484,0.738253021240234
20170308154855485,-1.38271865844727
20170308154855486,-2.69497451782227
20170308154855487,0.852693939208984
20170308154855488,-1.60397109985352
20170308154855489,-2.38979873657227
20170308154855490,0.646700286865234
20170308154855491,-1.55819473266602
20170308154855492,-2.38216934204102
20170308154855493,0.875582122802734
20170308154855494,-1.67263565063477
20170308154855495,-2.31350479125977
20170308154855496,0.829805755615234
20170308154855497,-1.81759414672852
20170308154855498,-2.33639297485352
20170308154855499,0.692476654052734
20170308154855500,-1.79470596313477
20170308154855501,-2.47372207641602
20170308154855502,0.692476654052734
20170308154855503,-1.56582412719727
20170308154855504,-2.43557510375977
20170308154855505,0.700106048583984
20170308154855506,-1.67263565063477
20170308154855507,-2.29824600219727
20170308154855508,0.707735443115234
20170308154855509,-1.82522354125977
20170308154855510,-2.20669326782227
20170308154855511,0.738253021240234
20170308154855512,-2.04647598266602
20170308154855513,-2.06173477172852
20170308154855514,0.875582122802734
20170308154855515,-2.19143447875977
20170308154855516,-1.90914688110352
20170308154855517,0.631441497802734
20170308154855518,-2.29061660766602
20170308154855519,-1.84811172485352
20170308154855520,0.646700286865234
20170308154855521,-2.25246963500977
20170308154855522,-1.98544082641602
20170308154855523,0.524629974365234
20170308154855524,-2.02358779907227
20170308154855525,-2.12276992797852
20170308154855526,0.639070892333984
20170308154855527,-1.80996475219727
20170308154855528,-2.35165176391602
20170308154855529,0.517000579833984
20170308154855530,-1.78707656860352
20170308154855531,-2.30587539672852
20170308154855532,0.608553314208984
20170308154855533,-1.83285293579102
20170308154855534,-2.28298721313477
20170308154855535,0.768770599365234
20170308154855536,-1.84811172485352
20170308154855537,-2.19906387329102
20170308154855538,0.761141204833984
20170308154855539,-2.02358779907227
20170308154855540,-2.12276992797852
20170308154855541,0.814546966552734
20170308154855542,-2.06936416625977
20170308154855543,-1.99307022094727
20170308154855544,0.608553314208984
20170308154855545,-2.20669326782227
20170308154855546,-2.04647598266602
20170308154855547,0.776399993896484
20170308154855548,-2.10751113891602
20170308154855549,-2.00832901000977
20170308154855550,0.837435150146484
20170308154855551,-2.38979873657227
20170308154855552,-1.66500625610352
20170308154855553,0.707735443115234
20170308154855554,-2.55001602172852
20170308154855555,-1.48953018188477
20170308154855556,0.623812103271484
20170308154855557,-2.57290420532227
20170308154855558,-1.51241836547852
20170308154855559,0.646700286865234
20170308154855560,-2.80178604125977
20170308154855561,-1.32931289672852
20170308154855562,0.562776947021484
20170308154855563,-2.68734512329102
20170308154855564,-1.39034805297852
20170308154855565,0.532259368896484
20170308154855566,-2.80941543579102
20170308154855567,-1.21487197875977
20170308154855568,0.600923919677734
20170308154855569,-2.93148574829102
20170308154855570,-1.06228408813477
20170308154855571,0.501741790771484
20170308154855572,-2.93148574829102
20170308154855573,-0.879178619384766
20170308154855574,0.524629974365234
20170308154855575,-3.03829727172852
20170308154855576,-0.650296783447266
20170308154855577,0.326265716552734
20170308154855578,-2.97726211547852
20170308154855579,-0.459561920166016
20170308154855580,0.105013275146484
20170308154855581,-2.93148574829102
20170308154855582,-0.238309478759766
20170308154855583,-0.123868560791016
20170308154855584,-2.93911514282227
20170308154855585,-0.223050689697266
20170308154855586,-0.0933509826660156
20170308154855587,-2.89333877563477
20170308154855588,-0.192533111572266
20170308154855589,-0.200162506103516
20170308154855590,-2.83993301391602
20170308154855591,0.105013275146484
20170308154855592,-0.383267974853516
20170308154855593,-2.89333877563477
20170308154855594,0.0287193298339844
20170308154855595,-0.429044342041016
20170308154855596,-2.90096817016602
20170308154855597,0.0363487243652344
20170308154855598,-0.406156158447266
20170308154855599,-2.88570938110352
20170308154855600,0.249971771240234
20170308154855601,-0.574002838134766
20170308154855602,-2.80941543579102
20170308154855603,0.265230560302734
20170308154855604,-0.566373443603516
20170308154855605,-2.90096817016602
20170308154855606,0.402559661865234
20170308154855607,-0.795255279541016
20170308154855608,-2.93911514282227
20170308154855609,0.532259368896484
20170308154855610,-0.825772857666016
20170308154855611,-2.96963272094727
20170308154855612,0.654329681396484
20170308154855613,-0.795255279541016
20170308154855614,-2.83993301391602
20170308154855615,0.928987884521484
20170308154855616,-1.10806045532227
20170308154855617,-2.68734512329102
20170308154855618,0.829805755615234
20170308154855619,-1.31405410766602
20170308154855620,-2.51949844360352
20170308154855621,0.745882415771484
20170308154855622,-1.63448867797852
20170308154855623,-2.39742813110352
20170308154855624,0.768770599365234
20170308154855625,-1.71841201782227
20170308154855626,-2.32876358032227
20170308154855627,0.738253021240234
20170308154855628,-1.71078262329102
20170308154855629,-2.24484024047852
20170308154855630,0.875582122802734
20170308154855631,-2.00069961547852
20170308154855632,-2.03121719360352
20170308154855633,0.692476654052734
20170308154855634,-2.14565811157227
20170308154855635,-1.78707656860352
20170308154855636,0.707735443115234
20170308154855637,-2.28298721313477
20170308154855638,-1.92440567016602
20170308154855639,0.852693939208984
20170308154855640,-2.27535781860352
20170308154855641,-1.79470596313477
20170308154855642,0.646700286865234
20170308154855643,-2.45846328735352
20170308154855644,-1.64974746704102
20170308154855645,0.661959075927734
20170308154855646,-2.59579238891602
20170308154855647,-1.39797744750977
20170308154855648,0.669588470458984
20170308154855649,-2.96963272094727
20170308154855650,-1.01650772094727
20170308154855651,0.745882415771484
20170308154855652,-2.95437393188477
20170308154855653,-0.963101959228516
20170308154855654,0.562776947021484
20170308154855655,-3.00015029907227
20170308154855656,-0.871549224853516
20170308154855657,0.417818450927734
20170308154855658,-3.00015029907227
20170308154855659,-0.772367095947266
20170308154855660,0.349153900146484
20170308154855661,-3.00777969360352
20170308154855662,-0.535855865478516
20170308154855663,0.181307220458984
20170308154855664,-2.96200332641602
20170308154855665,-0.406156158447266
20170308154855666,0.402559661865234
20170308154855667,-2.98489151000977
20170308154855668,-0.543485260009766
20170308154855669,0.135530853271484
20170308154855670,-2.93911514282227
20170308154855671,-0.497708892822266
20170308154855672,0.0897544860839844
20170308154855673,-2.99252090454102
20170308154855674,-0.314603424072266
20170308154855675,-0.0399452209472656
20170308154855676,-2.99252090454102
20170308154855677,-0.291715240478516
20170308154855678,-0.177274322509766
20170308154855679,-2.93911514282227
20170308154855680,0.0821250915527344
20170308154855681,-0.337491607666016
20170308154855682,-2.90859756469727
20170308154855683,-0.0094276428222656
20170308154855684,-0.245938873291016
20170308154855685,-2.84756240844727
20170308154855686,0.0210899353027344
20170308154855687,-0.116239166259766
20170308154855688,-2.92385635375977
20170308154855689,-0.245938873291016
20170308154855690,-0.207791900634766
20170308154855691,-3.00777969360352
20170308154855692,-0.238309478759766
20170308154855693,-0.238309478759766
20170308154855694,-2.96963272094727
20170308154855695,-0.116239166259766
20170308154855696,-0.337491607666016
20170308154855697,-2.90096817016602
20170308154855698,0.158419036865234
20170308154855699,-0.490079498291016
20170308154855700,-2.87807998657227
20170308154855701,0.387300872802734
20170308154855702,-0.619779205322266
20170308154855703,-2.81704483032227
20170308154855704,0.402559661865234
20170308154855705,-0.657926177978516
20170308154855706,-2.87045059204102
20170308154855707,0.196566009521484
20170308154855708,-0.589261627197266
20170308154855709,-2.87045059204102
20170308154855710,0.364412689208984
20170308154855711,-0.619779205322266
20170308154855712,-2.86282119750977
20170308154855713,0.379671478271484
20170308154855714,-0.696073150634766
20170308154855715,-2.90859756469727
20170308154855716,0.501741790771484
20170308154855717,-0.772367095947266
20170308154855718,-2.79415664672852
20170308154855719,0.669588470458984
20170308154855720,-0.764737701416016
20170308154855721,-2.77126846313477
20170308154855722,0.715364837646484
20170308154855723,-0.909696197509766
20170308154855724,-2.72549209594727
20170308154855725,0.791658782958984
20170308154855726,-1.05465469360352
20170308154855727,-2.64919815063477
20170308154855728,0.890840911865234
20170308154855729,-1.37508926391602
20170308154855730,-2.53475723266602
20170308154855731,0.784029388427734
20170308154855732,-1.57345352172852
20170308154855733,-2.54238662719727
20170308154855734,0.700106048583984
20170308154855735,-1.47427139282227
20170308154855736,-2.55001602172852
20170308154855737,0.822176361083984
20170308154855738,-1.58108291625977
20170308154855739,-2.35165176391602
20170308154855740,0.692476654052734
20170308154855741,-1.78707656860352
20170308154855742,-2.23721084594727
20170308154855743,0.654329681396484
20170308154855744,-1.83285293579102
20170308154855745,-2.17617568969727
20170308154855746,0.646700286865234
20170308154855747,-1.91677627563477
20170308154855748,-2.07699356079102
20170308154855749,0.867952728271484
20170308154855750,-2.17617568969727
20170308154855751,-2.00069961547852
20170308154855752,0.837435150146484
20170308154855753,-2.19143447875977
20170308154855754,-2.00832901000977
20170308154855755,0.707735443115234
20170308154855756,-2.17617568969727
20170308154855757,-1.87862930297852
20170308154855758,0.913729095458984
20170308154855759,-2.26009902954102
20170308154855760,-1.70315322875977
20170308154855761,0.753511810302734
20170308154855762,-2.53475723266602
20170308154855763,-1.58108291625977
20170308154855764,0.700106048583984
20170308154855765,-2.60342178344727
20170308154855766,-1.42849502563477
20170308154855767,0.593294525146484
20170308154855768,-2.66445693969727
20170308154855769,-1.32931289672852
20170308154855770,0.806917572021484
20170308154855771,-2.72549209594727
20170308154855772,-1.34457168579102
20170308154855773,0.692476654052734
20170308154855774,-2.89333877563477
20170308154855775,-1.23013076782227
20170308154855776,0.623812103271484
20170308154855777,-3.02303848266602
20170308154855778,-0.909696197509766
20170308154855779,0.280489349365234
20170308154855780,-2.94674453735352
20170308154855781,-0.963101959228516
20170308154855782,0.478853607177734
20170308154855783,-3.02303848266602
20170308154855784,-0.871549224853516
20170308154855785,0.326265716552734
20170308154855786,-2.87045059204102
20170308154855787,-0.795255279541016
20170308154855788,0.372042083740234
20170308154855789,-3.04592666625977
20170308154855790,-0.703702545166016
20170308154855791,0.372042083740234
20170308154855792,-3.00777969360352
20170308154855793,-0.688443756103516
20170308154855794,0.280489349365234
20170308154855795,-2.93911514282227
20170308154855796,-0.703702545166016
20170308154855797,0.288118743896484
20170308154855798,-2.96200332641602
20170308154855799,-0.528226470947266
20170308154855800,0.204195404052734
20170308154855801,-2.94674453735352
20170308154855802,-0.596891021728516
20170308154855803,0.234712982177734
20170308154855804,-2.98489151000977
20170308154855805,-0.467191314697266
20170308154855806,0.0439781188964844
20170308154855807,-3.03829727172852
20170308154855808,-0.322232818603516
20170308154855809,-0.0704627990722656
20170308154855810,-3.00015029907227
20170308154855811,-0.100980377197266
20170308154855812,-0.337491607666016
20170308154855813,-2.99252090454102
20170308154855814,0.0210899353027344
20170308154855815,-0.360379791259766
20170308154855816,-2.93911514282227
20170308154855817,0.318636322021484
20170308154855818,-0.566373443603516
20170308154855819,-2.91622695922852
20170308154855820,0.341524505615234
20170308154855821,-0.512967681884766
20170308154855822,-2.97726211547852
20170308154855823,0.150789642333984
20170308154855824,-0.581632232666016
20170308154855825,-2.93911514282227
20170308154855826,0.249971771240234
20170308154855827,-0.589261627197266
20170308154855828,-2.88570938110352
20170308154855829,0.349153900146484
20170308154855830,-0.657926177978516
20170308154855831,-2.88570938110352
20170308154855832,0.585665130615234
20170308154855833,-0.688443756103516
20170308154855834,-2.76363906860352
20170308154855835,0.593294525146484
20170308154855836,-0.963101959228516
20170308154855837,-2.79415664672852
20170308154855838,0.852693939208984
20170308154855839,-1.03939590454102
20170308154855840,-2.77126846313477
20170308154855841,0.814546966552734
20170308154855842,-1.20724258422852
20170308154855843,-2.61868057250977
20170308154855844,0.768770599365234
20170308154855845,-0.970731353759766
20170308154855846,-2.69497451782227
20170308154855847,0.768770599365234
20170308154855848,-1.28353652954102
20170308154855849,-2.67208633422852
20170308154855850,1.05868759155273
20170308154855851,-1.35220108032227
20170308154855852,-2.58053359985352
20170308154855853,0.852693939208984
20170308154855854,-1.35983047485352
20170308154855855,-2.55001602172852
20170308154855856,0.776399993896484
20170308154855857,-1.42849502563477
20170308154855858,-2.59579238891602
20170308154855859,0.776399993896484
20170308154855860,-1.64211807250977
20170308154855861,-2.45846328735352
20170308154855862,0.684847259521484
20170308154855863,-1.79470596313477
20170308154855864,-2.16091690063477
20170308154855865,0.753511810302734
20170308154855866,-2.19143447875977
20170308154855867,-1.96255264282227
20170308154855868,0.722994232177734
20170308154855869,-2.28298721313477
20170308154855870,-1.58108291625977
20170308154855871,0.715364837646484
20170308154855872,-2.72549209594727
20170308154855873,-1.29116592407227
20170308154855874,0.616182708740234
20170308154855875,-3.02303848266602
20170308154855876,-1.04702529907227
20170308154855877,0.532259368896484
20170308154855878,-2.98489151000977
20170308154855879,-1.00124893188477
20170308154855880,0.654329681396484
20170308154855881,-3.03066787719727
20170308154855882,-0.856290435791016
20170308154855883,0.311006927490234
20170308154855884,-2.92385635375977
20170308154855885,-0.589261627197266
20170308154855886,0.249971771240234
20170308154855887,-2.98489151000977
20170308154855888,-0.360379791259766
20170308154855889,0.0973838806152344
20170308154855890,-2.99252090454102
20170308154855891,-0.0323158264160156
20170308154855892,-0.223050689697266
20170308154855893,-2.90859756469727
20170308154855894,0.333895111083984
20170308154855895,-0.612149810791016
20170308154855896,-2.92385635375977
20170308154855897,0.593294525146484
20170308154855898,-0.825772857666016
20170308154855899,-2.89333877563477
20170308154855900,0.692476654052734
20170308154855901,-0.955472564697266
20170308154855902,-2.80941543579102
20170308154855903,0.700106048583984
20170308154855904,-0.970731353759766
20170308154855905,-2.77126846313477
20170308154855906,0.700106048583984
20170308154855907,-1.00124893188477
20170308154855908,-2.81704483032227
20170308154855909,0.600923919677734
20170308154855910,-1.03176651000977
20170308154855911,-2.80178604125977
20170308154855912,0.722994232177734
20170308154855913,-1.16146621704102
20170308154855914,-2.71786270141602
20170308154855915,0.745882415771484
20170308154855916,-1.06228408813477
20170308154855917,-2.67971572875977
20170308154855918,0.913729095458984
20170308154855919,-1.54293594360352
20170308154855920,-2.49661026000977
20170308154855921,0.829805755615234
20170308154855922,-1.87862930297852
20170308154855923,-2.19906387329102
20170308154855924,0.715364837646484
20170308154855925,-2.01595840454102
20170308154855926,-2.03121719360352
20170308154855927,0.814546966552734
20170308154855928,-2.09988174438477
20170308154855929,-2.04647598266602
20170308154855930,0.661959075927734
20170308154855931,-2.03884658813477
20170308154855932,-2.00832901000977
20170308154855933,0.967134857177734
20170308154855934,-2.10751113891602
20170308154855935,-1.83285293579102
20170308154855936,0.806917572021484
20170308154855937,-2.42031631469727
20170308154855938,-1.81759414672852
20170308154855939,0.578035736083984
20170308154855940,-2.24484024047852
20170308154855941,-1.90151748657227
20170308154855942,0.852693939208984
20170308154855943,-2.35165176391602
20170308154855944,-1.80233535766602
20170308154855945,0.509371185302734
20170308154855946,-2.32876358032227
20170308154855947,-1.69552383422852
20170308154855948,0.616182708740234
20170308154855949,-2.35165176391602
20170308154855950,-1.93966445922852
20170308154855951,0.524629974365234
20170308154855952,-2.35165176391602
20170308154855953,-1.66500625610352
20170308154855954,0.646700286865234
20170308154855955,-2.48898086547852
20170308154855956,-1.57345352172852
20170308154855957,0.593294525146484
20170308154855958,-2.69497451782227
20170308154855959,-1.48953018188477
20170308154855960,0.799288177490234
20170308154855961,-2.63393936157227
20170308154855962,-1.48190078735352
20170308154855963,0.707735443115234
20170308154855964,-2.61105117797852
20170308154855965,-1.39797744750977
20170308154855966,0.692476654052734
20170308154855967,-2.85519180297852
20170308154855968,-1.22250137329102
20170308154855969,0.761141204833984
20170308154855970,-2.90859756469727
20170308154855971,-1.14620742797852
20170308154855972,0.806917572021484
20170308154855973,-2.88570938110352
20170308154855974,-1.14620742797852
20170308154855975,0.539888763427734
20170308154855976,-2.79415664672852
20170308154855977,-1.19961318969727
20170308154855978,0.539888763427734
20170308154855979,-2.89333877563477
20170308154855980,-1.13094863891602
20170308154855981,0.478853607177734
20170308154855982,-2.92385635375977
20170308154855983,-0.978360748291016
20170308154855984,0.478853607177734
20170308154855985,-2.92385635375977
20170308154855986,-0.970731353759766
20170308154855987,0.509371185302734
20170308154855988,-2.96200332641602
20170308154855989,-0.894437408447266
20170308154855990,0.455965423583984
20170308154855991,-3.00015029907227
20170308154855992,-0.841031646728516
20170308154855993,0.417818450927734
20170308154855994,-2.99252090454102
20170308154855995,-0.474820709228516
20170308154855996,0.166048431396484
20170308154855997,-2.99252090454102
20170308154855998,-0.223050689697266
20170308154855999,-0.0246864318847656
20170308154856000,-2.96200332641602
20170308154856001,-0.352750396728516
20170308154856002,0.120272064208984
20170308154856003,-2.95437393188477
20170308154856004,-0.0399452209472656
20170308154856005,-0.0475746154785156
20170308154856006,-2.94674453735352
20170308154856007,-0.0780921936035156
20170308154856008,-0.291715240478516
20170308154856009,-2.93148574829102
20170308154856010,0.257601165771484
20170308154856011,-0.276456451416016
20170308154856012,-2.89333877563477
20170308154856013,0.227083587646484
20170308154856014,-0.581632232666016
20170308154856015,-2.93148574829102
20170308154856016,0.562776947021484
20170308154856017,-0.856290435791016
20170308154856018,-2.77126846313477
20170308154856019,0.845064544677734
20170308154856020,-1.12331924438477
20170308154856021,-2.61868057250977
20170308154856022,0.883211517333984
20170308154856023,-1.46664199829102
20170308154856024,-2.53475723266602
20170308154856025,0.814546966552734
20170308154856026,-1.65737686157227
20170308154856027,-2.34402236938477
20170308154856028,0.722994232177734
20170308154856029,-1.90914688110352
20170308154856030,-2.19906387329102
20170308154856031,0.669588470458984
20170308154856032,-1.93966445922852
20170308154856033,-2.19143447875977
20170308154856034,0.753511810302734
20170308154856035,-2.09225234985352
20170308154856036,-1.96255264282227
20170308154856037,0.623812103271484
20170308154856038,-2.22195205688477
20170308154856039,-1.97781143188477
20170308154856040,0.906099700927734
20170308154856041,-2.31350479125977
20170308154856042,-1.75655899047852
20170308154856043,0.654329681396484
20170308154856044,-2.40505752563477
20170308154856045,-1.56582412719727
20170308154856046,0.753511810302734
20170308154856047,-2.87045059204102
20170308154856048,-1.31405410766602
20170308154856049,0.494112396240234
20170308154856050,-2.84756240844727
20170308154856051,-1.16909561157227
20170308154856052,0.539888763427734
20170308154856053,-2.97726211547852
20170308154856054,-0.978360748291016
20170308154856055,0.463594818115234
20170308154856056,-3.02303848266602
20170308154856057,-0.917325592041016
20170308154856058,0.509371185302734
20170308154856059,-3.04592666625977
20170308154856060,-0.619779205322266
20170308154856061,0.326265716552734
20170308154856062,-3.03829727172852
20170308154856063,-0.482450103759766
20170308154856064,0.181307220458984
20170308154856065,-3.00015029907227
20170308154856066,-0.398526763916016
20170308154856067,0.0134605407714844
20170308154856068,-3.02303848266602
20170308154856069,-0.306974029541016
20170308154856070,-0.146756744384766
20170308154856071,-2.93911514282227
20170308154856072,-0.368009185791016
20170308154856073,0.150789642333984
20170308154856074,-2.96200332641602
20170308154856075,-0.207791900634766
20170308154856076,-0.0017982482910156
20170308154856077,-2.96200332641602
20170308154856078,-0.245938873291016
20170308154856079,0.0668663024902344
20170308154856080,-3.00015029907227
20170308154856081,-0.436673736572266
20170308154856082,0.0287193298339844
20170308154856083,-2.96200332641602
20170308154856084,-0.314603424072266
20170308154856085,0.0058311462402344
20170308154856086,-2.94674453735352
20170308154856087,-0.268827056884766
20170308154856088,-0.131497955322266
20170308154856089,-2.96200332641602
20170308154856090,-0.0017982482910156
20170308154856091,-0.345121002197266
20170308154856092,-2.96200332641602
20170308154856093,0.0516075134277344
20170308154856094,-0.345121002197266
20170308154856095,-2.96200332641602
20170308154856096,0.0287193298339844
20170308154856097,-0.184903717041016
20170308154856098,-2.86282119750977
20170308154856099,-0.0399452209472656
20170308154856100,-0.0475746154785156
20170308154856101,-2.89333877563477
20170308154856102,0.0439781188964844
20170308154856103,-0.200162506103516
20170308154856104,-2.80178604125977
20170308154856105,-0.131497955322266
20170308154856106,-0.0628334045410156
20170308154856107,-2.87045059204102
20170308154856108,-0.116239166259766
20170308154856109,-0.184903717041016
20170308154856110,-2.92385635375977
20170308154856111,-0.276456451416016
20170308154856112,-0.169644927978516
20170308154856113,-2.99252090454102
20170308154856114,0.0287193298339844
20170308154856115,-0.451932525634766
20170308154856116,-2.90859756469727
20170308154856117,0.0744956970214844
20170308154856118,-0.200162506103516
20170308154856119,-2.88570938110352
20170308154856120,0.150789642333984
20170308154856121,-0.284085845947266
20170308154856122,-2.83230361938477
20170308154856123,0.288118743896484
20170308154856124,-0.566373443603516
20170308154856125,-2.88570938110352
20170308154856126,0.486483001708984
20170308154856127,-0.795255279541016
20170308154856128,-2.83993301391602
20170308154856129,0.669588470458984
20170308154856130,-1.00887832641602
20170308154856131,-2.86282119750977
20170308154856132,0.700106048583984
20170308154856133,-0.795255279541016
20170308154856134,-2.80178604125977
20170308154856135,0.768770599365234
20170308154856136,-1.16909561157227
20170308154856137,-2.58053359985352
20170308154856138,0.806917572021484
20170308154856139,-1.39034805297852
20170308154856140,-2.48898086547852
20170308154856141,0.684847259521484
20170308154856142,-1.49715957641602
20170308154856143,-2.51949844360352
20170308154856144,0.974764251708984
20170308154856145,-1.63448867797852
20170308154856146,-2.27535781860352
20170308154856147,0.745882415771484
20170308154856148,-1.84811172485352
20170308154856149,-2.25246963500977
20170308154856150,0.753511810302734
20170308154856151,-1.85574111938477
20170308154856152,-2.07699356079102
20170308154856153,0.707735443115234
20170308154856154,-2.06936416625977
20170308154856155,-1.94729385375977
20170308154856156,0.921358489990234
20170308154856157,-2.18380508422852
20170308154856158,-1.79470596313477
20170308154856159,0.707735443115234
20170308154856160,-2.38216934204102
20170308154856161,-1.64211807250977
20170308154856162,0.799288177490234
20170308154856163,-2.78652725219727
20170308154856164,-1.38271865844727
20170308154856165,0.593294525146484
20170308154856166,-2.90096817016602
20170308154856167,-1.18435440063477
20170308154856168,0.562776947021484
20170308154856169,-3.00015029907227
20170308154856170,-1.01650772094727
20170308154856171,0.455965423583984
20170308154856172,-2.96963272094727
20170308154856173,-0.909696197509766
20170308154856174,0.417818450927734
20170308154856175,-2.97726211547852
20170308154856176,-0.512967681884766
20170308154856177,0.280489349365234
20170308154856178,-2.96200332641602
20170308154856179,-0.451932525634766
20170308154856180,0.257601165771484
20170308154856181,-2.96963272094727
20170308154856182,-0.100980377197266
20170308154856183,-0.131497955322266
20170308154856184,-2.92385635375977
20170308154856185,0.0668663024902344
20170308154856186,-0.352750396728516
20170308154856187,-2.90859756469727
20170308154856188,0.478853607177734
20170308154856189,-0.726590728759766
20170308154856190,-2.87807998657227
20170308154856191,0.578035736083984
20170308154856192,-0.818143463134766
20170308154856193,-2.87045059204102
20170308154856194,0.677217864990234
20170308154856195,-0.940213775634766
20170308154856196,-2.83993301391602
20170308154856197,0.822176361083984
20170308154856198,-1.07754287719727
20170308154856199,-2.68734512329102
20170308154856200,0.753511810302734
20170308154856201,-1.07754287719727
20170308154856202,-2.64156875610352
20170308154856203,0.967134857177734
20170308154856204,-1.26827774047852
20170308154856205,-2.57290420532227
20170308154856206,0.829805755615234
20170308154856207,-1.23013076782227
20170308154856208,-2.59579238891602
20170308154856209,0.738253021240234
20170308154856210,-1.30642471313477
20170308154856211,-2.49661026000977
20170308154856212,0.982393646240234
20170308154856213,-1.46664199829102
20170308154856214,-2.57290420532227
20170308154856215,0.829805755615234
20170308154856216,-1.52767715454102
20170308154856217,-2.49661026000977
20170308154856218,0.707735443115234
20170308154856219,-1.51241836547852
20170308154856220,-2.50423965454102
20170308154856221,0.707735443115234
20170308154856222,-1.41323623657227
20170308154856223,-2.45846328735352
20170308154856224,0.684847259521484
20170308154856225,-1.58108291625977
20170308154856226,-2.47372207641602
20170308154856227,0.646700286865234
20170308154856228,-1.62685928344727
20170308154856229,-2.45083389282227
20170308154856230,0.700106048583984
20170308154856231,-1.52004776000977
20170308154856232,-2.48135147094727
20170308154856233,0.776399993896484
20170308154856234,-1.33694229125977
20170308154856235,-2.61105117797852
20170308154856236,1.04342880249023
20170308154856237,-1.42086563110352
20170308154856238,-2.45846328735352
20170308154856239,0.776399993896484
20170308154856240,-1.58108291625977
20170308154856241,-2.32876358032227
20170308154856242,0.745882415771484
20170308154856243,-1.75655899047852
20170308154856244,-2.36691055297852
20170308154856245,0.753511810302734
20170308154856246,-1.76418838500977
20170308154856247,-2.26009902954102
20170308154856248,0.616182708740234
20170308154856249,-1.80233535766602
20170308154856250,-2.25246963500977
20170308154856251,0.616182708740234
20170308154856252,-1.87099990844727
20170308154856253,-2.13039932250977
20170308154856254,0.761141204833984
20170308154856255,-2.07699356079102
20170308154856256,-1.84048233032227
20170308154856257,0.692476654052734
20170308154856258,-2.27535781860352
20170308154856259,-1.87099990844727
20170308154856260,0.784029388427734
20170308154856261,-2.44320449829102
20170308154856262,-1.66500625610352
20170308154856263,0.890840911865234
20170308154856264,-2.45083389282227
20170308154856265,-1.51241836547852
20170308154856266,0.715364837646484
20170308154856267,-2.32876358032227
20170308154856268,-1.61922988891602
20170308154856269,0.707735443115234
20170308154856270,-2.49661026000977
20170308154856271,-1.45901260375977
20170308154856272,0.646700286865234
20170308154856273,-2.54238662719727
20170308154856274,-1.38271865844727
20170308154856275,0.600923919677734
20170308154856276,-2.76363906860352
20170308154856277,-1.35220108032227
20170308154856278,0.700106048583984
20170308154856279,-2.87045059204102
20170308154856280,-1.20724258422852
20170308154856281,0.654329681396484
20170308154856282,-2.87807998657227
20170308154856283,-1.12331924438477
20170308154856284,0.593294525146484
20170308154856285,-2.77126846313477
20170308154856286,-1.23013076782227
20170308154856287,0.562776947021484
20170308154856288,-2.65682754516602
20170308154856289,-1.37508926391602
20170308154856290,0.608553314208984
20170308154856291,-2.54238662719727
20170308154856292,-1.52767715454102
20170308154856293,0.707735443115234
20170308154856294,-2.72549209594727
20170308154856295,-1.29879531860352
20170308154856296,0.692476654052734
20170308154856297,-2.95437393188477
20170308154856298,-1.00887832641602
20170308154856299,0.646700286865234
20170308154856300,-2.89333877563477
20170308154856301,-1.03939590454102
20170308154856302,0.509371185302734
20170308154856303,-2.92385635375977
20170308154856304,-0.879178619384766
20170308154856305,0.578035736083984
20170308154856306,-2.97726211547852
20170308154856307,-0.528226470947266
20170308154856308,0.364412689208984
20170308154856309,-3.03066787719727
20170308154856310,-0.245938873291016
20170308154856311,-0.0399452209472656
20170308154856312,-2.90096817016602
20170308154856313,-0.162015533447266
20170308154856314,-0.0933509826660156
20170308154856315,-2.89333877563477
20170308154856316,0.0668663024902344
20170308154856317,-0.306974029541016
20170308154856318,-2.80941543579102
20170308154856319,0.265230560302734
20170308154856320,-0.482450103759766
20170308154856321,-2.78652725219727
20170308154856322,0.501741790771484
20170308154856323,-0.566373443603516
20170308154856324,-2.80941543579102
20170308154856325,0.562776947021484
20170308154856326,-0.848661041259766
20170308154856327,-2.77889785766602
20170308154856328,0.806917572021484
20170308154856329,-1.11568984985352
20170308154856330,-2.75600967407227
20170308154856331,0.814546966552734
20170308154856332,-1.32931289672852
20170308154856333,-2.58053359985352
20170308154856334,0.799288177490234
20170308154856335,-1.48190078735352
20170308154856336,-2.38979873657227
20170308154856337,0.700106048583984
20170308154856338,-1.77181777954102
20170308154856339,-2.09225234985352
20170308154856340,0.822176361083984
20170308154856341,-2.14565811157227
20170308154856342,-2.05410537719727
20170308154856343,0.730623626708984
20170308154856344,-2.13802871704102
20170308154856345,-1.89388809204102
20170308154856346,0.806917572021484
20170308154856347,-2.52712783813477
20170308154856348,-1.64211807250977
20170308154856349,0.883211517333984
20170308154856350,-2.45083389282227
20170308154856351,-1.37508926391602
20170308154856352,0.707735443115234
20170308154856353,-2.86282119750977
20170308154856354,-1.22250137329102
20170308154856355,0.562776947021484
20170308154856356,-2.83230361938477
20170308154856357,-1.17672500610352
20170308154856358,0.600923919677734
20170308154856359,-2.95437393188477
20170308154856360,-0.871549224853516
20170308154856361,0.501741790771484
20170308154856362,-2.93911514282227
20170308154856363,-0.787625885009766
20170308154856364,0.501741790771484
20170308154856365,-2.95437393188477
20170308154856366,-0.772367095947266
20170308154856367,0.402559661865234
20170308154856368,-2.92385635375977
20170308154856369,-0.589261627197266
20170308154856370,0.242342376708984
20170308154856371,-2.85519180297852
20170308154856372,-0.673184967041016
20170308154856373,0.379671478271484
20170308154856374,-2.94674453735352
20170308154856375,-0.581632232666016
20170308154856376,0.379671478271484
20170308154856377,-2.95437393188477
20170308154856378,-0.490079498291016
20170308154856379,0.150789642333984
20170308154856380,-2.95437393188477
20170308154856381,-0.368009185791016
20170308154856382,0.0516075134277344
20170308154856383,-2.99252090454102
20170308154856384,-0.230680084228516
20170308154856385,-0.139127349853516
20170308154856386,-3.03066787719727
20170308154856387,-0.268827056884766
20170308154856388,-0.139127349853516
20170308154856389,-3.00015029907227
20170308154856390,-0.169644927978516
20170308154856391,-0.0933509826660156
20170308154856392,-2.98489151000977
20170308154856393,-0.100980377197266
20170308154856394,0.0210899353027344
20170308154856395,-2.95437393188477
20170308154856396,-0.123868560791016
20170308154856397,0.0210899353027344
20170308154856398,-2.96200332641602
20170308154856399,-0.131497955322266
20170308154856400,0.127901458740234
20170308154856401,-2.77889785766602
20170308154856402,-0.253568267822266
20170308154856403,-0.116239166259766
20170308154856404,-2.90096817016602
20170308154856405,-0.0246864318847656
20170308154856406,-0.223050689697266
20170308154856407,-2.86282119750977
20170308154856408,0.341524505615234
20170308154856409,-0.390897369384766
20170308154856410,-2.90859756469727
20170308154856411,-0.0552040100097656
20170308154856412,-0.245938873291016
20170308154856413,-2.89333877563477
20170308154856414,-0.108609771728516
20170308154856415,-0.322232818603516
20170308154856416,-2.93148574829102
20170308154856417,0.0897544860839844
20170308154856418,-0.375638580322266
20170308154856419,-2.83230361938477
20170308154856420,0.280489349365234
20170308154856421,-0.558744049072266
20170308154856422,-2.88570938110352
20170308154856423,0.356783294677734
20170308154856424,-0.589261627197266
20170308154856425,-2.83993301391602
20170308154856426,0.455965423583984
20170308154856427,-0.734220123291016
20170308154856428,-2.87045059204102
20170308154856429,0.272859954833984
20170308154856430,-0.627408599853516
20170308154856431,-2.83230361938477
20170308154856432,0.486483001708984
20170308154856433,-0.627408599853516
20170308154856434,-2.81704483032227
20170308154856435,0.593294525146484
20170308154856436,-0.848661041259766
20170308154856437,-2.86282119750977
20170308154856438,0.791658782958984
20170308154856439,-0.879178619384766
20170308154856440,-2.73312149047852
20170308154856441,0.898470306396484
20170308154856442,-1.08517227172852
20170308154856443,-2.74075088500977
20170308154856444,0.753511810302734
20170308154856445,-1.05465469360352
20170308154856446,-2.73312149047852
20170308154856447,0.784029388427734
20170308154856448,-1.32168350219727
20170308154856449,-2.63393936157227
20170308154856450,0.822176361083984
20170308154856451,-1.34457168579102
20170308154856452,-2.55764541625977
20170308154856453,0.753511810302734
20170308154856454,-1.60397109985352
20170308154856455,-2.38979873657227
20170308154856456,0.860323333740234
20170308154856457,-1.62685928344727
20170308154856458,-2.34402236938477
20170308154856459,0.730623626708984
20170308154856460,-1.74130020141602
20170308154856461,-2.20669326782227
20170308154856462,0.677217864990234
20170308154856463,-1.90914688110352
20170308154856464,-2.09225234985352
20170308154856465,0.715364837646484
20170308154856466,-2.19143447875977
20170308154856467,-1.77944717407227
20170308154856468,0.784029388427734
20170308154856469,-2.36691055297852
20170308154856470,-1.63448867797852
20170308154856471,0.944246673583984
20170308154856472,-2.43557510375977
20170308154856473,-1.60397109985352
20170308154856474,0.745882415771484
20170308154856475,-2.58053359985352
20170308154856476,-1.54293594360352
20170308154856477,0.722994232177734
20170308154856478,-2.40505752563477
20170308154856479,-1.58108291625977
20170308154856480,0.753511810302734
20170308154856481,-2.80178604125977
20170308154856482,-1.39797744750977
20170308154856483,0.722994232177734
20170308154856484,-2.71023330688477
20170308154856485,-1.32168350219727
20170308154856486,0.555147552490234
20170308154856487,-2.61105117797852
20170308154856488,-1.32168350219727
20170308154856489,0.631441497802734
20170308154856490,-2.77126846313477
20170308154856491,-1.22250137329102
20170308154856492,0.570406341552734
20170308154856493,-2.94674453735352
20170308154856494,-1.03176651000977
20170308154856495,0.753511810302734
20170308154856496,-2.92385635375977
20170308154856497,-1.13857803344727
20170308154856498,0.585665130615234
20170308154856499,-2.94674453735352
20170308154856500,-0.856290435791016
20170308154856501,0.509371185302734
20170308154856502,-2.86282119750977
20170308154856503,-0.497708892822266
20170308154856504,0.219454193115234
20170308154856505,-2.90096817016602
20170308154856506,-0.497708892822266
20170308154856507,0.249971771240234
20170308154856508,-2.96963272094727
20170308154856509,-0.543485260009766
20170308154856510,0.425447845458984
20170308154856511,-2.84756240844727
20170308154856512,-0.665555572509766
20170308154856513,0.295748138427734
20170308154856514,-2.93148574829102
20170308154856515,-0.680814361572266
20170308154856516,0.585665130615234
20170308154856517,-2.91622695922852
20170308154856518,-0.741849517822266
20170308154856519,0.578035736083984
20170308154856520,-2.86282119750977
20170308154856521,-0.596891021728516
20170308154856522,0.394930267333984
20170308154856523,-2.90096817016602
20170308154856524,-0.566373443603516
20170308154856525,0.356783294677734
20170308154856526,-2.92385635375977
20170308154856527,-0.734220123291016
20170308154856528,0.387300872802734
20170308154856529,-2.89333877563477
20170308154856530,-0.375638580322266
20170308154856531,0.112642669677734
20170308154856532,-2.87807998657227
20170308154856533,-0.184903717041016
20170308154856534,-0.177274322509766
20170308154856535,-2.87807998657227
20170308154856536,0.0210899353027344
20170308154856537,-0.360379791259766
20170308154856538,-2.83993301391602
20170308154856539,0.188936614990234
20170308154856540,-0.322232818603516
20170308154856541,-2.93148574829102
20170308154856542,0.311006927490234
20170308154856543,-0.566373443603516
20170308154856544,-2.90096817016602
20170308154856545,0.204195404052734
20170308154856546,-0.261197662353516
20170308154856547,-2.86282119750977
20170308154856548,0.372042083740234
20170308154856549,-0.612149810791016
20170308154856550,-2.80178604125977
20170308154856551,0.471224212646484
20170308154856552,-0.566373443603516
20170308154856553,-2.84756240844727
20170308154856554,0.387300872802734
20170308154856555,-0.429044342041016
20170308154856556,-2.80178604125977
20170308154856557,0.692476654052734
20170308154856558,-0.703702545166016
20170308154856559,-2.83993301391602
20170308154856560,0.555147552490234
20170308154856561,-0.856290435791016
20170308154856562,-2.81704483032227
20170308154856563,0.547518157958984
20170308154856564,-0.802884674072266
20170308154856565,-2.83230361938477
20170308154856566,0.890840911865234
20170308154856567,-0.978360748291016
20170308154856568,-2.74838027954102
20170308154856569,0.631441497802734
20170308154856570,-0.978360748291016
20170308154856571,-2.74838027954102
20170308154856572,0.799288177490234
20170308154856573,-0.932584381103516
20170308154856574,-2.64919815063477
20170308154856575,1.00528182983398
20170308154856576,-1.31405410766602
20170308154856577,-2.55001602172852
20170308154856578,0.883211517333984
20170308154856579,-1.60397109985352
20170308154856580,-2.35928115844727
20170308154856581,0.898470306396484
20170308154856582,-1.72604141235352
20170308154856583,-2.33639297485352
20170308154856584,0.791658782958984
20170308154856585,-1.81759414672852
20170308154856586,-2.11514053344727
20170308154856587,0.753511810302734
20170308154856588,-1.90914688110352
20170308154856589,-2.06936416625977
20170308154856590,0.974764251708984
20170308154856591,-2.26009902954102
20170308154856592,-1.77181777954102
20170308154856593,0.845064544677734
20170308154856594,-2.23721084594727
20170308154856595,-1.80996475219727
20170308154856596,0.692476654052734
20170308154856597,-2.19143447875977
20170308154856598,-1.73367080688477
20170308154856599,0.784029388427734
20170308154856600,-2.42794570922852
20170308154856601,-1.55819473266602
20170308154856602,0.753511810302734
20170308154856603,-2.71023330688477
20170308154856604,-1.40560684204102
20170308154856605,0.776399993896484
20170308154856606,-2.74075088500977
20170308154856607,-1.19961318969727
20170308154856608,0.593294525146484
20170308154856609,-2.90096817016602
20170308154856610,-0.856290435791016
20170308154856611,0.562776947021484
20170308154856612,-2.95437393188477
20170308154856613,-0.657926177978516
20170308154856614,0.341524505615234
20170308154856615,-2.99252090454102
20170308154856616,-0.429044342041016
20170308154856617,0.219454193115234
20170308154856618,-2.93148574829102
20170308154856619,-0.383267974853516
20170308154856620,0.0134605407714844
20170308154856621,-2.93911514282227
20170308154856622,-0.177274322509766
20170308154856623,-0.116239166259766
20170308154856624,-2.87807998657227
20170308154856625,-0.0704627990722656
20170308154856626,-0.360379791259766
20170308154856627,-2.80941543579102
20170308154856628,0.211824798583984
20170308154856629,-0.482450103759766
20170308154856630,-2.85519180297852
20170308154856631,0.379671478271484
20170308154856632,-0.543485260009766
20170308154856633,-2.90859756469727
20170308154856634,0.417818450927734
20170308154856635,-0.711331939697266
20170308154856636,-2.80178604125977
20170308154856637,0.532259368896484
20170308154856638,-0.619779205322266
20170308154856639,-2.82467422485352
20170308154856640,0.471224212646484
20170308154856641,-0.741849517822266
20170308154856642,-2.90859756469727
20170308154856643,0.417818450927734
20170308154856644,-0.673184967041016
20170308154856645,-2.87045059204102
20170308154856646,0.349153900146484
20170308154856647,-0.467191314697266
20170308154856648,-2.83230361938477
20170308154856649,0.372042083740234
20170308154856650,-0.718961334228516
20170308154856651,-2.78652725219727
20170308154856652,0.639070892333984
20170308154856653,-0.787625885009766
20170308154856654,-2.80941543579102
20170308154856655,0.860323333740234
20170308154856656,-0.985990142822266
20170308154856657,-2.75600967407227
20170308154856658,0.799288177490234
20170308154856659,-1.09280166625977
20170308154856660,-2.70260391235352
20170308154856661,0.776399993896484
20170308154856662,-1.20724258422852
20170308154856663,-2.67971572875977
20170308154856664,0.928987884521484
20170308154856665,-1.23776016235352
20170308154856666,-2.62630996704102
20170308154856667,0.875582122802734
20170308154856668,-1.39797744750977
20170308154856669,-2.43557510375977
20170308154856670,0.738253021240234
20170308154856671,-1.32931289672852
20170308154856672,-2.53475723266602
20170308154856673,0.745882415771484
20170308154856674,-1.38271865844727
20170308154856675,-2.55764541625977
20170308154856676,0.951876068115234
20170308154856677,-1.53530654907227
20170308154856678,-2.38979873657227
20170308154856679,0.661959075927734
20170308154856680,-1.78707656860352
20170308154856681,-2.21432266235352
20170308154856682,0.761141204833984
20170308154856683,-1.96255264282227
20170308154856684,-2.13039932250977
20170308154856685,0.753511810302734
20170308154856686,-1.90914688110352
20170308154856687,-2.08462295532227
20170308154856688,0.738253021240234
20170308154856689,-2.00832901000977
20170308154856690,-2.06936416625977
20170308154856691,0.692476654052734
20170308154856692,-2.17617568969727
20170308154856693,-1.95492324829102
20170308154856694,0.738253021240234
20170308154856695,-2.28298721313477
20170308154856696,-1.96255264282227
20170308154856697,0.608553314208984
20170308154856698,-2.19143447875977
20170308154856699,-1.96255264282227
20170308154856700,0.845064544677734
20170308154856701,-2.34402236938477
20170308154856702,-1.71078262329102
20170308154856703,0.654329681396484
20170308154856704,-2.28298721313477
20170308154856705,-1.77181777954102
20170308154856706,0.761141204833984
20170308154856707,-2.24484024047852
20170308154856708,-1.73367080688477
20170308154856709,0.906099700927734
20170308154856710,-2.42794570922852
20170308154856711,-1.58108291625977
20170308154856712,0.715364837646484
20170308154856713,-2.49661026000977
20170308154856714,-1.39034805297852
20170308154856715,0.692476654052734
20170308154856716,-2.51186904907227
20170308154856717,-1.37508926391602
20170308154856718,0.776399993896484
20170308154856719,-2.64919815063477
20170308154856720,-1.30642471313477
20170308154856721,0.745882415771484
20170308154856722,-2.77126846313477
20170308154856723,-1.29879531860352
20170308154856724,0.745882415771484
20170308154856725,-2.78652725219727
20170308154856726,-1.30642471313477
20170308154856727,0.646700286865234
20170308154856728,-2.83230361938477
20170308154856729,-1.13857803344727
20170308154856730,0.570406341552734
20170308154856731,-2.93911514282227
20170308154856732,-0.978360748291016
20170308154856733,0.738253021240234
20170308154856734,-2.90859756469727
20170308154856735,-1.22250137329102
20170308154856736,0.570406341552734
20170308154856737,-2.96963272094727
20170308154856738,-1.04702529907227
20170308154856739,0.433077239990234
20170308154856740,-2.98489151000977
20170308154856741,-0.795255279541016
20170308154856742,0.440706634521484
20170308154856743,-2.90859756469727
20170308154856744,-0.696073150634766
20170308154856745,0.402559661865234
20170308154856746,-2.94674453735352
20170308154856747,-0.619779205322266
20170308154856748,0.265230560302734
20170308154856749,-2.95437393188477
20170308154856750,-0.169644927978516
20170308154856751,0.0516075134277344
20170308154856752,-2.90096817016602
20170308154856753,-0.398526763916016
20170308154856754,-0.0094276428222656
20170308154856755,-2.91622695922852
20170308154856756,0.0363487243652344
20170308154856757,-0.245938873291016
20170308154856758,-2.96200332641602
20170308154856759,0.318636322021484
20170308154856760,-0.329862213134766
20170308154856761,-2.83230361938477
20170308154856762,0.417818450927734
20170308154856763,-0.551114654541016
20170308154856764,-2.83993301391602
20170308154856765,0.639070892333984
20170308154856766,-0.757108306884766
20170308154856767,-2.87045059204102
20170308154856768,0.799288177490234
20170308154856769,-1.03176651000977
20170308154856770,-2.78652725219727
20170308154856771,0.814546966552734
20170308154856772,-1.16909561157227
20170308154856773,-2.74838027954102
20170308154856774,0.898470306396484
20170308154856775,-1.43612442016602
20170308154856776,-2.55001602172852
20170308154856777,0.722994232177734
20170308154856778,-1.66500625610352
20170308154856779,-2.32876358032227
20170308154856780,0.753511810302734
20170308154856781,-1.83285293579102
20170308154856782,-2.21432266235352
20170308154856783,0.692476654052734
20170308154856784,-1.96255264282227
20170308154856785,-2.15328750610352
20170308154856786,0.631441497802734
20170308154856787,-1.83285293579102
20170308154856788,-2.13802871704102
20170308154856789,0.806917572021484
20170308154856790,-2.00069961547852
20170308154856791,-2.01595840454102
20170308154856792,0.982393646240234
20170308154856793,-2.00069961547852
20170308154856794,-2.06173477172852
20170308154856795,0.829805755615234
20170308154856796,-2.00832901000977
20170308154856797,-1.96255264282227
20170308154856798,0.951876068115234
20170308154856799,-2.19143447875977
20170308154856800,-1.87862930297852
20170308154856801,0.898470306396484
20170308154856802,-2.19906387329102
20170308154856803,-1.74892959594727
20170308154856804,0.578035736083984
20170308154856805,-2.16854629516602
20170308154856806,-1.84048233032227
20170308154856807,0.707735443115234
20170308154856808,-2.28298721313477
20170308154856809,-1.73367080688477
20170308154856810,0.700106048583984
20170308154856811,-2.34402236938477
20170308154856812,-1.66500625610352
20170308154856813,0.799288177490234
20170308154856814,-2.38979873657227
20170308154856815,-1.82522354125977
20170308154856816,0.639070892333984
20170308154856817,-2.35165176391602
20170308154856818,-1.74130020141602
20170308154856819,0.730623626708984
20170308154856820,-2.24484024047852
20170308154856821,-1.80996475219727
20170308154856822,0.669588470458984
20170308154856823,-2.38979873657227
20170308154856824,-1.64974746704102
20170308154856825,0.692476654052734
20170308154856826,-2.55001602172852
20170308154856827,-1.52004776000977
20170308154856828,0.837435150146484
20170308154856829,-2.59579238891602
20170308154856830,-1.43612442016602
20170308154856831,0.555147552490234
20170308154856832,-2.60342178344727
20170308154856833,-1.44375381469727
20170308154856834,0.669588470458984
20170308154856835,-2.41268692016602
20170308154856836,-1.46664199829102
20170308154856837,0.631441497802734
20170308154856838,-2.32876358032227
20170308154856839,-1.55056533813477
20170308154856840,0.700106048583984
20170308154856841,-2.25246963500977
20170308154856842,-1.75655899047852
20170308154856843,0.616182708740234
20170308154856844,-2.21432266235352
20170308154856845,-1.78707656860352
20170308154856846,0.547518157958984
20170308154856847,-2.18380508422852
20170308154856848,-1.93203506469727
20170308154856849,0.631441497802734
20170308154856850,-2.13802871704102
20170308154856851,-1.92440567016602
20170308154856852,0.837435150146484
20170308154856853,-2.09988174438477
20170308154856854,-1.78707656860352
20170308154856855,0.845064544677734
20170308154856856,-2.27535781860352
20170308154856857,-1.56582412719727
20170308154856858,0.654329681396484
20170308154856859,-2.43557510375977
20170308154856860,-1.69552383422852
20170308154856861,0.661959075927734
20170308154856862,-2.55001602172852
20170308154856863,-1.66500625610352
20170308154856864,0.700106048583984
20170308154856865,-2.49661026000977
20170308154856866,-1.50478897094727
20170308154856867,0.845064544677734
20170308154856868,-2.71023330688477
20170308154856869,-1.33694229125977
20170308154856870,0.684847259521484
20170308154856871,-2.75600967407227
20170308154856872,-1.25301895141602
20170308154856873,0.631441497802734
20170308154856874,-2.86282119750977
20170308154856875,-1.20724258422852
20170308154856876,0.654329681396484
20170308154856877,-3.00777969360352
20170308154856878,-0.696073150634766
20170308154856879,0.417818450927734
20170308154856880,-2.97726211547852
20170308154856881,-0.581632232666016
20170308154856882,0.150789642333984
20170308154856883,-2.91622695922852
20170308154856884,-0.429044342041016
20170308154856885,0.234712982177734
20170308154856886,-2.96200332641602
20170308154856887,-0.375638580322266
20170308154856888,0.181307220458984
20170308154856889,-2.98489151000977
20170308154856890,-0.360379791259766
20170308154856891,-0.0857215881347656
20170308154856892,-2.97726211547852
20170308154856893,-0.0628334045410156
20170308154856894,-0.268827056884766
20170308154856895,-2.93148574829102
20170308154856896,0.311006927490234
20170308154856897,-0.566373443603516
20170308154856898,-2.89333877563477
20170308154856899,0.387300872802734
20170308154856900,-0.718961334228516
20170308154856901,-2.92385635375977
20170308154856902,0.600923919677734
20170308154856903,-0.902066802978516
20170308154856904,-2.85519180297852
20170308154856905,0.806917572021484
20170308154856906,-1.23776016235352
20170308154856907,-2.70260391235352
20170308154856908,0.890840911865234
20170308154856909,-1.37508926391602
20170308154856910,-2.51186904907227
20170308154856911,0.730623626708984
20170308154856912,-1.61160049438477
20170308154856913,-2.50423965454102
20170308154856914,0.623812103271484
20170308154856915,-1.36745986938477
20170308154856916,-2.63393936157227
20170308154856917,0.806917572021484
20170308154856918,-1.44375381469727
20170308154856919,-2.43557510375977
20170308154856920,0.715364837646484
20170308154856921,-1.68026504516602
20170308154856922,-2.36691055297852
20170308154856923,0.707735443115234
20170308154856924,-1.75655899047852
20170308154856925,-2.14565811157227
20170308154856926,0.776399993896484
20170308154856927,-1.97018203735352
20170308154856928,-2.06173477172852
20170308154856929,0.753511810302734
20170308154856930,-2.06936416625977
20170308154856931,-1.94729385375977
20170308154856932,0.715364837646484
20170308154856933,-2.29061660766602
20170308154856934,-1.77181777954102
20170308154856935,0.639070892333984
20170308154856936,-2.29061660766602
20170308154856937,-1.74892959594727
20170308154856938,0.715364837646484
20170308154856939,-2.40505752563477
20170308154856940,-1.64211807250977
20170308154856941,0.707735443115234
20170308154856942,-2.69497451782227
20170308154856943,-1.44375381469727
20170308154856944,0.600923919677734
20170308154856945,-2.80941543579102
20170308154856946,-1.17672500610352
20170308154856947,0.585665130615234
20170308154856948,-2.98489151000977
20170308154856949,-1.10806045532227
20170308154856950,0.631441497802734
20170308154856951,-2.96963272094727
20170308154856952,-1.02413711547852
20170308154856953,0.471224212646484
20170308154856954,-3.00015029907227
20170308154856955,-1.04702529907227
20170308154856956,0.532259368896484
20170308154856957,-2.96200332641602
20170308154856958,-0.833402252197266
20170308154856959,0.486483001708984
20170308154856960,-2.93911514282227
20170308154856961,-0.718961334228516
20170308154856962,0.333895111083984
20170308154856963,-2.93911514282227
20170308154856964,-0.566373443603516
20170308154856965,0.311006927490234
20170308154856966,-2.94674453735352
20170308154856967,-0.650296783447266
20170308154856968,0.410189056396484
20170308154856969,-2.90096817016602
20170308154856970,-0.497708892822266
20170308154856971,0.364412689208984
20170308154856972,-2.90859756469727
20170308154856973,-0.497708892822266
20170308154856974,0.150789642333984
20170308154856975,-2.93911514282227
20170308154856976,-0.497708892822266
20170308154856977,0.188936614990234
20170308154856978,-2.91622695922852
20170308154856979,-0.543485260009766
20170308154856980,0.204195404052734
20170308154856981,-2.97726211547852
20170308154856982,-0.368009185791016
20170308154856983,0.0287193298339844
20170308154856984,-2.98489151000977
20170308154856985,-0.291715240478516
20170308154856986,-0.0857215881347656
20170308154856987,-2.94674453735352
20170308154856988,-0.223050689697266
20170308154856989,-0.139127349853516
20170308154856990,-2.89333877563477
20170308154856991,0.0973838806152344
20170308154856992,-0.215421295166016
20170308154856993,-2.90859756469727
20170308154856994,-0.0704627990722656
20170308154856995,-0.245938873291016
20170308154856996,-2.88570938110352
20170308154856997,-0.0017982482910156
20170308154856998,-0.360379791259766
20170308154856999,-2.87807998657227
20170308154857000,0.280489349365234
20170308154857001,-0.558744049072266
20170308154857002,-2.84756240844727
20170308154857003,0.311006927490234
20170308154857004,-0.581632232666016
20170308154857005,-2.83230361938477
20170308154857006,0.486483001708984
20170308154857007,-0.696073150634766
20170308154857008,-2.86282119750977
20170308154857009,0.684847259521484
20170308154857010,-0.917325592041016
20170308154857011,-2.83230361938477
20170308154857012,0.829805755615234
20170308154857013,-1.02413711547852
20170308154857014,-2.84756240844727
20170308154857015,0.784029388427734
20170308154857016,-1.12331924438477
20170308154857017,-2.80178604125977
20170308154857018,0.692476654052734
20170308154857019,-1.12331924438477
20170308154857020,-2.74838027954102
20170308154857021,0.791658782958984
20170308154857022,-1.00887832641602
20170308154857023,-2.76363906860352
20170308154857024,0.837435150146484
20170308154857025,-1.25301895141602
20170308154857026,-2.73312149047852
20170308154857027,0.898470306396484
20170308154857028,-1.39034805297852
20170308154857029,-2.49661026000977
20170308154857030,0.730623626708984
20170308154857031,-1.61922988891602
20170308154857032,-2.47372207641602
20170308154857033,0.860323333740234
20170308154857034,-1.73367080688477
20170308154857035,-2.31350479125977
20170308154857036,0.806917572021484
20170308154857037,-1.84048233032227
20170308154857038,-2.16854629516602
20170308154857039,0.700106048583984
20170308154857040,-2.13802871704102
20170308154857041,-1.94729385375977
20170308154857042,0.684847259521484
20170308154857043,-2.26009902954102
20170308154857044,-1.82522354125977
20170308154857045,0.707735443115234
20170308154857046,-2.31350479125977
20170308154857047,-1.90151748657227
20170308154857048,0.745882415771484
20170308154857049,-2.29061660766602
20170308154857050,-1.80996475219727
20170308154857051,0.578035736083984
20170308154857052,-2.21432266235352
20170308154857053,-1.76418838500977
20170308154857054,0.745882415771484
20170308154857055,-2.33639297485352
20170308154857056,-1.67263565063477
20170308154857057,0.768770599365234
20170308154857058,-2.36691055297852
20170308154857059,-1.55056533813477
20170308154857060,0.722994232177734
20170308154857061,-2.71786270141602
20170308154857062,-1.31405410766602
20170308154857063,0.639070892333984
20170308154857064,-2.83230361938477
20170308154857065,-1.20724258422852
20170308154857066,0.547518157958984
20170308154857067,-2.94674453735352
20170308154857068,-0.993619537353516
20170308154857069,0.379671478271484
20170308154857070,-2.95437393188477
20170308154857071,-0.985990142822266
20170308154857072,0.578035736083984
20170308154857073,-2.99252090454102
20170308154857074,-0.909696197509766
20170308154857075,0.455965423583984
20170308154857076,-2.92385635375977
20170308154857077,-0.818143463134766
20170308154857078,0.402559661865234
20170308154857079,-3.00015029907227
20170308154857080,-0.566373443603516
20170308154857081,0.204195404052734
20170308154857082,-3.03829727172852
20170308154857083,-0.406156158447266
20170308154857084,0.0287193298339844
20170308154857085,-3.00777969360352
20170308154857086,-0.329862213134766
20170308154857087,-0.0323158264160156
20170308154857088,-2.94674453735352
20170308154857089,-0.131497955322266
20170308154857090,-0.116239166259766
20170308154857091,-2.94674453735352
20170308154857092,0.0744956970214844
20170308154857093,-0.253568267822266
20170308154857094,-2.86282119750977
20170308154857095,-0.0780921936035156
20170308154857096,-0.268827056884766
20170308154857097,-2.90096817016602
20170308154857098,0.288118743896484
20170308154857099,-0.482450103759766
20170308154857100,-2.90096817016602
20170308154857101,0.288118743896484
20170308154857102,-0.604520416259766
20170308154857103,-2.83230361938477
20170308154857104,0.349153900146484
20170308154857105,-0.627408599853516
20170308154857106,-2.88570938110352
20170308154857107,0.845064544677734
20170308154857108,-0.970731353759766
20170308154857109,-2.83993301391602
20170308154857110,0.852693939208984
20170308154857111,-1.23776016235352
20170308154857112,-2.67971572875977
20170308154857113,0.990023040771484
20170308154857114,-1.25301895141602
20170308154857115,-2.64156875610352
20170308154857116,0.982393646240234
20170308154857117,-1.31405410766602
20170308154857118,-2.57290420532227
20170308154857119,0.730623626708984
20170308154857120,-1.43612442016602
20170308154857121,-2.55001602172852
20170308154857122,0.707735443115234
20170308154857123,-1.41323623657227
20170308154857124,-2.51186904907227
20170308154857125,0.829805755615234
20170308154857126,-1.39797744750977
20170308154857127,-2.55001602172852
20170308154857128,0.722994232177734
20170308154857129,-1.10806045532227
20170308154857130,-2.64156875610352
20170308154857131,0.837435150146484
20170308154857132,-1.03939590454102
20170308154857133,-2.65682754516602
20170308154857134,1.00528182983398
20170308154857135,-1.16146621704102
20170308154857136,-2.61105117797852
20170308154857137,0.753511810302734
20170308154857138,-1.28353652954102
20170308154857139,-2.57290420532227
20170308154857140,1.08920516967773
20170308154857141,-1.39034805297852
20170308154857142,-2.58816299438477
20170308154857143,0.707735443115234
20170308154857144,-1.24538955688477
20170308154857145,-2.45846328735352
20170308154857146,0.921358489990234
20170308154857147,-1.62685928344727
20170308154857148,-2.50423965454102
20170308154857149,0.654329681396484
20170308154857150,-1.53530654907227
20170308154857151,-2.44320449829102
20170308154857152,0.692476654052734
20170308154857153,-1.59634170532227
20170308154857154,-2.48898086547852
20170308154857155,0.745882415771484
20170308154857156,-1.71841201782227
20170308154857157,-2.32876358032227
20170308154857158,0.639070892333984
20170308154857159,-1.74892959594727
20170308154857160,-2.39742813110352
20170308154857161,0.738253021240234
20170308154857162,-1.90151748657227
20170308154857163,-2.05410537719727
20170308154857164,0.822176361083984
20170308154857165,-2.07699356079102
20170308154857166,-2.00069961547852
20170308154857167,0.654329681396484
20170308154857168,-2.29824600219727
20170308154857169,-1.79470596313477
20170308154857170,0.738253021240234
20170308154857171,-2.44320449829102
20170308154857172,-1.68026504516602
20170308154857173,0.646700286865234
20170308154857174,-2.37453994750977
20170308154857175,-1.55056533813477
20170308154857176,0.700106048583984
20170308154857177,-2.67208633422852
20170308154857178,-1.32931289672852
20170308154857179,0.593294525146484
20170308154857180,-2.81704483032227
20170308154857181,-1.10043106079102
20170308154857182,0.547518157958984
20170308154857183,-2.96963272094727
20170308154857184,-1.04702529907227
20170308154857185,0.501741790771484
20170308154857186,-2.98489151000977
20170308154857187,-0.886808013916016
20170308154857188,0.417818450927734
20170308154857189,-2.93148574829102
20170308154857190,-0.604520416259766
20170308154857191,0.249971771240234
20170308154857192,-2.98489151000977
20170308154857193,-0.490079498291016
20170308154857194,0.227083587646484
20170308154857195,-2.92385635375977
20170308154857196,-0.306974029541016
20170308154857197,0.0058311462402344
20170308154857198,-2.96963272094727
20170308154857199,-0.451932525634766
20170308154857200,0.0592369079589844
20170308154857201,-3.00777969360352
20170308154857202,-0.329862213134766
20170308154857203,0.0287193298339844
20170308154857204,-3.00015029907227
20170308154857205,-0.345121002197266
20170308154857206,-0.100980377197266
20170308154857207,-2.93148574829102
20170308154857208,0.0897544860839844
20170308154857209,-0.421414947509766
20170308154857210,-2.90859756469727
20170308154857211,0.463594818115234
20170308154857212,-0.627408599853516
20170308154857213,-2.90859756469727
20170308154857214,0.753511810302734
20170308154857215,-0.917325592041016
20170308154857216,-2.90096817016602
20170308154857217,0.898470306396484
20170308154857218,-0.879178619384766
20170308154857219,-2.73312149047852
20170308154857220,0.845064544677734
20170308154857221,-1.24538955688477
20170308154857222,-2.55764541625977
20170308154857223,0.875582122802734
20170308154857224,-1.47427139282227
20170308154857225,-2.56527481079102
20170308154857226,1.13498153686523
20170308154857227,-1.45901260375977
20170308154857228,-2.53475723266602
20170308154857229,0.799288177490234
20170308154857230,-1.60397109985352
20170308154857231,-2.54238662719727
20170308154857232,0.806917572021484
20170308154857233,-1.75655899047852
20170308154857234,-2.22958145141602
20170308154857235,0.669588470458984
20170308154857236,-1.88625869750977
20170308154857237,-2.26009902954102
20170308154857238,0.608553314208984
20170308154857239,-1.83285293579102
20170308154857240,-2.09988174438477
20170308154857241,0.753511810302734
20170308154857242,-2.19906387329102
20170308154857243,-1.73367080688477
20170308154857244,0.722994232177734
20170308154857245,-2.36691055297852
20170308154857246,-1.70315322875977
20170308154857247,0.654329681396484
20170308154857248,-2.53475723266602
20170308154857249,-1.68026504516602
20170308154857250,0.616182708740234
20170308154857251,-2.46609268188477
20170308154857252,-1.50478897094727
20170308154857253,0.692476654052734
20170308154857254,-2.58053359985352
20170308154857255,-1.50478897094727
20170308154857256,0.631441497802734
20170308154857257,-2.53475723266602
20170308154857258,-1.42086563110352
20170308154857259,0.654329681396484
20170308154857260,-2.74075088500977
20170308154857261,-1.44375381469727
20170308154857262,0.684847259521484
20170308154857263,-2.55001602172852
20170308154857264,-1.48953018188477
20170308154857265,0.654329681396484
20170308154857266,-2.55764541625977
20170308154857267,-1.48190078735352
20170308154857268,0.669588470458984
20170308154857269,-2.67208633422852
20170308154857270,-1.38271865844727
20170308154857271,0.600923919677734
20170308154857272,-2.83230361938477
20170308154857273,-1.22250137329102
20170308154857274,0.562776947021484
20170308154857275,-2.95437393188477
20170308154857276,-1.16909561157227
20170308154857277,0.417818450927734
20170308154857278,-2.87807998657227
20170308154857279,-1.13857803344727
20170308154857280,0.455965423583984
20170308154857281,-2.97726211547852
20170308154857282,-1.10043106079102
20170308154857283,0.669588470458984
20170308154857284,-2.90859756469727
20170308154857285,-1.03939590454102
20170308154857286,0.372042083740234
20170308154857287,-2.90096817016602
20170308154857288,-1.10806045532227
20170308154857289,0.463594818115234
20170308154857290,-3.00015029907227
20170308154857291,-1.06228408813477
20170308154857292,0.433077239990234
20170308154857293,-3.02303848266602
20170308154857294,-1.05465469360352
20170308154857295,0.524629974365234
20170308154857296,-2.96963272094727
20170308154857297,-0.940213775634766
20170308154857298,0.455965423583984
20170308154857299,-2.96200332641602
20170308154857300,-0.520597076416016
20170308154857301,0.280489349365234
20170308154857302,-2.93148574829102
20170308154857303,-0.497708892822266
20170308154857304,0.143160247802734
20170308154857305,-2.95437393188477
20170308154857306,-0.459561920166016
20170308154857307,0.349153900146484
20170308154857308,-2.96200332641602
20170308154857309,-0.413785552978516
20170308154857310,0.0363487243652344
20170308154857311,-2.93148574829102
20170308154857312,-0.535855865478516
20170308154857313,0.135530853271484
20170308154857314,-2.93911514282227
20170308154857315,-0.459561920166016
20170308154857316,0.0973838806152344
20170308154857317,-2.89333877563477
20170308154857318,-0.291715240478516
20170308154857319,0.0058311462402344
20170308154857320,-2.92385635375977
20170308154857321,-0.169644927978516
20170308154857322,-0.177274322509766
20170308154857323,-2.91622695922852
20170308154857324,-0.0628334045410156
20170308154857325,-0.268827056884766
20170308154857326,-2.92385635375977
20170308154857327,0.166048431396484
20170308154857328,-0.535855865478516
20170308154857329,-2.93911514282227
20170308154857330,0.509371185302734
20170308154857331,-0.863919830322266
20170308154857332,-2.90096817016602
20170308154857333,0.639070892333984
20170308154857334,-0.924954986572266
20170308154857335,-2.89333877563477
20170308154857336,0.585665130615234
20170308154857337,-0.947843170166016
20170308154857338,-2.88570938110352
20170308154857339,0.707735443115234
20170308154857340,-0.894437408447266
20170308154857341,-2.80941543579102
20170308154857342,0.684847259521484
20170308154857343,-1.05465469360352
20170308154857344,-2.77889785766602
20170308154857345,0.837435150146484
20170308154857346,-1.19961318969727
20170308154857347,-2.71023330688477
20170308154857348,0.822176361083984
20170308154857349,-1.53530654907227
20170308154857350,-2.51186904907227
20170308154857351,0.806917572021484
20170308154857352,-1.68026504516602
20170308154857353,-2.42031631469727
20170308154857354,0.860323333740234
20170308154857355,-1.96255264282227
20170308154857356,-2.13802871704102
20170308154857357,0.669588470458984
20170308154857358,-1.97781143188477
20170308154857359,-2.06936416625977
20170308154857360,0.623812103271484
20170308154857361,-2.01595840454102
20170308154857362,-2.11514053344727
20170308154857363,0.585665130615234
20170308154857364,-2.02358779907227
20170308154857365,-2.06173477172852
20170308154857366,0.623812103271484
20170308154857367,-1.97781143188477
20170308154857368,-2.09225234985352
20170308154857369,0.608553314208984
20170308154857370,-2.13039932250977
20170308154857371,-1.87099990844727
20170308154857372,0.784029388427734
20170308154857373,-2.27535781860352
20170308154857374,-1.74130020141602
20170308154857375,0.593294525146484
20170308154857376,-2.36691055297852
20170308154857377,-1.50478897094727
20170308154857378,0.829805755615234
20170308154857379,-2.53475723266602
20170308154857380,-1.65737686157227
20170308154857381,0.776399993896484
20170308154857382,-2.62630996704102
20170308154857383,-1.55056533813477
20170308154857384,0.654329681396484
20170308154857385,-2.70260391235352
20170308154857386,-1.43612442016602
20170308154857387,0.600923919677734
20170308154857388,-2.84756240844727
20170308154857389,-1.25301895141602
20170308154857390,0.547518157958984
20170308154857391,-2.97726211547852
20170308154857392,-1.19961318969727
20170308154857393,0.501741790771484
20170308154857394,-2.94674453735352
20170308154857395,-1.08517227172852
20170308154857396,0.524629974365234
20170308154857397,-2.97726211547852
20170308154857398,-0.924954986572266
20170308154857399,0.394930267333984
20170308154857400,-2.98489151000977
20170308154857401,-0.841031646728516
20170308154857402,0.455965423583984
20170308154857403,-2.96200332641602
20170308154857404,-0.741849517822266
20170308154857405,0.509371185302734
20170308154857406,-2.94674453735352
20170308154857407,-0.520597076416016
20170308154857408,0.433077239990234
20170308154857409,-2.93148574829102
20170308154857410,-0.718961334228516
20170308154857411,0.455965423583984
20170308154857412,-2.92385635375977
20170308154857413,-0.718961334228516
20170308154857414,0.303377532958984
20170308154857415,-2.99252090454102
20170308154857416,-0.863919830322266
20170308154857417,0.372042083740234
20170308154857418,-2.92385635375977
20170308154857419,-0.863919830322266
20170308154857420,0.402559661865234
20170308154857421,-2.97726211547852
20170308154857422,-0.688443756103516
20170308154857423,0.425447845458984
20170308154857424,-2.98489151000977
20170308154857425,-0.528226470947266
20170308154857426,0.417818450927734
20170308154857427,-2.99252090454102
20170308154857428,-0.459561920166016
20170308154857429,0.288118743896484
20170308154857430,-2.90096817016602
20170308154857431,-0.368009185791016
20170308154857432,-0.100980377197266
20170308154857433,-2.96200332641602
20170308154857434,-0.0475746154785156
20170308154857435,-0.207791900634766
20170308154857436,-3.00777969360352
20170308154857437,0.181307220458984
20170308154857438,-0.139127349853516
20170308154857439,-2.89333877563477
20170308154857440,0.0134605407714844
20170308154857441,-0.276456451416016
20170308154857442,-2.92385635375977
20170308154857443,0.303377532958984
20170308154857444,-0.574002838134766
20170308154857445,-2.80178604125977
20170308154857446,0.234712982177734
20170308154857447,-0.444303131103516
20170308154857448,-2.90859756469727
20170308154857449,0.776399993896484
20170308154857450,-0.963101959228516
20170308154857451,-2.83230361938477
20170308154857452,0.806917572021484
20170308154857453,-1.18435440063477
20170308154857454,-2.71786270141602
20170308154857455,0.951876068115234
20170308154857456,-1.41323623657227
20170308154857457,-2.64156875610352
20170308154857458,0.768770599365234
20170308154857459,-1.44375381469727
20170308154857460,-2.51949844360352
20170308154857461,0.776399993896484
20170308154857462,-1.74130020141602
20170308154857463,-2.26772842407227
20170308154857464,0.646700286865234
20170308154857465,-2.02358779907227
20170308154857466,-2.07699356079102
20170308154857467,0.654329681396484
20170308154857468,-2.04647598266602
20170308154857469,-2.04647598266602
20170308154857470,0.867952728271484
20170308154857471,-2.12276992797852
20170308154857472,-1.77181777954102
20170308154857473,0.745882415771484
20170308154857474,-2.33639297485352
20170308154857475,-1.69552383422852
20170308154857476,0.677217864990234
20170308154857477,-2.55764541625977
20170308154857478,-1.48190078735352
20170308154857479,0.654329681396484
20170308154857480,-2.72549209594727
20170308154857481,-1.22250137329102
20170308154857482,0.738253021240234
20170308154857483,-2.82467422485352
20170308154857484,-1.10806045532227
20170308154857485,0.646700286865234
20170308154857486,-3.02303848266602
20170308154857487,-0.566373443603516
20170308154857488,0.211824798583984
20170308154857489,-2.92385635375977
20170308154857490,-0.619779205322266
20170308154857491,0.295748138427734
20170308154857492,-2.97726211547852
20170308154857493,-0.360379791259766
20170308154857494,-0.0170570373535156
20170308154857495,-2.95437393188477
20170308154857496,0.0439781188964844
20170308154857497,-0.108609771728516
20170308154857498,-2.87045059204102
20170308154857499,0.135530853271484
20170308154857500,-0.467191314697266
20170308154857501,-2.90859756469727
20170308154857502,0.181307220458984
20170308154857503,-0.490079498291016
20170308154857504,-2.95437393188477
20170308154857505,0.555147552490234
20170308154857506,-0.795255279541016
20170308154857507,-2.83993301391602
20170308154857508,0.631441497802734
20170308154857509,-0.879178619384766
20170308154857510,-2.83993301391602
20170308154857511,0.799288177490234
20170308154857512,-1.01650772094727
20170308154857513,-2.71786270141602
20170308154857514,0.753511810302734
20170308154857515,-1.33694229125977
20170308154857516,-2.64156875610352
20170308154857517,0.753511810302734
20170308154857518,-1.54293594360352
20170308154857519,-2.52712783813477
20170308154857520,0.684847259521484
20170308154857521,-1.49715957641602
20170308154857522,-2.51949844360352
20170308154857523,1.06631698608398
20170308154857524,-1.61922988891602
20170308154857525,-2.42794570922852
20170308154857526,0.784029388427734
20170308154857527,-1.78707656860352
20170308154857528,-2.35928115844727
20170308154857529,0.738253021240234
20170308154857530,-2.02358779907227
20170308154857531,-2.00832901000977
20170308154857532,0.684847259521484
20170308154857533,-2.16854629516602
20170308154857534,-2.00832901000977
20170308154857535,0.814546966552734
20170308154857536,-2.17617568969727
20170308154857537,-2.06936416625977
20170308154857538,0.684847259521484
20170308154857539,-2.05410537719727
20170308154857540,-2.03121719360352
20170308154857541,0.730623626708984
20170308154857542,-2.22195205688477
20170308154857543,-1.81759414672852
20170308154857544,0.684847259521484
20170308154857545,-2.26772842407227
20170308154857546,-1.84048233032227
20170308154857547,0.623812103271484
20170308154857548,-2.36691055297852
20170308154857549,-1.62685928344727
20170308154857550,0.738253021240234
20170308154857551,-2.42031631469727
20170308154857552,-1.61160049438477
20170308154857553,0.639070892333984
20170308154857554,-2.33639297485352
20170308154857555,-1.58108291625977
20170308154857556,0.730623626708984
20170308154857557,-2.44320449829102
20170308154857558,-1.48953018188477
20170308154857559,0.700106048583984
20170308154857560,-2.67208633422852
20170308154857561,-1.37508926391602
20170308154857562,0.631441497802734
20170308154857563,-2.70260391235352
20170308154857564,-1.26827774047852
20170308154857565,0.562776947021484
20170308154857566,-2.64919815063477
20170308154857567,-1.18435440063477
20170308154857568,0.661959075927734
20170308154857569,-2.79415664672852
20170308154857570,-1.19198379516602
20170308154857571,0.578035736083984
20170308154857572,-2.88570938110352
20170308154857573,-1.19198379516602
20170308154857574,0.616182708740234
20170308154857575,-2.82467422485352
20170308154857576,-1.23776016235352
20170308154857577,0.722994232177734
20170308154857578,-2.58816299438477
20170308154857579,-1.37508926391602
20170308154857580,0.692476654052734
20170308154857581,-2.64919815063477
20170308154857582,-1.42849502563477
20170308154857583,0.562776947021484
20170308154857584,-2.63393936157227
20170308154857585,-1.42849502563477
20170308154857586,0.562776947021484
20170308154857587,-2.73312149047852
20170308154857588,-1.36745986938477
20170308154857589,0.814546966552734
20170308154857590,-2.77126846313477
20170308154857591,-1.24538955688477
20170308154857592,0.600923919677734
20170308154857593,-2.86282119750977
20170308154857594,-1.13857803344727
20170308154857595,0.524629974365234
20170308154857596,-3.01540908813477
20170308154857597,-0.978360748291016
20170308154857598,0.555147552490234
20170308154857599,-2.98489151000977
20170308154857600,-0.886808013916016
20170308154857601,0.433077239990234
20170308154857602,-3.00777969360352
20170308154857603,-0.596891021728516
20170308154857604,0.219454193115234
20170308154857605,-2.92385635375977
20170308154857606,-0.467191314697266
20170308154857607,0.143160247802734
20170308154857608,-2.93911514282227
20170308154857609,-0.543485260009766
20170308154857610,0.158419036865234
20170308154857611,-2.94674453735352
20170308154857612,-0.482450103759766
20170308154857613,0.188936614990234
20170308154857614,-2.97726211547852
20170308154857615,-0.329862213134766
20170308154857616,-0.0857215881347656
20170308154857617,-2.91622695922852
20170308154857618,-0.0628334045410156
20170308154857619,-0.276456451416016
20170308154857620,-2.90859756469727
20170308154857621,-0.0323158264160156
20170308154857622,-0.352750396728516
20170308154857623,-2.94674453735352
20170308154857624,0.234712982177734
20170308154857625,-0.558744049072266
20170308154857626,-2.84756240844727
20170308154857627,0.410189056396484
20170308154857628,-0.657926177978516
20170308154857629,-2.87807998657227
20170308154857630,0.417818450927734
20170308154857631,-0.764737701416016
20170308154857632,-2.93911514282227
20170308154857633,0.639070892333984
20170308154857634,-0.909696197509766
20170308154857635,-2.84756240844727
20170308154857636,0.715364837646484
20170308154857637,-0.886808013916016
20170308154857638,-2.82467422485352
20170308154857639,0.852693939208984
20170308154857640,-1.20724258422852
20170308154857641,-2.63393936157227
20170308154857642,0.806917572021484
20170308154857643,-1.39034805297852
20170308154857644,-2.53475723266602
20170308154857645,0.845064544677734
20170308154857646,-1.49715957641602
20170308154857647,-2.56527481079102
20170308154857648,0.707735443115234
20170308154857649,-1.32931289672852
20170308154857650,-2.63393936157227
20170308154857651,0.761141204833984
20170308154857652,-1.36745986938477
20170308154857653,-2.51949844360352
20170308154857654,0.776399993896484
20170308154857655,-1.71841201782227
20170308154857656,-2.26772842407227
20170308154857657,0.883211517333984
20170308154857658,-1.83285293579102
20170308154857659,-2.12276992797852
20170308154857660,0.906099700927734
20170308154857661,-1.90914688110352
20170308154857662,-2.06936416625977
20170308154857663,0.753511810302734
20170308154857664,-2.12276992797852
20170308154857665,-1.82522354125977
20170308154857666,0.761141204833984
20170308154857667,-2.45846328735352
20170308154857668,-1.58108291625977
20170308154857669,0.776399993896484
20170308154857670,-2.57290420532227
20170308154857671,-1.42849502563477
20170308154857672,0.692476654052734
20170308154857673,-2.74838027954102
20170308154857674,-1.39034805297852
20170308154857675,0.593294525146484
20170308154857676,-2.80178604125977
20170308154857677,-1.26064834594727
20170308154857678,0.585665130615234
20170308154857679,-2.69497451782227
20170308154857680,-1.29116592407227
20170308154857681,0.555147552490234
20170308154857682,-2.69497451782227
20170308154857683,-1.40560684204102
20170308154857684,0.661959075927734
20170308154857685,-2.83230361938477
20170308154857686,-1.20724258422852
20170308154857687,0.501741790771484
20170308154857688,-2.90096817016602
20170308154857689,-1.06228408813477
20170308154857690,0.608553314208984
20170308154857691,-2.96200332641602
20170308154857692,-1.09280166625977
20170308154857693,0.578035736083984
20170308154857694,-3.00015029907227
20170308154857695,-0.818143463134766
20170308154857696,0.517000579833984
20170308154857697,-2.95437393188477
20170308154857698,-0.749478912353516
20170308154857699,0.494112396240234
20170308154857700,-2.92385635375977
20170308154857701,-0.612149810791016
20170308154857702,0.249971771240234
20170308154857703,-2.96200332641602
20170308154857704,-0.512967681884766
20170308154857705,0.227083587646484
20170308154857706,-2.90859756469727
20170308154857707,-0.581632232666016
20170308154857708,0.181307220458984
20170308154857709,-2.81704483032227
20170308154857710,-0.718961334228516
20170308154857711,0.341524505615234
20170308154857712,-2.96200332641602
20170308154857713,-0.604520416259766
20170308154857714,0.349153900146484
20170308154857715,-2.90096817016602
20170308154857716,-0.604520416259766
20170308154857717,0.249971771240234
20170308154857718,-2.93911514282227
20170308154857719,-0.482450103759766
20170308154857720,0.143160247802734
20170308154857721,-2.99252090454102
20170308154857722,-0.589261627197266
20170308154857723,0.272859954833984
20170308154857724,-2.93911514282227
20170308154857725,-0.596891021728516
20170308154857726,0.272859954833984
20170308154857727,-3.01540908813477
20170308154857728,-0.520597076416016
20170308154857729,0.204195404052734
20170308154857730,-2.90859756469727
20170308154857731,-0.635037994384766
20170308154857732,0.196566009521484
20170308154857733,-2.96200332641602
20170308154857734,-0.688443756103516
20170308154857735,0.387300872802734
20170308154857736,-2.86282119750977
20170308154857737,-0.604520416259766
20170308154857738,0.341524505615234
20170308154857739,-2.85519180297852
20170308154857740,-0.505338287353516
20170308154857741,0.166048431396484
20170308154857742,-2.94674453735352
20170308154857743,-0.581632232666016
20170308154857744,0.143160247802734
20170308154857745,-3.00777969360352
20170308154857746,-0.306974029541016
20170308154857747,-0.100980377197266
20170308154857748,-2.94674453735352
20170308154857749,-0.261197662353516
20170308154857750,-0.223050689697266
20170308154857751,-2.96963272094727
20170308154857752,0.112642669677734
20170308154857753,-0.474820709228516
20170308154857754,-2.90096817016602
20170308154857755,0.173677825927734
20170308154857756,-0.406156158447266
20170308154857757,-2.90859756469727
20170308154857758,0.249971771240234
20170308154857759,-0.574002838134766
20170308154857760,-2.87807998657227
20170308154857761,0.280489349365234
20170308154857762,-0.734220123291016
20170308154857763,-2.80941543579102
20170308154857764,0.578035736083984
20170308154857765,-0.856290435791016
20170308154857766,-2.83230361938477
20170308154857767,0.715364837646484
20170308154857768,-1.08517227172852
20170308154857769,-2.66445693969727
20170308154857770,0.745882415771484
20170308154857771,-1.35220108032227
20170308154857772,-2.58053359985352
20170308154857773,0.990023040771484
20170308154857774,-1.42849502563477
20170308154857775,-2.58053359985352
20170308154857776,0.768770599365234
20170308154857777,-1.69552383422852
20170308154857778,-2.38216934204102
20170308154857779,0.677217864990234
20170308154857780,-1.58108291625977
20170308154857781,-2.47372207641602
20170308154857782,0.928987884521484
20170308154857783,-1.89388809204102
20170308154857784,-2.22195205688477
20170308154857785,0.578035736083984
20170308154857786,-1.82522354125977
20170308154857787,-2.32113418579102
20170308154857788,0.761141204833984
20170308154857789,-1.97018203735352
20170308154857790,-2.03121719360352
20170308154857791,0.867952728271484
20170308154857792,-2.16091690063477
20170308154857793,-1.85574111938477
20170308154857794,0.822176361083984
20170308154857795,-2.45846328735352
20170308154857796,-1.62685928344727
20170308154857797,0.692476654052734
20170308154857798,-2.52712783813477
20170308154857799,-1.52767715454102
20170308154857800,0.722994232177734
20170308154857801,-2.90859756469727
20170308154857802,-1.23776016235352
20170308154857803,0.616182708740234
20170308154857804,-3.00015029907227
20170308154857805,-0.970731353759766
20170308154857806,0.478853607177734
20170308154857807,-2.99252090454102
20170308154857808,-0.818143463134766
20170308154857809,0.471224212646484
20170308154857810,-3.01540908813477
20170308154857811,-0.459561920166016
20170308154857812,0.372042083740234
20170308154857813,-2.97726211547852
20170308154857814,-0.574002838134766
20170308154857815,0.311006927490234
20170308154857816,-3.00015029907227
20170308154857817,-0.482450103759766
20170308154857818,0.204195404052734
20170308154857819,-2.95437393188477
20170308154857820,-0.253568267822266
20170308154857821,0.120272064208984
20170308154857822,-2.91622695922852
20170308154857823,-0.146756744384766
20170308154857824,-0.177274322509766
20170308154857825,-2.91622695922852
20170308154857826,-0.108609771728516
20170308154857827,-0.200162506103516
20170308154857828,-2.98489151000977
20170308154857829,-0.0857215881347656
20170308154857830,-0.268827056884766
20170308154857831,-2.91622695922852
20170308154857832,0.196566009521484
20170308154857833,-0.398526763916016
20170308154857834,-2.84756240844727
20170308154857835,-0.0170570373535156
20170308154857836,-0.383267974853516
20170308154857837,-2.85519180297852
20170308154857838,-0.0017982482910156
20170308154857839,-0.0628334045410156
20170308154857840,-2.90859756469727
20170308154857841,-0.0170570373535156
20170308154857842,-0.276456451416016
20170308154857843,-2.87807998657227
20170308154857844,-0.200162506103516
20170308154857845,-0.0933509826660156
20170308154857846,-2.87807998657227
20170308154857847,-0.131497955322266
20170308154857848,-0.123868560791016
20170308154857849,-2.99252090454102
20170308154857850,-0.306974029541016
20170308154857851,-0.0780921936035156
20170308154857852,-2.96200332641602
20170308154857853,-0.436673736572266
20170308154857854,-0.0323158264160156
20170308154857855,-3.00015029907227
20170308154857856,-0.177274322509766
20170308154857857,-0.223050689697266
20170308154857858,-2.90096817016602
20170308154857859,0.0134605407714844
20170308154857860,-0.345121002197266
20170308154857861,-2.89333877563477
20170308154857862,-0.177274322509766
20170308154857863,-0.207791900634766
20170308154857864,-2.95437393188477
20170308154857865,-0.0704627990722656
20170308154857866,-0.215421295166016
20170308154857867,-2.86282119750977
20170308154857868,0.173677825927734
20170308154857869,-0.360379791259766
20170308154857870,-2.90096817016602
20170308154857871,0.158419036865234
20170308154857872,-0.238309478759766
20170308154857873,-2.83993301391602
20170308154857874,0.242342376708984
20170308154857875,-0.574002838134766
20170308154857876,-2.87045059204102
20170308154857877,0.272859954833984
20170308154857878,-0.528226470947266
20170308154857879,-2.90859756469727
20170308154857880,0.379671478271484
20170308154857881,-0.650296783447266
20170308154857882,-2.88570938110352
20170308154857883,0.509371185302734
20170308154857884,-0.688443756103516
20170308154857885,-2.87045059204102
20170308154857886,0.578035736083984
20170308154857887,-0.863919830322266
20170308154857888,-2.88570938110352
20170308154857889,0.753511810302734
20170308154857890,-1.10043106079102
20170308154857891,-2.75600967407227
20170308154857892,0.822176361083984
20170308154857893,-1.10043106079102
20170308154857894,-2.64919815063477
20170308154857895,0.738253021240234
20170308154857896,-1.12331924438477
20170308154857897,-2.57290420532227
20170308154857898,0.784029388427734
20170308154857899,-1.32168350219727
20170308154857900,-2.55764541625977
20170308154857901,0.822176361083984
20170308154857902,-1.58108291625977
20170308154857903,-2.37453994750977
20170308154857904,0.700106048583984
20170308154857905,-1.92440567016602
20170308154857906,-2.09225234985352
20170308154857907,0.707735443115234
20170308154857908,-2.08462295532227
20170308154857909,-1.80996475219727
20170308154857910,0.738253021240234
20170308154857911,-2.27535781860352
20170308154857912,-1.86337051391602
20170308154857913,0.898470306396484
20170308154857914,-2.35928115844727
20170308154857915,-1.65737686157227
20170308154857916,0.730623626708984
20170308154857917,-2.63393936157227
20170308154857918,-1.29116592407227
20170308154857919,0.654329681396484
20170308154857920,-2.84756240844727
20170308154857921,-1.14620742797852
20170308154857922,0.539888763427734
20170308154857923,-2.87045059204102
20170308154857924,-1.11568984985352
20170308154857925,0.608553314208984
20170308154857926,-3.02303848266602
20170308154857927,-0.909696197509766
20170308154857928,0.623812103271484
20170308154857929,-2.93148574829102
20170308154857930,-0.703702545166016
20170308154857931,0.448336029052734
20170308154857932,-2.97726211547852
20170308154857933,-0.619779205322266
20170308154857934,0.227083587646484
20170308154857935,-2.96200332641602
20170308154857936,-0.413785552978516
20170308154857937,0.303377532958984
20170308154857938,-2.96963272094727
20170308154857939,-0.0857215881347656
20170308154857940,-0.162015533447266
20170308154857941,-2.94674453735352
20170308154857942,0.0287193298339844
20170308154857943,-0.345121002197266
20170308154857944,-2.87045059204102
20170308154857945,0.127901458740234
20170308154857946,-0.467191314697266
20170308154857947,-2.87045059204102
20170308154857948,0.349153900146484
20170308154857949,-0.451932525634766
20170308154857950,-2.76363906860352
20170308154857951,0.608553314208984
20170308154857952,-0.833402252197266
20170308154857953,-2.78652725219727
20170308154857954,0.669588470458984
20170308154857955,-0.947843170166016
20170308154857956,-2.77889785766602
20170308154857957,0.883211517333984
20170308154857958,-0.970731353759766
20170308154857959,-2.75600967407227
20170308154857960,0.761141204833984
20170308154857961,-0.932584381103516
20170308154857962,-2.71786270141602
20170308154857963,0.799288177490234
20170308154857964,-1.21487197875977
20170308154857965,-2.70260391235352
20170308154857966,0.738253021240234
20170308154857967,-1.22250137329102
20170308154857968,-2.72549209594727
20170308154857969,1.03579940795898
20170308154857970,-1.10806045532227
20170308154857971,-2.75600967407227
20170308154857972,0.753511810302734
20170308154857973,-1.00887832641602
20170308154857974,-2.69497451782227
20170308154857975,0.616182708740234
20170308154857976,-0.955472564697266
20170308154857977,-2.83230361938477
20170308154857978,0.722994232177734
20170308154857979,-1.09280166625977
20170308154857980,-2.78652725219727
20170308154857981,0.875582122802734
20170308154857982,-0.963101959228516
20170308154857983,-2.67208633422852
20170308154857984,0.761141204833984
20170308154857985,-1.08517227172852
20170308154857986,-2.75600967407227
20170308154857987,0.913729095458984
20170308154857988,-1.04702529907227
20170308154857989,-2.61868057250977
20170308154857990,0.974764251708984
20170308154857991,-1.13094863891602
20170308154857992,-2.59579238891602
20170308154857993,0.867952728271484
20170308154857994,-1.35983047485352
20170308154857995,-2.58053359985352
20170308154857996,0.990023040771484
20170308154857997,-1.35983047485352
20170308154857998,-2.58816299438477
20170308154857999,0.974764251708984
20170308154858000,-1.28353652954102
20170308154858001,-2.53475723266602
20170308154858002,0.822176361083984
20170308154858003,-1.35220108032227
20170308154858004,-2.60342178344727
20170308154858005,0.997652435302734
20170308154858006,-1.38271865844727
20170308154858007,-2.61105117797852
20170308154858008,0.906099700927734
20170308154858009,-1.43612442016602
20170308154858010,-2.56527481079102
20170308154858011,0.776399993896484
20170308154858012,-1.39034805297852
20170308154858013,-2.49661026000977
20170308154858014,0.906099700927734
20170308154858015,-1.74130020141602
20170308154858016,-2.32113418579102
20170308154858017,0.936617279052734
20170308154858018,-1.84811172485352
20170308154858019,-2.38216934204102
20170308154858020,0.738253021240234
20170308154858021,-1.84048233032227
20170308154858022,-2.21432266235352
20170308154858023,0.722994232177734
20170308154858024,-2.01595840454102
20170308154858025,-2.09225234985352
20170308154858026,0.684847259521484
20170308154858027,-2.24484024047852
20170308154858028,-1.94729385375977
20170308154858029,0.745882415771484
20170308154858030,-2.21432266235352
20170308154858031,-1.84811172485352
20170308154858032,0.753511810302734
20170308154858033,-2.32113418579102
20170308154858034,-1.63448867797852
20170308154858035,0.692476654052734
20170308154858036,-2.50423965454102
20170308154858037,-1.62685928344727
20170308154858038,0.791658782958984
20170308154858039,-2.60342178344727
20170308154858040,-1.34457168579102
20170308154858041,0.738253021240234
20170308154858042,-2.90096817016602
20170308154858043,-1.12331924438477
20170308154858044,0.669588470458984
20170308154858045,-3.01540908813477
20170308154858046,-0.818143463134766
20170308154858047,0.425447845458984
20170308154858048,-2.99252090454102
20170308154858049,-0.665555572509766
20170308154858050,0.478853607177734
20170308154858051,-2.89333877563477
20170308154858052,-0.490079498291016
20170308154858053,0.257601165771484
20170308154858054,-2.95437393188477
20170308154858055,-0.0552040100097656
20170308154858056,-0.146756744384766
20170308154858057,-2.87807998657227
20170308154858058,0.234712982177734
20170308154858059,-0.520597076416016
20170308154858060,-2.91622695922852
20170308154858061,0.600923919677734
20170308154858062,-0.703702545166016
20170308154858063,-2.90096817016602
20170308154858064,0.784029388427734
20170308154858065,-1.03176651000977
20170308154858066,-2.83993301391602
20170308154858067,0.799288177490234
20170308154858068,-1.06228408813477
20170308154858069,-2.71786270141602
20170308154858070,0.784029388427734
20170308154858071,-1.00887832641602
20170308154858072,-2.67208633422852
20170308154858073,0.959505462646484
20170308154858074,-1.39034805297852
20170308154858075,-2.56527481079102
20170308154858076,0.784029388427734
20170308154858077,-1.55056533813477
20170308154858078,-2.41268692016602
20170308154858079,0.791658782958984
20170308154858080,-1.65737686157227
20170308154858081,-2.45846328735352
20170308154858082,0.700106048583984
20170308154858083,-1.80233535766602
20170308154858084,-2.25246963500977
20170308154858085,0.738253021240234
20170308154858086,-1.83285293579102
20170308154858087,-2.13039932250977
20170308154858088,0.791658782958984
20170308154858089,-2.04647598266602
20170308154858090,-2.07699356079102
20170308154858091,0.860323333740234
20170308154858092,-2.14565811157227
20170308154858093,-1.97781143188477
20170308154858094,0.761141204833984
20170308154858095,-2.17617568969727
20170308154858096,-1.99307022094727
20170308154858097,0.707735443115234
20170308154858098,-2.22195205688477
20170308154858099,-2.03121719360352
20170308154858100,0.707735443115234
20170308154858101,-2.30587539672852
20170308154858102,-1.76418838500977
20170308154858103,0.753511810302734
20170308154858104,-2.44320449829102
20170308154858105,-1.61160049438477
20170308154858106,0.738253021240234
20170308154858107,-2.55001602172852
20170308154858108,-1.39034805297852
20170308154858109,0.623812103271484
20170308154858110,-2.68734512329102
20170308154858111,-1.42086563110352
20170308154858112,0.677217864990234
20170308154858113,-2.84756240844727
20170308154858114,-1.26827774047852
20170308154858115,0.562776947021484
20170308154858116,-2.84756240844727
20170308154858117,-1.10806045532227
20170308154858118,0.661959075927734
20170308154858119,-2.70260391235352
20170308154858120,-1.16146621704102
20170308154858121,0.509371185302734
20170308154858122,-2.77889785766602
20170308154858123,-1.06991348266602
20170308154858124,0.677217864990234
20170308154858125,-3.05355606079102
20170308154858126,-0.894437408447266
20170308154858127,0.417818450927734
20170308154858128,-2.87807998657227
20170308154858129,-0.734220123291016
20170308154858130,0.684847259521484
20170308154858131,-2.90096817016602
20170308154858132,-0.749478912353516
20170308154858133,0.494112396240234
20170308154858134,-2.91622695922852
20170308154858135,-0.833402252197266
20170308154858136,0.478853607177734
20170308154858137,-2.88570938110352
20170308154858138,-0.749478912353516
20170308154858139,0.425447845458984
20170308154858140,-2.88570938110352
20170308154858141,-0.795255279541016
20170308154858142,0.478853607177734
20170308154858143,-2.93911514282227
20170308154858144,-1.03939590454102
20170308154858145,0.501741790771484
20170308154858146,-2.87807998657227
20170308154858147,-0.963101959228516
20170308154858148,0.623812103271484
20170308154858149,-2.93911514282227
20170308154858150,-0.848661041259766
20170308154858151,0.356783294677734
20170308154858152,-2.96963272094727
20170308154858153,-0.802884674072266
20170308154858154,0.410189056396484
20170308154858155,-2.96200332641602
20170308154858156,-0.688443756103516
20170308154858157,0.555147552490234
20170308154858158,-2.82467422485352
20170308154858159,-0.863919830322266
20170308154858160,0.349153900146484
20170308154858161,-2.99252090454102
20170308154858162,-0.886808013916016
20170308154858163,0.448336029052734
20170308154858164,-2.90096817016602
20170308154858165,-0.749478912353516
20170308154858166,0.562776947021484
20170308154858167,-2.83993301391602
20170308154858168,-0.696073150634766
20170308154858169,0.440706634521484
20170308154858170,-2.87807998657227
20170308154858171,-0.421414947509766
20170308154858172,0.166048431396484
20170308154858173,-3.00015029907227
20170308154858174,-0.215421295166016
20170308154858175,-0.123868560791016
20170308154858176,-2.99252090454102
20170308154858177,0.0821250915527344
20170308154858178,-0.390897369384766
20170308154858179,-2.83230361938477
20170308154858180,0.105013275146484
20170308154858181,-0.368009185791016
20170308154858182,-2.93911514282227
20170308154858183,0.127901458740234
20170308154858184,-0.467191314697266
20170308154858185,-2.85519180297852
20170308154858186,0.295748138427734
20170308154858187,-0.612149810791016
20170308154858188,-2.87045059204102
20170308154858189,0.311006927490234
20170308154858190,-0.757108306884766
20170308154858191,-2.93148574829102
20170308154858192,0.295748138427734
20170308154858193,-0.757108306884766
20170308154858194,-2.94674453735352
20170308154858195,0.585665130615234
20170308154858196,-1.00887832641602
20170308154858197,-2.86282119750977
20170308154858198,0.585665130615234
20170308154858199,-1.01650772094727
20170308154858200,-2.76363906860352
20170308154858201,0.707735443115234
20170308154858202,-1.10806045532227
20170308154858203,-2.73312149047852
20170308154858204,0.928987884521484
20170308154858205,-1.10806045532227
20170308154858206,-2.77126846313477
20170308154858207,0.928987884521484
20170308154858208,-1.26827774047852
20170308154858209,-2.57290420532227
20170308154858210,0.845064544677734
20170308154858211,-1.60397109985352
20170308154858212,-2.48135147094727
20170308154858213,0.822176361083984
20170308154858214,-1.61160049438477
20170308154858215,-2.42794570922852
20170308154858216,0.639070892333984
20170308154858217,-1.71841201782227
20170308154858218,-2.38216934204102
20170308154858219,0.730623626708984
20170308154858220,-1.73367080688477
20170308154858221,-2.27535781860352
20170308154858222,0.768770599365234
20170308154858223,-1.93966445922852
20170308154858224,-2.15328750610352
20170308154858225,0.852693939208984
20170308154858226,-2.10751113891602
20170308154858227,-1.97018203735352
20170308154858228,0.684847259521484
20170308154858229,-2.27535781860352
20170308154858230,-1.62685928344727
20170308154858231,0.715364837646484
20170308154858232,-2.61868057250977
20170308154858233,-1.43612442016602
20170308154858234,0.547518157958984
20170308154858235,-2.67208633422852
20170308154858236,-1.28353652954102
20170308154858237,0.745882415771484
20170308154858238,-2.76363906860352
20170308154858239,-1.22250137329102
20170308154858240,0.646700286865234
20170308154858241,-2.85519180297852
20170308154858242,-1.30642471313477
20170308154858243,0.806917572021484
20170308154858244,-2.80178604125977
20170308154858245,-1.21487197875977
20170308154858246,0.776399993896484
20170308154858247,-2.78652725219727
20170308154858248,-1.21487197875977
20170308154858249,0.539888763427734
20170308154858250,-2.90859756469727
20170308154858251,-1.13857803344727
20170308154858252,0.547518157958984
20170308154858253,-2.89333877563477
20170308154858254,-0.856290435791016
20170308154858255,0.494112396240234
20170308154858256,-2.93911514282227
20170308154858257,-0.551114654541016
20170308154858258,0.288118743896484
20170308154858259,-2.89333877563477
20170308154858260,-0.619779205322266
20170308154858261,0.326265716552734
20170308154858262,-2.90096817016602
20170308154858263,-0.482450103759766
20170308154858264,0.227083587646484
20170308154858265,-2.88570938110352
20170308154858266,-0.581632232666016
20170308154858267,0.211824798583984
20170308154858268,-2.99252090454102
20170308154858269,-0.268827056884766
20170308154858270,0.0134605407714844
20170308154858271,-2.93148574829102
20170308154858272,-0.100980377197266
20170308154858273,-0.0780921936035156
20170308154858274,-2.90859756469727
20170308154858275,0.112642669677734
20170308154858276,-0.375638580322266
20170308154858277,-2.93911514282227
20170308154858278,0.0897544860839844
20170308154858279,-0.299344635009766
20170308154858280,-2.90859756469727
20170308154858281,0.0058311462402344
20170308154858282,-0.314603424072266
20170308154858283,-2.89333877563477
20170308154858284,-0.139127349853516
20170308154858285,-0.123868560791016
20170308154858286,-2.93148574829102
20170308154858287,-0.215421295166016
20170308154858288,-0.162015533447266
20170308154858289,-2.87045059204102
20170308154858290,-0.245938873291016
20170308154858291,-0.0475746154785156
20170308154858292,-2.90096817016602
20170308154858293,-0.352750396728516
20170308154858294,0.0439781188964844
20170308154858295,-2.85519180297852
20170308154858296,-0.184903717041016
20170308154858297,-0.0475746154785156
20170308154858298,-2.90096817016602
20170308154858299,-0.345121002197266
20170308154858300,-0.200162506103516
20170308154858301,-2.90096817016602
20170308154858302,-0.0552040100097656
20170308154858303,-0.192533111572266
20170308154858304,-2.89333877563477
20170308154858305,-0.0475746154785156
20170308154858306,-0.276456451416016
20170308154858307,-2.90859756469727
20170308154858308,0.112642669677734
20170308154858309,-0.406156158447266
20170308154858310,-2.91622695922852
20170308154858311,0.127901458740234
20170308154858312,-0.245938873291016
20170308154858313,-2.82467422485352
20170308154858314,0.272859954833984
20170308154858315,-0.429044342041016
20170308154858316,-2.86282119750977
20170308154858317,0.478853607177734
20170308154858318,-0.665555572509766
20170308154858319,-2.83993301391602
20170308154858320,0.608553314208984
20170308154858321,-0.833402252197266
20170308154858322,-2.84756240844727
20170308154858323,0.845064544677734
20170308154858324,-1.04702529907227
20170308154858325,-2.79415664672852
20170308154858326,0.761141204833984
20170308154858327,-1.02413711547852
20170308154858328,-2.67971572875977
20170308154858329,0.845064544677734
20170308154858330,-1.15383682250977
20170308154858331,-2.60342178344727
20170308154858332,0.845064544677734
20170308154858333,-1.43612442016602
20170308154858334,-2.35165176391602
20170308154858335,0.936617279052734
20170308154858336,-1.79470596313477
20170308154858337,-2.09225234985352
20170308154858338,0.906099700927734
20170308154858339,-2.16091690063477
20170308154858340,-1.84811172485352
20170308154858341,0.661959075927734
20170308154858342,-2.16854629516602
20170308154858343,-1.86337051391602
20170308154858344,0.745882415771484
20170308154858345,-2.28298721313477
20170308154858346,-1.55056533813477
20170308154858347,0.631441497802734
20170308154858348,-2.52712783813477
20170308154858349,-1.44375381469727
20170308154858350,0.639070892333984
20170308154858351,-2.74075088500977
20170308154858352,-1.11568984985352
20170308154858353,0.654329681396484
20170308154858354,-2.94674453735352
20170308154858355,-1.03176651000977
20170308154858356,0.730623626708984
20170308154858357,-2.93148574829102
20170308154858358,-1.01650772094727
20170308154858359,0.608553314208984
20170308154858360,-2.94674453735352
20170308154858361,-0.642667388916016
20170308154858362,0.349153900146484
20170308154858363,-2.93148574829102
20170308154858364,-0.497708892822266
20170308154858365,0.0973838806152344
20170308154858366,-2.91622695922852
20170308154858367,-0.459561920166016
20170308154858368,-0.0017982482910156
20170308154858369,-2.96963272094727
20170308154858370,-0.0933509826660156
20170308154858371,-0.139127349853516
20170308154858372,-2.93911514282227
20170308154858373,0.0287193298339844
20170308154858374,-0.352750396728516
20170308154858375,-2.90096817016602
20170308154858376,0.349153900146484
20170308154858377,-0.505338287353516
20170308154858378,-2.87807998657227
20170308154858379,0.303377532958984
20170308154858380,-0.680814361572266
20170308154858381,-2.86282119750977
20170308154858382,0.631441497802734
20170308154858383,-0.947843170166016
20170308154858384,-2.72549209594727
20170308154858385,0.921358489990234
20170308154858386,-1.00124893188477
20170308154858387,-2.75600967407227
20170308154858388,0.646700286865234
20170308154858389,-0.711331939697266
20170308154858390,-2.73312149047852
20170308154858391,0.738253021240234
20170308154858392,-0.871549224853516
20170308154858393,-2.75600967407227
20170308154858394,0.692476654052734
20170308154858395,-0.993619537353516
20170308154858396,-2.70260391235352
20170308154858397,0.585665130615234
20170308154858398,-0.871549224853516
20170308154858399,-2.82467422485352
20170308154858400,0.867952728271484
20170308154858401,-1.07754287719727
20170308154858402,-2.80941543579102
20170308154858403,0.875582122802734
20170308154858404,-1.06991348266602
20170308154858405,-2.77126846313477
20170308154858406,1.01291122436523
20170308154858407,-1.04702529907227
20170308154858408,-2.67208633422852
20170308154858409,0.814546966552734
20170308154858410,-1.25301895141602
20170308154858411,-2.68734512329102
20170308154858412,0.845064544677734
20170308154858413,-1.37508926391602
20170308154858414,-2.59579238891602
20170308154858415,0.951876068115234
20170308154858416,-1.36745986938477
20170308154858417,-2.60342178344727
20170308154858418,0.768770599365234
20170308154858419,-1.18435440063477
20170308154858420,-2.62630996704102
20170308154858421,0.845064544677734
20170308154858422,-1.23776016235352
20170308154858423,-2.58816299438477
20170308154858424,0.784029388427734
20170308154858425,-1.04702529907227
20170308154858426,-2.66445693969727
20170308154858427,0.814546966552734
20170308154858428,-1.27590713500977
20170308154858429,-2.61105117797852
20170308154858430,0.814546966552734
20170308154858431,-1.42086563110352
20170308154858432,-2.58816299438477
20170308154858433,0.822176361083984
20170308154858434,-1.53530654907227
20170308154858435,-2.53475723266602
20170308154858436,0.707735443115234
20170308154858437,-1.49715957641602
20170308154858438,-2.47372207641602
20170308154858439,0.921358489990234
20170308154858440,-1.46664199829102
20170308154858441,-2.41268692016602
20170308154858442,0.684847259521484
20170308154858443,-1.81759414672852
20170308154858444,-2.40505752563477
20170308154858445,0.692476654052734
20170308154858446,-1.71078262329102
20170308154858447,-2.48135147094727
20170308154858448,0.738253021240234
20170308154858449,-1.84048233032227
20170308154858450,-2.23721084594727
20170308154858451,0.722994232177734
20170308154858452,-1.91677627563477
20170308154858453,-2.11514053344727
20170308154858454,0.845064544677734
20170308154858455,-2.02358779907227
20170308154858456,-2.03121719360352
20170308154858457,0.654329681396484
20170308154858458,-2.09225234985352
20170308154858459,-1.92440567016602
20170308154858460,0.867952728271484
20170308154858461,-2.21432266235352
20170308154858462,-1.74892959594727
20170308154858463,0.661959075927734
20170308154858464,-2.20669326782227
20170308154858465,-1.76418838500977
20170308154858466,0.883211517333984
20170308154858467,-2.33639297485352
20170308154858468,-1.61922988891602
20170308154858469,0.707735443115234
20170308154858470,-2.74075088500977
20170308154858471,-1.16146621704102
20170308154858472,0.585665130615234
20170308154858473,-2.86282119750977
20170308154858474,-1.00887832641602
20170308154858475,0.524629974365234
20170308154858476,-2.97726211547852
20170308154858477,-1.13857803344727
20170308154858478,0.616182708740234
20170308154858479,-3.02303848266602
20170308154858480,-0.795255279541016
20170308154858481,0.379671478271484
20170308154858482,-2.96200332641602
20170308154858483,-0.657926177978516
20170308154858484,0.394930267333984
20170308154858485,-2.98489151000977
20170308154858486,-0.665555572509766
20170308154858487,0.372042083740234
20170308154858488,-2.93911514282227
20170308154858489,-0.482450103759766
20170308154858490,0.227083587646484
20170308154858491,-2.93148574829102
20170308154858492,-0.413785552978516
20170308154858493,0.0439781188964844
20170308154858494,-2.97726211547852
20170308154858495,-0.207791900634766
20170308154858496,-0.276456451416016
20170308154858497,-2.84756240844727
20170308154858498,-0.177274322509766
20170308154858499,-0.261197662353516
20170308154858500,-3.00777969360352
20170308154858501,0.173677825927734
20170308154858502,-0.444303131103516
20170308154858503,-2.83230361938477
20170308154858504,0.204195404052734
20170308154858505,-0.207791900634766
20170308154858506,-2.83993301391602
20170308154858507,0.341524505615234
20170308154858508,-0.627408599853516
20170308154858509,-2.83993301391602
20170308154858510,0.906099700927734
20170308154858511,-1.11568984985352
20170308154858512,-2.74075088500977
20170308154858513,0.791658782958984
20170308154858514,-1.17672500610352
20170308154858515,-2.70260391235352
20170308154858516,0.982393646240234
20170308154858517,-1.40560684204102
20170308154858518,-2.64919815063477
20170308154858519,0.814546966552734
20170308154858520,-1.51241836547852
20170308154858521,-2.42794570922852
20170308154858522,0.707735443115234
20170308154858523,-1.61160049438477
20170308154858524,-2.34402236938477
20170308154858525,0.799288177490234
20170308154858526,-1.74892959594727
20170308154858527,-2.32876358032227
20170308154858528,0.906099700927734
20170308154858529,-1.78707656860352
20170308154858530,-2.26772842407227
20170308154858531,0.913729095458984
20170308154858532,-1.93203506469727
20170308154858533,-2.16854629516602
20170308154858534,0.684847259521484
20170308154858535,-2.13039932250977
20170308154858536,-2.00832901000977
20170308154858537,0.539888763427734
20170308154858538,-1.97018203735352
20170308154858539,-2.07699356079102
20170308154858540,0.875582122802734
20170308154858541,-2.00832901000977
20170308154858542,-2.00069961547852
20170308154858543,0.669588470458984
20170308154858544,-2.18380508422852
20170308154858545,-1.99307022094727
20170308154858546,0.593294525146484
20170308154858547,-2.13802871704102
20170308154858548,-1.98544082641602
20170308154858549,0.570406341552734
20170308154858550,-2.10751113891602
20170308154858551,-1.89388809204102
20170308154858552,0.562776947021484
20170308154858553,-2.07699356079102
20170308154858554,-2.12276992797852
20170308154858555,0.570406341552734
20170308154858556,-2.08462295532227
20170308154858557,-1.87862930297852
20170308154858558,0.837435150146484
20170308154858559,-2.35165176391602
20170308154858560,-1.78707656860352
20170308154858561,0.707735443115234
20170308154858562,-2.35165176391602
20170308154858563,-1.49715957641602
20170308154858564,0.806917572021484
20170308154858565,-2.80941543579102
20170308154858566,-1.14620742797852
20170308154858567,0.745882415771484
20170308154858568,-2.97726211547852
20170308154858569,-1.07754287719727
20170308154858570,0.539888763427734
20170308154858571,-2.96963272094727
20170308154858572,-0.963101959228516
20170308154858573,0.555147552490234
20170308154858574,-2.97726211547852
20170308154858575,-0.894437408447266
20170308154858576,0.471224212646484
20170308154858577,-2.96963272094727
20170308154858578,-0.726590728759766
20170308154858579,0.295748138427734
20170308154858580,-3.03066787719727
20170308154858581,-0.726590728759766
20170308154858582,0.532259368896484
20170308154858583,-2.93911514282227
20170308154858584,-0.718961334228516
20170308154858585,0.303377532958984
20170308154858586,-2.93911514282227
20170308154858587,-0.757108306884766
20170308154858588,0.295748138427734
20170308154858589,-2.95437393188477
20170308154858590,-0.680814361572266
20170308154858591,0.394930267333984
20170308154858592,-2.98489151000977
20170308154858593,-0.398526763916016
20170308154858594,0.188936614990234
20170308154858595,-2.97726211547852
20170308154858596,-0.0017982482910156
20170308154858597,-0.306974029541016
20170308154858598,-2.87045059204102
20170308154858599,0.135530853271484
20170308154858600,-0.429044342041016
20170308154858601,-2.87807998657227
20170308154858602,0.234712982177734
20170308154858603,-0.390897369384766
20170308154858604,-2.85519180297852
20170308154858605,0.112642669677734
20170308154858606,-0.436673736572266
20170308154858607,-2.83993301391602
20170308154858608,0.326265716552734
20170308154858609,-0.306974029541016
20170308154858610,-2.82467422485352
20170308154858611,0.494112396240234
20170308154858612,-0.772367095947266
20170308154858613,-2.84756240844727
20170308154858614,0.425447845458984
20170308154858615,-0.764737701416016
20170308154858616,-2.89333877563477
20170308154858617,0.494112396240234
20170308154858618,-0.749478912353516
20170308154858619,-2.87045059204102
20170308154858620,0.562776947021484
20170308154858621,-0.909696197509766
20170308154858622,-2.83993301391602
20170308154858623,0.730623626708984
20170308154858624,-0.917325592041016
20170308154858625,-2.83993301391602
20170308154858626,0.822176361083984
20170308154858627,-1.18435440063477
20170308154858628,-2.63393936157227
20170308154858629,0.944246673583984
20170308154858630,-1.52767715454102
20170308154858631,-2.45083389282227
20170308154858632,0.784029388427734
20170308154858633,-1.84811172485352
20170308154858634,-2.20669326782227
20170308154858635,0.707735443115234
20170308154858636,-1.96255264282227
20170308154858637,-2.11514053344727
20170308154858638,0.707735443115234
20170308154858639,-2.16091690063477
20170308154858640,-1.98544082641602
20170308154858641,0.852693939208984
20170308154858642,-2.22195205688477
20170308154858643,-1.82522354125977
20170308154858644,0.715364837646484
20170308154858645,-2.42031631469727
20170308154858646,-1.63448867797852
20170308154858647,0.852693939208984
20170308154858648,-2.53475723266602
20170308154858649,-1.45901260375977
20170308154858650,0.814546966552734
20170308154858651,-2.70260391235352
20170308154858652,-1.26827774047852
20170308154858653,0.578035736083984
20170308154858654,-2.90096817016602
20170308154858655,-1.16146621704102
20170308154858656,0.501741790771484
20170308154858657,-2.88570938110352
20170308154858658,-1.10043106079102
20170308154858659,0.509371185302734
20170308154858660,-3.03066787719727
20170308154858661,-0.810514068603516
20170308154858662,0.433077239990234
20170308154858663,-2.96200332641602
20170308154858664,-0.558744049072266
20170308154858665,0.173677825927734
20170308154858666,-3.03829727172852
20170308154858667,-0.238309478759766
20170308154858668,-0.116239166259766
20170308154858669,-2.98489151000977
20170308154858670,-0.184903717041016
20170308154858671,-0.207791900634766
20170308154858672,-2.91622695922852
20170308154858673,-0.0170570373535156
20170308154858674,-0.352750396728516
20170308154858675,-2.91622695922852
20170308154858676,0.196566009521484
20170308154858677,-0.459561920166016
20170308154858678,-2.91622695922852
20170308154858679,0.448336029052734
20170308154858680,-0.718961334228516
20170308154858681,-2.87045059204102
20170308154858682,0.593294525146484
20170308154858683,-0.955472564697266
20170308154858684,-2.88570938110352
20170308154858685,0.532259368896484
20170308154858686,-1.03176651000977
20170308154858687,-2.80178604125977
20170308154858688,0.822176361083984
20170308154858689,-1.05465469360352
20170308154858690,-2.71786270141602
20170308154858691,0.860323333740234
20170308154858692,-1.27590713500977
20170308154858693,-2.58053359985352
20170308154858694,0.837435150146484
20170308154858695,-1.38271865844727
20170308154858696,-2.56527481079102
20170308154858697,0.959505462646484
20170308154858698,-1.45901260375977
20170308154858699,-2.47372207641602
20170308154858700,0.654329681396484
20170308154858701,-1.62685928344727
20170308154858702,-2.35165176391602
20170308154858703,0.814546966552734
20170308154858704,-1.62685928344727
20170308154858705,-2.36691055297852
20170308154858706,0.791658782958984
20170308154858707,-1.77944717407227
20170308154858708,-2.27535781860352
20170308154858709,0.578035736083984
20170308154858710,-1.87862930297852
20170308154858711,-2.26772842407227
20170308154858712,0.707735443115234
20170308154858713,-2.07699356079102
20170308154858714,-2.09225234985352
20170308154858715,0.852693939208984
20170308154858716,-2.24484024047852
20170308154858717,-1.93966445922852
20170308154858718,0.730623626708984
20170308154858719,-2.35165176391602
20170308154858720,-1.82522354125977
20170308154858721,0.616182708740234
20170308154858722,-2.30587539672852
20170308154858723,-1.82522354125977
20170308154858724,0.669588470458984
20170308154858725,-2.23721084594727
20170308154858726,-1.80233535766602
20170308154858727,0.623812103271484
20170308154858728,-2.26009902954102
20170308154858729,-1.89388809204102
20170308154858730,0.799288177490234
20170308154858731,-2.23721084594727
20170308154858732,-1.93966445922852
20170308154858733,0.730623626708984
20170308154858734,-2.19906387329102
20170308154858735,-2.04647598266602
20170308154858736,0.547518157958984
20170308154858737,-2.10751113891602
20170308154858738,-1.98544082641602
20170308154858739,0.463594818115234
20170308154858740,-2.01595840454102
20170308154858741,-2.04647598266602
20170308154858742,0.631441497802734
20170308154858743,-2.10751113891602
20170308154858744,-2.16091690063477
20170308154858745,0.806917572021484
20170308154858746,-2.09225234985352
20170308154858747,-2.05410537719727
20170308154858748,0.646700286865234
20170308154858749,-2.14565811157227
20170308154858750,-1.92440567016602
20170308154858751,0.677217864990234
20170308154858752,-2.19143447875977
20170308154858753,-1.80233535766602
20170308154858754,0.913729095458984
20170308154858755,-2.32113418579102
20170308154858756,-1.45138320922852
20170308154858757,0.715364837646484
20170308154858758,-2.72549209594727
20170308154858759,-1.16909561157227
20170308154858760,0.738253021240234
20170308154858761,-2.87045059204102
20170308154858762,-1.11568984985352
20170308154858763,0.501741790771484
20170308154858764,-2.90859756469727
20170308154858765,-1.10806045532227
20170308154858766,0.517000579833984
20170308154858767,-3.01540908813477
20170308154858768,-0.772367095947266
20170308154858769,0.448336029052734
20170308154858770,-2.99252090454102
20170308154858771,-0.474820709228516
20170308154858772,0.234712982177734
20170308154858773,-2.97726211547852
20170308154858774,-0.520597076416016
20170308154858775,0.135530853271484
20170308154858776,-2.93148574829102
20170308154858777,-0.436673736572266
20170308154858778,0.0287193298339844
20170308154858779,-2.96963272094727
20170308154858780,-0.0857215881347656
20170308154858781,-0.192533111572266
20170308154858782,-2.95437393188477
20170308154858783,0.120272064208984
20170308154858784,-0.474820709228516
20170308154858785,-2.92385635375977
20170308154858786,0.242342376708984
20170308154858787,-0.627408599853516
20170308154858788,-2.88570938110352
20170308154858789,0.0973838806152344
20170308154858790,-0.421414947509766
20170308154858791,-2.96200332641602
20170308154858792,0.143160247802734
20170308154858793,-0.467191314697266
20170308154858794,-2.91622695922852
20170308154858795,0.211824798583984
20170308154858796,-0.566373443603516
20170308154858797,-2.86282119750977
20170308154858798,0.280489349365234
20170308154858799,-0.688443756103516
20170308154858800,-2.87045059204102
20170308154858801,0.402559661865234
20170308154858802,-0.818143463134766
20170308154858803,-2.85519180297852
20170308154858804,0.669588470458984
20170308154858805,-1.00887832641602
20170308154858806,-2.89333877563477
20170308154858807,0.784029388427734
20170308154858808,-1.10806045532227
20170308154858809,-2.80178604125977
20170308154858810,0.814546966552734
20170308154858811,-1.11568984985352
20170308154858812,-2.72549209594727
20170308154858813,0.990023040771484
20170308154858814,-1.44375381469727
20170308154858815,-2.64919815063477
20170308154858816,0.791658782958984
20170308154858817,-1.44375381469727
20170308154858818,-2.55001602172852
20170308154858819,0.951876068115234
20170308154858820,-1.70315322875977
20170308154858821,-2.35165176391602
20170308154858822,0.845064544677734
20170308154858823,-1.87862930297852
20170308154858824,-2.19143447875977
20170308154858825,0.806917572021484
20170308154858826,-2.02358779907227
20170308154858827,-2.16091690063477
20170308154858828,0.799288177490234
20170308154858829,-2.27535781860352
20170308154858830,-1.74130020141602
20170308154858831,0.852693939208984
20170308154858832,-2.39742813110352
20170308154858833,-1.54293594360352
20170308154858834,0.585665130615234
20170308154858835,-2.45083389282227
20170308154858836,-1.71841201782227
20170308154858837,0.669588470458984
20170308154858838,-2.35928115844727
20170308154858839,-1.72604141235352
20170308154858840,0.646700286865234
20170308154858841,-2.55764541625977
20170308154858842,-1.48190078735352
20170308154858843,0.654329681396484
20170308154858844,-2.66445693969727
20170308154858845,-1.60397109985352
20170308154858846,0.814546966552734
20170308154858847,-2.53475723266602
20170308154858848,-1.59634170532227
20170308154858849,0.669588470458984
20170308154858850,-2.61868057250977
20170308154858851,-1.39797744750977
20170308154858852,0.646700286865234
20170308154858853,-2.80941543579102
20170308154858854,-1.24538955688477
20170308154858855,0.509371185302734
20170308154858856,-2.79415664672852
20170308154858857,-1.30642471313477
20170308154858858,0.555147552490234
20170308154858859,-2.78652725219727
20170308154858860,-1.32168350219727
20170308154858861,0.570406341552734
20170308154858862,-2.74838027954102
20170308154858863,-1.22250137329102
20170308154858864,0.578035736083984
20170308154858865,-2.84756240844727
20170308154858866,-1.19198379516602
20170308154858867,0.661959075927734
20170308154858868,-2.93911514282227
20170308154858869,-0.985990142822266
20170308154858870,0.555147552490234
20170308154858871,-2.93148574829102
20170308154858872,-0.833402252197266
20170308154858873,0.517000579833984
20170308154858874,-2.99252090454102
20170308154858875,-0.810514068603516
20170308154858876,0.433077239990234
20170308154858877,-3.03829727172852
20170308154858878,-0.635037994384766
20170308154858879,0.211824798583984
20170308154858880,-2.96200332641602
20170308154858881,-0.406156158447266
20170308154858882,0.318636322021484
20170308154858883,-2.96200332641602
20170308154858884,-0.467191314697266
20170308154858885,0.242342376708984
20170308154858886,-2.97726211547852
20170308154858887,-0.329862213134766
20170308154858888,-0.0323158264160156
20170308154858889,-2.98489151000977
20170308154858890,-0.383267974853516
20170308154858891,-0.0399452209472656
20170308154858892,-2.93911514282227
20170308154858893,-0.291715240478516
20170308154858894,-0.139127349853516
20170308154858895,-2.96200332641602
20170308154858896,-0.276456451416016
20170308154858897,-0.0704627990722656
20170308154858898,-2.93148574829102
20170308154858899,-0.375638580322266
20170308154858900,-0.177274322509766
20170308154858901,-2.94674453735352
20170308154858902,-0.0780921936035156
20170308154858903,-0.253568267822266
20170308154858904,-2.90859756469727
20170308154858905,0.127901458740234
20170308154858906,-0.383267974853516
20170308154858907,-2.94674453735352
20170308154858908,0.0821250915527344
20170308154858909,-0.123868560791016
20170308154858910,-2.87045059204102
20170308154858911,-0.108609771728516
20170308154858912,-0.329862213134766
20170308154858913,-2.94674453735352
20170308154858914,-0.131497955322266
20170308154858915,-0.345121002197266
20170308154858916,-2.91622695922852
20170308154858917,-0.0780921936035156
20170308154858918,-0.360379791259766
20170308154858919,-2.91622695922852
20170308154858920,0.0134605407714844
20170308154858921,-0.375638580322266
20170308154858922,-2.96200332641602
20170308154858923,0.196566009521484
20170308154858924,-0.543485260009766
20170308154858925,-2.89333877563477
20170308154858926,0.471224212646484
20170308154858927,-0.787625885009766
20170308154858928,-2.80941543579102
20170308154858929,0.303377532958984
20170308154858930,-0.650296783447266
20170308154858931,-2.87045059204102
20170308154858932,0.478853607177734
20170308154858933,-0.787625885009766
20170308154858934,-2.84756240844727
20170308154858935,0.883211517333984
20170308154858936,-1.11568984985352
20170308154858937,-2.67208633422852
20170308154858938,0.745882415771484
20170308154858939,-1.13094863891602
20170308154858940,-2.64156875610352
20170308154858941,0.768770599365234
20170308154858942,-1.34457168579102
20170308154858943,-2.58053359985352
20170308154858944,0.829805755615234
20170308154858945,-1.56582412719727
20170308154858946,-2.48135147094727
20170308154858947,0.700106048583984
20170308154858948,-1.75655899047852
20170308154858949,-2.27535781860352
20170308154858950,0.730623626708984
20170308154858951,-2.03884658813477
20170308154858952,-2.06173477172852
20170308154858953,0.646700286865234
20170308154858954,-2.14565811157227
20170308154858955,-1.73367080688477
20170308154858956,0.829805755615234
20170308154858957,-2.63393936157227
20170308154858958,-1.33694229125977
20170308154858959,0.814546966552734
20170308154858960,-2.78652725219727
20170308154858961,-1.10806045532227
20170308154858962,0.539888763427734
20170308154858963,-2.96963272094727
20170308154858964,-0.985990142822266
20170308154858965,0.455965423583984
20170308154858966,-3.00015029907227
20170308154858967,-0.764737701416016
20170308154858968,0.295748138427734
20170308154858969,-2.98489151000977
20170308154858970,-0.711331939697266
20170308154858971,0.295748138427734
20170308154858972,-3.05355606079102
20170308154858973,-0.688443756103516
20170308154858974,0.257601165771484
20170308154858975,-2.96963272094727
20170308154858976,-0.474820709228516
20170308154858977,0.135530853271484
20170308154858978,-3.00015029907227
20170308154858979,-0.505338287353516
20170308154858980,-0.0399452209472656
20170308154858981,-2.96963272094727
20170308154858982,-0.383267974853516
20170308154858983,-0.131497955322266
20170308154858984,-2.96963272094727
20170308154858985,-0.230680084228516
20170308154858986,-0.154386138916016
20170308154858987,-2.96200332641602
20170308154858988,-0.146756744384766
20170308154858989,-0.284085845947266
20170308154858990,-2.87807998657227
20170308154858991,0.112642669677734
20170308154858992,-0.375638580322266
20170308154858993,-2.85519180297852
20170308154858994,0.158419036865234
20170308154858995,-0.474820709228516
20170308154858996,-2.95437393188477
20170308154858997,0.181307220458984
20170308154858998,-0.581632232666016
20170308154858999,-2.93148574829102
20170308154859000,0.448336029052734
20170308154859001,-0.757108306884766
20170308154859002,-2.86282119750977
20170308154859003,0.463594818115234
20170308154859004,-0.581632232666016
20170308154859005,-2.77889785766602
20170308154859006,0.410189056396484
20170308154859007,-0.795255279541016
20170308154859008,-2.90859756469727
20170308154859009,0.600923919677734
20170308154859010,-0.955472564697266
20170308154859011,-2.91622695922852
20170308154859012,0.784029388427734
20170308154859013,-0.924954986572266
20170308154859014,-2.85519180297852
20170308154859015,0.707735443115234
20170308154859016,-1.08517227172852
20170308154859017,-2.77889785766602
20170308154859018,0.768770599365234
20170308154859019,-1.11568984985352
20170308154859020,-2.82467422485352
20170308154859021,0.799288177490234
20170308154859022,-1.21487197875977
20170308154859023,-2.77126846313477
20170308154859024,0.959505462646484
20170308154859025,-1.15383682250977
20170308154859026,-2.74075088500977
20170308154859027,0.669588470458984
20170308154859028,-1.08517227172852
20170308154859029,-2.85519180297852
20170308154859030,0.669588470458984
20170308154859031,-1.05465469360352
20170308154859032,-2.74075088500977
20170308154859033,0.707735443115234
20170308154859034,-1.06228408813477
20170308154859035,-2.77126846313477
20170308154859036,0.677217864990234
20170308154859037,-0.940213775634766
20170308154859038,-2.95437393188477
20170308154859039,0.661959075927734
20170308154859040,-0.985990142822266
20170308154859041,-2.81704483032227
20170308154859042,0.799288177490234
20170308154859043,-1.05465469360352
20170308154859044,-2.83993301391602
20170308154859045,0.608553314208984
20170308154859046,-1.28353652954102
20170308154859047,-2.70260391235352
20170308154859048,0.875582122802734
20170308154859049,-1.26827774047852
20170308154859050,-2.70260391235352
20170308154859051,0.791658782958984
20170308154859052,-1.42849502563477
20170308154859053,-2.55764541625977
20170308154859054,0.692476654052734
20170308154859055,-1.62685928344727
20170308154859056,-2.40505752563477
20170308154859057,0.761141204833984
20170308154859058,-1.94729385375977
20170308154859059,-2.22195205688477
20170308154859060,0.814546966552734
20170308154859061,-2.18380508422852
20170308154859062,-1.96255264282227
20170308154859063,0.692476654052734
20170308154859064,-2.29061660766602
20170308154859065,-1.85574111938477
20170308154859066,0.806917572021484
20170308154859067,-2.53475723266602
20170308154859068,-1.44375381469727
20170308154859069,0.578035736083984
20170308154859070,-2.57290420532227
20170308154859071,-1.31405410766602
20170308154859072,0.600923919677734
20170308154859073,-2.74075088500977
20170308154859074,-1.26064834594727
20170308154859075,0.623812103271484
20170308154859076,-2.87807998657227
20170308154859077,-1.14620742797852
20170308154859078,0.661959075927734
20170308154859079,-3.02303848266602
20170308154859080,-0.894437408447266
20170308154859081,0.440706634521484
20170308154859082,-2.99252090454102
20170308154859083,-0.474820709228516
20170308154859084,0.173677825927734
20170308154859085,-3.00777969360352
20170308154859086,-0.390897369384766
20170308154859087,0.0821250915527344
20170308154859088,-2.98489151000977
20170308154859089,-0.291715240478516
20170308154859090,-0.154386138916016
20170308154859091,-3.02303848266602
20170308154859092,-0.0628334045410156
20170308154859093,-0.406156158447266
20170308154859094,-2.99252090454102
20170308154859095,0.280489349365234
20170308154859096,-0.245938873291016
20170308154859097,-2.87807998657227
20170308154859098,0.326265716552734
20170308154859099,-0.459561920166016
20170308154859100,-2.86282119750977
20170308154859101,0.501741790771484
20170308154859102,-0.741849517822266
20170308154859103,-2.87807998657227
20170308154859104,0.608553314208984
20170308154859105,-0.978360748291016
20170308154859106,-2.92385635375977
20170308154859107,0.562776947021484
20170308154859108,-0.917325592041016
20170308154859109,-2.92385635375977
20170308154859110,0.860323333740234
20170308154859111,-1.29116592407227
20170308154859112,-2.72549209594727
20170308154859113,0.806917572021484
20170308154859114,-1.42849502563477
20170308154859115,-2.61868057250977
20170308154859116,0.730623626708984
20170308154859117,-1.66500625610352
20170308154859118,-2.42031631469727
20170308154859119,0.745882415771484
20170308154859120,-1.54293594360352
20170308154859121,-2.46609268188477
20170308154859122,0.730623626708984
20170308154859123,-1.71841201782227
20170308154859124,-2.26772842407227
20170308154859125,0.684847259521484
20170308154859126,-1.92440567016602
20170308154859127,-2.17617568969727
20170308154859128,0.722994232177734
20170308154859129,-2.16091690063477
20170308154859130,-2.02358779907227
20170308154859131,0.684847259521484
20170308154859132,-2.08462295532227
20170308154859133,-2.13039932250977
20170308154859134,0.875582122802734
20170308154859135,-2.08462295532227
20170308154859136,-2.04647598266602
20170308154859137,0.822176361083984
20170308154859138,-2.03121719360352
20170308154859139,-2.09225234985352
20170308154859140,0.639070892333984
20170308154859141,-2.13039932250977
20170308154859142,-1.92440567016602
20170308154859143,0.845064544677734
20170308154859144,-2.19906387329102
20170308154859145,-1.97018203735352
20170308154859146,0.661959075927734
20170308154859147,-2.24484024047852
20170308154859148,-1.82522354125977
20170308154859149,0.822176361083984
20170308154859150,-2.25246963500977
20170308154859151,-1.76418838500977
20170308154859152,0.883211517333984
20170308154859153,-2.22958145141602
20170308154859154,-1.85574111938477
20170308154859155,0.639070892333984
20170308154859156,-2.28298721313477
20170308154859157,-1.78707656860352
20170308154859158,0.692476654052734
20170308154859159,-2.42794570922852
20170308154859160,-1.68789443969727
20170308154859161,0.654329681396484
20170308154859162,-2.54238662719727
20170308154859163,-1.51241836547852
20170308154859164,0.654329681396484
20170308154859165,-2.50423965454102
20170308154859166,-1.64974746704102
20170308154859167,0.684847259521484
20170308154859168,-2.54238662719727
20170308154859169,-1.50478897094727
20170308154859170,0.822176361083984
20170308154859171,-2.42031631469727
20170308154859172,-1.53530654907227
20170308154859173,0.661959075927734
20170308154859174,-2.57290420532227
20170308154859175,-1.53530654907227
20170308154859176,0.463594818115234
20170308154859177,-2.68734512329102
20170308154859178,-1.39797744750977
20170308154859179,0.623812103271484
20170308154859180,-2.83993301391602
20170308154859181,-1.20724258422852
20170308154859182,0.555147552490234
20170308154859183,-2.94674453735352
20170308154859184,-1.25301895141602
20170308154859185,0.532259368896484
20170308154859186,-3.03066787719727
20170308154859187,-0.993619537353516
20170308154859188,0.410189056396484
20170308154859189,-2.93911514282227
20170308154859190,-0.833402252197266
20170308154859191,0.326265716552734
20170308154859192,-2.96200332641602
20170308154859193,-0.894437408447266
20170308154859194,0.372042083740234
20170308154859195,-2.97726211547852
20170308154859196,-0.757108306884766
20170308154859197,0.410189056396484
20170308154859198,-2.98489151000977
20170308154859199,-0.482450103759766
20170308154859200,0.150789642333984
20170308154859201,-2.95437393188477
20170308154859202,-0.490079498291016
20170308154859203,0.143160247802734
20170308154859204,-3.00777969360352
20170308154859205,-0.375638580322266
20170308154859206,-0.0704627990722656
20170308154859207,-2.90096817016602
20170308154859208,-0.100980377197266
20170308154859209,-0.268827056884766
20170308154859210,-2.90859756469727
20170308154859211,-0.116239166259766
20170308154859212,-0.276456451416016
20170308154859213,-2.91622695922852
20170308154859214,0.249971771240234
20170308154859215,-0.574002838134766
20170308154859216,-2.87807998657227
20170308154859217,0.372042083740234
20170308154859218,-0.711331939697266
20170308154859219,-2.80178604125977
20170308154859220,0.555147552490234
20170308154859221,-0.627408599853516
20170308154859222,-2.81704483032227
20170308154859223,0.677217864990234
20170308154859224,-0.932584381103516
20170308154859225,-2.75600967407227
20170308154859226,0.822176361083984
20170308154859227,-1.30642471313477
20170308154859228,-2.63393936157227
20170308154859229,0.837435150146484
20170308154859230,-1.45138320922852
20170308154859231,-2.48135147094727
20170308154859232,0.745882415771484
20170308154859233,-1.82522354125977
20170308154859234,-2.38979873657227
20170308154859235,0.692476654052734
20170308154859236,-1.84048233032227
20170308154859237,-2.21432266235352
20170308154859238,0.700106048583984
20170308154859239,-1.92440567016602
20170308154859240,-2.10751113891602
20170308154859241,0.639070892333984
20170308154859242,-2.08462295532227
20170308154859243,-1.80233535766602
20170308154859244,0.600923919677734
20170308154859245,-2.36691055297852
20170308154859246,-1.72604141235352
20170308154859247,0.730623626708984
20170308154859248,-2.48135147094727
20170308154859249,-1.60397109985352
20170308154859250,0.730623626708984
20170308154859251,-2.80941543579102
20170308154859252,-1.36745986938477
20170308154859253,0.639070892333984
20170308154859254,-2.94674453735352
20170308154859255,-1.23776016235352
20170308154859256,0.570406341552734
20170308154859257,-2.93911514282227
20170308154859258,-1.15383682250977
20170308154859259,0.639070892333984
20170308154859260,-2.97726211547852
20170308154859261,-0.818143463134766
20170308154859262,0.471224212646484
20170308154859263,-2.98489151000977
20170308154859264,-0.635037994384766
20170308154859265,0.311006927490234
20170308154859266,-3.00015029907227
20170308154859267,-0.635037994384766
20170308154859268,0.211824798583984
20170308154859269,-2.96200332641602
20170308154859270,-0.696073150634766
20170308154859271,0.242342376708984
20170308154859272,-2.93911514282227
20170308154859273,-0.642667388916016
20170308154859274,0.265230560302734
20170308154859275,-2.83230361938477
20170308154859276,-0.543485260009766
20170308154859277,0.173677825927734
20170308154859278,-2.93911514282227
20170308154859279,-0.467191314697266
20170308154859280,0.0973838806152344
20170308154859281,-2.99252090454102
20170308154859282,-0.390897369384766
20170308154859283,0.196566009521484
20170308154859284,-2.99252090454102
20170308154859285,-0.596891021728516
20170308154859286,0.120272064208984
20170308154859287,-2.93911514282227
20170308154859288,-0.406156158447266
20170308154859289,0.166048431396484
20170308154859290,-2.92385635375977
20170308154859291,-0.429044342041016
20170308154859292,0.0134605407714844
20170308154859293,-2.98489151000977
20170308154859294,-0.497708892822266
20170308154859295,0.135530853271484
20170308154859296,-2.99252090454102
20170308154859297,-0.306974029541016
20170308154859298,-0.123868560791016
20170308154859299,-2.96963272094727
20170308154859300,-0.0399452209472656
20170308154859301,-0.291715240478516
20170308154859302,-2.91622695922852
20170308154859303,0.0058311462402344
20170308154859304,-0.413785552978516
20170308154859305,-2.84756240844727
20170308154859306,-0.0780921936035156
20170308154859307,-0.200162506103516
20170308154859308,-2.96200332641602
20170308154859309,-0.0704627990722656
20170308154859310,-0.207791900634766
20170308154859311,-2.88570938110352
20170308154859312,-0.0780921936035156
20170308154859313,-0.398526763916016
20170308154859314,-2.93148574829102
20170308154859315,0.143160247802734
20170308154859316,-0.451932525634766
20170308154859317,-2.90859756469727
20170308154859318,0.326265716552734
20170308154859319,-0.657926177978516
20170308154859320,-2.86282119750977
20170308154859321,0.478853607177734
20170308154859322,-0.772367095947266
20170308154859323,-2.85519180297852
20170308154859324,0.532259368896484
20170308154859325,-0.856290435791016
20170308154859326,-2.88570938110352
20170308154859327,0.608553314208984
20170308154859328,-0.955472564697266
20170308154859329,-2.83993301391602
20170308154859330,0.776399993896484
20170308154859331,-1.12331924438477
20170308154859332,-2.68734512329102
20170308154859333,0.959505462646484
20170308154859334,-1.26064834594727
20170308154859335,-2.61105117797852
20170308154859336,1.00528182983398
20170308154859337,-1.34457168579102
20170308154859338,-2.58053359985352
20170308154859339,0.906099700927734
20170308154859340,-1.44375381469727
20170308154859341,-2.58053359985352
20170308154859342,0.745882415771484
20170308154859343,-1.28353652954102
20170308154859344,-2.69497451782227
20170308154859345,0.776399993896484
20170308154859346,-1.16146621704102
20170308154859347,-2.54238662719727
20170308154859348,0.745882415771484
20170308154859349,-1.33694229125977
20170308154859350,-2.63393936157227
20170308154859351,0.707735443115234
20170308154859352,-1.61922988891602
20170308154859353,-2.48135147094727
20170308154859354,0.646700286865234
20170308154859355,-1.63448867797852
20170308154859356,-2.45846328735352
20170308154859357,0.806917572021484
20170308154859358,-1.73367080688477
20170308154859359,-2.29824600219727
20170308154859360,0.684847259521484
20170308154859361,-1.80233535766602
20170308154859362,-2.21432266235352
20170308154859363,0.562776947021484
20170308154859364,-1.81759414672852
20170308154859365,-2.28298721313477
20170308154859366,0.692476654052734
20170308154859367,-1.94729385375977
20170308154859368,-2.16854629516602
20170308154859369,0.761141204833984
20170308154859370,-1.87099990844727
20170308154859371,-2.13802871704102
20170308154859372,0.661959075927734
20170308154859373,-2.00832901000977
20170308154859374,-1.85574111938477
20170308154859375,0.768770599365234
20170308154859376,-2.21432266235352
20170308154859377,-1.76418838500977
20170308154859378,0.631441497802734
20170308154859379,-2.32113418579102
20170308154859380,-1.51241836547852
20170308154859381,0.715364837646484
20170308154859382,-2.61105117797852
20170308154859383,-1.45901260375977
20170308154859384,0.524629974365234
20170308154859385,-2.42031631469727
20170308154859386,-1.56582412719727
20170308154859387,0.761141204833984
20170308154859388,-2.51949844360352
20170308154859389,-1.60397109985352
20170308154859390,0.753511810302734
20170308154859391,-2.86282119750977
20170308154859392,-1.19198379516602
20170308154859393,0.730623626708984
20170308154859394,-2.85519180297852
20170308154859395,-1.19198379516602
20170308154859396,0.562776947021484
20170308154859397,-2.96200332641602
20170308154859398,-0.856290435791016
20170308154859399,0.494112396240234
20170308154859400,-3.03066787719727
20170308154859401,-0.474820709228516
20170308154859402,0.242342376708984
20170308154859403,-2.94674453735352
20170308154859404,-0.337491607666016
20170308154859405,0.105013275146484
20170308154859406,-3.00015029907227
20170308154859407,-0.0704627990722656
20170308154859408,-0.223050689697266
20170308154859409,-2.89333877563477
20170308154859410,0.219454193115234
20170308154859411,-0.482450103759766
20170308154859412,-2.90096817016602
20170308154859413,0.532259368896484
20170308154859414,-0.734220123291016
20170308154859415,-2.87045059204102
20170308154859416,0.578035736083984
20170308154859417,-0.886808013916016
20170308154859418,-2.85519180297852
20170308154859419,0.501741790771484
20170308154859420,-0.718961334228516
20170308154859421,-2.86282119750977
20170308154859422,0.562776947021484
20170308154859423,-0.619779205322266
20170308154859424,-2.76363906860352
20170308154859425,0.623812103271484
20170308154859426,-0.955472564697266
20170308154859427,-2.78652725219727
20170308154859428,0.898470306396484
20170308154859429,-0.879178619384766
20170308154859430,-2.71023330688477
20170308154859431,0.784029388427734
20170308154859432,-1.16909561157227
20170308154859433,-2.71786270141602
20170308154859434,0.707735443115234
20170308154859435,-1.23776016235352
20170308154859436,-2.67971572875977
20170308154859437,0.791658782958984
20170308154859438,-1.38271865844727
20170308154859439,-2.57290420532227
20170308154859440,0.784029388427734
20170308154859441,-1.47427139282227
20170308154859442,-2.47372207641602
20170308154859443,0.692476654052734
20170308154859444,-1.64211807250977
20170308154859445,-2.38979873657227
20170308154859446,0.814546966552734
20170308154859447,-1.91677627563477
20170308154859448,-2.22195205688477
20170308154859449,0.799288177490234
20170308154859450,-1.96255264282227
20170308154859451,-2.22958145141602
20170308154859452,0.631441497802734
20170308154859453,-1.93203506469727
20170308154859454,-2.13802871704102
20170308154859455,0.806917572021484
20170308154859456,-2.13802871704102
20170308154859457,-1.91677627563477
20170308154859458,0.600923919677734
20170308154859459,-2.10751113891602
20170308154859460,-2.05410537719727
20170308154859461,0.639070892333984
20170308154859462,-2.15328750610352
20170308154859463,-1.89388809204102
20170308154859464,0.600923919677734
20170308154859465,-2.15328750610352
20170308154859466,-1.87099990844727
20170308154859467,0.761141204833984
20170308154859468,-2.27535781860352
20170308154859469,-1.70315322875977
20170308154859470,0.715364837646484
20170308154859471,-2.35928115844727
20170308154859472,-1.69552383422852
20170308154859473,0.684847259521484
20170308154859474,-2.29824600219727
20170308154859475,-1.65737686157227
20170308154859476,0.608553314208984
20170308154859477,-2.37453994750977
20170308154859478,-1.48953018188477
20170308154859479,0.654329681396484
20170308154859480,-2.64919815063477
20170308154859481,-1.39034805297852
20170308154859482,0.639070892333984
20170308154859483,-2.81704483032227
20170308154859484,-1.20724258422852
20170308154859485,0.646700286865234
20170308154859486,-2.92385635375977
20170308154859487,-1.05465469360352
20170308154859488,0.570406341552734
20170308154859489,-2.93148574829102
20170308154859490,-0.963101959228516
20170308154859491,0.455965423583984
20170308154859492,-2.93911514282227
20170308154859493,-1.03176651000977
20170308154859494,0.669588470458984
20170308154859495,-2.95437393188477
20170308154859496,-0.917325592041016
20170308154859497,0.433077239990234
20170308154859498,-2.98489151000977
20170308154859499,-0.825772857666016
20170308154859500,0.455965423583984
20170308154859501,-2.99252090454102
20170308154859502,-0.459561920166016
20170308154859503,0.181307220458984
20170308154859504,-2.93148574829102
20170308154859505,-0.482450103759766
20170308154859506,0.181307220458984
20170308154859507,-2.93911514282227
20170308154859508,-0.398526763916016
20170308154859509,0.249971771240234
20170308154859510,-2.91622695922852
20170308154859511,-0.398526763916016
20170308154859512,0.0592369079589844
20170308154859513,-2.90859756469727
20170308154859514,-0.223050689697266
20170308154859515,-0.131497955322266
20170308154859516,-2.88570938110352
20170308154859517,-0.284085845947266
20170308154859518,-0.207791900634766
20170308154859519,-2.93148574829102
20170308154859520,0.196566009521484
20170308154859521,-0.413785552978516
20170308154859522,-2.83993301391602
20170308154859523,0.562776947021484
20170308154859524,-0.619779205322266
20170308154859525,-2.86282119750977
20170308154859526,0.311006927490234
20170308154859527,-0.589261627197266
20170308154859528,-2.88570938110352
20170308154859529,0.455965423583984
20170308154859530,-0.612149810791016
20170308154859531,-2.83230361938477
20170308154859532,0.692476654052734
20170308154859533,-1.03176651000977
20170308154859534,-2.78652725219727
20170308154859535,0.845064544677734
20170308154859536,-1.23776016235352
20170308154859537,-2.66445693969727
20170308154859538,0.867952728271484
20170308154859539,-1.64974746704102
20170308154859540,-2.50423965454102
20170308154859541,0.677217864990234
20170308154859542,-1.79470596313477
20170308154859543,-2.18380508422852
20170308154859544,0.761141204833984
20170308154859545,-1.90914688110352
20170308154859546,-2.12276992797852
20170308154859547,0.661959075927734
20170308154859548,-2.18380508422852
20170308154859549,-1.87099990844727
20170308154859550,0.738253021240234
20170308154859551,-2.41268692016602
20170308154859552,-1.58108291625977
20170308154859553,0.730623626708984
20170308154859554,-2.71023330688477
20170308154859555,-1.32168350219727
20170308154859556,0.600923919677734
20170308154859557,-2.73312149047852
20170308154859558,-1.23013076782227
20170308154859559,0.677217864990234
20170308154859560,-2.90859756469727
20170308154859561,-0.978360748291016
20170308154859562,0.471224212646484
20170308154859563,-2.95437393188477
20170308154859564,-0.993619537353516
20170308154859565,0.417818450927734
20170308154859566,-3.05355606079102
20170308154859567,-0.696073150634766
20170308154859568,0.402559661865234
20170308154859569,-2.96200332641602
20170308154859570,-0.764737701416016
20170308154859571,0.303377532958984
20170308154859572,-2.94674453735352
20170308154859573,-0.749478912353516
20170308154859574,0.440706634521484
20170308154859575,-2.95437393188477
20170308154859576,-0.856290435791016
20170308154859577,0.402559661865234
20170308154859578,-3.02303848266602
20170308154859579,-0.779996490478516
20170308154859580,0.387300872802734
20170308154859581,-2.87807998657227
20170308154859582,-0.619779205322266
20170308154859583,0.288118743896484
20170308154859584,-2.96963272094727
20170308154859585,-0.734220123291016
20170308154859586,0.311006927490234
20170308154859587,-2.99252090454102
20170308154859588,-0.528226470947266
20170308154859589,0.295748138427734
20170308154859590,-2.96200332641602
20170308154859591,-0.528226470947266
20170308154859592,0.242342376708984
20170308154859593,-2.90096817016602
20170308154859594,-0.665555572509766
20170308154859595,0.318636322021484
20170308154859596,-2.92385635375977
20170308154859597,-0.703702545166016
20170308154859598,0.448336029052734
20170308154859599,-2.87045059204102
20170308154859600,-0.497708892822266
20170308154859601,0.242342376708984
20170308154859602,-2.96200332641602
20170308154859603,-0.459561920166016
20170308154859604,0.105013275146484
20170308154859605,-2.93911514282227
20170308154859606,-0.459561920166016
20170308154859607,0.326265716552734
20170308154859608,-2.96200332641602
20170308154859609,-0.337491607666016
20170308154859610,0.0134605407714844
20170308154859611,-2.89333877563477
20170308154859612,-0.360379791259766
20170308154859613,0.0134605407714844
20170308154859614,-2.94674453735352
20170308154859615,-0.192533111572266
20170308154859616,-0.207791900634766
20170308154859617,-2.93148574829102
20170308154859618,-0.200162506103516
20170308154859619,-0.230680084228516
20170308154859620,-2.93148574829102
20170308154859621,-0.253568267822266
20170308154859622,-0.162015533447266
20170308154859623,-2.94674453735352
20170308154859624,0.143160247802734
20170308154859625,-0.253568267822266
20170308154859626,-2.83230361938477
20170308154859627,0.402559661865234
20170308154859628,-0.596891021728516
20170308154859629,-2.86282119750977
20170308154859630,0.532259368896484
20170308154859631,-0.726590728759766
20170308154859632,-2.83230361938477
20170308154859633,0.623812103271484
20170308154859634,-0.970731353759766
20170308154859635,-2.80178604125977
20170308154859636,0.745882415771484
20170308154859637,-1.03176651000977
20170308154859638,-2.69497451782227
20170308154859639,0.761141204833984
20170308154859640,-1.26064834594727
20170308154859641,-2.58816299438477
20170308154859642,0.890840911865234
20170308154859643,-1.44375381469727
20170308154859644,-2.54238662719727
20170308154859645,0.898470306396484
20170308154859646,-1.48953018188477
20170308154859647,-2.42794570922852
20170308154859648,0.845064544677734
20170308154859649,-1.80233535766602
20170308154859650,-2.22195205688477
20170308154859651,0.791658782958984
20170308154859652,-1.97781143188477
20170308154859653,-2.18380508422852
20170308154859654,0.692476654052734
20170308154859655,-1.97781143188477
20170308154859656,-1.94729385375977
20170308154859657,0.730623626708984
20170308154859658,-2.22958145141602
20170308154859659,-1.68026504516602
20170308154859660,0.852693939208984
20170308154859661,-2.38979873657227
20170308154859662,-1.61922988891602
20170308154859663,0.814546966552734
20170308154859664,-2.70260391235352
20170308154859665,-1.35220108032227
20170308154859666,0.715364837646484
20170308154859667,-2.99252090454102
20170308154859668,-1.03176651000977
20170308154859669,0.509371185302734
20170308154859670,-2.96963272094727
20170308154859671,-1.02413711547852
20170308154859672,0.509371185302734
20170308154859673,-2.87807998657227
20170308154859674,-1.03176651000977
20170308154859675,0.532259368896484
20170308154859676,-2.94674453735352
20170308154859677,-0.924954986572266
20170308154859678,0.425447845458984
20170308154859679,-2.96963272094727
20170308154859680,-0.810514068603516
20170308154859681,0.471224212646484
20170308154859682,-2.88570938110352
20170308154859683,-0.818143463134766
20170308154859684,0.402559661865234
20170308154859685,-3.00015029907227
20170308154859686,-0.604520416259766
20170308154859687,0.295748138427734
20170308154859688,-2.95437393188477
20170308154859689,-0.551114654541016
20170308154859690,0.181307220458984
20170308154859691,-2.90096817016602
20170308154859692,-0.421414947509766
20170308154859693,0.120272064208984
20170308154859694,-2.96200332641602
20170308154859695,-0.383267974853516
20170308154859696,0.0210899353027344
20170308154859697,-2.90096817016602
20170308154859698,-0.177274322509766
20170308154859699,-0.169644927978516
20170308154859700,-2.92385635375977
20170308154859701,-0.116239166259766
20170308154859702,-0.245938873291016
20170308154859703,-2.90096817016602
20170308154859704,0.288118743896484
20170308154859705,-0.467191314697266
20170308154859706,-2.87807998657227
20170308154859707,0.455965423583984
20170308154859708,-0.650296783447266
20170308154859709,-2.87807998657227
20170308154859710,0.326265716552734
20170308154859711,-0.619779205322266
20170308154859712,-2.90096817016602
20170308154859713,0.425447845458984
20170308154859714,-0.795255279541016
20170308154859715,-2.72549209594727
20170308154859716,0.387300872802734
20170308154859717,-0.657926177978516
20170308154859718,-2.88570938110352
20170308154859719,0.570406341552734
20170308154859720,-0.833402252197266
20170308154859721,-2.77126846313477
20170308154859722,0.814546966552734
20170308154859723,-1.00124893188477
20170308154859724,-2.77126846313477
20170308154859725,0.768770599365234
20170308154859726,-1.06991348266602
20170308154859727,-2.74838027954102
20170308154859728,0.715364837646484
20170308154859729,-0.863919830322266
20170308154859730,-2.67971572875977
20170308154859731,0.730623626708984
20170308154859732,-1.09280166625977
20170308154859733,-2.67208633422852
20170308154859734,0.768770599365234
20170308154859735,-1.23013076782227
20170308154859736,-2.71023330688477
20170308154859737,0.791658782958984
20170308154859738,-1.23013076782227
20170308154859739,-2.66445693969727
20170308154859740,0.845064544677734
20170308154859741,-1.26827774047852
20170308154859742,-2.66445693969727
20170308154859743,0.745882415771484
20170308154859744,-1.32168350219727
20170308154859745,-2.61105117797852
20170308154859746,0.776399993896484
20170308154859747,-1.19961318969727
20170308154859748,-2.59579238891602
20170308154859749,0.913729095458984
20170308154859750,-1.66500625610352
20170308154859751,-2.51949844360352
20170308154859752,0.791658782958984
20170308154859753,-1.63448867797852
20170308154859754,-2.35165176391602
20170308154859755,0.646700286865234
20170308154859756,-1.79470596313477
20170308154859757,-2.30587539672852
20170308154859758,0.692476654052734
20170308154859759,-1.58871231079102
20170308154859760,-2.31350479125977
20170308154859761,0.906099700927734
20170308154859762,-1.80233535766602
20170308154859763,-2.32876358032227
20170308154859764,0.852693939208984
20170308154859765,-1.65737686157227
20170308154859766,-2.22195205688477
20170308154859767,0.631441497802734
20170308154859768,-1.90914688110352
20170308154859769,-2.15328750610352
20170308154859770,0.745882415771484
20170308154859771,-1.93203506469727
20170308154859772,-2.04647598266602
20170308154859773,0.646700286865234
20170308154859774,-2.01595840454102
20170308154859775,-2.06936416625977
20170308154859776,0.806917572021484
20170308154859777,-2.17617568969727
20170308154859778,-1.87862930297852
20170308154859779,0.631441497802734
20170308154859780,-2.25246963500977
20170308154859781,-1.80233535766602
20170308154859782,0.623812103271484
20170308154859783,-2.29824600219727
20170308154859784,-1.61922988891602
20170308154859785,0.761141204833984
20170308154859786,-2.47372207641602
20170308154859787,-1.44375381469727
20170308154859788,0.715364837646484
20170308154859789,-2.83993301391602
20170308154859790,-1.14620742797852
20170308154859791,0.669588470458984
20170308154859792,-2.89333877563477
20170308154859793,-1.14620742797852
20170308154859794,0.692476654052734
20170308154859795,-3.09933242797852
20170308154859796,-0.795255279541016
20170308154859797,0.448336029052734
20170308154859798,-2.98489151000977
20170308154859799,-0.596891021728516
20170308154859800,0.227083587646484
20170308154859801,-2.99252090454102
20170308154859802,-0.482450103759766
20170308154859803,0.234712982177734
20170308154859804,-2.95437393188477
20170308154859805,-0.383267974853516
20170308154859806,-0.0170570373535156
20170308154859807,-2.87807998657227
20170308154859808,-0.146756744384766
20170308154859809,-0.253568267822266
20170308154859810,-2.88570938110352
20170308154859811,0.394930267333984
20170308154859812,-0.566373443603516
20170308154859813,-2.83993301391602
20170308154859814,0.517000579833984
20170308154859815,-0.787625885009766
20170308154859816,-2.88570938110352
20170308154859817,0.623812103271484
20170308154859818,-0.985990142822266
20170308154859819,-2.79415664672852
20170308154859820,0.799288177490234
20170308154859821,-0.985990142822266
20170308154859822,-2.73312149047852
20170308154859823,0.890840911865234
20170308154859824,-1.28353652954102
20170308154859825,-2.55001602172852
20170308154859826,0.776399993896484
20170308154859827,-1.56582412719727
20170308154859828,-2.55764541625977
20170308154859829,0.944246673583984
20170308154859830,-1.63448867797852
20170308154859831,-2.36691055297852
20170308154859832,0.814546966552734
20170308154859833,-1.74892959594727
20170308154859834,-2.32113418579102
20170308154859835,0.539888763427734
20170308154859836,-1.68789443969727
20170308154859837,-2.41268692016602
20170308154859838,0.608553314208984
20170308154859839,-1.60397109985352
20170308154859840,-2.49661026000977
20170308154859841,0.799288177490234
20170308154859842,-1.57345352172852
20170308154859843,-2.34402236938477
20170308154859844,0.753511810302734
20170308154859845,-1.77944717407227
20170308154859846,-2.22195205688477
20170308154859847,0.692476654052734
20170308154859848,-1.95492324829102
20170308154859849,-2.07699356079102
20170308154859850,0.692476654052734
20170308154859851,-1.96255264282227
20170308154859852,-2.08462295532227
20170308154859853,0.677217864990234
20170308154859854,-1.99307022094727
20170308154859855,-2.03884658813477
20170308154859856,0.722994232177734
20170308154859857,-2.06173477172852
20170308154859858,-1.80996475219727
20170308154859859,0.753511810302734
20170308154859860,-2.22195205688477
20170308154859861,-2.04647598266602
20170308154859862,0.715364837646484
20170308154859863,-2.17617568969727
20170308154859864,-1.84811172485352
20170308154859865,0.768770599365234
20170308154859866,-2.34402236938477
20170308154859867,-1.63448867797852
20170308154859868,0.768770599365234
20170308154859869,-2.67971572875977
20170308154859870,-1.39034805297852
20170308154859871,0.799288177490234
20170308154859872,-2.55001602172852
20170308154859873,-1.45901260375977
20170308154859874,0.692476654052734
20170308154859875,-2.62630996704102
20170308154859876,-1.45901260375977
20170308154859877,0.639070892333984
20170308154859878,-2.45846328735352
20170308154859879,-1.51241836547852
20170308154859880,0.806917572021484
20170308154859881,-2.49661026000977
20170308154859882,-1.59634170532227
20170308154859883,0.677217864990234
20170308154859884,-2.59579238891602
20170308154859885,-1.48953018188477
20170308154859886,0.608553314208984
20170308154859887,-2.73312149047852
20170308154859888,-1.35983047485352
20170308154859889,0.562776947021484
20170308154859890,-2.57290420532227
20170308154859891,-1.39034805297852
20170308154859892,0.684847259521484
20170308154859893,-2.72549209594727
20170308154859894,-1.22250137329102
20170308154859895,0.753511810302734
20170308154859896,-2.78652725219727
20170308154859897,-1.17672500610352
20170308154859898,0.539888763427734
20170308154859899,-2.83993301391602
20170308154859900,-1.08517227172852
20170308154859901,0.517000579833984
20170308154859902,-2.83230361938477
20170308154859903,-1.15383682250977
20170308154859904,0.669588470458984
20170308154859905,-2.87045059204102
20170308154859906,-1.06991348266602
20170308154859907,0.455965423583984
20170308154859908,-2.95437393188477
20170308154859909,-1.06228408813477
20170308154859910,0.517000579833984
20170308154859911,-2.99252090454102
20170308154859912,-0.940213775634766
20170308154859913,0.486483001708984
20170308154859914,-2.95437393188477
20170308154859915,-0.795255279541016
20170308154859916,0.410189056396484
20170308154859917,-3.00015029907227
20170308154859918,-0.650296783447266
20170308154859919,0.471224212646484
20170308154859920,-2.92385635375977
20170308154859921,-0.574002838134766
20170308154859922,0.196566009521484
20170308154859923,-2.99252090454102
20170308154859924,-0.551114654541016
20170308154859925,0.257601165771484
20170308154859926,-2.96200332641602
20170308154859927,-0.535855865478516
20170308154859928,0.0973838806152344
20170308154859929,-2.97726211547852
20170308154859930,-0.200162506103516
20170308154859931,-0.192533111572266
20170308154859932,-2.94674453735352
20170308154859933,-0.0628334045410156
20170308154859934,-0.268827056884766
20170308154859935,-2.85519180297852
20170308154859936,0.150789642333984
20170308154859937,-0.352750396728516
20170308154859938,-2.87045059204102
20170308154859939,0.440706634521484
20170308154859940,-0.642667388916016
20170308154859941,-2.79415664672852
20170308154859942,0.738253021240234
20170308154859943,-0.932584381103516
20170308154859944,-2.74838027954102
20170308154859945,0.928987884521484
20170308154859946,-1.22250137329102
20170308154859947,-2.64156875610352
20170308154859948,0.875582122802734
20170308154859949,-1.47427139282227
20170308154859950,-2.61868057250977
20170308154859951,0.822176361083984
20170308154859952,-1.50478897094727
20170308154859953,-2.54238662719727
20170308154859954,0.730623626708984
20170308154859955,-1.59634170532227
20170308154859956,-2.39742813110352
20170308154859957,0.761141204833984
20170308154859958,-1.69552383422852
20170308154859959,-2.26772842407227
20170308154859960,0.677217864990234
20170308154859961,-1.80996475219727
20170308154859962,-2.19143447875977
20170308154859963,0.707735443115234
20170308154859964,-2.04647598266602
20170308154859965,-2.03884658813477
20170308154859966,0.669588470458984
20170308154859967,-2.26772842407227
20170308154859968,-1.87862930297852
20170308154859969,0.806917572021484
20170308154859970,-2.26009902954102
20170308154859971,-1.74130020141602
20170308154859972,0.890840911865234
20170308154859973,-2.26009902954102
20170308154859974,-1.64211807250977
20170308154859975,0.707735443115234
20170308154859976,-2.32876358032227
20170308154859977,-1.62685928344727
20170308154859978,0.761141204833984
20170308154859979,-2.45083389282227
20170308154859980,-1.49715957641602
20170308154859981,0.639070892333984
20170308154859982,-2.58816299438477
20170308154859983,-1.39797744750977
20170308154859984,0.654329681396484
20170308154859985,-2.57290420532227
20170308154859986,-1.36745986938477
20170308154859987,0.593294525146484
20170308154859988,-2.55764541625977
20170308154859989,-1.53530654907227
20170308154859990,0.700106048583984
20170308154859991,-2.35928115844727
20170308154859992,-1.49715957641602
20170308154859993,0.753511810302734
20170308154859994,-2.50423965454102
20170308154859995,-1.55819473266602
20170308154859996,0.631441497802734
20170308154859997,-2.30587539672852
20170308154859998,-1.58871231079102
20170308154859999,0.845064544677734
20170308154900000,-2.45083389282227
20170308154900001,-1.54293594360352
20170308154900002,0.692476654052734
20170308154900003,-2.55764541625977
20170308154900004,-1.35983047485352
20170308154900005,0.707735443115234
20170308154900006,-2.86282119750977
20170308154900007,-1.21487197875977
20170308154900008,0.654329681396484
20170308154900009,-3.00015029907227
20170308154900010,-1.03939590454102
20170308154900011,0.547518157958984
20170308154900012,-3.08407363891602
20170308154900013,-0.779996490478516
20170308154900014,0.349153900146484
20170308154900015,-2.96200332641602
20170308154900016,-0.612149810791016
20170308154900017,0.227083587646484
20170308154900018,-2.93911514282227
20170308154900019,-0.543485260009766
20170308154900020,0.257601165771484
20170308154900021,-2.88570938110352
20170308154900022,-0.528226470947266
20170308154900023,0.410189056396484
20170308154900024,-2.80178604125977
20170308154900025,-0.635037994384766
20170308154900026,0.379671478271484
20170308154900027,-2.83993301391602
20170308154900028,-0.688443756103516
20170308154900029,0.318636322021484
20170308154900030,-2.90096817016602
20170308154900031,-0.703702545166016
20170308154900032,0.211824798583984
20170308154900033,-2.96963272094727
20170308154900034,-0.726590728759766
20170308154900035,0.341524505615234
20170308154900036,-2.94674453735352
20170308154900037,-0.566373443603516
20170308154900038,0.288118743896484
20170308154900039,-2.94674453735352
20170308154900040,-0.497708892822266
20170308154900041,0.0897544860839844
20170308154900042,-2.93911514282227
20170308154900043,-0.322232818603516
20170308154900044,-0.0170570373535156
20170308154900045,-3.01540908813477
20170308154900046,-0.261197662353516
20170308154900047,-0.116239166259766
20170308154900048,-2.92385635375977
20170308154900049,-0.192533111572266
20170308154900050,-0.230680084228516
20170308154900051,-2.91622695922852
20170308154900052,0.166048431396484
20170308154900053,-0.520597076416016
20170308154900054,-2.85519180297852
20170308154900055,0.326265716552734
20170308154900056,-0.657926177978516
20170308154900057,-2.83993301391602
20170308154900058,0.364412689208984
20170308154900059,-0.406156158447266
20170308154900060,-2.84756240844727
20170308154900061,0.524629974365234
20170308154900062,-0.741849517822266
20170308154900063,-2.82467422485352
20170308154900064,0.768770599365234
20170308154900065,-0.985990142822266
20170308154900066,-2.69497451782227
20170308154900067,0.951876068115234
20170308154900068,-1.35983047485352
20170308154900069,-2.56527481079102
20170308154900070,0.822176361083984
20170308154900071,-1.51241836547852
20170308154900072,-2.45083389282227
20170308154900073,0.784029388427734
20170308154900074,-1.61160049438477
20170308154900075,-2.22958145141602
20170308154900076,0.845064544677734
20170308154900077,-1.96255264282227
20170308154900078,-2.05410537719727
20170308154900079,0.730623626708984
20170308154900080,-2.20669326782227
20170308154900081,-1.84811172485352
20170308154900082,0.738253021240234
20170308154900083,-2.35165176391602
20170308154900084,-1.75655899047852
20170308154900085,0.646700286865234
20170308154900086,-2.32113418579102
20170308154900087,-1.72604141235352
20170308154900088,0.692476654052734
20170308154900089,-2.34402236938477
20170308154900090,-1.45901260375977
20170308154900091,0.730623626708984
20170308154900092,-2.76363906860352
20170308154900093,-1.24538955688477
20170308154900094,0.501741790771484
20170308154900095,-2.79415664672852
20170308154900096,-1.16146621704102
20170308154900097,0.539888763427734
20170308154900098,-2.94674453735352
20170308154900099,-1.02413711547852
20170308154900100,0.471224212646484
20170308154900101,-2.93148574829102
20170308154900102,-0.856290435791016
20170308154900103,0.471224212646484
20170308154900104,-2.97726211547852
20170308154900105,-0.551114654541016
20170308154900106,0.265230560302734
20170308154900107,-2.89333877563477
20170308154900108,-0.451932525634766
20170308154900109,0.249971771240234
20170308154900110,-2.95437393188477
20170308154900111,-0.223050689697266
20170308154900112,-0.0170570373535156
20170308154900113,-2.81704483032227
20170308154900114,-0.329862213134766
20170308154900115,-0.0017982482910156
20170308154900116,-2.96963272094727
20170308154900117,-0.123868560791016
20170308154900118,-0.146756744384766
20170308154900119,-2.84756240844727
20170308154900120,-0.0017982482910156
20170308154900121,-0.306974029541016
20170308154900122,-2.86282119750977
20170308154900123,0.295748138427734
20170308154900124,-0.535855865478516
20170308154900125,-2.84756240844727
20170308154900126,0.433077239990234
20170308154900127,-0.650296783447266
20170308154900128,-2.90859756469727
20170308154900129,0.539888763427734
20170308154900130,-0.673184967041016
20170308154900131,-2.83230361938477
20170308154900132,0.539888763427734
20170308154900133,-0.596891021728516
20170308154900134,-2.85519180297852
20170308154900135,0.486483001708984
20170308154900136,-0.757108306884766
20170308154900137,-2.84756240844727
20170308154900138,0.402559661865234
20170308154900139,-0.749478912353516
20170308154900140,-2.87807998657227
20170308154900141,0.600923919677734
20170308154900142,-0.863919830322266
20170308154900143,-2.83993301391602
20170308154900144,0.509371185302734
20170308154900145,-0.749478912353516
20170308154900146,-2.77126846313477
20170308154900147,0.623812103271484
20170308154900148,-0.650296783447266
20170308154900149,-2.77126846313477
20170308154900150,0.478853607177734
20170308154900151,-0.772367095947266
20170308154900152,-2.77889785766602
20170308154900153,0.471224212646484
20170308154900154,-0.779996490478516
20170308154900155,-2.79415664672852
20170308154900156,0.646700286865234
20170308154900157,-1.00124893188477
20170308154900158,-2.86282119750977
20170308154900159,0.806917572021484
20170308154900160,-1.13857803344727
20170308154900161,-2.80178604125977
20170308154900162,0.646700286865234
20170308154900163,-1.05465469360352
20170308154900164,-2.78652725219727
20170308154900165,0.753511810302734
20170308154900166,-1.18435440063477
20170308154900167,-2.66445693969727
20170308154900168,0.944246673583984
20170308154900169,-1.03939590454102
20170308154900170,-2.61105117797852
20170308154900171,0.883211517333984
20170308154900172,-1.41323623657227
20170308154900173,-2.67208633422852
20170308154900174,0.761141204833984
20170308154900175,-1.35220108032227
20170308154900176,-2.61868057250977
20170308154900177,0.722994232177734
20170308154900178,-1.38271865844727
20170308154900179,-2.59579238891602
20170308154900180,0.768770599365234
20170308154900181,-1.57345352172852
20170308154900182,-2.44320449829102
20170308154900183,0.646700286865234
20170308154900184,-1.56582412719727
20170308154900185,-2.51949844360352
20170308154900186,0.967134857177734
20170308154900187,-1.52004776000977
20170308154900188,-2.47372207641602
20170308154900189,0.669588470458984
20170308154900190,-1.52767715454102
20170308154900191,-2.46609268188477
20170308154900192,0.776399993896484
20170308154900193,-1.35983047485352
20170308154900194,-2.44320449829102
20170308154900195,0.669588470458984
20170308154900196,-1.45138320922852
20170308154900197,-2.50423965454102
20170308154900198,0.700106048583984
20170308154900199,-1.47427139282227
20170308154900200,-2.60342178344727
20170308154900201,0.898470306396484
20170308154900202,-1.39034805297852
20170308154900203,-2.45083389282227
20170308154900204,0.738253021240234
20170308154900205,-1.39034805297852
20170308154900206,-2.42794570922852
20170308154900207,0.768770599365234
20170308154900208,-1.74130020141602
20170308154900209,-2.26009902954102
20170308154900210,0.761141204833984
20170308154900211,-1.96255264282227
20170308154900212,-2.21432266235352
20170308154900213,0.707735443115234
20170308154900214,-2.16091690063477
20170308154900215,-2.09988174438477
20170308154900216,0.738253021240234
20170308154900217,-2.26009902954102
20170308154900218,-1.85574111938477
20170308154900219,0.623812103271484
20170308154900220,-2.38979873657227
20170308154900221,-1.67263565063477
20170308154900222,0.669588470458984
20170308154900223,-2.49661026000977
20170308154900224,-1.57345352172852
20170308154900225,0.593294525146484
20170308154900226,-2.49661026000977
20170308154900227,-1.38271865844727
20170308154900228,0.806917572021484
20170308154900229,-2.67971572875977
20170308154900230,-1.25301895141602
20170308154900231,0.570406341552734
20170308154900232,-2.93148574829102
20170308154900233,-0.894437408447266
20170308154900234,0.433077239990234
20170308154900235,-2.95437393188477
20170308154900236,-0.749478912353516
20170308154900237,0.402559661865234
20170308154900238,-2.94674453735352
20170308154900239,-0.627408599853516
20170308154900240,0.288118743896484
20170308154900241,-2.93148574829102
20170308154900242,-0.436673736572266
20170308154900243,0.0363487243652344
20170308154900244,-2.97726211547852
20170308154900245,-0.329862213134766
20170308154900246,-0.0857215881347656
20170308154900247,-2.82467422485352
20170308154900248,-0.162015533447266
20170308154900249,-0.162015533447266
20170308154900250,-2.89333877563477
20170308154900251,0.105013275146484
20170308154900252,-0.451932525634766
20170308154900253,-2.93148574829102
20170308154900254,0.501741790771484
20170308154900255,-0.818143463134766
20170308154900256,-2.79415664672852
20170308154900257,0.791658782958984
20170308154900258,-1.13094863891602
20170308154900259,-2.87807998657227
20170308154900260,0.898470306396484
20170308154900261,-1.29116592407227
20170308154900262,-2.64919815063477
20170308154900263,0.799288177490234
20170308154900264,-1.60397109985352
20170308154900265,-2.48898086547852
20170308154900266,0.661959075927734
20170308154900267,-1.77944717407227
20170308154900268,-2.41268692016602
20170308154900269,0.738253021240234
20170308154900270,-1.86337051391602
20170308154900271,-2.29061660766602
20170308154900272,0.845064544677734
20170308154900273,-2.00832901000977
20170308154900274,-2.04647598266602
20170308154900275,0.669588470458984
20170308154900276,-1.83285293579102
20170308154900277,-2.21432266235352
20170308154900278,0.600923919677734
20170308154900279,-1.92440567016602
20170308154900280,-2.06936416625977
20170308154900281,0.684847259521484
20170308154900282,-2.06173477172852
20170308154900283,-1.96255264282227
20170308154900284,0.639070892333984
20170308154900285,-2.17617568969727
20170308154900286,-1.93966445922852
20170308154900287,0.715364837646484
20170308154900288,-2.18380508422852
20170308154900289,-1.90914688110352
20170308154900290,0.684847259521484
20170308154900291,-2.10751113891602
20170308154900292,-1.90914688110352
20170308154900293,0.730623626708984
20170308154900294,-2.19906387329102
20170308154900295,-1.80996475219727
20170308154900296,0.837435150146484
20170308154900297,-2.25246963500977
20170308154900298,-1.83285293579102
20170308154900299,0.791658782958984
20170308154900300,-2.31350479125977
20170308154900301,-1.61922988891602
20170308154900302,0.677217864990234
20170308154900303,-2.54238662719727
20170308154900304,-1.58108291625977
20170308154900305,0.639070892333984
20170308154900306,-2.36691055297852
20170308154900307,-1.66500625610352
20170308154900308,0.852693939208984
20170308154900309,-2.35928115844727
20170308154900310,-1.62685928344727
20170308154900311,0.799288177490234
20170308154900312,-2.45846328735352
20170308154900313,-1.54293594360352
20170308154900314,0.639070892333984
20170308154900315,-2.54238662719727
20170308154900316,-1.42086563110352
20170308154900317,0.639070892333984
20170308154900318,-2.64919815063477
20170308154900319,-1.54293594360352
20170308154900320,0.883211517333984
20170308154900321,-2.53475723266602
20170308154900322,-1.38271865844727
20170308154900323,0.692476654052734
20170308154900324,-2.68734512329102
20170308154900325,-1.22250137329102
20170308154900326,0.639070892333984
20170308154900327,-2.81704483032227
20170308154900328,-1.16146621704102
20170308154900329,0.501741790771484
20170308154900330,-2.78652725219727
20170308154900331,-1.41323623657227
20170308154900332,0.822176361083984
20170308154900333,-2.60342178344727
20170308154900334,-1.42849502563477
20170308154900335,0.562776947021484
20170308154900336,-2.50423965454102
20170308154900337,-1.44375381469727
20170308154900338,0.608553314208984
20170308154900339,-2.68734512329102
20170308154900340,-1.35983047485352
20170308154900341,0.631441497802734
20170308154900342,-2.74075088500977
20170308154900343,-1.26827774047852
20170308154900344,0.555147552490234
20170308154900345,-2.93911514282227
20170308154900346,-1.19961318969727
20170308154900347,0.433077239990234
20170308154900348,-2.93911514282227
20170308154900349,-1.10043106079102
20170308154900350,0.410189056396484
20170308154900351,-2.98489151000977
20170308154900352,-0.940213775634766
20170308154900353,0.654329681396484
20170308154900354,-2.93911514282227
20170308154900355,-0.917325592041016
20170308154900356,0.379671478271484
20170308154900357,-3.02303848266602
20170308154900358,-0.902066802978516
20170308154900359,0.318636322021484
20170308154900360,-2.94674453735352
20170308154900361,-0.841031646728516
20170308154900362,0.394930267333984
20170308154900363,-2.95437393188477
20170308154900364,-0.581632232666016
20170308154900365,0.311006927490234
20170308154900366,-2.98489151000977
20170308154900367,-0.383267974853516
20170308154900368,-0.0094276428222656
20170308154900369,-2.97726211547852
20170308154900370,-0.345121002197266
20170308154900371,0.0058311462402344
20170308154900372,-3.03066787719727
20170308154900373,-0.329862213134766
20170308154900374,-0.108609771728516
20170308154900375,-2.93148574829102
20170308154900376,-0.0704627990722656
20170308154900377,-0.360379791259766
20170308154900378,-2.83993301391602
20170308154900379,0.0134605407714844
20170308154900380,-0.398526763916016
20170308154900381,-2.87807998657227
20170308154900382,0.112642669677734
20170308154900383,-0.398526763916016
20170308154900384,-2.87807998657227
20170308154900385,0.188936614990234
20170308154900386,-0.505338287353516
20170308154900387,-2.81704483032227
20170308154900388,0.379671478271484
20170308154900389,-0.680814361572266
20170308154900390,-2.83993301391602
20170308154900391,0.593294525146484
20170308154900392,-0.871549224853516
20170308154900393,-2.82467422485352
20170308154900394,0.700106048583984
20170308154900395,-1.07754287719727
20170308154900396,-2.77126846313477
20170308154900397,0.768770599365234
20170308154900398,-1.02413711547852
20170308154900399,-2.69497451782227
20170308154900400,0.837435150146484
20170308154900401,-1.31405410766602
20170308154900402,-2.55764541625977
20170308154900403,0.730623626708984
20170308154900404,-1.69552383422852
20170308154900405,-2.35928115844727
20170308154900406,0.768770599365234
20170308154900407,-1.77944717407227
20170308154900408,-2.18380508422852
20170308154900409,0.799288177490234
20170308154900410,-1.85574111938477
20170308154900411,-2.10751113891602
20170308154900412,0.654329681396484
20170308154900413,-1.93203506469727
20170308154900414,-2.03121719360352
20170308154900415,0.677217864990234
20170308154900416,-2.12276992797852
20170308154900417,-2.01595840454102
20170308154900418,0.677217864990234
20170308154900419,-2.26772842407227
20170308154900420,-1.64974746704102
20170308154900421,0.822176361083984
20170308154900422,-2.32113418579102
20170308154900423,-1.52004776000977
20170308154900424,0.730623626708984
20170308154900425,-2.44320449829102
20170308154900426,-1.38271865844727
20170308154900427,0.684847259521484
20170308154900428,-2.71023330688477
20170308154900429,-1.32168350219727
20170308154900430,0.562776947021484
20170308154900431,-2.88570938110352
20170308154900432,-1.19198379516602
20170308154900433,0.494112396240234
20170308154900434,-2.95437393188477
20170308154900435,-1.15383682250977
20170308154900436,0.417818450927734
20170308154900437,-2.99252090454102
20170308154900438,-1.02413711547852
20170308154900439,0.646700286865234
20170308154900440,-2.97726211547852
20170308154900441,-0.886808013916016
20170308154900442,0.425447845458984
20170308154900443,-2.99252090454102
20170308154900444,-0.841031646728516
20170308154900445,0.440706634521484
20170308154900446,-3.01540908813477
20170308154900447,-0.734220123291016
20170308154900448,0.295748138427734
20170308154900449,-3.00777969360352
20170308154900450,-0.680814361572266
20170308154900451,0.272859954833984
20170308154900452,-2.91622695922852
20170308154900453,-0.841031646728516
20170308154900454,0.272859954833984
20170308154900455,-2.89333877563477
20170308154900456,-0.909696197509766
20170308154900457,0.364412689208984
20170308154900458,-2.88570938110352
20170308154900459,-0.680814361572266
20170308154900460,0.257601165771484
20170308154900461,-2.90859756469727
20170308154900462,-0.604520416259766
20170308154900463,0.356783294677734
20170308154900464,-2.93148574829102
20170308154900465,-0.696073150634766
20170308154900466,0.219454193115234
20170308154900467,-2.99252090454102
20170308154900468,-0.574002838134766
20170308154900469,0.211824798583984
20170308154900470,-2.90859756469727
20170308154900471,-0.490079498291016
20170308154900472,0.0744956970214844
20170308154900473,-3.00015029907227
20170308154900474,-0.520597076416016
20170308154900475,0.127901458740234
20170308154900476,-3.03829727172852
20170308154900477,-0.482450103759766
20170308154900478,0.112642669677734
20170308154900479,-2.96963272094727
20170308154900480,-0.383267974853516
20170308154900481,-0.100980377197266
20170308154900482,-2.96200332641602
20170308154900483,-0.345121002197266
20170308154900484,-0.100980377197266
20170308154900485,-2.93148574829102
20170308154900486,-0.314603424072266
20170308154900487,-0.0552040100097656
20170308154900488,-2.92385635375977
20170308154900489,-0.276456451416016
20170308154900490,-0.177274322509766
20170308154900491,-2.88570938110352
20170308154900492,-0.0323158264160156
20170308154900493,-0.268827056884766
20170308154900494,-2.87045059204102
20170308154900495,-0.139127349853516
20170308154900496,-0.299344635009766
20170308154900497,-2.84756240844727
20170308154900498,-0.261197662353516
20170308154900499,0.0058311462402344
20170308154900500,-2.96200332641602
20170308154900501,-0.215421295166016
20170308154900502,-0.215421295166016
20170308154900503,-2.95437393188477
20170308154900504,0.0439781188964844
20170308154900505,-0.223050689697266
20170308154900506,-2.96963272094727
20170308154900507,0.188936614990234
20170308154900508,-0.535855865478516
20170308154900509,-2.92385635375977
20170308154900510,0.295748138427734
20170308154900511,-0.444303131103516
20170308154900512,-2.86282119750977
20170308154900513,0.242342376708984
20170308154900514,-0.436673736572266
20170308154900515,-2.84756240844727
20170308154900516,0.333895111083984
20170308154900517,-0.436673736572266
20170308154900518,-2.91622695922852
20170308154900519,0.333895111083984
20170308154900520,-0.673184967041016
20170308154900521,-2.89333877563477
20170308154900522,0.394930267333984
20170308154900523,-0.741849517822266
20170308154900524,-2.84756240844727
20170308154900525,0.341524505615234
20170308154900526,-0.703702545166016
20170308154900527,-2.77889785766602
20170308154900528,0.532259368896484
20170308154900529,-0.886808013916016
20170308154900530,-2.83230361938477
20170308154900531,0.486483001708984
20170308154900532,-0.810514068603516
20170308154900533,-2.80178604125977
20170308154900534,0.623812103271484
20170308154900535,-0.978360748291016
20170308154900536,-2.81704483032227
20170308154900537,0.639070892333984
20170308154900538,-1.13857803344727
20170308154900539,-2.82467422485352
20170308154900540,0.677217864990234
20170308154900541,-1.04702529907227
20170308154900542,-2.71786270141602
20170308154900543,0.860323333740234
20170308154900544,-1.27590713500977
20170308154900545,-2.58816299438477
20170308154900546,0.990023040771484
20170308154900547,-1.32931289672852
20170308154900548,-2.55764541625977
20170308154900549,0.753511810302734
20170308154900550,-1.49715957641602
20170308154900551,-2.61868057250977
20170308154900552,0.913729095458984
20170308154900553,-1.45901260375977
20170308154900554,-2.64156875610352
20170308154900555,0.867952728271484
20170308154900556,-1.69552383422852
20170308154900557,-2.36691055297852
20170308154900558,0.677217864990234
20170308154900559,-1.89388809204102
20170308154900560,-2.07699356079102
20170308154900561,0.585665130615234
20170308154900562,-1.87099990844727
20170308154900563,-2.29061660766602
20170308154900564,0.745882415771484
20170308154900565,-1.95492324829102
20170308154900566,-2.14565811157227
20170308154900567,0.677217864990234
20170308154900568,-2.13039932250977
20170308154900569,-1.95492324829102
20170308154900570,0.646700286865234
20170308154900571,-2.24484024047852
20170308154900572,-1.92440567016602
20170308154900573,0.677217864990234
20170308154900574,-2.42031631469727
20170308154900575,-1.57345352172852
20170308154900576,0.578035736083984
20170308154900577,-2.64156875610352
20170308154900578,-1.29879531860352
20170308154900579,0.753511810302734
20170308154900580,-2.91622695922852
20170308154900581,-1.11568984985352
20170308154900582,0.547518157958984
20170308154900583,-2.94674453735352
20170308154900584,-1.18435440063477
20170308154900585,0.478853607177734
20170308154900586,-3.00015029907227
20170308154900587,-1.12331924438477
20170308154900588,0.486483001708984
20170308154900589,-3.00015029907227
20170308154900590,-0.902066802978516
20170308154900591,0.387300872802734
20170308154900592,-3.02303848266602
20170308154900593,-0.856290435791016
20170308154900594,0.326265716552734
20170308154900595,-3.03066787719727
20170308154900596,-0.741849517822266
20170308154900597,0.532259368896484
20170308154900598,-3.02303848266602
20170308154900599,-0.688443756103516
20170308154900600,0.196566009521484
20170308154900601,-3.06118545532227
20170308154900602,-0.482450103759766
20170308154900603,0.0516075134277344
20170308154900604,-3.07644424438477
20170308154900605,-0.0780921936035156
20170308154900606,-0.146756744384766
20170308154900607,-2.98489151000977
20170308154900608,0.0210899353027344
20170308154900609,-0.200162506103516
20170308154900610,-2.93911514282227
20170308154900611,0.0439781188964844
20170308154900612,-0.429044342041016
20170308154900613,-2.93911514282227
20170308154900614,0.349153900146484
20170308154900615,-0.528226470947266
20170308154900616,-2.93911514282227
20170308154900617,0.249971771240234
20170308154900618,-0.574002838134766
20170308154900619,-2.89333877563477
20170308154900620,0.433077239990234
20170308154900621,-0.779996490478516
20170308154900622,-2.89333877563477
20170308154900623,0.394930267333984
20170308154900624,-0.779996490478516
20170308154900625,-2.88570938110352
20170308154900626,0.753511810302734
20170308154900627,-1.10043106079102
20170308154900628,-2.81704483032227
20170308154900629,0.707735443115234
20170308154900630,-1.09280166625977
20170308154900631,-2.80178604125977
20170308154900632,0.829805755615234
20170308154900633,-1.23776016235352
20170308154900634,-2.67971572875977
20170308154900635,0.631441497802734
20170308154900636,-1.26064834594727
20170308154900637,-2.70260391235352
20170308154900638,0.936617279052734
20170308154900639,-1.16146621704102
20170308154900640,-2.52712783813477
20170308154900641,0.730623626708984
20170308154900642,-1.35220108032227
20170308154900643,-2.54238662719727
20170308154900644,0.791658782958984
20170308154900645,-1.65737686157227
20170308154900646,-2.43557510375977
20170308154900647,0.776399993896484
20170308154900648,-2.04647598266602
20170308154900649,-2.16854629516602
20170308154900650,0.654329681396484
20170308154900651,-2.09988174438477
20170308154900652,-2.11514053344727
20170308154900653,0.654329681396484
20170308154900654,-2.21432266235352
20170308154900655,-1.97018203735352
20170308154900656,0.768770599365234
20170308154900657,-2.40505752563477
20170308154900658,-1.73367080688477
20170308154900659,0.608553314208984
20170308154900660,-2.23721084594727
20170308154900661,-1.87862930297852
20170308154900662,0.814546966552734
20170308154900663,-2.28298721313477
20170308154900664,-1.92440567016602
20170308154900665,0.608553314208984
20170308154900666,-2.16854629516602
20170308154900667,-2.11514053344727
20170308154900668,0.646700286865234
20170308154900669,-2.16854629516602
20170308154900670,-1.97018203735352
20170308154900671,0.692476654052734
20170308154900672,-2.23721084594727
20170308154900673,-1.97018203735352
20170308154900674,0.661959075927734
20170308154900675,-2.14565811157227
20170308154900676,-1.90151748657227
20170308154900677,0.585665130615234
20170308154900678,-2.13802871704102
20170308154900679,-1.95492324829102
20170308154900680,0.791658782958984
20170308154900681,-2.11514053344727
20170308154900682,-1.85574111938477
20170308154900683,0.669588470458984
20170308154900684,-2.29824600219727
20170308154900685,-1.80996475219727
20170308154900686,0.890840911865234
20170308154900687,-2.36691055297852
20170308154900688,-1.71078262329102
20170308154900689,0.578035736083984
20170308154900690,-2.32876358032227
20170308154900691,-1.70315322875977
20170308154900692,0.669588470458984
20170308154900693,-2.32113418579102
20170308154900694,-1.88625869750977
20170308154900695,0.761141204833984
20170308154900696,-2.44320449829102
20170308154900697,-1.71841201782227
20170308154900698,0.661959075927734
20170308154900699,-2.48898086547852
20170308154900700,-1.51241836547852
20170308154900701,0.661959075927734
20170308154900702,-2.72549209594727
20170308154900703,-1.37508926391602
20170308154900704,0.600923919677734
20170308154900705,-2.76363906860352
20170308154900706,-1.33694229125977
20170308154900707,0.654329681396484
20170308154900708,-2.84756240844727
20170308154900709,-1.29879531860352
20170308154900710,0.578035736083984
20170308154900711,-2.93911514282227
20170308154900712,-1.13857803344727
20170308154900713,0.517000579833984
20170308154900714,-2.96200332641602
20170308154900715,-0.940213775634766
20170308154900716,0.402559661865234
20170308154900717,-2.99252090454102
20170308154900718,-0.619779205322266
20170308154900719,0.318636322021484
20170308154900720,-3.03066787719727
20170308154900721,-0.635037994384766
20170308154900722,0.257601165771484
20170308154900723,-2.93148574829102
20170308154900724,-0.444303131103516
20170308154900725,0.0744956970214844
20170308154900726,-3.03066787719727
20170308154900727,-0.0475746154785156
20170308154900728,-0.284085845947266
20170308154900729,-2.95437393188477
20170308154900730,0.341524505615234
20170308154900731,-0.650296783447266
20170308154900732,-2.89333877563477
20170308154900733,0.570406341552734
20170308154900734,-0.848661041259766
20170308154900735,-2.87807998657227
20170308154900736,0.654329681396484
20170308154900737,-0.970731353759766
20170308154900738,-2.79415664672852
20170308154900739,0.722994232177734
20170308154900740,-1.16146621704102
20170308154900741,-2.83993301391602
20170308154900742,0.806917572021484
20170308154900743,-1.19961318969727
20170308154900744,-2.64156875610352
20170308154900745,0.860323333740234
20170308154900746,-1.30642471313477
20170308154900747,-2.48135147094727
20170308154900748,0.799288177490234
20170308154900749,-1.47427139282227
20170308154900750,-2.53475723266602
20170308154900751,0.806917572021484
20170308154900752,-1.64211807250977
20170308154900753,-2.38216934204102
20170308154900754,0.730623626708984
20170308154900755,-1.83285293579102
20170308154900756,-2.37453994750977
20170308154900757,0.600923919677734
20170308154900758,-1.75655899047852
20170308154900759,-2.26772842407227
20170308154900760,0.692476654052734
20170308154900761,-1.87099990844727
20170308154900762,-2.16854629516602
20170308154900763,0.814546966552734
20170308154900764,-2.03121719360352
20170308154900765,-2.02358779907227
20170308154900766,0.784029388427734
20170308154900767,-2.04647598266602
20170308154900768,-2.08462295532227
20170308154900769,0.784029388427734
20170308154900770,-2.15328750610352
20170308154900771,-2.11514053344727
20170308154900772,0.860323333740234
20170308154900773,-2.05410537719727
20170308154900774,-1.96255264282227
20170308154900775,0.822176361083984
20170308154900776,-2.19143447875977
20170308154900777,-2.00069961547852
20170308154900778,0.814546966552734
20170308154900779,-2.26009902954102
20170308154900780,-1.85574111938477
20170308154900781,0.623812103271484
20170308154900782,-2.25246963500977
20170308154900783,-1.83285293579102
20170308154900784,0.677217864990234
20170308154900785,-2.35165176391602
20170308154900786,-1.66500625610352
20170308154900787,0.654329681396484
20170308154900788,-2.42794570922852
20170308154900789,-1.71841201782227
20170308154900790,0.631441497802734
20170308154900791,-2.43557510375977
20170308154900792,-1.48953018188477
20170308154900793,0.677217864990234
20170308154900794,-2.55764541625977
20170308154900795,-1.55056533813477
20170308154900796,0.806917572021484
20170308154900797,-2.57290420532227
20170308154900798,-1.44375381469727
20170308154900799,0.761141204833984
20170308154900800,-2.73312149047852
20170308154900801,-1.33694229125977
20170308154900802,0.494112396240234
20170308154900803,-2.77126846313477
20170308154900804,-1.16909561157227
20170308154900805,0.692476654052734
20170308154900806,-2.99252090454102
20170308154900807,-0.978360748291016
20170308154900808,0.623812103271484
20170308154900809,-2.92385635375977
20170308154900810,-0.985990142822266
20170308154900811,0.402559661865234
20170308154900812,-2.90096817016602
20170308154900813,-1.07754287719727
20170308154900814,0.433077239990234
20170308154900815,-2.94674453735352
20170308154900816,-0.985990142822266
20170308154900817,0.639070892333984
20170308154900818,-3.00777969360352
20170308154900819,-1.01650772094727
20170308154900820,0.433077239990234
20170308154900821,-2.96200332641602
20170308154900822,-1.07754287719727
20170308154900823,0.463594818115234
20170308154900824,-2.83993301391602
20170308154900825,-1.17672500610352
20170308154900826,0.593294525146484
20170308154900827,-2.90096817016602
20170308154900828,-0.970731353759766
20170308154900829,0.478853607177734
20170308154900830,-3.00015029907227
20170308154900831,-0.856290435791016
20170308154900832,0.570406341552734
20170308154900833,-3.00015029907227
20170308154900834,-0.635037994384766
20170308154900835,0.326265716552734
20170308154900836,-2.98489151000977
20170308154900837,-0.650296783447266
20170308154900838,0.204195404052734
20170308154900839,-3.01540908813477
20170308154900840,-0.558744049072266
20170308154900841,0.143160247802734
20170308154900842,-3.02303848266602
20170308154900843,-0.375638580322266
20170308154900844,0.0363487243652344
20170308154900845,-2.93911514282227
20170308154900846,-0.139127349853516
20170308154900847,-0.177274322509766
20170308154900848,-2.90096817016602
20170308154900849,0.249971771240234
20170308154900850,-0.528226470947266
20170308154900851,-2.93148574829102
20170308154900852,0.455965423583984
20170308154900853,-0.741849517822266
20170308154900854,-2.91622695922852
20170308154900855,0.654329681396484
20170308154900856,-0.940213775634766
20170308154900857,-2.88570938110352
20170308154900858,0.814546966552734
20170308154900859,-1.11568984985352
20170308154900860,-2.72549209594727
20170308154900861,0.967134857177734
20170308154900862,-1.08517227172852
20170308154900863,-2.64919815063477
20170308154900864,0.951876068115234
20170308154900865,-1.12331924438477
20170308154900866,-2.62630996704102
20170308154900867,0.822176361083984
20170308154900868,-1.61922988891602
20170308154900869,-2.31350479125977
20170308154900870,0.776399993896484
20170308154900871,-2.20669326782227
20170308154900872,-1.75655899047852
20170308154900873,0.814546966552734
20170308154900874,-2.43557510375977
20170308154900875,-1.45901260375977
20170308154900876,0.684847259521484
20170308154900877,-2.57290420532227
20170308154900878,-1.43612442016602
20170308154900879,0.707735443115234
20170308154900880,-2.73312149047852
20170308154900881,-1.26827774047852
20170308154900882,0.806917572021484
20170308154900883,-2.73312149047852
20170308154900884,-1.22250137329102
20170308154900885,0.608553314208984
20170308154900886,-2.90859756469727
20170308154900887,-1.07754287719727
20170308154900888,0.738253021240234
20170308154900889,-2.89333877563477
20170308154900890,-0.955472564697266
20170308154900891,0.417818450927734
20170308154900892,-2.93911514282227
20170308154900893,-0.841031646728516
20170308154900894,0.311006927490234
20170308154900895,-2.96200332641602
20170308154900896,-0.734220123291016
20170308154900897,0.387300872802734
20170308154900898,-2.95437393188477
20170308154900899,-0.604520416259766
20170308154900900,0.433077239990234
20170308154900901,-2.99252090454102
20170308154900902,-0.482450103759766
20170308154900903,0.150789642333984
20170308154900904,-3.00777969360352
20170308154900905,-0.398526763916016
20170308154900906,0.0516075134277344
20170308154900907,-2.91622695922852
20170308154900908,-0.284085845947266
20170308154900909,-0.200162506103516
20170308154900910,-2.99252090454102
20170308154900911,-0.0933509826660156
20170308154900912,-0.192533111572266
20170308154900913,-2.93148574829102
20170308154900914,-0.0094276428222656
20170308154900915,-0.131497955322266
20170308154900916,-2.96200332641602
20170308154900917,0.288118743896484
20170308154900918,-0.230680084228516
20170308154900919,-2.85519180297852
20170308154900920,0.0668663024902344
20170308154900921,-0.421414947509766
20170308154900922,-2.93911514282227
20170308154900923,0.0363487243652344
20170308154900924,-0.192533111572266
20170308154900925,-2.86282119750977
20170308154900926,0.0973838806152344
20170308154900927,-0.368009185791016
20170308154900928,-2.93148574829102
20170308154900929,0.0897544860839844
20170308154900930,-0.421414947509766
20170308154900931,-2.93911514282227
20170308154900932,0.0363487243652344
20170308154900933,-0.314603424072266
20170308154900934,-2.91622695922852
20170308154900935,0.112642669677734
20170308154900936,-0.238309478759766
20170308154900937,-2.87807998657227
20170308154900938,0.127901458740234
20170308154900939,-0.467191314697266
20170308154900940,-2.93148574829102
20170308154900941,0.150789642333984
20170308154900942,-0.444303131103516
20170308154900943,-2.85519180297852
20170308154900944,0.0897544860839844
20170308154900945,-0.337491607666016
20170308154900946,-2.80941543579102
20170308154900947,0.105013275146484
20170308154900948,-0.368009185791016
20170308154900949,-2.81704483032227
20170308154900950,0.120272064208984
20170308154900951,-0.421414947509766
20170308154900952,-2.93148574829102
20170308154900953,0.364412689208984
20170308154900954,-0.436673736572266
20170308154900955,-2.81704483032227
20170308154900956,0.387300872802734
20170308154900957,-0.635037994384766
20170308154900958,-2.83230361938477
20170308154900959,0.623812103271484
20170308154900960,-0.825772857666016
20170308154900961,-2.87045059204102
20170308154900962,0.623812103271484
20170308154900963,-0.902066802978516
20170308154900964,-2.79415664672852
20170308154900965,0.547518157958984
20170308154900966,-1.02413711547852
20170308154900967,-2.90859756469727
20170308154900968,0.753511810302734
20170308154900969,-0.932584381103516
20170308154900970,-2.82467422485352
20170308154900971,0.600923919677734
20170308154900972,-0.848661041259766
20170308154900973,-2.83993301391602
20170308154900974,0.715364837646484
20170308154900975,-1.03176651000977
20170308154900976,-2.69497451782227
20170308154900977,0.669588470458984
20170308154900978,-0.940213775634766
20170308154900979,-2.74838027954102
20170308154900980,0.684847259521484
20170308154900981,-1.23013076782227
20170308154900982,-2.69497451782227
20170308154900983,0.761141204833984
20170308154900984,-1.45901260375977
20170308154900985,-2.56527481079102
20170308154900986,0.646700286865234
20170308154900987,-1.53530654907227
20170308154900988,-2.40505752563477
20170308154900989,0.646700286865234
20170308154900990,-1.73367080688477
20170308154900991,-2.53475723266602
20170308154900992,0.883211517333984
20170308154900993,-1.61160049438477
20170308154900994,-2.45846328735352
20170308154900995,0.669588470458984
20170308154900996,-1.85574111938477
20170308154900997,-2.18380508422852
20170308154900998,0.707735443115234
20170308154900999,-2.03884658813477
20170308154901000,-2.06173477172852
20170308154901001,0.822176361083984
20170308154901002,-2.31350479125977
20170308154901003,-1.68026504516602
20170308154901004,0.738253021240234
20170308154901005,-2.35165176391602
20170308154901006,-1.61160049438477
20170308154901007,0.684847259521484
20170308154901008,-2.56527481079102
20170308154901009,-1.47427139282227
20170308154901010,0.677217864990234
20170308154901011,-2.91622695922852
20170308154901012,-1.18435440063477
20170308154901013,0.555147552490234
20170308154901014,-3.00777969360352
20170308154901015,-0.970731353759766
20170308154901016,0.463594818115234
20170308154901017,-2.96963272094727
20170308154901018,-0.520597076416016
20170308154901019,0.242342376708984
20170308154901020,-2.96963272094727
20170308154901021,-0.322232818603516
20170308154901022,0.0592369079589844
20170308154901023,-2.87045059204102
20170308154901024,-0.352750396728516
20170308154901025,0.188936614990234
20170308154901026,-2.96963272094727
20170308154901027,-0.184903717041016
20170308154901028,-0.200162506103516
20170308154901029,-2.92385635375977
20170308154901030,0.0744956970214844
20170308154901031,-0.444303131103516
20170308154901032,-2.90096817016602
20170308154901033,0.539888763427734
20170308154901034,-0.673184967041016
20170308154901035,-2.97726211547852
20170308154901036,0.791658782958984
20170308154901037,-0.856290435791016
20170308154901038,-2.87045059204102
20170308154901039,0.539888763427734
20170308154901040,-0.894437408447266
20170308154901041,-2.78652725219727
20170308154901042,0.715364837646484
20170308154901043,-0.894437408447266
20170308154901044,-2.83993301391602
20170308154901045,0.654329681396484
20170308154901046,-1.08517227172852
20170308154901047,-2.80941543579102
20170308154901048,0.867952728271484
20170308154901049,-1.03939590454102
20170308154901050,-2.85519180297852
20170308154901051,0.707735443115234
20170308154901052,-1.08517227172852
20170308154901053,-2.74075088500977
20170308154901054,0.623812103271484
20170308154901055,-1.13857803344727
20170308154901056,-2.73312149047852
20170308154901057,0.875582122802734
20170308154901058,-1.14620742797852
20170308154901059,-2.68734512329102
20170308154901060,0.707735443115234
20170308154901061,-1.31405410766602
20170308154901062,-2.61868057250977
20170308154901063,0.784029388427734
20170308154901064,-1.43612442016602
20170308154901065,-2.53475723266602
20170308154901066,0.722994232177734
20170308154901067,-1.70315322875977
20170308154901068,-2.36691055297852
20170308154901069,0.539888763427734
20170308154901070,-1.82522354125977
20170308154901071,-2.30587539672852
20170308154901072,0.684847259521484
20170308154901073,-1.86337051391602
20170308154901074,-2.26772842407227
20170308154901075,0.791658782958984
20170308154901076,-1.93203506469727
20170308154901077,-2.11514053344727
20170308154901078,0.631441497802734
20170308154901079,-1.99307022094727
20170308154901080,-1.98544082641602
20170308154901081,0.745882415771484
20170308154901082,-2.25246963500977
20170308154901083,-1.86337051391602
20170308154901084,0.784029388427734
20170308154901085,-2.20669326782227
20170308154901086,-1.89388809204102
20170308154901087,0.944246673583984
20170308154901088,-2.16854629516602
20170308154901089,-1.72604141235352
20170308154901090,0.608553314208984
20170308154901091,-2.38216934204102
20170308154901092,-1.58871231079102
20170308154901093,0.738253021240234
20170308154901094,-2.49661026000977
20170308154901095,-1.49715957641602
20170308154901096,0.692476654052734
20170308154901097,-2.71023330688477
20170308154901098,-1.40560684204102
20170308154901099,0.654329681396484
20170308154901100,-2.78652725219727
20170308154901101,-1.23776016235352
20170308154901102,0.517000579833984
20170308154901103,-2.90096817016602
20170308154901104,-1.12331924438477
20170308154901105,0.478853607177734
20170308154901106,-2.94674453735352
20170308154901107,-1.16146621704102
20170308154901108,0.517000579833984
20170308154901109,-2.95437393188477
20170308154901110,-1.04702529907227
20170308154901111,0.425447845458984
20170308154901112,-2.94674453735352
20170308154901113,-0.947843170166016
20170308154901114,0.356783294677734
20170308154901115,-3.00777969360352
20170308154901116,-0.848661041259766
20170308154901117,0.509371185302734
20170308154901118,-2.96200332641602
20170308154901119,-0.879178619384766
20170308154901120,0.570406341552734
20170308154901121,-2.98489151000977
20170308154901122,-0.993619537353516
20170308154901123,0.417818450927734
20170308154901124,-2.94674453735352
20170308154901125,-0.779996490478516
20170308154901126,0.440706634521484
20170308154901127,-2.93911514282227
20170308154901128,-0.535855865478516
20170308154901129,0.143160247802734
20170308154901130,-2.96963272094727
20170308154901131,-0.390897369384766
20170308154901132,-0.0246864318847656
20170308154901133,-2.94674453735352
20170308154901134,-0.192533111572266
20170308154901135,-0.207791900634766
20170308154901136,-2.92385635375977
20170308154901137,0.0668663024902344
20170308154901138,-0.184903717041016
20170308154901139,-2.83230361938477
20170308154901140,0.448336029052734
20170308154901141,-0.566373443603516
20170308154901142,-2.71023330688477
20170308154901143,0.425447845458984
20170308154901144,-0.764737701416016
20170308154901145,-2.94674453735352
20170308154901146,0.433077239990234
20170308154901147,-0.680814361572266
20170308154901148,-2.85519180297852
20170308154901149,0.486483001708984
20170308154901150,-0.848661041259766
20170308154901151,-2.86282119750977
20170308154901152,0.784029388427734
20170308154901153,-0.734220123291016
20170308154901154,-2.75600967407227
20170308154901155,0.730623626708984
20170308154901156,-1.03176651000977
20170308154901157,-2.77889785766602
20170308154901158,0.829805755615234
20170308154901159,-1.22250137329102
20170308154901160,-2.65682754516602
20170308154901161,0.913729095458984
20170308154901162,-1.32931289672852
20170308154901163,-2.69497451782227
20170308154901164,0.784029388427734
20170308154901165,-1.40560684204102
20170308154901166,-2.55764541625977
20170308154901167,0.837435150146484
20170308154901168,-1.64974746704102
20170308154901169,-2.34402236938477
20170308154901170,0.730623626708984
20170308154901171,-1.78707656860352
20170308154901172,-2.27535781860352
20170308154901173,0.555147552490234
20170308154901174,-1.82522354125977
20170308154901175,-2.16854629516602
20170308154901176,0.822176361083984
20170308154901177,-2.09988174438477
20170308154901178,-2.04647598266602
20170308154901179,0.654329681396484
20170308154901180,-2.08462295532227
20170308154901181,-1.92440567016602
20170308154901182,0.852693939208984
20170308154901183,-2.23721084594727
20170308154901184,-1.82522354125977
20170308154901185,0.654329681396484
20170308154901186,-2.32876358032227
20170308154901187,-1.64974746704102
20170308154901188,0.852693939208984
20170308154901189,-2.35928115844727
20170308154901190,-1.61160049438477
20170308154901191,0.738253021240234
20170308154901192,-2.61105117797852
20170308154901193,-1.39797744750977
20170308154901194,0.776399993896484
20170308154901195,-2.76363906860352
20170308154901196,-1.37508926391602
20170308154901197,0.814546966552734
20170308154901198,-2.75600967407227
20170308154901199,-1.39034805297852
20170308154901200,0.692476654052734
20170308154901201,-2.76363906860352
20170308154901202,-1.26827774047852
20170308154901203,0.578035736083984
20170308154901204,-2.93911514282227
20170308154901205,-1.11568984985352
20170308154901206,0.661959075927734
20170308154901207,-3.00015029907227
20170308154901208,-0.947843170166016
20170308154901209,0.455965423583984
20170308154901210,-2.96200332641602
20170308154901211,-0.764737701416016
20170308154901212,0.517000579833984
20170308154901213,-3.00777969360352
20170308154901214,-0.635037994384766
20170308154901215,0.249971771240234
20170308154901216,-2.96963272094727
20170308154901217,-0.696073150634766
20170308154901218,0.288118743896484
20170308154901219,-3.00777969360352
20170308154901220,-0.718961334228516
20170308154901221,0.440706634521484
20170308154901222,-2.79415664672852
20170308154901223,-0.673184967041016
20170308154901224,0.288118743896484
20170308154901225,-2.90859756469727
20170308154901226,-0.696073150634766
20170308154901227,0.341524505615234
20170308154901228,-2.95437393188477
20170308154901229,-0.688443756103516
20170308154901230,0.265230560302734
20170308154901231,-2.88570938110352
20170308154901232,-0.619779205322266
20170308154901233,0.188936614990234
20170308154901234,-2.97726211547852
20170308154901235,-0.436673736572266
20170308154901236,0.112642669677734
20170308154901237,-2.94674453735352
20170308154901238,-0.383267974853516
20170308154901239,0.0058311462402344
20170308154901240,-2.85519180297852
20170308154901241,-0.490079498291016
20170308154901242,0.105013275146484
20170308154901243,-2.99252090454102
20170308154901244,-0.345121002197266
20170308154901245,-0.0933509826660156
20170308154901246,-2.97726211547852
20170308154901247,-0.245938873291016
20170308154901248,-0.116239166259766
20170308154901249,-2.95437393188477
20170308154901250,-0.100980377197266
20170308154901251,-0.352750396728516
20170308154901252,-2.93911514282227
20170308154901253,0.181307220458984
20170308154901254,-0.398526763916016
20170308154901255,-2.87045059204102
20170308154901256,0.265230560302734
20170308154901257,-0.474820709228516
20170308154901258,-2.80178604125977
20170308154901259,0.356783294677734
20170308154901260,-0.551114654541016
20170308154901261,-2.89333877563477
20170308154901262,0.433077239990234
20170308154901263,-0.627408599853516
20170308154901264,-2.80941543579102
20170308154901265,0.471224212646484
20170308154901266,-0.680814361572266
20170308154901267,-2.81704483032227
20170308154901268,0.463594818115234
20170308154901269,-0.627408599853516
20170308154901270,-2.80941543579102
20170308154901271,0.623812103271484
20170308154901272,-0.924954986572266
20170308154901273,-2.79415664672852
20170308154901274,0.707735443115234
20170308154901275,-1.02413711547852
20170308154901276,-2.77889785766602
20170308154901277,0.906099700927734
20170308154901278,-1.25301895141602
20170308154901279,-2.71023330688477
20170308154901280,0.806917572021484
20170308154901281,-1.42849502563477
20170308154901282,-2.54238662719727
20170308154901283,0.654329681396484
20170308154901284,-1.55819473266602
20170308154901285,-2.48135147094727
20170308154901286,0.684847259521484
20170308154901287,-1.68789443969727
20170308154901288,-2.35928115844727
20170308154901289,0.730623626708984
20170308154901290,-1.90151748657227
20170308154901291,-2.09988174438477
20170308154901292,0.753511810302734
20170308154901293,-2.21432266235352
20170308154901294,-1.84811172485352
20170308154901295,0.738253021240234
20170308154901296,-2.42794570922852
20170308154901297,-1.47427139282227
20170308154901298,0.669588470458984
20170308154901299,-2.96963272094727
20170308154901300,-1.13857803344727
20170308154901301,0.593294525146484
20170308154901302,-2.93148574829102
20170308154901303,-0.963101959228516
20170308154901304,0.570406341552734
20170308154901305,-2.96200332641602
20170308154901306,-0.833402252197266
20170308154901307,0.448336029052734
20170308154901308,-2.89333877563477
20170308154901309,-0.757108306884766
20170308154901310,0.372042083740234
20170308154901311,-2.98489151000977
20170308154901312,-0.627408599853516
20170308154901313,0.265230560302734
20170308154901314,-2.93911514282227
20170308154901315,-0.459561920166016
20170308154901316,0.143160247802734
20170308154901317,-2.90859756469727
20170308154901318,-0.268827056884766
20170308154901319,-0.0552040100097656
20170308154901320,-3.00777969360352
20170308154901321,-0.0628334045410156
20170308154901322,-0.276456451416016
20170308154901323,-2.85519180297852
20170308154901324,0.265230560302734
20170308154901325,-0.413785552978516
20170308154901326,-2.83230361938477
20170308154901327,0.593294525146484
20170308154901328,-0.688443756103516
20170308154901329,-2.86282119750977
20170308154901330,0.578035736083984
20170308154901331,-0.749478912353516
20170308154901332,-2.88570938110352
20170308154901333,0.806917572021484
20170308154901334,-0.879178619384766
20170308154901335,-2.81704483032227
20170308154901336,0.623812103271484
20170308154901337,-0.978360748291016
20170308154901338,-2.83993301391602
20170308154901339,0.677217864990234
20170308154901340,-1.09280166625977
20170308154901341,-2.65682754516602
20170308154901342,0.722994232177734
20170308154901343,-1.07754287719727
20170308154901344,-2.67971572875977
20170308154901345,0.784029388427734
20170308154901346,-1.10043106079102
20170308154901347,-2.72549209594727
20170308154901348,0.707735443115234
20170308154901349,-1.05465469360352
20170308154901350,-2.68734512329102
20170308154901351,0.608553314208984
20170308154901352,-1.05465469360352
20170308154901353,-2.83230361938477
20170308154901354,0.814546966552734
20170308154901355,-0.749478912353516
20170308154901356,-2.72549209594727
20170308154901357,0.867952728271484
20170308154901358,-1.16146621704102
20170308154901359,-2.62630996704102
20170308154901360,0.913729095458984
20170308154901361,-1.39034805297852
20170308154901362,-2.57290420532227
20170308154901363,0.837435150146484
20170308154901364,-1.58108291625977
20170308154901365,-2.46609268188477
20170308154901366,0.707735443115234
20170308154901367,-1.67263565063477
20170308154901368,-2.38216934204102
20170308154901369,0.936617279052734
20170308154901370,-1.75655899047852
20170308154901371,-2.38216934204102
20170308154901372,0.707735443115234
20170308154901373,-1.74892959594727
20170308154901374,-2.32113418579102
20170308154901375,0.791658782958984
20170308154901376,-1.84048233032227
20170308154901377,-2.30587539672852
20170308154901378,0.692476654052734
20170308154901379,-1.95492324829102
20170308154901380,-2.04647598266602
20170308154901381,0.639070892333984
20170308154901382,-2.00832901000977
20170308154901383,-2.03884658813477
20170308154901384,0.654329681396484
20170308154901385,-2.17617568969727
20170308154901386,-1.80233535766602
20170308154901387,0.646700286865234
20170308154901388,-2.26772842407227
20170308154901389,-1.71841201782227
20170308154901390,0.631441497802734
20170308154901391,-2.38216934204102
20170308154901392,-1.55819473266602
20170308154901393,0.791658782958984
20170308154901394,-2.49661026000977
20170308154901395,-1.53530654907227
20170308154901396,0.669588470458984
20170308154901397,-2.67208633422852
20170308154901398,-1.35983047485352
20170308154901399,0.768770599365234
20170308154901400,-2.67208633422852
20170308154901401,-1.36745986938477
20170308154901402,0.661959075927734
20170308154901403,-2.85519180297852
20170308154901404,-1.21487197875977
20170308154901405,0.562776947021484
20170308154901406,-2.96200332641602
20170308154901407,-1.09280166625977
20170308154901408,0.539888763427734
20170308154901409,-2.87045059204102
20170308154901410,-1.07754287719727
20170308154901411,0.623812103271484
20170308154901412,-2.94674453735352
20170308154901413,-1.01650772094727
20170308154901414,0.616182708740234
20170308154901415,-2.93911514282227
20170308154901416,-0.924954986572266
20170308154901417,0.539888763427734
20170308154901418,-2.90096817016602
20170308154901419,-0.726590728759766
20170308154901420,0.463594818115234
20170308154901421,-2.92385635375977
20170308154901422,-0.398526763916016
20170308154901423,0.249971771240234
20170308154901424,-2.91622695922852
20170308154901425,-0.398526763916016
20170308154901426,0.112642669677734
20170308154901427,-2.98489151000977
20170308154901428,-0.0780921936035156
20170308154901429,-0.162015533447266
20170308154901430,-2.90096817016602
20170308154901431,0.0668663024902344
20170308154901432,-0.444303131103516
20170308154901433,-2.92385635375977
20170308154901434,0.143160247802734
20170308154901435,-0.497708892822266
20170308154901436,-2.90096817016602
20170308154901437,0.387300872802734
20170308154901438,-0.657926177978516
20170308154901439,-2.86282119750977
20170308154901440,0.928987884521484
20170308154901441,-0.985990142822266
20170308154901442,-2.67208633422852
20170308154901443,0.860323333740234
20170308154901444,-1.20724258422852
20170308154901445,-2.71023330688477
20170308154901446,0.928987884521484
20170308154901447,-1.39034805297852
20170308154901448,-2.55764541625977
20170308154901449,0.776399993896484
20170308154901450,-1.59634170532227
20170308154901451,-2.35928115844727
20170308154901452,0.837435150146484
20170308154901453,-1.64211807250977
20170308154901454,-2.22195205688477
20170308154901455,0.738253021240234
20170308154901456,-1.74130020141602
20170308154901457,-2.23721084594727
20170308154901458,0.784029388427734
20170308154901459,-2.06936416625977
20170308154901460,-1.90914688110352
20170308154901461,0.890840911865234
20170308154901462,-2.39742813110352
20170308154901463,-1.54293594360352
20170308154901464,0.669588470458984
20170308154901465,-2.44320449829102
20170308154901466,-1.56582412719727
20170308154901467,0.585665130615234
20170308154901468,-2.54238662719727
20170308154901469,-1.47427139282227
20170308154901470,0.745882415771484
20170308154901471,-2.66445693969727
20170308154901472,-1.32168350219727
20170308154901473,0.730623626708984
20170308154901474,-2.67208633422852
20170308154901475,-1.32168350219727
20170308154901476,0.616182708740234
20170308154901477,-2.71023330688477
20170308154901478,-1.45901260375977
20170308154901479,0.578035736083984
20170308154901480,-2.51186904907227
20170308154901481,-1.46664199829102
20170308154901482,0.814546966552734
20170308154901483,-2.57290420532227
20170308154901484,-1.33694229125977
20170308154901485,0.814546966552734
20170308154901486,-2.79415664672852
20170308154901487,-1.21487197875977
20170308154901488,0.631441497802734
20170308154901489,-2.92385635375977
20170308154901490,-1.13094863891602
20170308154901491,0.455965423583984
20170308154901492,-2.87807998657227
20170308154901493,-1.08517227172852
20170308154901494,0.547518157958984
20170308154901495,-2.89333877563477
20170308154901496,-1.05465469360352
20170308154901497,0.547518157958984
20170308154901498,-2.87807998657227
20170308154901499,-0.810514068603516
20170308154901500,0.455965423583984
20170308154901501,-2.92385635375977
20170308154901502,-0.825772857666016
20170308154901503,0.394930267333984
20170308154901504,-2.94674453735352
20170308154901505,-0.619779205322266
20170308154901506,0.326265716552734
20170308154901507,-2.91622695922852
20170308154901508,-0.635037994384766
20170308154901509,0.311006927490234
20170308154901510,-2.90859756469727
20170308154901511,-0.497708892822266
20170308154901512,0.211824798583984
20170308154901513,-2.97726211547852
20170308154901514,-0.345121002197266
20170308154901515,0.219454193115234
20170308154901516,-2.93911514282227
20170308154901517,-0.383267974853516
20170308154901518,0.204195404052734
20170308154901519,-2.87045059204102
20170308154901520,-0.116239166259766
20170308154901521,-0.0552040100097656
20170308154901522,-2.90096817016602
20170308154901523,-0.314603424072266
20170308154901524,0.143160247802734
20170308154901525,-2.87807998657227
20170308154901526,-0.268827056884766
20170308154901527,0.0058311462402344
20170308154901528,-2.88570938110352
20170308154901529,-0.429044342041016
20170308154901530,0.0439781188964844
20170308154901531,-2.83993301391602
20170308154901532,-0.306974029541016
20170308154901533,0.0897544860839844
20170308154901534,-2.90859756469727
20170308154901535,-0.337491607666016
20170308154901536,0.0668663024902344
20170308154901537,-2.89333877563477
20170308154901538,-0.482450103759766
20170308154901539,0.166048431396484
20170308154901540,-3.00777969360352
20170308154901541,-0.177274322509766
20170308154901542,-0.0780921936035156
20170308154901543,-2.82467422485352
20170308154901544,-0.0323158264160156
20170308154901545,-0.131497955322266
20170308154901546,-2.93148574829102
20170308154901547,-0.368009185791016
20170308154901548,-0.0933509826660156
20170308154901549,-2.90096817016602
20170308154901550,-0.0933509826660156
20170308154901551,-0.123868560791016
20170308154901552,-2.94674453735352
20170308154901553,-0.162015533447266
20170308154901554,-0.276456451416016
20170308154901555,-2.96200332641602
20170308154901556,0.0439781188964844
20170308154901557,-0.306974029541016
20170308154901558,-2.80178604125977
20170308154901559,0.372042083740234
20170308154901560,-0.474820709228516
20170308154901561,-2.87807998657227
20170308154901562,0.585665130615234
20170308154901563,-0.795255279541016
20170308154901564,-2.85519180297852
20170308154901565,0.738253021240234
20170308154901566,-1.10806045532227
20170308154901567,-2.74838027954102
20170308154901568,0.860323333740234
20170308154901569,-1.32931289672852
20170308154901570,-2.58053359985352
20170308154901571,0.890840911865234
20170308154901572,-1.69552383422852
20170308154901573,-2.29824600219727
20170308154901574,0.860323333740234
20170308154901575,-1.85574111938477
20170308154901576,-2.10751113891602
20170308154901577,0.768770599365234
20170308154901578,-2.05410537719727
20170308154901579,-1.96255264282227
20170308154901580,0.791658782958984
20170308154901581,-2.11514053344727
20170308154901582,-1.89388809204102
20170308154901583,0.761141204833984
20170308154901584,-2.32113418579102
20170308154901585,-1.67263565063477
20170308154901586,0.677217864990234
20170308154901587,-2.50423965454102
20170308154901588,-1.58871231079102
20170308154901589,0.616182708740234
20170308154901590,-2.43557510375977
20170308154901591,-1.55819473266602
20170308154901592,0.738253021240234
20170308154901593,-2.73312149047852
20170308154901594,-1.34457168579102
20170308154901595,0.661959075927734
20170308154901596,-2.73312149047852
20170308154901597,-1.27590713500977
20170308154901598,0.631441497802734
20170308154901599,-2.87807998657227
20170308154901600,-1.10806045532227
20170308154901601,0.509371185302734
20170308154901602,-2.95437393188477
20170308154901603,-0.680814361572266
20170308154901604,0.509371185302734
20170308154901605,-3.01540908813477
20170308154901606,-0.589261627197266
20170308154901607,0.288118743896484
20170308154901608,-2.93148574829102
20170308154901609,-0.566373443603516
20170308154901610,0.280489349365234
20170308154901611,-2.85519180297852
20170308154901612,-0.268827056884766
20170308154901613,0.0744956970214844
20170308154901614,-2.93911514282227
20170308154901615,-0.368009185791016
20170308154901616,-0.0780921936035156
20170308154901617,-2.92385635375977
20170308154901618,-0.177274322509766
20170308154901619,0.0592369079589844
20170308154901620,-2.87045059204102
20170308154901621,-0.131497955322266
20170308154901622,-0.230680084228516
20170308154901623,-2.87807998657227
20170308154901624,0.356783294677734
20170308154901625,-0.421414947509766
20170308154901626,-2.81704483032227
20170308154901627,0.188936614990234
20170308154901628,-0.505338287353516
20170308154901629,-2.84756240844727
20170308154901630,0.295748138427734
20170308154901631,-0.512967681884766
20170308154901632,-2.81704483032227
20170308154901633,0.517000579833984
20170308154901634,-0.612149810791016
20170308154901635,-2.77889785766602
20170308154901636,0.463594818115234
20170308154901637,-0.703702545166016
20170308154901638,-2.87807998657227
20170308154901639,0.539888763427734
20170308154901640,-0.795255279541016
20170308154901641,-2.83993301391602
20170308154901642,0.600923919677734
20170308154901643,-0.833402252197266
20170308154901644,-2.77889785766602
20170308154901645,0.539888763427734
20170308154901646,-0.703702545166016
20170308154901647,-2.86282119750977
20170308154901648,0.578035736083984
20170308154901649,-0.810514068603516
20170308154901650,-2.75600967407227
20170308154901651,0.471224212646484
20170308154901652,-0.741849517822266
20170308154901653,-2.77126846313477
20170308154901654,0.677217864990234
20170308154901655,-0.856290435791016
20170308154901656,-2.84756240844727
20170308154901657,0.715364837646484
20170308154901658,-1.00887832641602
20170308154901659,-2.73312149047852
20170308154901660,0.661959075927734
20170308154901661,-1.04702529907227
20170308154901662,-2.78652725219727
20170308154901663,0.875582122802734
20170308154901664,-1.07754287719727
20170308154901665,-2.69497451782227
20170308154901666,0.951876068115234
20170308154901667,-1.08517227172852
20170308154901668,-2.71786270141602
20170308154901669,0.928987884521484
20170308154901670,-1.27590713500977
20170308154901671,-2.48135147094727
20170308154901672,1.03579940795898
20170308154901673,-1.40560684204102
20170308154901674,-2.50423965454102
20170308154901675,0.822176361083984
20170308154901676,-1.72604141235352
20170308154901677,-2.26772842407227
20170308154901678,0.776399993896484
20170308154901679,-1.94729385375977
20170308154901680,-2.00069961547852
20170308154901681,0.784029388427734
20170308154901682,-2.32113418579102
20170308154901683,-1.72604141235352
20170308154901684,0.730623626708984
20170308154901685,-2.45083389282227
20170308154901686,-1.50478897094727
20170308154901687,0.814546966552734
20170308154901688,-2.57290420532227
20170308154901689,-1.40560684204102
20170308154901690,0.677217864990234
20170308154901691,-2.71023330688477
20170308154901692,-1.26064834594727
20170308154901693,0.661959075927734
20170308154901694,-2.83993301391602
20170308154901695,-1.09280166625977
20170308154901696,0.600923919677734
20170308154901697,-2.93148574829102
20170308154901698,-0.902066802978516
20170308154901699,0.440706634521484
20170308154901700,-2.96200332641602
20170308154901701,-0.574002838134766
20170308154901702,0.234712982177734
20170308154901703,-2.93911514282227
20170308154901704,-0.467191314697266
20170308154901705,0.105013275146484
20170308154901706,-2.94674453735352
20170308154901707,-0.612149810791016
20170308154901708,0.120272064208984
20170308154901709,-2.95437393188477
20170308154901710,-0.360379791259766
20170308154901711,-0.0017982482910156
20170308154901712,-2.94674453735352
20170308154901713,-0.284085845947266
20170308154901714,-0.0704627990722656
20170308154901715,-2.90096817016602
20170308154901716,-0.184903717041016
20170308154901717,-0.238309478759766
20170308154901718,-2.96963272094727
20170308154901719,0.0134605407714844
20170308154901720,-0.329862213134766
20170308154901721,-2.88570938110352
20170308154901722,0.280489349365234
20170308154901723,-0.558744049072266
20170308154901724,-2.85519180297852
20170308154901725,0.417818450927734
20170308154901726,-0.566373443603516
20170308154901727,-2.89333877563477
20170308154901728,0.425447845458984
20170308154901729,-0.703702545166016
20170308154901730,-2.86282119750977
20170308154901731,0.623812103271484
20170308154901732,-0.947843170166016
20170308154901733,-2.79415664672852
20170308154901734,0.654329681396484
20170308154901735,-0.917325592041016
20170308154901736,-2.85519180297852
20170308154901737,0.837435150146484
20170308154901738,-1.04702529907227
20170308154901739,-2.71786270141602
20170308154901740,1.06631698608398
20170308154901741,-1.23013076782227
20170308154901742,-2.64919815063477
20170308154901743,0.845064544677734
20170308154901744,-1.33694229125977
20170308154901745,-2.55001602172852
20170308154901746,0.776399993896484
20170308154901747,-1.61160049438477
20170308154901748,-2.39742813110352
20170308154901749,0.921358489990234
20170308154901750,-1.66500625610352
20170308154901751,-2.29061660766602
20170308154901752,0.822176361083984
20170308154901753,-1.83285293579102
20170308154901754,-2.20669326782227
20170308154901755,0.852693939208984
20170308154901756,-2.10751113891602
20170308154901757,-1.90151748657227
20170308154901758,0.707735443115234
20170308154901759,-2.29824600219727
20170308154901760,-1.66500625610352
20170308154901761,0.608553314208984
20170308154901762,-2.44320449829102
20170308154901763,-1.50478897094727
20170308154901764,0.684847259521484
20170308154901765,-2.46609268188477
20170308154901766,-1.54293594360352
20170308154901767,0.791658782958984
20170308154901768,-2.48898086547852
20170308154901769,-1.58108291625977
20170308154901770,0.669588470458984
20170308154901771,-2.52712783813477
20170308154901772,-1.52004776000977
20170308154901773,0.539888763427734
20170308154901774,-2.39742813110352
20170308154901775,-1.56582412719727
20170308154901776,0.715364837646484
20170308154901777,-2.55764541625977
20170308154901778,-1.52004776000977
20170308154901779,0.639070892333984
20170308154901780,-2.29061660766602
20170308154901781,-1.46664199829102
20170308154901782,0.669588470458984
20170308154901783,-2.54238662719727
20170308154901784,-1.48953018188477
20170308154901785,0.616182708740234
20170308154901786,-2.69497451782227
20170308154901787,-1.35220108032227
20170308154901788,0.646700286865234
20170308154901789,-2.85519180297852
20170308154901790,-1.19198379516602
20170308154901791,0.555147552490234
20170308154901792,-2.78652725219727
20170308154901793,-1.36745986938477
20170308154901794,0.585665130615234
20170308154901795,-2.60342178344727
20170308154901796,-1.40560684204102
20170308154901797,0.799288177490234
20170308154901798,-2.61105117797852
20170308154901799,-1.40560684204102
20170308154901800,0.707735443115234
20170308154901801,-2.61868057250977
20170308154901802,-1.42086563110352
20170308154901803,0.768770599365234
20170308154901804,-2.62630996704102
20170308154901805,-1.32168350219727
20170308154901806,0.814546966552734
20170308154901807,-2.63393936157227
20170308154901808,-1.48953018188477
20170308154901809,0.623812103271484
20170308154901810,-2.69497451782227
20170308154901811,-1.42849502563477
20170308154901812,0.646700286865234
20170308154901813,-2.74838027954102
20170308154901814,-1.30642471313477
20170308154901815,0.578035736083984
20170308154901816,-2.96200332641602
20170308154901817,-1.08517227172852
20170308154901818,0.379671478271484
20170308154901819,-2.94674453735352
20170308154901820,-1.06228408813477
20170308154901821,0.486483001708984
20170308154901822,-2.84756240844727
20170308154901823,-1.05465469360352
20170308154901824,0.517000579833984
20170308154901825,-2.81704483032227
20170308154901826,-1.00887832641602
20170308154901827,0.448336029052734
20170308154901828,-2.87045059204102
20170308154901829,-1.06228408813477
20170308154901830,0.364412689208984
20170308154901831,-2.95437393188477
20170308154901832,-0.947843170166016
20170308154901833,0.463594818115234
20170308154901834,-2.96200332641602
20170308154901835,-0.932584381103516
20170308154901836,0.433077239990234
20170308154901837,-2.99252090454102
20170308154901838,-0.772367095947266
20170308154901839,0.524629974365234
20170308154901840,-2.85519180297852
20170308154901841,-0.741849517822266
20170308154901842,0.349153900146484
20170308154901843,-2.93148574829102
20170308154901844,-0.566373443603516
20170308154901845,0.242342376708984
20170308154901846,-2.97726211547852
20170308154901847,-0.543485260009766
20170308154901848,0.120272064208984
20170308154901849,-2.98489151000977
20170308154901850,-0.558744049072266
20170308154901851,0.173677825927734
20170308154901852,-3.03066787719727
20170308154901853,-0.444303131103516
20170308154901854,0.0287193298339844
20170308154901855,-2.90096817016602
20170308154901856,-0.230680084228516
20170308154901857,0.0592369079589844
20170308154901858,-2.89333877563477
20170308154901859,0.0821250915527344
20170308154901860,-0.337491607666016
20170308154901861,-2.84756240844727
20170308154901862,0.135530853271484
20170308154901863,-0.436673736572266
20170308154901864,-2.86282119750977
20170308154901865,0.356783294677734
20170308154901866,-0.596891021728516
20170308154901867,-2.80941543579102
20170308154901868,0.494112396240234
20170308154901869,-0.833402252197266
20170308154901870,-2.88570938110352
20170308154901871,0.845064544677734
20170308154901872,-1.02413711547852
20170308154901873,-2.79415664672852
20170308154901874,0.906099700927734
20170308154901875,-1.19198379516602
20170308154901876,-2.71023330688477
20170308154901877,0.852693939208984
20170308154901878,-1.36745986938477
20170308154901879,-2.56527481079102
20170308154901880,0.784029388427734
20170308154901881,-1.64211807250977
20170308154901882,-2.35165176391602
20170308154901883,0.722994232177734
20170308154901884,-1.88625869750977
20170308154901885,-2.03884658813477
20170308154901886,0.684847259521484
20170308154901887,-2.20669326782227
20170308154901888,-1.76418838500977
20170308154901889,0.722994232177734
20170308154901890,-2.57290420532227
20170308154901891,-1.48953018188477
20170308154901892,0.585665130615234
20170308154901893,-2.53475723266602
20170308154901894,-1.45901260375977
20170308154901895,0.677217864990234
20170308154901896,-2.82467422485352
20170308154901897,-1.33694229125977
20170308154901898,0.593294525146484
20170308154901899,-2.79415664672852
20170308154901900,-1.16146621704102
20170308154901901,0.722994232177734
20170308154901902,-2.83230361938477
20170308154901903,-1.04702529907227
20170308154901904,0.517000579833984
20170308154901905,-2.87807998657227
20170308154901906,-0.993619537353516
20170308154901907,0.471224212646484
20170308154901908,-2.96200332641602
20170308154901909,-0.940213775634766
20170308154901910,0.623812103271484
20170308154901911,-2.93148574829102
20170308154901912,-0.848661041259766
20170308154901913,0.410189056396484
20170308154901914,-2.91622695922852
20170308154901915,-0.635037994384766
20170308154901916,0.272859954833984
20170308154901917,-2.96963272094727
20170308154901918,-0.528226470947266
20170308154901919,0.105013275146484
20170308154901920,-2.93911514282227
20170308154901921,-0.284085845947266
20170308154901922,-0.0933509826660156
20170308154901923,-2.96200332641602
20170308154901924,-0.200162506103516
20170308154901925,-0.238309478759766
20170308154901926,-2.90096817016602
20170308154901927,-0.0246864318847656
20170308154901928,-0.268827056884766
20170308154901929,-2.89333877563477
20170308154901930,0.127901458740234
20170308154901931,-0.413785552978516
20170308154901932,-2.90859756469727
20170308154901933,0.364412689208984
20170308154901934,-0.383267974853516
20170308154901935,-2.94674453735352
20170308154901936,0.0592369079589844
20170308154901937,-0.421414947509766
20170308154901938,-2.86282119750977
20170308154901939,0.0668663024902344
20170308154901940,-0.383267974853516
20170308154901941,-2.89333877563477
20170308154901942,-0.0170570373535156
20170308154901943,-0.268827056884766
20170308154901944,-2.83993301391602
20170308154901945,0.0744956970214844
20170308154901946,-0.230680084228516
20170308154901947,-2.78652725219727
20170308154901948,0.158419036865234
20170308154901949,-0.314603424072266
20170308154901950,-2.87807998657227
20170308154901951,-0.108609771728516
20170308154901952,-0.177274322509766
20170308154901953,-2.83230361938477
20170308154901954,0.0516075134277344
20170308154901955,-0.261197662353516
20170308154901956,-2.86282119750977
20170308154901957,-0.375638580322266
20170308154901958,-0.139127349853516
20170308154901959,-2.90096817016602
20170308154901960,-0.200162506103516
20170308154901961,-0.131497955322266
20170308154901962,-2.93148574829102
20170308154901963,-0.177274322509766
20170308154901964,-0.192533111572266
20170308154901965,-2.89333877563477
20170308154901966,-0.284085845947266
20170308154901967,-0.192533111572266
20170308154901968,-2.95437393188477
20170308154901969,0.0668663024902344
20170308154901970,-0.253568267822266
20170308154901971,-2.89333877563477
20170308154901972,0.135530853271484
20170308154901973,-0.345121002197266
20170308154901974,-2.87807998657227
20170308154901975,0.257601165771484
20170308154901976,-0.360379791259766
20170308154901977,-2.83993301391602
20170308154901978,0.257601165771484
20170308154901979,-0.429044342041016
20170308154901980,-2.80941543579102
20170308154901981,0.387300872802734
20170308154901982,-0.619779205322266
20170308154901983,-2.80178604125977
20170308154901984,0.356783294677734
20170308154901985,-0.596891021728516
20170308154901986,-2.83230361938477
20170308154901987,0.349153900146484
20170308154901988,-0.650296783447266
20170308154901989,-2.81704483032227
20170308154901990,0.509371185302734
20170308154901991,-0.871549224853516
20170308154901992,-2.76363906860352
20170308154901993,0.623812103271484
20170308154901994,-0.940213775634766
20170308154901995,-2.80941543579102
20170308154901996,0.867952728271484
20170308154901997,-1.23776016235352
20170308154901998,-2.65682754516602
20170308154901999,0.890840911865234
20170308154902000,-1.51241836547852
20170308154902001,-2.56527481079102
20170308154902002,0.738253021240234
20170308154902003,-1.74892959594727
20170308154902004,-2.34402236938477
20170308154902005,0.784029388427734
20170308154902006,-1.92440567016602
20170308154902007,-2.10751113891602
20170308154902008,0.738253021240234
20170308154902009,-2.16854629516602
20170308154902010,-1.83285293579102
20170308154902011,0.852693939208984
20170308154902012,-2.30587539672852
20170308154902013,-1.74130020141602
20170308154902014,0.623812103271484
20170308154902015,-2.46609268188477
20170308154902016,-1.55056533813477
20170308154902017,0.692476654052734
20170308154902018,-2.62630996704102
20170308154902019,-1.55056533813477
20170308154902020,0.669588470458984
20170308154902021,-2.72549209594727
20170308154902022,-1.34457168579102
20170308154902023,0.639070892333984
20170308154902024,-2.83993301391602
20170308154902025,-1.25301895141602
20170308154902026,0.608553314208984
20170308154902027,-2.90096817016602
20170308154902028,-1.14620742797852
20170308154902029,0.669588470458984
20170308154902030,-2.91622695922852
20170308154902031,-1.11568984985352
20170308154902032,0.623812103271484
20170308154902033,-2.91622695922852
20170308154902034,-1.02413711547852
20170308154902035,0.616182708740234
20170308154902036,-2.92385635375977
20170308154902037,-0.757108306884766
20170308154902038,0.318636322021484
20170308154902039,-2.96200332641602
20170308154902040,-0.459561920166016
20170308154902041,0.105013275146484
20170308154902042,-2.90096817016602
20170308154902043,-0.459561920166016
20170308154902044,0.127901458740234
20170308154902045,-2.96200332641602
20170308154902046,0.0668663024902344
20170308154902047,-0.375638580322266
20170308154902048,-2.86282119750977
20170308154902049,0.349153900146484
20170308154902050,-0.657926177978516
20170308154902051,-2.89333877563477
20170308154902052,0.455965423583984
20170308154902053,-0.581632232666016
20170308154902054,-2.89333877563477
20170308154902055,0.616182708740234
20170308154902056,-0.848661041259766
20170308154902057,-2.87807998657227
20170308154902058,0.867952728271484
20170308154902059,-1.01650772094727
20170308154902060,-2.75600967407227
20170308154902061,0.715364837646484
20170308154902062,-1.18435440063477
20170308154902063,-2.71786270141602
20170308154902064,0.700106048583984
20170308154902065,-1.37508926391602
20170308154902066,-2.67971572875977
20170308154902067,0.692476654052734
20170308154902068,-1.18435440063477
20170308154902069,-2.64919815063477
20170308154902070,0.768770599365234
20170308154902071,-1.62685928344727
20170308154902072,-2.45846328735352
20170308154902073,0.890840911865234
20170308154902074,-1.80233535766602
20170308154902075,-2.24484024047852
20170308154902076,0.600923919677734
20170308154902077,-1.82522354125977
20170308154902078,-2.34402236938477
20170308154902079,0.753511810302734
20170308154902080,-2.00832901000977
20170308154902081,-2.14565811157227
20170308154902082,0.745882415771484
20170308154902083,-2.05410537719727
20170308154902084,-2.03121719360352
20170308154902085,0.654329681396484
20170308154902086,-1.96255264282227
20170308154902087,-2.15328750610352
20170308154902088,0.700106048583984
20170308154902089,-1.95492324829102
20170308154902090,-2.20669326782227
20170308154902091,0.631441497802734
20170308154902092,-1.80233535766602
20170308154902093,-2.22958145141602
20170308154902094,0.684847259521484
20170308154902095,-1.84048233032227
20170308154902096,-2.21432266235352
20170308154902097,0.585665130615234
20170308154902098,-1.74130020141602
20170308154902099,-2.42031631469727
20170308154902100,0.585665130615234
20170308154902101,-1.64211807250977
20170308154902102,-2.42031631469727
20170308154902103,0.631441497802734
20170308154902104,-1.76418838500977
20170308154902105,-2.36691055297852
20170308154902106,0.616182708740234
20170308154902107,-1.76418838500977
20170308154902108,-2.24484024047852
20170308154902109,0.677217864990234
20170308154902110,-1.90914688110352
20170308154902111,-2.16091690063477
20170308154902112,0.875582122802734
20170308154902113,-2.04647598266602
20170308154902114,-2.10751113891602
20170308154902115,0.852693939208984
20170308154902116,-1.96255264282227
20170308154902117,-2.06936416625977
20170308154902118,0.547518157958984
20170308154902119,-2.03884658813477
20170308154902120,-2.11514053344727
20170308154902121,0.715364837646484
20170308154902122,-2.12276992797852
20170308154902123,-1.94729385375977
20170308154902124,0.776399993896484
20170308154902125,-2.26009902954102
20170308154902126,-1.95492324829102
20170308154902127,0.646700286865234
20170308154902128,-2.15328750610352
20170308154902129,-1.89388809204102
20170308154902130,0.692476654052734
20170308154902131,-2.30587539672852
20170308154902132,-1.72604141235352
20170308154902133,0.578035736083984
20170308154902134,-2.45846328735352
20170308154902135,-1.65737686157227
20170308154902136,0.639070892333984
20170308154902137,-2.67208633422852
20170308154902138,-1.46664199829102
20170308154902139,0.608553314208984
20170308154902140,-2.78652725219727
20170308154902141,-1.32931289672852
20170308154902142,0.593294525146484
20170308154902143,-2.90096817016602
20170308154902144,-1.06991348266602
20170308154902145,0.494112396240234
20170308154902146,-2.92385635375977
20170308154902147,-0.902066802978516
20170308154902148,0.402559661865234
20170308154902149,-3.01540908813477
20170308154902150,-0.833402252197266
20170308154902151,0.333895111083984
20170308154902152,-3.01540908813477
20170308154902153,-0.703702545166016
20170308154902154,0.242342376708984
20170308154902155,-3.03829727172852
20170308154902156,-0.474820709228516
20170308154902157,0.135530853271484
20170308154902158,-2.95437393188477
20170308154902159,-0.497708892822266
20170308154902160,0.196566009521484
20170308154902161,-2.93148574829102
20170308154902162,-0.284085845947266
20170308154902163,-0.0552040100097656
20170308154902164,-2.96200332641602
20170308154902165,0.0210899353027344
20170308154902166,-0.383267974853516
20170308154902167,-2.90859756469727
20170308154902168,0.173677825927734
20170308154902169,-0.543485260009766
20170308154902170,-2.91622695922852
20170308154902171,0.669588470458984
20170308154902172,-0.734220123291016
20170308154902173,-2.91622695922852
20170308154902174,0.608553314208984
20170308154902175,-1.06991348266602
20170308154902176,-2.77126846313477
20170308154902177,0.875582122802734
20170308154902178,-1.40560684204102
20170308154902179,-2.56527481079102
20170308154902180,0.799288177490234
20170308154902181,-1.76418838500977
20170308154902182,-2.41268692016602
20170308154902183,0.700106048583984
20170308154902184,-1.99307022094727
20170308154902185,-2.21432266235352
20170308154902186,0.715364837646484
20170308154902187,-2.29061660766602
20170308154902188,-1.91677627563477
20170308154902189,0.608553314208984
20170308154902190,-2.41268692016602
20170308154902191,-1.55056533813477
20170308154902192,0.600923919677734
20170308154902193,-2.54238662719727
20170308154902194,-1.58871231079102
20170308154902195,0.669588470458984
20170308154902196,-2.63393936157227
20170308154902197,-1.58871231079102
20170308154902198,0.661959075927734
20170308154902199,-2.67208633422852
20170308154902200,-1.43612442016602
20170308154902201,0.707735443115234
20170308154902202,-2.75600967407227
20170308154902203,-1.34457168579102
20170308154902204,0.707735443115234
20170308154902205,-2.71786270141602
20170308154902206,-1.32931289672852
20170308154902207,0.677217864990234
20170308154902208,-3.07644424438477
20170308154902209,-1.08517227172852
20170308154902210,0.509371185302734
20170308154902211,-2.97726211547852
20170308154902212,-0.863919830322266
20170308154902213,0.417818450927734
20170308154902214,-3.03829727172852
20170308154902215,-0.673184967041016
20170308154902216,0.379671478271484
20170308154902217,-3.04592666625977
20170308154902218,-0.512967681884766
20170308154902219,0.127901458740234
20170308154902220,-3.07644424438477
20170308154902221,-0.558744049072266
20170308154902222,0.188936614990234
20170308154902223,-2.96963272094727
20170308154902224,-0.459561920166016
20170308154902225,0.181307220458984
20170308154902226,-2.90859756469727
20170308154902227,-0.627408599853516
20170308154902228,0.211824798583984
20170308154902229,-3.03066787719727
20170308154902230,-0.581632232666016
20170308154902231,0.120272064208984
20170308154902232,-3.01540908813477
20170308154902233,-0.429044342041016
20170308154902234,0.0973838806152344
20170308154902235,-2.87807998657227
20170308154902236,-0.604520416259766
20170308154902237,0.272859954833984
20170308154902238,-2.89333877563477
20170308154902239,-0.779996490478516
20170308154902240,0.364412689208984
20170308154902241,-2.91622695922852
20170308154902242,-0.795255279541016
20170308154902243,0.326265716552734
20170308154902244,-2.93148574829102
20170308154902245,-0.757108306884766
20170308154902246,0.303377532958984
20170308154902247,-3.02303848266602
20170308154902248,-0.627408599853516
20170308154902249,0.181307220458984
20170308154902250,-3.00015029907227
20170308154902251,-0.497708892822266
20170308154902252,0.196566009521484
20170308154902253,-3.01540908813477
20170308154902254,-0.650296783447266
20170308154902255,0.379671478271484
20170308154902256,-2.98489151000977
20170308154902257,-0.429044342041016
20170308154902258,0.211824798583984
20170308154902259,-2.90859756469727
20170308154902260,-0.619779205322266
20170308154902261,0.0897544860839844
20170308154902262,-3.03066787719727
20170308154902263,-0.451932525634766
20170308154902264,0.0668663024902344
20170308154902265,-2.90859756469727
20170308154902266,-0.429044342041016
20170308154902267,0.181307220458984
20170308154902268,-3.01540908813477
20170308154902269,-0.558744049072266
20170308154902270,0.0287193298339844
20170308154902271,-3.02303848266602
20170308154902272,-0.345121002197266
20170308154902273,-0.184903717041016
20170308154902274,-2.93911514282227
20170308154902275,-0.0246864318847656
20170308154902276,-0.337491607666016
20170308154902277,-2.96200332641602
20170308154902278,0.227083587646484
20170308154902279,-0.574002838134766
20170308154902280,-2.96963272094727
20170308154902281,0.722994232177734
20170308154902282,-0.818143463134766
20170308154902283,-2.87807998657227
20170308154902284,0.387300872802734
20170308154902285,-0.757108306884766
20170308154902286,-2.90859756469727
20170308154902287,0.616182708740234
20170308154902288,-0.787625885009766
20170308154902289,-2.86282119750977
20170308154902290,0.455965423583984
20170308154902291,-0.879178619384766
20170308154902292,-2.80941543579102
20170308154902293,0.875582122802734
20170308154902294,-1.14620742797852
20170308154902295,-2.68734512329102
20170308154902296,0.883211517333984
20170308154902297,-1.36745986938477
20170308154902298,-2.57290420532227
20170308154902299,0.837435150146484
20170308154902300,-1.60397109985352
20170308154902301,-2.46609268188477
20170308154902302,0.661959075927734
20170308154902303,-1.77944717407227
20170308154902304,-2.32876358032227
20170308154902305,0.890840911865234
20170308154902306,-1.99307022094727
20170308154902307,-2.12276992797852
20170308154902308,0.715364837646484
20170308154902309,-2.13039932250977
20170308154902310,-1.93966445922852
20170308154902311,0.639070892333984
20170308154902312,-2.35928115844727
20170308154902313,-1.74130020141602
20170308154902314,0.684847259521484
20170308154902315,-2.41268692016602
20170308154902316,-1.59634170532227
20170308154902317,0.722994232177734
20170308154902318,-2.72549209594727
20170308154902319,-1.29879531860352
20170308154902320,0.654329681396484
20170308154902321,-2.90096817016602
20170308154902322,-0.978360748291016
20170308154902323,0.509371185302734
20170308154902324,-2.99252090454102
20170308154902325,-0.757108306884766
20170308154902326,0.448336029052734
20170308154902327,-2.99252090454102
20170308154902328,-0.635037994384766
20170308154902329,0.326265716552734
20170308154902330,-3.03829727172852
20170308154902331,-0.749478912353516
20170308154902332,0.249971771240234
20170308154902333,-2.97726211547852
20170308154902334,-0.657926177978516
20170308154902335,0.326265716552734
20170308154902336,-3.00777969360352
20170308154902337,-0.444303131103516
20170308154902338,0.272859954833984
20170308154902339,-2.97726211547852
20170308154902340,-0.436673736572266
20170308154902341,-0.108609771728516
20170308154902342,-2.90096817016602
20170308154902343,-0.360379791259766
20170308154902344,-0.0399452209472656
20170308154902345,-2.99252090454102
20170308154902346,-0.360379791259766
20170308154902347,-0.154386138916016
20170308154902348,-2.93911514282227
20170308154902349,-0.0780921936035156
20170308154902350,-0.284085845947266
20170308154902351,-2.94674453735352
20170308154902352,-0.0857215881347656
20170308154902353,-0.413785552978516
20170308154902354,-2.90096817016602
20170308154902355,0.249971771240234
20170308154902356,-0.345121002197266
20170308154902357,-2.86282119750977
20170308154902358,0.303377532958984
20170308154902359,-0.528226470947266
20170308154902360,-2.84756240844727
20170308154902361,0.394930267333984
20170308154902362,-0.497708892822266
20170308154902363,-2.90859756469727
20170308154902364,0.120272064208984
20170308154902365,-0.390897369384766
20170308154902366,-2.94674453735352
20170308154902367,0.0210899353027344
20170308154902368,-0.436673736572266
20170308154902369,-2.84756240844727
20170308154902370,0.166048431396484
20170308154902371,-0.528226470947266
20170308154902372,-2.80178604125977
20170308154902373,0.188936614990234
20170308154902374,-0.467191314697266
20170308154902375,-2.82467422485352
20170308154902376,0.234712982177734
20170308154902377,-0.459561920166016
20170308154902378,-2.87045059204102
20170308154902379,0.227083587646484
20170308154902380,-0.497708892822266
20170308154902381,-2.84756240844727
20170308154902382,0.211824798583984
20170308154902383,-0.604520416259766
20170308154902384,-2.85519180297852
20170308154902385,0.532259368896484
20170308154902386,-0.779996490478516
20170308154902387,-2.85519180297852
20170308154902388,0.631441497802734
20170308154902389,-0.696073150634766
20170308154902390,-2.88570938110352
20170308154902391,0.402559661865234
20170308154902392,-0.680814361572266
20170308154902393,-2.79415664672852
20170308154902394,0.532259368896484
20170308154902395,-0.551114654541016
20170308154902396,-2.82467422485352
20170308154902397,0.562776947021484
20170308154902398,-0.665555572509766
20170308154902399,-2.83993301391602
20170308154902400,0.471224212646484
20170308154902401,-0.841031646728516
20170308154902402,-2.86282119750977
20170308154902403,0.471224212646484
20170308154902404,-0.688443756103516
20170308154902405,-2.81704483032227
20170308154902406,0.448336029052734
20170308154902407,-0.764737701416016
20170308154902408,-2.84756240844727
20170308154902409,0.936617279052734
20170308154902410,-1.03176651000977
20170308154902411,-2.74838027954102
20170308154902412,0.875582122802734
20170308154902413,-0.955472564697266
20170308154902414,-2.74838027954102
20170308154902415,0.852693939208984
20170308154902416,-1.17672500610352
20170308154902417,-2.68734512329102
20170308154902418,0.921358489990234
20170308154902419,-1.55819473266602
20170308154902420,-2.42794570922852
20170308154902421,0.768770599365234
20170308154902422,-1.70315322875977
20170308154902423,-2.32113418579102
20170308154902424,0.906099700927734
20170308154902425,-1.75655899047852
20170308154902426,-2.27535781860352
20170308154902427,0.845064544677734
20170308154902428,-1.84048233032227
20170308154902429,-2.24484024047852
20170308154902430,0.715364837646484
20170308154902431,-1.87099990844727
20170308154902432,-2.08462295532227
20170308154902433,0.753511810302734
20170308154902434,-2.13802871704102
20170308154902435,-2.00069961547852
20170308154902436,0.791658782958984
20170308154902437,-2.17617568969727
20170308154902438,-1.79470596313477
20170308154902439,0.578035736083984
20170308154902440,-2.34402236938477
20170308154902441,-1.64974746704102
20170308154902442,0.555147552490234
20170308154902443,-2.55001602172852
20170308154902444,-1.42086563110352
20170308154902445,0.646700286865234
20170308154902446,-2.76363906860352
20170308154902447,-1.31405410766602
20170308154902448,0.555147552490234
20170308154902449,-2.87045059204102
20170308154902450,-1.31405410766602
20170308154902451,0.562776947021484
20170308154902452,-3.00777969360352
20170308154902453,-1.03176651000977
20170308154902454,0.478853607177734
20170308154902455,-3.06881484985352
20170308154902456,-0.871549224853516
20170308154902457,0.410189056396484
20170308154902458,-2.97726211547852
20170308154902459,-0.863919830322266
20170308154902460,0.425447845458984
20170308154902461,-2.96200332641602
20170308154902462,-0.650296783447266
20170308154902463,0.288118743896484
20170308154902464,-2.92385635375977
20170308154902465,-0.505338287353516
20170308154902466,0.0973838806152344
20170308154902467,-2.96200332641602
20170308154902468,-0.352750396728516
20170308154902469,-0.0094276428222656
20170308154902470,-2.95437393188477
20170308154902471,-0.383267974853516
20170308154902472,-0.0704627990722656
20170308154902473,-2.93911514282227
20170308154902474,-0.0170570373535156
20170308154902475,-0.108609771728516
20170308154902476,-2.88570938110352
20170308154902477,0.173677825927734
20170308154902478,-0.322232818603516
20170308154902479,-2.83230361938477
20170308154902480,0.463594818115234
20170308154902481,-0.581632232666016
20170308154902482,-2.87807998657227
20170308154902483,0.555147552490234
20170308154902484,-0.856290435791016
20170308154902485,-2.90096817016602
20170308154902486,0.745882415771484
20170308154902487,-1.10043106079102
20170308154902488,-2.88570938110352
20170308154902489,0.745882415771484
20170308154902490,-0.993619537353516
20170308154902491,-2.83993301391602
20170308154902492,0.814546966552734
20170308154902493,-1.13857803344727
20170308154902494,-2.71786270141602
20170308154902495,0.677217864990234
20170308154902496,-1.26827774047852
20170308154902497,-2.68734512329102
20170308154902498,0.799288177490234
20170308154902499,-1.42849502563477
20170308154902500,-2.53475723266602
20170308154902501,0.700106048583984
20170308154902502,-1.46664199829102
20170308154902503,-2.63393936157227
20170308154902504,0.776399993896484
20170308154902505,-1.29879531860352
20170308154902506,-2.62630996704102
20170308154902507,0.951876068115234
20170308154902508,-1.30642471313477
20170308154902509,-2.55001602172852
20170308154902510,0.761141204833984
20170308154902511,-1.48190078735352
20170308154902512,-2.53475723266602
20170308154902513,0.822176361083984
20170308154902514,-1.64974746704102
20170308154902515,-2.39742813110352
20170308154902516,1.00528182983398
20170308154902517,-1.64974746704102
20170308154902518,-2.42794570922852
20170308154902519,0.745882415771484
20170308154902520,-1.71078262329102
20170308154902521,-2.41268692016602
20170308154902522,0.700106048583984
20170308154902523,-1.58108291625977
20170308154902524,-2.51949844360352
20170308154902525,0.890840911865234
20170308154902526,-1.51241836547852
20170308154902527,-2.55001602172852
20170308154902528,0.860323333740234
20170308154902529,-1.48953018188477
20170308154902530,-2.44320449829102
20170308154902531,0.913729095458984
20170308154902532,-1.39034805297852
20170308154902533,-2.53475723266602
20170308154902534,0.669588470458984
20170308154902535,-1.45138320922852
20170308154902536,-2.48135147094727
20170308154902537,0.616182708740234
20170308154902538,-1.61160049438477
20170308154902539,-2.37453994750977
20170308154902540,0.700106048583984
20170308154902541,-1.83285293579102
20170308154902542,-2.29824600219727
20170308154902543,0.692476654052734
20170308154902544,-1.74892959594727
20170308154902545,-2.25246963500977
20170308154902546,0.730623626708984
20170308154902547,-1.68789443969727
20170308154902548,-2.28298721313477
20170308154902549,0.761141204833984
20170308154902550,-1.80233535766602
20170308154902551,-2.22195205688477
20170308154902552,0.677217864990234
20170308154902553,-1.88625869750977
20170308154902554,-2.13802871704102
20170308154902555,0.585665130615234
20170308154902556,-2.03121719360352
20170308154902557,-2.16854629516602
20170308154902558,0.639070892333984
20170308154902559,-1.81759414672852
20170308154902560,-2.22958145141602
20170308154902561,0.631441497802734
20170308154902562,-1.94729385375977
20170308154902563,-1.97018203735352
20170308154902564,0.623812103271484
20170308154902565,-2.19906387329102
20170308154902566,-1.85574111938477
20170308154902567,0.578035736083984
20170308154902568,-2.24484024047852
20170308154902569,-1.87862930297852
20170308154902570,0.700106048583984
20170308154902571,-2.35928115844727
20170308154902572,-1.61160049438477
20170308154902573,0.684847259521484
20170308154902574,-2.47372207641602
20170308154902575,-1.58108291625977
20170308154902576,0.700106048583984
20170308154902577,-2.75600967407227
20170308154902578,-1.23013076782227
20170308154902579,0.600923919677734
20170308154902580,-2.93148574829102
20170308154902581,-1.09280166625977
20170308154902582,0.654329681396484
20170308154902583,-2.98489151000977
20170308154902584,-0.680814361572266
20170308154902585,0.372042083740234
20170308154902586,-3.02303848266602
20170308154902587,-0.535855865478516
20170308154902588,0.158419036865234
20170308154902589,-2.90096817016602
20170308154902590,-0.291715240478516
20170308154902591,-0.0857215881347656
20170308154902592,-2.92385635375977
20170308154902593,0.295748138427734
20170308154902594,-0.413785552978516
20170308154902595,-2.85519180297852
20170308154902596,0.181307220458984
20170308154902597,-0.543485260009766
20170308154902598,-2.92385635375977
20170308154902599,0.265230560302734
20170308154902600,-0.627408599853516
20170308154902601,-2.88570938110352
20170308154902602,0.837435150146484
20170308154902603,-0.734220123291016
20170308154902604,-2.81704483032227
20170308154902605,0.532259368896484
20170308154902606,-0.764737701416016
20170308154902607,-2.77126846313477
20170308154902608,0.814546966552734
20170308154902609,-1.17672500610352
20170308154902610,-2.74075088500977
20170308154902611,0.890840911865234
20170308154902612,-1.41323623657227
20170308154902613,-2.64156875610352
20170308154902614,0.845064544677734
20170308154902615,-1.38271865844727
20170308154902616,-2.57290420532227
20170308154902617,0.928987884521484
20170308154902618,-1.52004776000977
20170308154902619,-2.48135147094727
20170308154902620,0.608553314208984
20170308154902621,-1.64211807250977
20170308154902622,-2.44320449829102
20170308154902623,0.684847259521484
20170308154902624,-1.90914688110352
20170308154902625,-2.20669326782227
20170308154902626,0.692476654052734
20170308154902627,-2.09225234985352
20170308154902628,-1.97018203735352
20170308154902629,0.738253021240234
20170308154902630,-2.32113418579102
20170308154902631,-1.63448867797852
20170308154902632,0.845064544677734
20170308154902633,-2.34402236938477
20170308154902634,-1.65737686157227
20170308154902635,0.768770599365234
20170308154902636,-2.38979873657227
20170308154902637,-1.67263565063477
20170308154902638,0.745882415771484
20170308154902639,-2.39742813110352
20170308154902640,-1.51241836547852
20170308154902641,0.745882415771484
20170308154902642,-2.66445693969727
20170308154902643,-1.21487197875977
20170308154902644,0.669588470458984
20170308154902645,-2.84756240844727
20170308154902646,-1.21487197875977
20170308154902647,0.585665130615234
20170308154902648,-2.97726211547852
20170308154902649,-0.940213775634766
20170308154902650,0.448336029052734
20170308154902651,-2.96963272094727
20170308154902652,-0.848661041259766
20170308154902653,0.440706634521484
20170308154902654,-3.01540908813477
20170308154902655,-0.848661041259766
20170308154902656,0.417818450927734
20170308154902657,-2.94674453735352
20170308154902658,-0.795255279541016
20170308154902659,0.387300872802734
20170308154902660,-2.90096817016602
20170308154902661,-0.772367095947266
20170308154902662,0.463594818115234
20170308154902663,-2.89333877563477
20170308154902664,-0.543485260009766
20170308154902665,0.478853607177734
20170308154902666,-2.93911514282227
20170308154902667,-0.558744049072266
20170308154902668,0.135530853271484
20170308154902669,-3.03066787719727
20170308154902670,-0.444303131103516
20170308154902671,0.242342376708984
20170308154902672,-2.96200332641602
20170308154902673,-0.368009185791016
20170308154902674,0.257601165771484
20170308154902675,-2.87045059204102
20170308154902676,-0.238309478759766
20170308154902677,0.0210899353027344
20170308154902678,-2.94674453735352
20170308154902679,-0.131497955322266
20170308154902680,-0.0857215881347656
20170308154902681,-2.89333877563477
20170308154902682,-0.238309478759766
20170308154902683,0.0134605407714844
20170308154902684,-2.91622695922852
20170308154902685,-0.322232818603516
20170308154902686,0.127901458740234
20170308154902687,-2.81704483032227
20170308154902688,-0.177274322509766
20170308154902689,-0.116239166259766
20170308154902690,-2.90859756469727
20170308154902691,-0.230680084228516
20170308154902692,0.0363487243652344
20170308154902693,-2.90859756469727
20170308154902694,0.120272064208984
20170308154902695,-0.406156158447266
20170308154902696,-2.84756240844727
20170308154902697,-0.0170570373535156
20170308154902698,-0.398526763916016
20170308154902699,-2.90096817016602
20170308154902700,0.326265716552734
20170308154902701,-0.429044342041016
20170308154902702,-2.84756240844727
20170308154902703,0.135530853271484
20170308154902704,-0.528226470947266
20170308154902705,-2.88570938110352
20170308154902706,0.387300872802734
20170308154902707,-0.352750396728516
20170308154902708,-2.80178604125977
20170308154902709,0.173677825927734
20170308154902710,-0.436673736572266
20170308154902711,-2.85519180297852
20170308154902712,0.257601165771484
20170308154902713,-0.589261627197266
20170308154902714,-2.84756240844727
20170308154902715,0.448336029052734
20170308154902716,-0.718961334228516
20170308154902717,-2.87045059204102
20170308154902718,0.517000579833984
20170308154902719,-0.818143463134766
20170308154902720,-2.86282119750977
20170308154902721,0.768770599365234
20170308154902722,-0.978360748291016
20170308154902723,-2.77126846313477
20170308154902724,0.768770599365234
20170308154902725,-0.894437408447266
20170308154902726,-2.70260391235352
20170308154902727,0.883211517333984
20170308154902728,-1.10806045532227
20170308154902729,-2.64919815063477
20170308154902730,0.837435150146484
20170308154902731,-1.39797744750977
20170308154902732,-2.49661026000977
20170308154902733,0.784029388427734
20170308154902734,-1.65737686157227
20170308154902735,-2.35165176391602
20170308154902736,0.639070892333984
20170308154902737,-1.90914688110352
20170308154902738,-2.11514053344727
20170308154902739,0.616182708740234
20170308154902740,-2.07699356079102
20170308154902741,-2.02358779907227
20170308154902742,0.639070892333984
20170308154902743,-2.14565811157227
20170308154902744,-1.85574111938477
20170308154902745,0.639070892333984
20170308154902746,-2.31350479125977
20170308154902747,-1.68789443969727
20170308154902748,0.730623626708984
20170308154902749,-2.41268692016602
20170308154902750,-1.42086563110352
20170308154902751,0.669588470458984
20170308154902752,-2.74075088500977
20170308154902753,-1.11568984985352
20170308154902754,0.585665130615234
20170308154902755,-2.96963272094727
20170308154902756,-0.841031646728516
20170308154902757,0.494112396240234
20170308154902758,-3.03066787719727
20170308154902759,-0.665555572509766
20170308154902760,0.295748138427734
20170308154902761,-2.92385635375977
20170308154902762,-0.451932525634766
20170308154902763,0.143160247802734
20170308154902764,-2.94674453735352
20170308154902765,-0.154386138916016
20170308154902766,0.0363487243652344
20170308154902767,-2.95437393188477
20170308154902768,0.135530853271484
20170308154902769,-0.429044342041016
20170308154902770,-2.88570938110352
20170308154902771,0.349153900146484
20170308154902772,-0.474820709228516
20170308154902773,-2.84756240844727
20170308154902774,0.356783294677734
20170308154902775,-0.726590728759766
20170308154902776,-2.84756240844727
20170308154902777,0.471224212646484
20170308154902778,-0.833402252197266
20170308154902779,-2.81704483032227
20170308154902780,0.791658782958984
20170308154902781,-1.00887832641602
20170308154902782,-2.79415664672852
20170308154902783,0.875582122802734
20170308154902784,-1.12331924438477
20170308154902785,-2.77889785766602
20170308154902786,0.799288177490234
20170308154902787,-1.18435440063477
20170308154902788,-2.86282119750977
20170308154902789,0.761141204833984
20170308154902790,-1.23013076782227
20170308154902791,-2.78652725219727
20170308154902792,0.761141204833984
20170308154902793,-1.07754287719727
20170308154902794,-2.72549209594727
20170308154902795,0.898470306396484
20170308154902796,-1.34457168579102
20170308154902797,-2.59579238891602
20170308154902798,0.707735443115234
20170308154902799,-1.68026504516602
20170308154902800,-2.32876358032227
20170308154902801,0.722994232177734
20170308154902802,-1.57345352172852
20170308154902803,-2.40505752563477
20170308154902804,0.768770599365234
20170308154902805,-1.64974746704102
20170308154902806,-2.38979873657227
20170308154902807,0.867952728271484
20170308154902808,-1.74130020141602
20170308154902809,-2.22958145141602
20170308154902810,0.684847259521484
20170308154902811,-1.72604141235352
20170308154902812,-2.22958145141602
20170308154902813,0.867952728271484
20170308154902814,-1.88625869750977
20170308154902815,-2.13039932250977
20170308154902816,0.806917572021484
20170308154902817,-2.10751113891602
20170308154902818,-2.11514053344727
20170308154902819,0.517000579833984
20170308154902820,-1.95492324829102
20170308154902821,-1.90151748657227
20170308154902822,0.867952728271484
20170308154902823,-2.26009902954102
20170308154902824,-1.77181777954102
20170308154902825,0.715364837646484
20170308154902826,-2.39742813110352
20170308154902827,-1.56582412719727
20170308154902828,0.860323333740234
20170308154902829,-2.55001602172852
20170308154902830,-1.55819473266602
20170308154902831,0.623812103271484
20170308154902832,-2.43557510375977
20170308154902833,-1.51241836547852
20170308154902834,0.799288177490234
20170308154902835,-2.48135147094727
20170308154902836,-1.45138320922852
20170308154902837,0.669588470458984
20170308154902838,-2.38979873657227
20170308154902839,-1.49715957641602
20170308154902840,0.860323333740234
20170308154902841,-2.58816299438477
20170308154902842,-1.47427139282227
20170308154902843,0.707735443115234
20170308154902844,-2.48135147094727
20170308154902845,-1.58108291625977
20170308154902846,0.654329681396484
20170308154902847,-2.33639297485352
20170308154902848,-1.60397109985352
20170308154902849,0.600923919677734
20170308154902850,-2.26772842407227
20170308154902851,-1.61922988891602
20170308154902852,0.761141204833984
20170308154902853,-2.30587539672852
20170308154902854,-1.38271865844727
20170308154902855,0.768770599365234
20170308154902856,-2.35928115844727
20170308154902857,-1.45138320922852
20170308154902858,0.715364837646484
20170308154902859,-2.44320449829102
20170308154902860,-1.48953018188477
20170308154902861,0.700106048583984
20170308154902862,-2.56527481079102
20170308154902863,-1.40560684204102
20170308154902864,0.791658782958984
20170308154902865,-2.61105117797852
20170308154902866,-1.36745986938477
20170308154902867,0.600923919677734
20170308154902868,-2.70260391235352
20170308154902869,-1.54293594360352
20170308154902870,0.654329681396484
20170308154902871,-2.71786270141602
20170308154902872,-1.33694229125977
20170308154902873,0.616182708740234
20170308154902874,-2.87807998657227
20170308154902875,-0.985990142822266
20170308154902876,0.532259368896484
20170308154902877,-2.96200332641602
20170308154902878,-0.757108306884766
20170308154902879,0.455965423583984
20170308154902880,-3.00777969360352
20170308154902881,-0.718961334228516
20170308154902882,0.425447845458984
20170308154902883,-3.02303848266602
20170308154902884,-0.368009185791016
20170308154902885,0.242342376708984
20170308154902886,-2.90859756469727
20170308154902887,-0.375638580322266
20170308154902888,-0.0323158264160156
20170308154902889,-2.86282119750977
20170308154902890,-0.306974029541016
20170308154902891,0.0973838806152344
20170308154902892,-2.88570938110352
20170308154902893,-0.123868560791016
20170308154902894,-0.146756744384766
20170308154902895,-2.80941543579102
20170308154902896,0.0516075134277344
20170308154902897,-0.284085845947266
20170308154902898,-2.91622695922852
20170308154902899,0.257601165771484
20170308154902900,-0.528226470947266
20170308154902901,-2.89333877563477
20170308154902902,0.463594818115234
20170308154902903,-0.757108306884766
20170308154902904,-2.89333877563477
20170308154902905,0.791658782958984
20170308154902906,-0.947843170166016
20170308154902907,-2.80178604125977
20170308154902908,0.951876068115234
20170308154902909,-1.25301895141602
20170308154902910,-2.63393936157227
20170308154902911,0.845064544677734
20170308154902912,-1.37508926391602
20170308154902913,-2.48135147094727
20170308154902914,0.753511810302734
20170308154902915,-1.66500625610352
20170308154902916,-2.20669326782227
20170308154902917,0.722994232177734
20170308154902918,-1.84048233032227
20170308154902919,-2.16091690063477
20170308154902920,0.837435150146484
20170308154902921,-1.99307022094727
20170308154902922,-2.00069961547852
20170308154902923,0.722994232177734
20170308154902924,-2.13802871704102
20170308154902925,-1.76418838500977
20170308154902926,0.753511810302734
20170308154902927,-2.36691055297852
20170308154902928,-1.65737686157227
20170308154902929,0.745882415771484
20170308154902930,-2.35928115844727
20170308154902931,-1.69552383422852
20170308154902932,0.745882415771484
20170308154902933,-2.33639297485352
20170308154902934,-1.61160049438477
20170308154902935,0.677217864990234
20170308154902936,-2.27535781860352
20170308154902937,-1.87099990844727
20170308154902938,0.578035736083984
20170308154902939,-2.28298721313477
20170308154902940,-1.84048233032227
20170308154902941,0.654329681396484
20170308154902942,-2.33639297485352
20170308154902943,-1.58108291625977
20170308154902944,0.837435150146484
20170308154902945,-2.68734512329102
20170308154902946,-1.35220108032227
20170308154902947,0.646700286865234
20170308154902948,-2.96963272094727
20170308154902949,-1.06228408813477
20170308154902950,0.486483001708984
20170308154902951,-2.91622695922852
20170308154902952,-1.08517227172852
20170308154902953,0.478853607177734
20170308154902954,-2.93148574829102
20170308154902955,-1.04702529907227
20170308154902956,0.471224212646484
20170308154902957,-2.88570938110352
20170308154902958,-0.993619537353516
20170308154902959,0.478853607177734
20170308154902960,-2.94674453735352
20170308154902961,-1.06991348266602
20170308154902962,0.661959075927734
20170308154902963,-2.96200332641602
20170308154902964,-1.04702529907227
20170308154902965,0.433077239990234
20170308154902966,-3.02303848266602
20170308154902967,-0.894437408447266
20170308154902968,0.402559661865234
20170308154902969,-2.93148574829102
20170308154902970,-0.795255279541016
20170308154902971,0.417818450927734
20170308154902972,-2.98489151000977
20170308154902973,-0.612149810791016
20170308154902974,0.555147552490234
20170308154902975,-2.92385635375977
20170308154902976,-0.467191314697266
20170308154902977,0.211824798583984
20170308154902978,-2.93911514282227
20170308154902979,-0.322232818603516
20170308154902980,0.158419036865234
20170308154902981,-2.92385635375977
20170308154902982,-0.352750396728516
20170308154902983,-0.0552040100097656
20170308154902984,-2.89333877563477
20170308154902985,-0.162015533447266
20170308154902986,-0.0170570373535156
20170308154902987,-2.90859756469727
20170308154902988,0.120272064208984
20170308154902989,-0.322232818603516
20170308154902990,-2.92385635375977
20170308154902991,-0.0017982482910156
20170308154902992,-0.306974029541016
20170308154902993,-2.83993301391602
20170308154902994,0.135530853271484
20170308154902995,-0.223050689697266
20170308154902996,-2.80178604125977
20170308154902997,0.311006927490234
20170308154902998,-0.444303131103516
20170308154902999,-2.81704483032227
20170308154903000,0.539888763427734
20170308154903001,-0.894437408447266
20170308154903002,-2.82467422485352
20170308154903003,0.517000579833984
20170308154903004,-0.970731353759766
20170308154903005,-2.86282119750977
20170308154903006,0.761141204833984
20170308154903007,-1.00887832641602
20170308154903008,-2.80941543579102
20170308154903009,0.562776947021484
20170308154903010,-0.703702545166016
20170308154903011,-2.77889785766602
20170308154903012,0.623812103271484
20170308154903013,-0.970731353759766
20170308154903014,-2.78652725219727
20170308154903015,0.799288177490234
20170308154903016,-1.19961318969727
20170308154903017,-2.78652725219727
20170308154903018,0.974764251708984
20170308154903019,-1.10806045532227
20170308154903020,-2.74075088500977
20170308154903021,0.661959075927734
20170308154903022,-1.18435440063477
20170308154903023,-2.62630996704102
20170308154903024,0.883211517333984
20170308154903025,-1.35220108032227
20170308154903026,-2.48898086547852
20170308154903027,0.814546966552734
20170308154903028,-1.52004776000977
20170308154903029,-2.51186904907227
20170308154903030,0.753511810302734
20170308154903031,-1.77944717407227
20170308154903032,-2.33639297485352
20170308154903033,0.822176361083984
20170308154903034,-1.87862930297852
20170308154903035,-2.22195205688477
20170308154903036,0.707735443115234
20170308154903037,-2.19906387329102
20170308154903038,-1.96255264282227
20170308154903039,0.860323333740234
20170308154903040,-2.19143447875977
20170308154903041,-1.90914688110352
20170308154903042,0.684847259521484
20170308154903043,-2.18380508422852
20170308154903044,-1.74892959594727
20170308154903045,0.761141204833984
20170308154903046,-2.39742813110352
20170308154903047,-1.63448867797852
20170308154903048,0.654329681396484
20170308154903049,-2.84756240844727
20170308154903050,-1.24538955688477
20170308154903051,0.654329681396484
20170308154903052,-3.03066787719727
20170308154903053,-0.871549224853516
20170308154903054,0.448336029052734
20170308154903055,-3.02303848266602
20170308154903056,-0.589261627197266
20170308154903057,0.341524505615234
20170308154903058,-3.00777969360352
20170308154903059,-0.833402252197266
20170308154903060,0.372042083740234
20170308154903061,-2.96200332641602
20170308154903062,-0.688443756103516
20170308154903063,0.272859954833984
20170308154903064,-2.94674453735352
20170308154903065,-0.482450103759766
20170308154903066,0.0821250915527344
20170308154903067,-2.89333877563477
20170308154903068,-0.184903717041016
20170308154903069,-0.162015533447266
20170308154903070,-2.93148574829102
20170308154903071,0.0744956970214844
20170308154903072,-0.352750396728516
20170308154903073,-2.80178604125977
20170308154903074,0.242342376708984
20170308154903075,-0.436673736572266
20170308154903076,-2.83230361938477
20170308154903077,0.295748138427734
20170308154903078,-0.589261627197266
20170308154903079,-2.80178604125977
20170308154903080,0.669588470458984
20170308154903081,-0.734220123291016
20170308154903082,-2.87045059204102
20170308154903083,0.722994232177734
20170308154903084,-0.924954986572266
20170308154903085,-2.85519180297852
20170308154903086,0.692476654052734
20170308154903087,-1.17672500610352
20170308154903088,-2.68734512329102
20170308154903089,0.913729095458984
20170308154903090,-1.26827774047852
20170308154903091,-2.60342178344727
20170308154903092,0.913729095458984
20170308154903093,-1.20724258422852
20170308154903094,-2.55001602172852
20170308154903095,0.799288177490234
20170308154903096,-1.57345352172852
20170308154903097,-2.42794570922852
20170308154903098,0.677217864990234
20170308154903099,-1.52004776000977
20170308154903100,-2.58816299438477
20170308154903101,0.967134857177734
20170308154903102,-1.52004776000977
20170308154903103,-2.44320449829102
20170308154903104,0.852693939208984
20170308154903105,-1.68789443969727
20170308154903106,-2.34402236938477
20170308154903107,0.806917572021484
20170308154903108,-1.74892959594727
20170308154903109,-2.25246963500977
20170308154903110,0.784029388427734
20170308154903111,-1.83285293579102
20170308154903112,-2.24484024047852
20170308154903113,0.639070892333984
20170308154903114,-1.65737686157227
20170308154903115,-2.37453994750977
20170308154903116,0.745882415771484
20170308154903117,-1.64211807250977
20170308154903118,-2.38979873657227
20170308154903119,0.707735443115234
20170308154903120,-1.58871231079102
20170308154903121,-2.44320449829102
20170308154903122,0.898470306396484
20170308154903123,-1.73367080688477
20170308154903124,-2.27535781860352
20170308154903125,0.883211517333984
20170308154903126,-1.75655899047852
20170308154903127,-2.27535781860352
20170308154903128,0.677217864990234
20170308154903129,-1.68026504516602
20170308154903130,-2.43557510375977
20170308154903131,0.852693939208984
20170308154903132,-1.69552383422852
20170308154903133,-2.21432266235352
20170308154903134,0.669588470458984
20170308154903135,-1.99307022094727
20170308154903136,-2.22958145141602
20170308154903137,0.707735443115234
20170308154903138,-2.02358779907227
20170308154903139,-2.14565811157227
20170308154903140,0.684847259521484
20170308154903141,-2.00069961547852
20170308154903142,-2.04647598266602
20170308154903143,0.738253021240234
20170308154903144,-1.99307022094727
20170308154903145,-2.03884658813477
20170308154903146,0.837435150146484
20170308154903147,-2.03884658813477
20170308154903148,-2.14565811157227
20170308154903149,0.730623626708984
20170308154903150,-2.00069961547852
20170308154903151,-2.22958145141602
20170308154903152,0.600923919677734
20170308154903153,-1.83285293579102
20170308154903154,-2.10751113891602
20170308154903155,0.822176361083984
20170308154903156,-1.85574111938477
20170308154903157,-2.15328750610352
20170308154903158,0.906099700927734
20170308154903159,-1.95492324829102
20170308154903160,-2.05410537719727
20170308154903161,0.707735443115234
20170308154903162,-2.09988174438477
20170308154903163,-2.04647598266602
20170308154903164,0.822176361083984
20170308154903165,-2.08462295532227
20170308154903166,-2.05410537719727
20170308154903167,0.784029388427734
20170308154903168,-2.14565811157227
20170308154903169,-1.90151748657227
20170308154903170,0.700106048583984
20170308154903171,-2.29824600219727
20170308154903172,-1.71078262329102
20170308154903173,0.677217864990234
20170308154903174,-2.51949844360352
20170308154903175,-1.42086563110352
20170308154903176,0.646700286865234
20170308154903177,-2.56527481079102
20170308154903178,-1.42086563110352
20170308154903179,0.684847259521484
20170308154903180,-2.83993301391602
20170308154903181,-1.19961318969727
20170308154903182,0.585665130615234
20170308154903183,-2.90096817016602
20170308154903184,-1.12331924438477
20170308154903185,0.669588470458984
20170308154903186,-2.96963272094727
20170308154903187,-0.978360748291016
20170308154903188,0.509371185302734
20170308154903189,-2.90859756469727
20170308154903190,-0.879178619384766
20170308154903191,0.417818450927734
20170308154903192,-2.89333877563477
20170308154903193,-0.604520416259766
20170308154903194,0.478853607177734
20170308154903195,-2.90859756469727
20170308154903196,-0.413785552978516
20170308154903197,0.0973838806152344
20170308154903198,-2.96200332641602
20170308154903199,-0.451932525634766
20170308154903200,-0.0094276428222656
20170308154903201,-3.02303848266602
20170308154903202,-0.276456451416016
20170308154903203,-0.184903717041016
20170308154903204,-2.96200332641602
20170308154903205,-0.146756744384766
20170308154903206,-0.169644927978516
20170308154903207,-2.87807998657227
20170308154903208,-0.0094276428222656
20170308154903209,-0.322232818603516
20170308154903210,-2.86282119750977
20170308154903211,0.242342376708984
20170308154903212,-0.490079498291016
20170308154903213,-2.88570938110352
20170308154903214,0.379671478271484
20170308154903215,-0.711331939697266
20170308154903216,-2.87807998657227
20170308154903217,0.631441497802734
20170308154903218,-0.894437408447266
20170308154903219,-2.82467422485352
20170308154903220,0.860323333740234
20170308154903221,-1.20724258422852
20170308154903222,-2.72549209594727
20170308154903223,0.822176361083984
20170308154903224,-1.19961318969727
20170308154903225,-2.56527481079102
20170308154903226,1.03579940795898
20170308154903227,-1.46664199829102
20170308154903228,-2.48135147094727
20170308154903229,0.906099700927734
20170308154903230,-1.63448867797852
20170308154903231,-2.35165176391602
20170308154903232,0.791658782958984
20170308154903233,-1.66500625610352
20170308154903234,-2.35928115844727
20170308154903235,0.898470306396484
20170308154903236,-2.00832901000977
20170308154903237,-2.21432266235352
20170308154903238,0.692476654052734
20170308154903239,-1.69552383422852
20170308154903240,-2.22195205688477
20170308154903241,0.806917572021484
20170308154903242,-1.88625869750977
20170308154903243,-2.14565811157227
20170308154903244,0.692476654052734
20170308154903245,-1.86337051391602
20170308154903246,-2.03121719360352
20170308154903247,0.654329681396484
20170308154903248,-1.92440567016602
20170308154903249,-1.98544082641602
20170308154903250,0.738253021240234
20170308154903251,-2.12276992797852
20170308154903252,-1.79470596313477
20170308154903253,0.745882415771484
20170308154903254,-2.25246963500977
20170308154903255,-1.71841201782227
20170308154903256,0.883211517333984
20170308154903257,-2.34402236938477
20170308154903258,-1.71841201782227
20170308154903259,0.700106048583984
20170308154903260,-2.20669326782227
20170308154903261,-1.88625869750977
20170308154903262,0.692476654052734
20170308154903263,-2.45846328735352
20170308154903264,-1.48953018188477
20170308154903265,0.669588470458984
20170308154903266,-2.71023330688477
20170308154903267,-1.47427139282227
20170308154903268,0.654329681396484
20170308154903269,-2.87045059204102
20170308154903270,-1.28353652954102
20170308154903271,0.639070892333984
20170308154903272,-2.82467422485352
20170308154903273,-1.25301895141602
20170308154903274,0.860323333740234
20170308154903275,-2.81704483032227
20170308154903276,-1.22250137329102
20170308154903277,0.547518157958984
20170308154903278,-2.63393936157227
20170308154903279,-1.39034805297852
20170308154903280,0.578035736083984
20170308154903281,-2.47372207641602
20170308154903282,-1.47427139282227
20170308154903283,0.646700286865234
20170308154903284,-2.55764541625977
20170308154903285,-1.58871231079102
20170308154903286,0.661959075927734
20170308154903287,-2.65682754516602
20170308154903288,-1.36745986938477
20170308154903289,0.745882415771484
20170308154903290,-2.82467422485352
20170308154903291,-1.26827774047852
20170308154903292,0.616182708740234
20170308154903293,-2.62630996704102
20170308154903294,-1.39034805297852
20170308154903295,0.669588470458984
20170308154903296,-2.64156875610352
20170308154903297,-1.47427139282227
20170308154903298,0.608553314208984
20170308154903299,-2.69497451782227
20170308154903300,-1.38271865844727
20170308154903301,0.524629974365234
20170308154903302,-2.90859756469727
20170308154903303,-1.21487197875977
20170308154903304,0.761141204833984
20170308154903305,-2.96200332641602
20170308154903306,-1.10043106079102
20170308154903307,0.486483001708984
20170308154903308,-3.02303848266602
20170308154903309,-0.841031646728516
20170308154903310,0.341524505615234
20170308154903311,-2.92385635375977
20170308154903312,-0.612149810791016
20170308154903313,0.318636322021484
20170308154903314,-2.96200332641602
20170308154903315,-0.467191314697266
20170308154903316,0.150789642333984
20170308154903317,-2.95437393188477
20170308154903318,-0.436673736572266
20170308154903319,0.150789642333984
20170308154903320,-2.89333877563477
20170308154903321,-0.207791900634766
20170308154903322,-0.162015533447266
20170308154903323,-2.92385635375977
20170308154903324,0.234712982177734
20170308154903325,-0.299344635009766
20170308154903326,-2.86282119750977
20170308154903327,0.349153900146484
20170308154903328,-0.490079498291016
20170308154903329,-2.87807998657227
20170308154903330,0.684847259521484
20170308154903331,-0.856290435791016
20170308154903332,-2.84756240844727
20170308154903333,0.669588470458984
20170308154903334,-1.02413711547852
20170308154903335,-2.90859756469727
20170308154903336,0.837435150146484
20170308154903337,-1.10806045532227
20170308154903338,-2.74838027954102
20170308154903339,0.776399993896484
20170308154903340,-1.47427139282227
20170308154903341,-2.61105117797852
20170308154903342,0.799288177490234
20170308154903343,-1.68026504516602
20170308154903344,-2.21432266235352
20170308154903345,0.707735443115234
20170308154903346,-1.88625869750977
20170308154903347,-2.16854629516602
20170308154903348,0.883211517333984
20170308154903349,-2.21432266235352
20170308154903350,-1.84048233032227
20170308154903351,0.776399993896484
20170308154903352,-2.48135147094727
20170308154903353,-1.66500625610352
20170308154903354,0.669588470458984
20170308154903355,-2.42031631469727
20170308154903356,-1.52767715454102
20170308154903357,0.639070892333984
20170308154903358,-2.39742813110352
20170308154903359,-1.44375381469727
20170308154903360,0.684847259521484
20170308154903361,-2.53475723266602
20170308154903362,-1.42086563110352
20170308154903363,0.722994232177734
20170308154903364,-2.78652725219727
20170308154903365,-1.38271865844727
20170308154903366,0.791658782958984
20170308154903367,-2.63393936157227
20170308154903368,-1.27590713500977
20170308154903369,0.593294525146484
20170308154903370,-2.74075088500977
20170308154903371,-1.16146621704102
20170308154903372,0.639070892333984
20170308154903373,-2.87807998657227
20170308154903374,-1.15383682250977
20170308154903375,0.570406341552734
20170308154903376,-2.90859756469727
20170308154903377,-0.924954986572266
20170308154903378,0.463594818115234
20170308154903379,-2.96200332641602
20170308154903380,-1.04702529907227
20170308154903381,0.410189056396484
20170308154903382,-2.92385635375977
20170308154903383,-1.00124893188477
20170308154903384,0.440706634521484
20170308154903385,-3.00777969360352
20170308154903386,-0.757108306884766
20170308154903387,0.341524505615234
20170308154903388,-2.96963272094727
20170308154903389,-0.612149810791016
20170308154903390,0.280489349365234
20170308154903391,-2.89333877563477
20170308154903392,-0.749478912353516
20170308154903393,0.539888763427734
20170308154903394,-2.96200332641602
20170308154903395,-0.795255279541016
20170308154903396,0.547518157958984
20170308154903397,-2.96200332641602
20170308154903398,-0.581632232666016
20170308154903399,0.272859954833984
20170308154903400,-2.94674453735352
20170308154903401,-0.627408599853516
20170308154903402,0.135530853271484
20170308154903403,-2.96200332641602
20170308154903404,-0.535855865478516
20170308154903405,0.265230560302734
20170308154903406,-2.89333877563477
20170308154903407,-0.535855865478516
20170308154903408,0.295748138427734
20170308154903409,-2.92385635375977
20170308154903410,-0.528226470947266
20170308154903411,0.204195404052734
20170308154903412,-2.95437393188477
20170308154903413,-0.467191314697266
20170308154903414,0.0058311462402344
20170308154903415,-2.90859756469727
20170308154903416,-0.451932525634766
20170308154903417,-0.0094276428222656
20170308154903418,-3.01540908813477
20170308154903419,-0.139127349853516
20170308154903420,-0.223050689697266
20170308154903421,-2.93911514282227
20170308154903422,-0.291715240478516
20170308154903423,-0.100980377197266
20170308154903424,-2.87045059204102
20170308154903425,-0.261197662353516
20170308154903426,-0.207791900634766
20170308154903427,-2.93911514282227
20170308154903428,-0.0475746154785156
20170308154903429,-0.444303131103516
20170308154903430,-3.04592666625977
20170308154903431,0.0897544860839844
20170308154903432,-0.520597076416016
20170308154903433,-2.85519180297852
20170308154903434,0.326265716552734
20170308154903435,-0.528226470947266
20170308154903436,-2.88570938110352
20170308154903437,0.379671478271484
20170308154903438,-0.642667388916016
20170308154903439,-2.86282119750977
20170308154903440,0.417818450927734
20170308154903441,-0.734220123291016
20170308154903442,-2.83993301391602
20170308154903443,0.578035736083984
20170308154903444,-0.627408599853516
20170308154903445,-2.87045059204102
20170308154903446,0.562776947021484
20170308154903447,-0.940213775634766
20170308154903448,-2.77126846313477
20170308154903449,0.753511810302734
20170308154903450,-1.10806045532227
20170308154903451,-2.76363906860352
20170308154903452,0.761141204833984
20170308154903453,-1.12331924438477
20170308154903454,-2.76363906860352
20170308154903455,0.982393646240234
20170308154903456,-1.23776016235352
20170308154903457,-2.60342178344727
20170308154903458,1.06631698608398
20170308154903459,-1.32931289672852
20170308154903460,-2.61105117797852
20170308154903461,0.814546966552734
20170308154903462,-1.23013076782227
20170308154903463,-2.67971572875977
20170308154903464,0.913729095458984
20170308154903465,-1.35220108032227
20170308154903466,-2.46609268188477
20170308154903467,0.761141204833984
20170308154903468,-1.80996475219727
20170308154903469,-2.33639297485352
20170308154903470,0.585665130615234
20170308154903471,-1.87862930297852
20170308154903472,-2.19906387329102
20170308154903473,0.776399993896484
20170308154903474,-2.03884658813477
20170308154903475,-1.98544082641602
20170308154903476,0.768770599365234
20170308154903477,-2.29061660766602
20170308154903478,-1.72604141235352
20170308154903479,0.738253021240234
20170308154903480,-2.51186904907227
20170308154903481,-1.54293594360352
20170308154903482,0.837435150146484
20170308154903483,-2.67208633422852
20170308154903484,-1.28353652954102
20170308154903485,0.631441497802734
20170308154903486,-2.81704483032227
20170308154903487,-1.23776016235352
20170308154903488,0.684847259521484
20170308154903489,-2.90096817016602
20170308154903490,-1.10043106079102
20170308154903491,0.524629974365234
20170308154903492,-2.91622695922852
20170308154903493,-0.963101959228516
20170308154903494,0.455965423583984
20170308154903495,-2.93148574829102
20170308154903496,-0.764737701416016
20170308154903497,0.326265716552734
20170308154903498,-2.97726211547852
20170308154903499,-0.589261627197266
20170308154903500,0.326265716552734
20170308154903501,-3.03066787719727
20170308154903502,-0.429044342041016
20170308154903503,-0.0552040100097656
20170308154903504,-3.06881484985352
20170308154903505,-0.184903717041016
20170308154903506,-0.177274322509766
20170308154903507,-2.91622695922852
20170308154903508,0.0134605407714844
20170308154903509,-0.299344635009766
20170308154903510,-2.94674453735352
20170308154903511,-0.0857215881347656
20170308154903512,-0.360379791259766
20170308154903513,-2.95437393188477
20170308154903514,0.105013275146484
20170308154903515,-0.528226470947266
20170308154903516,-2.90096817016602
20170308154903517,-0.0094276428222656
20170308154903518,-0.329862213134766
20170308154903519,-2.96200332641602
20170308154903520,0.517000579833984
20170308154903521,-0.757108306884766
20170308154903522,-2.89333877563477
20170308154903523,0.211824798583984
20170308154903524,-0.574002838134766
20170308154903525,-2.92385635375977
20170308154903526,0.326265716552734
20170308154903527,-0.657926177978516
20170308154903528,-2.83230361938477
20170308154903529,0.578035736083984
20170308154903530,-0.665555572509766
20170308154903531,-2.83230361938477
20170308154903532,0.806917572021484
20170308154903533,-1.00124893188477
20170308154903534,-2.86282119750977
20170308154903535,0.784029388427734
20170308154903536,-1.10806045532227
20170308154903537,-2.75600967407227
20170308154903538,0.906099700927734
20170308154903539,-1.32931289672852
20170308154903540,-2.58053359985352
20170308154903541,0.745882415771484
20170308154903542,-1.34457168579102
20170308154903543,-2.62630996704102
20170308154903544,0.784029388427734
20170308154903545,-1.53530654907227
20170308154903546,-2.56527481079102
20170308154903547,0.883211517333984
20170308154903548,-1.57345352172852
20170308154903549,-2.45083389282227
20170308154903550,0.761141204833984
20170308154903551,-1.55819473266602
20170308154903552,-2.48135147094727
20170308154903553,0.684847259521484
20170308154903554,-1.61160049438477
20170308154903555,-2.40505752563477
20170308154903556,0.722994232177734
20170308154903557,-1.57345352172852
20170308154903558,-2.39742813110352
20170308154903559,0.692476654052734
20170308154903560,-1.60397109985352
20170308154903561,-2.58053359985352
20170308154903562,0.784029388427734
20170308154903563,-1.42086563110352
20170308154903564,-2.61105117797852
20170308154903565,0.906099700927734
20170308154903566,-1.64974746704102
20170308154903567,-2.46609268188477
20170308154903568,0.692476654052734
20170308154903569,-1.68789443969727
20170308154903570,-2.24484024047852
20170308154903571,0.860323333740234
20170308154903572,-1.72604141235352
20170308154903573,-2.34402236938477
20170308154903574,0.753511810302734
20170308154903575,-1.64211807250977
20170308154903576,-2.16091690063477
20170308154903577,0.883211517333984
20170308154903578,-2.03121719360352
20170308154903579,-1.86337051391602
20170308154903580,0.837435150146484
20170308154903581,-2.22195205688477
20170308154903582,-1.82522354125977
20170308154903583,0.623812103271484
20170308154903584,-2.24484024047852
20170308154903585,-1.80233535766602
20170308154903586,0.669588470458984
20170308154903587,-2.27535781860352
20170308154903588,-1.71841201782227
20170308154903589,0.852693939208984
20170308154903590,-2.32113418579102
20170308154903591,-1.68026504516602
20170308154903592,0.875582122802734
20170308154903593,-2.35165176391602
20170308154903594,-1.53530654907227
20170308154903595,0.684847259521484
20170308154903596,-2.36691055297852
20170308154903597,-1.73367080688477
20170308154903598,0.639070892333984
20170308154903599,-2.26772842407227
20170308154903600,-1.87862930297852
20170308154903601,0.715364837646484
20170308154903602,-2.32113418579102
20170308154903603,-1.71841201782227
20170308154903604,0.707735443115234
20170308154903605,-2.58053359985352
20170308154903606,-1.45138320922852
20170308154903607,0.700106048583984
20170308154903608,-2.97726211547852
20170308154903609,-1.13094863891602
20170308154903610,0.578035736083984
20170308154903611,-3.02303848266602
20170308154903612,-0.863919830322266
20170308154903613,0.623812103271484
20170308154903614,-2.96963272094727
20170308154903615,-0.825772857666016
20170308154903616,0.326265716552734
20170308154903617,-2.96963272094727
20170308154903618,-0.726590728759766
20170308154903619,0.349153900146484
20170308154903620,-2.95437393188477
20170308154903621,-0.368009185791016
20170308154903622,-0.0246864318847656
20170308154903623,-2.98489151000977
20170308154903624,-0.207791900634766
20170308154903625,-0.169644927978516
20170308154903626,-2.96200332641602
20170308154903627,-0.131497955322266
20170308154903628,-0.184903717041016
20170308154903629,-2.92385635375977
20170308154903630,0.112642669677734
20170308154903631,-0.268827056884766
20170308154903632,-2.87807998657227
20170308154903633,0.158419036865234
20170308154903634,-0.528226470947266
20170308154903635,-2.90096817016602
20170308154903636,0.356783294677734
20170308154903637,-0.726590728759766
20170308154903638,-2.89333877563477
20170308154903639,0.623812103271484
20170308154903640,-0.879178619384766
20170308154903641,-2.86282119750977
20170308154903642,0.517000579833984
20170308154903643,-0.879178619384766
20170308154903644,-2.89333877563477
20170308154903645,0.730623626708984
20170308154903646,-0.985990142822266
20170308154903647,-2.79415664672852
20170308154903648,0.890840911865234
20170308154903649,-1.33694229125977
20170308154903650,-2.56527481079102
20170308154903651,0.806917572021484
20170308154903652,-1.47427139282227
20170308154903653,-2.45846328735352
20170308154903654,0.837435150146484
20170308154903655,-1.73367080688477
20170308154903656,-2.25246963500977
20170308154903657,0.700106048583984
20170308154903658,-1.90914688110352
20170308154903659,-2.26772842407227
20170308154903660,0.951876068115234
20170308154903661,-1.97781143188477
20170308154903662,-2.13802871704102
20170308154903663,0.753511810302734
20170308154903664,-2.11514053344727
20170308154903665,-2.03121719360352
20170308154903666,0.898470306396484
20170308154903667,-2.17617568969727
20170308154903668,-1.86337051391602
20170308154903669,0.761141204833984
20170308154903670,-2.32876358032227
20170308154903671,-1.62685928344727
20170308154903672,0.814546966552734
20170308154903673,-2.63393936157227
20170308154903674,-1.52767715454102
20170308154903675,0.646700286865234
20170308154903676,-2.57290420532227
20170308154903677,-1.41323623657227
20170308154903678,0.700106048583984
20170308154903679,-2.64919815063477
20170308154903680,-1.47427139282227
20170308154903681,0.623812103271484
20170308154903682,-2.64919815063477
20170308154903683,-1.39797744750977
20170308154903684,0.578035736083984
20170308154903685,-2.76363906860352
20170308154903686,-1.49715957641602
20170308154903687,0.646700286865234
20170308154903688,-2.72549209594727
20170308154903689,-1.26064834594727
20170308154903690,0.585665130615234
20170308154903691,-2.77126846313477
20170308154903692,-1.14620742797852
20170308154903693,0.555147552490234
20170308154903694,-2.85519180297852
20170308154903695,-1.32168350219727
20170308154903696,0.791658782958984
20170308154903697,-2.95437393188477
20170308154903698,-1.15383682250977
20170308154903699,0.501741790771484
20170308154903700,-3.01540908813477
20170308154903701,-1.04702529907227
20170308154903702,0.471224212646484
20170308154903703,-3.02303848266602
20170308154903704,-0.947843170166016
20170308154903705,0.402559661865234
20170308154903706,-3.00777969360352
20170308154903707,-0.993619537353516
20170308154903708,0.448336029052734
20170308154903709,-2.96200332641602
20170308154903710,-0.764737701416016
20170308154903711,0.501741790771484
20170308154903712,-2.90859756469727
20170308154903713,-0.871549224853516
20170308154903714,0.394930267333984
20170308154903715,-2.96200332641602
20170308154903716,-1.00887832641602
20170308154903717,0.410189056396484
20170308154903718,-2.96200332641602
20170308154903719,-0.963101959228516
20170308154903720,0.379671478271484
20170308154903721,-2.90859756469727
20170308154903722,-1.13094863891602
20170308154903723,0.478853607177734
20170308154903724,-2.85519180297852
20170308154903725,-1.29116592407227
20170308154903726,0.707735443115234
20170308154903727,-2.77126846313477
20170308154903728,-1.36745986938477
20170308154903729,0.600923919677734
20170308154903730,-2.80178604125977
20170308154903731,-1.35983047485352
20170308154903732,0.669588470458984
20170308154903733,-2.90859756469727
20170308154903734,-1.26827774047852
20170308154903735,0.555147552490234
20170308154903736,-3.00777969360352
20170308154903737,-1.05465469360352
20170308154903738,0.440706634521484
20170308154903739,-3.00015029907227
20170308154903740,-0.917325592041016
20170308154903741,0.425447845458984
20170308154903742,-2.96963272094727
20170308154903743,-0.955472564697266
20170308154903744,0.494112396240234
20170308154903745,-2.98489151000977
20170308154903746,-0.810514068603516
20170308154903747,0.562776947021484
20170308154903748,-2.90096817016602
20170308154903749,-0.985990142822266
20170308154903750,0.402559661865234
20170308154903751,-2.91622695922852
20170308154903752,-0.688443756103516
20170308154903753,0.288118743896484
20170308154903754,-2.96963272094727
20170308154903755,-0.566373443603516
20170308154903756,0.196566009521484
20170308154903757,-2.99252090454102
20170308154903758,-0.345121002197266
20170308154903759,0.234712982177734
20170308154903760,-3.00015029907227
20170308154903761,-0.261197662353516
20170308154903762,-0.131497955322266
20170308154903763,-2.96963272094727
20170308154903764,-0.139127349853516
20170308154903765,-0.276456451416016
20170308154903766,-3.06118545532227
20170308154903767,-0.0399452209472656
20170308154903768,-0.413785552978516
20170308154903769,-2.96200332641602
20170308154903770,0.341524505615234
20170308154903771,-0.642667388916016
20170308154903772,-2.84756240844727
20170308154903773,0.455965423583984
20170308154903774,-0.825772857666016
20170308154903775,-2.87045059204102
20170308154903776,0.616182708740234
20170308154903777,-0.848661041259766
20170308154903778,-2.83993301391602
20170308154903779,0.974764251708984
20170308154903780,-1.10806045532227
20170308154903781,-2.71023330688477
20170308154903782,0.715364837646484
20170308154903783,-1.21487197875977
20170308154903784,-2.71023330688477
20170308154903785,0.768770599365234
20170308154903786,-1.40560684204102
20170308154903787,-2.64919815063477
20170308154903788,0.761141204833984
20170308154903789,-1.60397109985352
20170308154903790,-2.38979873657227
20170308154903791,0.745882415771484
20170308154903792,-1.84048233032227
20170308154903793,-2.15328750610352
20170308154903794,0.562776947021484
20170308154903795,-1.98544082641602
20170308154903796,-2.06936416625977
20170308154903797,0.829805755615234
20170308154903798,-2.17617568969727
20170308154903799,-1.86337051391602
20170308154903800,0.753511810302734
20170308154903801,-2.31350479125977
20170308154903802,-1.77181777954102
20170308154903803,0.707735443115234
20170308154903804,-2.36691055297852
20170308154903805,-1.74892959594727
20170308154903806,0.814546966552734
20170308154903807,-2.35928115844727
20170308154903808,-1.61922988891602
20170308154903809,0.677217864990234
20170308154903810,-2.38216934204102
20170308154903811,-1.53530654907227
20170308154903812,0.646700286865234
20170308154903813,-2.72549209594727
20170308154903814,-1.50478897094727
20170308154903815,0.547518157958984
20170308154903816,-2.70260391235352
20170308154903817,-1.39034805297852
20170308154903818,0.578035736083984
20170308154903819,-2.95437393188477
20170308154903820,-1.16146621704102
20170308154903821,0.547518157958984
20170308154903822,-2.98489151000977
20170308154903823,-1.05465469360352
20170308154903824,0.433077239990234
20170308154903825,-3.04592666625977
20170308154903826,-0.818143463134766
20170308154903827,0.372042083740234
20170308154903828,-2.88570938110352
20170308154903829,-0.703702545166016
20170308154903830,0.387300872802734
20170308154903831,-2.94674453735352
20170308154903832,-0.474820709228516
20170308154903833,0.242342376708984
20170308154903834,-2.92385635375977
20170308154903835,-0.596891021728516
20170308154903836,0.211824798583984
20170308154903837,-2.90859756469727
20170308154903838,-0.726590728759766
20170308154903839,0.463594818115234
20170308154903840,-2.90096817016602
20170308154903841,-0.764737701416016
20170308154903842,0.311006927490234
20170308154903843,-2.93911514282227
20170308154903844,-0.619779205322266
20170308154903845,0.356783294677734
20170308154903846,-2.93148574829102
20170308154903847,-0.482450103759766
20170308154903848,0.181307220458984
20170308154903849,-2.98489151000977
20170308154903850,-0.383267974853516
20170308154903851,-0.0628334045410156
20170308154903852,-3.01540908813477
20170308154903853,-0.299344635009766
20170308154903854,0.0134605407714844
20170308154903855,-3.02303848266602
20170308154903856,-0.299344635009766
20170308154903857,-0.131497955322266
20170308154903858,-2.91622695922852
20170308154903859,-0.253568267822266
20170308154903860,-0.230680084228516
20170308154903861,-2.93911514282227
20170308154903862,-0.116239166259766
20170308154903863,-0.352750396728516
20170308154903864,-2.95437393188477
20170308154903865,-0.215421295166016
20170308154903866,-0.291715240478516
20170308154903867,-2.94674453735352
20170308154903868,-0.100980377197266
20170308154903869,-0.306974029541016
20170308154903870,-2.88570938110352
20170308154903871,-0.0246864318847656
20170308154903872,-0.284085845947266
20170308154903873,-2.90859756469727
20170308154903874,0.0134605407714844
20170308154903875,-0.383267974853516
20170308154903876,-2.86282119750977
20170308154903877,0.280489349365234
20170308154903878,-0.482450103759766
20170308154903879,-2.85519180297852
20170308154903880,0.372042083740234
20170308154903881,-0.627408599853516
20170308154903882,-2.83230361938477
20170308154903883,0.623812103271484
20170308154903884,-0.718961334228516
20170308154903885,-2.88570938110352
20170308154903886,0.707735443115234
20170308154903887,-0.932584381103516
20170308154903888,-2.84756240844727
20170308154903889,0.784029388427734
20170308154903890,-0.779996490478516
20170308154903891,-2.87045059204102
20170308154903892,0.494112396240234
20170308154903893,-0.703702545166016
20170308154903894,-2.87045059204102
20170308154903895,0.738253021240234
20170308154903896,-0.871549224853516
20170308154903897,-2.83230361938477
20170308154903898,0.684847259521484
20170308154903899,-1.02413711547852
20170308154903900,-2.88570938110352
20170308154903901,0.730623626708984
20170308154903902,-1.05465469360352
20170308154903903,-2.77126846313477
20170308154903904,0.860323333740234
20170308154903905,-1.27590713500977
20170308154903906,-2.70260391235352
20170308154903907,0.753511810302734
20170308154903908,-1.31405410766602
20170308154903909,-2.64919815063477
20170308154903910,0.814546966552734
20170308154903911,-1.48190078735352
20170308154903912,-2.39742813110352
20170308154903913,0.768770599365234
20170308154903914,-1.68026504516602
20170308154903915,-2.27535781860352
20170308154903916,0.707735443115234
20170308154903917,-1.87862930297852
20170308154903918,-2.17617568969727
20170308154903919,0.738253021240234
20170308154903920,-2.17617568969727
20170308154903921,-1.93203506469727
20170308154903922,0.768770599365234
20170308154903923,-2.25246963500977
20170308154903924,-1.80233535766602
20170308154903925,0.829805755615234
20170308154903926,-2.29061660766602
20170308154903927,-1.90914688110352
20170308154903928,0.784029388427734
20170308154903929,-2.59579238891602
20170308154903930,-1.55056533813477
20170308154903931,0.608553314208984
20170308154903932,-2.72549209594727
20170308154903933,-1.39797744750977
20170308154903934,0.616182708740234
20170308154903935,-2.73312149047852
20170308154903936,-1.20724258422852
20170308154903937,0.730623626708984
20170308154903938,-2.93148574829102
20170308154903939,-1.03176651000977
20170308154903940,0.417818450927734
20170308154903941,-3.02303848266602
20170308154903942,-0.970731353759766
20170308154903943,0.471224212646484
20170308154903944,-2.96200332641602
20170308154903945,-0.955472564697266
20170308154903946,0.532259368896484
20170308154903947,-2.97726211547852
20170308154903948,-1.10043106079102
20170308154903949,0.509371185302734
20170308154903950,-2.98489151000977
20170308154903951,-1.03939590454102
20170308154903952,0.677217864990234
20170308154903953,-3.00015029907227
20170308154903954,-0.673184967041016
20170308154903955,0.402559661865234
20170308154903956,-2.93911514282227
20170308154903957,-0.543485260009766
20170308154903958,0.311006927490234
20170308154903959,-2.93148574829102
20170308154903960,-0.612149810791016
20170308154903961,0.265230560302734
20170308154903962,-3.00777969360352
20170308154903963,-0.566373443603516
20170308154903964,0.433077239990234
20170308154903965,-2.90859756469727
20170308154903966,-0.429044342041016
20170308154903967,0.127901458740234
20170308154903968,-3.00777969360352
20170308154903969,-0.535855865478516
20170308154903970,0.173677825927734
20170308154903971,-2.92385635375977
20170308154903972,-0.421414947509766
20170308154903973,0.0821250915527344
20170308154903974,-2.91622695922852
20170308154903975,-0.368009185791016
20170308154903976,-0.0628334045410156
20170308154903977,-2.99252090454102
20170308154903978,-0.337491607666016
20170308154903979,-0.116239166259766
20170308154903980,-2.96963272094727
20170308154903981,-0.268827056884766
20170308154903982,0.0668663024902344
20170308154903983,-2.96963272094727
20170308154903984,0.0744956970214844
20170308154903985,-0.261197662353516
20170308154903986,-2.89333877563477
20170308154903987,-0.0094276428222656
20170308154903988,-0.276456451416016
20170308154903989,-2.79415664672852
20170308154903990,-0.146756744384766
20170308154903991,-0.223050689697266
20170308154903992,-2.90859756469727
20170308154903993,0.0287193298339844
20170308154903994,-0.299344635009766
20170308154903995,-2.94674453735352
20170308154903996,0.234712982177734
20170308154903997,-0.406156158447266
20170308154903998,-2.89333877563477
20170308154903999,0.288118743896484
20170308154904000,-0.207791900634766
20170308154904001,-2.87045059204102
20170308154904002,0.127901458740234
20170308154904003,-0.596891021728516
20170308154904004,-2.84756240844727
20170308154904005,0.600923919677734
20170308154904006,-0.696073150634766
20170308154904007,-2.87807998657227
20170308154904008,0.631441497802734
20170308154904009,-0.940213775634766
20170308154904010,-2.87807998657227
20170308154904011,0.837435150146484
20170308154904012,-1.03939590454102
20170308154904013,-2.90096817016602
20170308154904014,0.524629974365234
20170308154904015,-0.924954986572266
20170308154904016,-2.80941543579102
20170308154904017,0.509371185302734
20170308154904018,-0.978360748291016
20170308154904019,-2.88570938110352
20170308154904020,0.684847259521484
20170308154904021,-0.856290435791016
20170308154904022,-2.77889785766602
20170308154904023,0.921358489990234
20170308154904024,-1.10806045532227
20170308154904025,-2.57290420532227
20170308154904026,0.806917572021484
20170308154904027,-1.62685928344727
20170308154904028,-2.34402236938477
20170308154904029,0.883211517333984
20170308154904030,-1.98544082641602
20170308154904031,-2.06936416625977
20170308154904032,0.936617279052734
20170308154904033,-2.19143447875977
20170308154904034,-1.93203506469727
20170308154904035,0.707735443115234
20170308154904036,-2.35165176391602
20170308154904037,-1.69552383422852
20170308154904038,0.806917572021484
20170308154904039,-2.53475723266602
20170308154904040,-1.29879531860352
20170308154904041,0.784029388427734
20170308154904042,-2.67208633422852
20170308154904043,-1.33694229125977
20170308154904044,0.585665130615234
20170308154904045,-2.61105117797852
20170308154904046,-1.31405410766602
20170308154904047,0.608553314208984
20170308154904048,-2.86282119750977
20170308154904049,-1.16909561157227
20170308154904050,0.494112396240234
20170308154904051,-2.91622695922852
20170308154904052,-1.10806045532227
20170308154904053,0.661959075927734
20170308154904054,-2.95437393188477
20170308154904055,-0.825772857666016
20170308154904056,0.585665130615234
20170308154904057,-2.94674453735352
20170308154904058,-0.764737701416016
20170308154904059,0.379671478271484
20170308154904060,-2.93148574829102
20170308154904061,-0.963101959228516
20170308154904062,0.341524505615234
20170308154904063,-3.01540908813477
20170308154904064,-0.688443756103516
20170308154904065,0.326265716552734
20170308154904066,-2.94674453735352
20170308154904067,-0.497708892822266
20170308154904068,0.0821250915527344
20170308154904069,-2.98489151000977
20170308154904070,-0.184903717041016
20170308154904071,-0.146756744384766
20170308154904072,-2.96963272094727
20170308154904073,-0.299344635009766
20170308154904074,-0.207791900634766
20170308154904075,-2.97726211547852
20170308154904076,0.219454193115234
20170308154904077,-0.505338287353516
20170308154904078,-2.84756240844727
20170308154904079,0.394930267333984
20170308154904080,-0.703702545166016
20170308154904081,-2.84756240844727
20170308154904082,0.249971771240234
20170308154904083,-0.574002838134766
20170308154904084,-2.84756240844727
20170308154904085,0.608553314208984
20170308154904086,-0.612149810791016
20170308154904087,-2.83230361938477
20170308154904088,0.791658782958984
20170308154904089,-0.879178619384766
20170308154904090,-2.82467422485352
20170308154904091,0.875582122802734
20170308154904092,-1.19961318969727
20170308154904093,-2.67971572875977
20170308154904094,0.944246673583984
20170308154904095,-1.23013076782227
20170308154904096,-2.53475723266602
20170308154904097,0.753511810302734
20170308154904098,-1.57345352172852
20170308154904099,-2.51186904907227
20170308154904100,0.684847259521484
20170308154904101,-1.23776016235352
20170308154904102,-2.61105117797852
20170308154904103,0.692476654052734
20170308154904104,-1.48953018188477
20170308154904105,-2.58053359985352
20170308154904106,0.913729095458984
20170308154904107,-1.46664199829102
20170308154904108,-2.48135147094727
20170308154904109,0.677217864990234
20170308154904110,-1.37508926391602
20170308154904111,-2.60342178344727
20170308154904112,0.745882415771484
20170308154904113,-1.56582412719727
20170308154904114,-2.58053359985352
20170308154904115,0.845064544677734
20170308154904116,-1.42849502563477
20170308154904117,-2.65682754516602
20170308154904118,0.845064544677734
20170308154904119,-1.38271865844727
20170308154904120,-2.58816299438477
20170308154904121,0.898470306396484
20170308154904122,-1.55056533813477
20170308154904123,-2.52712783813477
20170308154904124,0.684847259521484
20170308154904125,-1.56582412719727
20170308154904126,-2.44320449829102
20170308154904127,0.822176361083984
20170308154904128,-1.68026504516602
20170308154904129,-2.38979873657227
20170308154904130,0.646700286865234
20170308154904131,-1.77944717407227
20170308154904132,-2.26772842407227
20170308154904133,0.684847259521484
20170308154904134,-1.90914688110352
20170308154904135,-2.30587539672852
20170308154904136,0.730623626708984
20170308154904137,-1.93966445922852
20170308154904138,-2.17617568969727
20170308154904139,0.776399993896484
20170308154904140,-1.97018203735352
20170308154904141,-2.12276992797852
20170308154904142,0.631441497802734
20170308154904143,-1.93966445922852
20170308154904144,-2.09988174438477
20170308154904145,0.700106048583984
20170308154904146,-2.04647598266602
20170308154904147,-2.10751113891602
20170308154904148,0.669588470458984
20170308154904149,-2.19143447875977
20170308154904150,-1.90151748657227
20170308154904151,0.776399993896484
20170308154904152,-2.35928115844727
20170308154904153,-1.93203506469727
20170308154904154,0.600923919677734
20170308154904155,-2.26772842407227
20170308154904156,-1.80233535766602
20170308154904157,0.692476654052734
20170308154904158,-2.43557510375977
20170308154904159,-1.76418838500977
20170308154904160,0.913729095458984
20170308154904161,-2.25246963500977
20170308154904162,-1.68789443969727
20170308154904163,0.570406341552734
20170308154904164,-2.22195205688477
20170308154904165,-1.73367080688477
20170308154904166,0.707735443115234
20170308154904167,-2.55764541625977
20170308154904168,-1.46664199829102
20170308154904169,0.669588470458984
20170308154904170,-2.67208633422852
20170308154904171,-1.29116592407227
20170308154904172,0.860323333740234
20170308154904173,-2.86282119750977
20170308154904174,-1.17672500610352
20170308154904175,0.616182708740234
20170308154904176,-2.92385635375977
20170308154904177,-1.04702529907227
20170308154904178,0.532259368896484
20170308154904179,-2.91622695922852
20170308154904180,-1.03939590454102
20170308154904181,0.440706634521484
20170308154904182,-2.95437393188477
20170308154904183,-0.909696197509766
20170308154904184,0.486483001708984
20170308154904185,-2.98489151000977
20170308154904186,-0.825772857666016
20170308154904187,0.356783294677734
20170308154904188,-2.93911514282227
20170308154904189,-0.528226470947266
20170308154904190,0.234712982177734
20170308154904191,-2.98489151000977
20170308154904192,-0.276456451416016
20170308154904193,0.0897544860839844
20170308154904194,-2.96200332641602
20170308154904195,-0.337491607666016
20170308154904196,0.0897544860839844
20170308154904197,-2.96200332641602
20170308154904198,-0.284085845947266
20170308154904199,-0.0628334045410156
20170308154904200,-2.98489151000977
20170308154904201,-0.223050689697266
20170308154904202,-0.261197662353516
20170308154904203,-2.89333877563477
20170308154904204,0.272859954833984
20170308154904205,-0.474820709228516
20170308154904206,-2.82467422485352
20170308154904207,0.524629974365234
20170308154904208,-0.604520416259766
20170308154904209,-2.87045059204102
20170308154904210,0.837435150146484
20170308154904211,-0.779996490478516
20170308154904212,-2.73312149047852
20170308154904213,0.867952728271484
20170308154904214,-0.879178619384766
20170308154904215,-2.78652725219727
20170308154904216,0.906099700927734
20170308154904217,-1.13857803344727
20170308154904218,-2.73312149047852
20170308154904219,0.776399993896484
20170308154904220,-1.29879531860352
20170308154904221,-2.62630996704102
20170308154904222,0.944246673583984
20170308154904223,-1.42086563110352
20170308154904224,-2.48135147094727
20170308154904225,0.799288177490234
20170308154904226,-1.67263565063477
20170308154904227,-2.40505752563477
20170308154904228,0.715364837646484
20170308154904229,-1.80996475219727
20170308154904230,-2.28298721313477
20170308154904231,0.623812103271484
20170308154904232,-1.80996475219727
20170308154904233,-2.35165176391602
20170308154904234,0.654329681396484
20170308154904235,-1.97781143188477
20170308154904236,-2.03884658813477
20170308154904237,0.524629974365234
20170308154904238,-1.91677627563477
20170308154904239,-2.03121719360352
20170308154904240,0.684847259521484
20170308154904241,-2.17617568969727
20170308154904242,-1.85574111938477
20170308154904243,0.707735443115234
20170308154904244,-2.43557510375977
20170308154904245,-1.64974746704102
20170308154904246,0.715364837646484
20170308154904247,-2.45846328735352
20170308154904248,-1.51241836547852
20170308154904249,0.684847259521484
20170308154904250,-2.62630996704102
20170308154904251,-1.61922988891602
20170308154904252,0.867952728271484
20170308154904253,-2.35165176391602
20170308154904254,-1.59634170532227
20170308154904255,0.654329681396484
20170308154904256,-2.26772842407227
20170308154904257,-1.87862930297852
20170308154904258,0.570406341552734
20170308154904259,-2.07699356079102
20170308154904260,-1.91677627563477
20170308154904261,0.784029388427734
20170308154904262,-2.09988174438477
20170308154904263,-2.00069961547852
20170308154904264,0.661959075927734
20170308154904265,-2.06173477172852
20170308154904266,-1.80996475219727
20170308154904267,0.837435150146484
20170308154904268,-2.07699356079102
20170308154904269,-1.91677627563477
20170308154904270,0.677217864990234
20170308154904271,-2.19143447875977
20170308154904272,-1.87099990844727
20170308154904273,0.707735443115234
20170308154904274,-2.26009902954102
20170308154904275,-1.92440567016602
20170308154904276,0.654329681396484
20170308154904277,-2.25246963500977
20170308154904278,-1.84811172485352
20170308154904279,0.852693939208984
20170308154904280,-2.48898086547852
20170308154904281,-1.47427139282227
20170308154904282,0.661959075927734
20170308154904283,-2.73312149047852
20170308154904284,-1.48953018188477
20170308154904285,0.555147552490234
20170308154904286,-2.70260391235352
20170308154904287,-1.36745986938477
20170308154904288,0.761141204833984
20170308154904289,-2.72549209594727
20170308154904290,-1.20724258422852
20170308154904291,0.730623626708984
20170308154904292,-2.89333877563477
20170308154904293,-1.13857803344727
20170308154904294,0.532259368896484
20170308154904295,-2.93911514282227
20170308154904296,-0.886808013916016
20170308154904297,0.532259368896484
20170308154904298,-2.98489151000977
20170308154904299,-0.772367095947266
20170308154904300,0.471224212646484
20170308154904301,-3.01540908813477
20170308154904302,-0.703702545166016
20170308154904303,0.326265716552734
20170308154904304,-2.93911514282227
20170308154904305,-0.718961334228516
20170308154904306,0.242342376708984
20170308154904307,-2.97726211547852
20170308154904308,-0.383267974853516
20170308154904309,-0.0246864318847656
20170308154904310,-2.96963272094727
20170308154904311,-0.253568267822266
20170308154904312,-0.192533111572266
20170308154904313,-3.00015029907227
20170308154904314,-0.0170570373535156
20170308154904315,-0.322232818603516
20170308154904316,-2.93148574829102
20170308154904317,0.0744956970214844
20170308154904318,-0.390897369384766
20170308154904319,-2.86282119750977
20170308154904320,0.211824798583984
20170308154904321,-0.558744049072266
20170308154904322,-2.85519180297852
20170308154904323,0.478853607177734
20170308154904324,-0.673184967041016
20170308154904325,-2.87807998657227
20170308154904326,0.486483001708984
20170308154904327,-0.734220123291016
20170308154904328,-2.78652725219727
20170308154904329,0.623812103271484
20170308154904330,-0.871549224853516
20170308154904331,-2.83993301391602
20170308154904332,0.715364837646484
20170308154904333,-1.06228408813477
20170308154904334,-2.79415664672852
20170308154904335,0.753511810302734
20170308154904336,-1.13857803344727
20170308154904337,-2.74838027954102
20170308154904338,0.944246673583984
20170308154904339,-1.27590713500977
20170308154904340,-2.56527481079102
20170308154904341,0.814546966552734
20170308154904342,-1.67263565063477
20170308154904343,-2.32113418579102
20170308154904344,0.593294525146484
20170308154904345,-1.84048233032227
20170308154904346,-2.19143447875977
20170308154904347,0.768770599365234
20170308154904348,-2.14565811157227
20170308154904349,-1.91677627563477
20170308154904350,0.867952728271484
20170308154904351,-2.51186904907227
20170308154904352,-1.61160049438477
20170308154904353,0.700106048583984
20170308154904354,-2.57290420532227
20170308154904355,-1.35220108032227
20170308154904356,0.677217864990234
20170308154904357,-2.90096817016602
20170308154904358,-1.19198379516602
20170308154904359,0.539888763427734
20170308154904360,-2.99252090454102
20170308154904361,-0.833402252197266
20170308154904362,0.524629974365234
20170308154904363,-2.97726211547852
20170308154904364,-0.848661041259766
20170308154904365,0.448336029052734
20170308154904366,-3.03829727172852
20170308154904367,-0.497708892822266
20170308154904368,0.158419036865234
20170308154904369,-2.99252090454102
20170308154904370,-0.429044342041016
20170308154904371,0.0821250915527344
20170308154904372,-2.98489151000977
20170308154904373,-0.276456451416016
20170308154904374,-0.0704627990722656
20170308154904375,-3.02303848266602
20170308154904376,-0.429044342041016
20170308154904377,0.0668663024902344
20170308154904378,-2.92385635375977
20170308154904379,-0.306974029541016
20170308154904380,0.112642669677734
20170308154904381,-2.94674453735352
20170308154904382,-0.360379791259766
20170308154904383,-0.131497955322266
20170308154904384,-2.93148574829102
20170308154904385,-0.169644927978516
20170308154904386,-0.0704627990722656
20170308154904387,-2.93911514282227
20170308154904388,-0.169644927978516
20170308154904389,-0.276456451416016
20170308154904390,-2.91622695922852
20170308154904391,-0.0399452209472656
20170308154904392,-0.368009185791016
20170308154904393,-2.92385635375977
20170308154904394,0.219454193115234
20170308154904395,-0.337491607666016
20170308154904396,-2.86282119750977
20170308154904397,0.188936614990234
20170308154904398,-0.322232818603516
20170308154904399,-2.83993301391602
20170308154904400,0.341524505615234
20170308154904401,-0.589261627197266
20170308154904402,-2.81704483032227
20170308154904403,0.234712982177734
20170308154904404,-0.482450103759766
20170308154904405,-2.94674453735352
20170308154904406,0.326265716552734
20170308154904407,-0.421414947509766
20170308154904408,-2.83993301391602
20170308154904409,0.448336029052734
20170308154904410,-0.528226470947266
20170308154904411,-2.83230361938477
20170308154904412,0.379671478271484
20170308154904413,-0.657926177978516
20170308154904414,-2.86282119750977
20170308154904415,0.372042083740234
20170308154904416,-0.711331939697266
20170308154904417,-2.78652725219727
20170308154904418,0.639070892333984
20170308154904419,-0.871549224853516
20170308154904420,-2.87045059204102
20170308154904421,0.829805755615234
20170308154904422,-0.970731353759766
20170308154904423,-2.77126846313477
20170308154904424,0.631441497802734
20170308154904425,-0.955472564697266
20170308154904426,-2.81704483032227
20170308154904427,0.738253021240234
20170308154904428,-0.871549224853516
20170308154904429,-2.74838027954102
20170308154904430,0.928987884521484
20170308154904431,-1.18435440063477
20170308154904432,-2.64156875610352
20170308154904433,0.806917572021484
20170308154904434,-1.21487197875977
20170308154904435,-2.70260391235352
20170308154904436,0.799288177490234
20170308154904437,-1.06991348266602
20170308154904438,-2.73312149047852
20170308154904439,0.707735443115234
20170308154904440,-0.985990142822266
20170308154904441,-2.82467422485352
20170308154904442,0.700106048583984
20170308154904443,-1.02413711547852
20170308154904444,-2.74838027954102
20170308154904445,0.692476654052734
20170308154904446,-0.985990142822266
20170308154904447,-2.85519180297852
20170308154904448,0.898470306396484
20170308154904449,-1.04702529907227
20170308154904450,-2.77126846313477
20170308154904451,0.776399993896484
20170308154904452,-1.13857803344727
20170308154904453,-2.73312149047852
20170308154904454,0.852693939208984
20170308154904455,-1.08517227172852
20170308154904456,-2.61105117797852
20170308154904457,0.806917572021484
20170308154904458,-1.33694229125977
20170308154904459,-2.57290420532227
20170308154904460,0.806917572021484
20170308154904461,-1.44375381469727
20170308154904462,-2.51949844360352
20170308154904463,0.799288177490234
20170308154904464,-1.58108291625977
20170308154904465,-2.41268692016602
20170308154904466,0.753511810302734
20170308154904467,-1.71841201782227
20170308154904468,-2.29824600219727
20170308154904469,0.684847259521484
20170308154904470,-1.73367080688477
20170308154904471,-2.20669326782227
20170308154904472,0.921358489990234
20170308154904473,-1.77944717407227
20170308154904474,-2.17617568969727
20170308154904475,0.654329681396484
20170308154904476,-1.97018203735352
20170308154904477,-2.00069961547852
20170308154904478,0.730623626708984
20170308154904479,-2.02358779907227
20170308154904480,-1.84811172485352
20170308154904481,0.784029388427734
20170308154904482,-2.32113418579102
20170308154904483,-1.83285293579102
20170308154904484,0.745882415771484
20170308154904485,-2.51949844360352
20170308154904486,-1.48190078735352
20170308154904487,0.791658782958984
20170308154904488,-2.87045059204102
20170308154904489,-1.14620742797852
20170308154904490,0.593294525146484
20170308154904491,-3.01540908813477
20170308154904492,-0.917325592041016
20170308154904493,0.433077239990234
20170308154904494,-2.93911514282227
20170308154904495,-0.474820709228516
20170308154904496,0.242342376708984
20170308154904497,-2.96963272094727
20170308154904498,-0.528226470947266
20170308154904499,0.173677825927734
20170308154904500,-2.98489151000977
20170308154904501,-0.0475746154785156
20170308154904502,-0.0857215881347656
20170308154904503,-2.88570938110352
20170308154904504,-0.0628334045410156
20170308154904505,-0.352750396728516
20170308154904506,-2.92385635375977
20170308154904507,0.272859954833984
20170308154904508,-0.574002838134766
20170308154904509,-2.80178604125977
20170308154904510,0.578035736083984
20170308154904511,-0.795255279541016
20170308154904512,-2.87807998657227
20170308154904513,0.761141204833984
20170308154904514,-0.978360748291016
20170308154904515,-2.81704483032227
20170308154904516,0.799288177490234
20170308154904517,-1.12331924438477
20170308154904518,-2.70260391235352
20170308154904519,0.875582122802734
20170308154904520,-1.10806045532227
20170308154904521,-2.61105117797852
20170308154904522,0.944246673583984
20170308154904523,-1.58108291625977
20170308154904524,-2.45083389282227
20170308154904525,0.761141204833984
20170308154904526,-1.41323623657227
20170308154904527,-2.38979873657227
20170308154904528,0.837435150146484
20170308154904529,-1.74130020141602
20170308154904530,-2.27535781860352
20170308154904531,0.845064544677734
20170308154904532,-1.90914688110352
20170308154904533,-2.09988174438477
20170308154904534,0.684847259521484
20170308154904535,-2.01595840454102
20170308154904536,-2.08462295532227
20170308154904537,0.730623626708984
20170308154904538,-2.22958145141602
20170308154904539,-1.70315322875977
20170308154904540,0.776399993896484
20170308154904541,-2.38216934204102
20170308154904542,-1.65737686157227
20170308154904543,0.890840911865234
20170308154904544,-2.48898086547852
20170308154904545,-1.56582412719727
20170308154904546,0.654329681396484
20170308154904547,-2.61105117797852
20170308154904548,-1.39034805297852
20170308154904549,0.791658782958984
20170308154904550,-2.61868057250977
20170308154904551,-1.55056533813477
20170308154904552,0.608553314208984
20170308154904553,-2.61868057250977
20170308154904554,-1.37508926391602
20170308154904555,0.761141204833984
20170308154904556,-2.78652725219727
20170308154904557,-1.16909561157227
20170308154904558,0.700106048583984
20170308154904559,-2.80178604125977
20170308154904560,-1.19198379516602
20170308154904561,0.654329681396484
20170308154904562,-2.87045059204102
20170308154904563,-1.16146621704102
20170308154904564,0.646700286865234
20170308154904565,-2.93911514282227
20170308154904566,-0.917325592041016
20170308154904567,0.494112396240234
20170308154904568,-2.96200332641602
20170308154904569,-0.955472564697266
20170308154904570,0.379671478271484
20170308154904571,-2.92385635375977
20170308154904572,-0.993619537353516
20170308154904573,0.433077239990234
20170308154904574,-2.90859756469727
20170308154904575,-1.00124893188477
20170308154904576,0.501741790771484
20170308154904577,-2.89333877563477
20170308154904578,-1.00887832641602
20170308154904579,0.463594818115234
20170308154904580,-2.85519180297852
20170308154904581,-1.22250137329102
20170308154904582,0.661959075927734
20170308154904583,-2.88570938110352
20170308154904584,-1.10806045532227
20170308154904585,0.700106048583984
20170308154904586,-2.93148574829102
20170308154904587,-1.06991348266602
20170308154904588,0.463594818115234
20170308154904589,-2.90096817016602
20170308154904590,-1.10043106079102
20170308154904591,0.562776947021484
20170308154904592,-2.90859756469727
20170308154904593,-0.902066802978516
20170308154904594,0.745882415771484
20170308154904595,-2.87045059204102
20170308154904596,-0.856290435791016
20170308154904597,0.486483001708984
20170308154904598,-2.93911514282227
20170308154904599,-0.764737701416016
20170308154904600,0.417818450927734
20170308154904601,-2.89333877563477
20170308154904602,-0.650296783447266
20170308154904603,0.349153900146484
20170308154904604,-2.90096817016602
20170308154904605,-0.924954986572266
20170308154904606,0.539888763427734
20170308154904607,-2.99252090454102
20170308154904608,-0.650296783447266
20170308154904609,0.517000579833984
20170308154904610,-2.87807998657227
20170308154904611,-0.703702545166016
20170308154904612,0.372042083740234
20170308154904613,-3.00777969360352
20170308154904614,-0.718961334228516
20170308154904615,0.471224212646484
20170308154904616,-2.92385635375977
20170308154904617,-0.848661041259766
20170308154904618,0.433077239990234
20170308154904619,-2.97726211547852
20170308154904620,-0.642667388916016
20170308154904621,0.387300872802734
20170308154904622,-2.95437393188477
20170308154904623,-0.604520416259766
20170308154904624,0.219454193115234
20170308154904625,-2.94674453735352
20170308154904626,-0.505338287353516
20170308154904627,0.341524505615234
20170308154904628,-2.87807998657227
20170308154904629,-0.375638580322266
20170308154904630,-0.0704627990722656
20170308154904631,-2.89333877563477
20170308154904632,-0.146756744384766
20170308154904633,-0.261197662353516
20170308154904634,-2.91622695922852
20170308154904635,0.272859954833984
20170308154904636,-0.543485260009766
20170308154904637,-2.88570938110352
20170308154904638,0.707735443115234
20170308154904639,-0.779996490478516
20170308154904640,-2.85519180297852
20170308154904641,0.852693939208984
20170308154904642,-0.978360748291016
20170308154904643,-2.80178604125977
20170308154904644,0.722994232177734
20170308154904645,-1.05465469360352
20170308154904646,-2.78652725219727
20170308154904647,0.860323333740234
20170308154904648,-1.26827774047852
20170308154904649,-2.55764541625977
20170308154904650,0.944246673583984
20170308154904651,-1.54293594360352
20170308154904652,-2.43557510375977
20170308154904653,0.768770599365234
20170308154904654,-1.74130020141602
20170308154904655,-2.26009902954102
20170308154904656,0.661959075927734
20170308154904657,-1.85574111938477
20170308154904658,-2.16091690063477
20170308154904659,0.654329681396484
20170308154904660,-1.82522354125977
20170308154904661,-2.14565811157227
20170308154904662,0.677217864990234
20170308154904663,-1.99307022094727
20170308154904664,-2.08462295532227
20170308154904665,0.745882415771484
20170308154904666,-2.19906387329102
20170308154904667,-1.80233535766602
20170308154904668,0.913729095458984
20170308154904669,-2.19143447875977
20170308154904670,-1.90151748657227
20170308154904671,0.692476654052734
20170308154904672,-2.11514053344727
20170308154904673,-1.87099990844727
20170308154904674,0.784029388427734
20170308154904675,-2.24484024047852
20170308154904676,-1.71841201782227
20170308154904677,0.784029388427734
20170308154904678,-2.31350479125977
20170308154904679,-1.61160049438477
20170308154904680,0.845064544677734
20170308154904681,-2.36691055297852
20170308154904682,-1.53530654907227
20170308154904683,0.722994232177734
20170308154904684,-2.46609268188477
20170308154904685,-1.60397109985352
20170308154904686,0.684847259521484
20170308154904687,-2.51186904907227
20170308154904688,-1.47427139282227
20170308154904689,0.654329681396484
20170308154904690,-2.62630996704102
20170308154904691,-1.39034805297852
20170308154904692,0.730623626708984
20170308154904693,-2.68734512329102
20170308154904694,-1.29116592407227
20170308154904695,0.654329681396484
20170308154904696,-2.90096817016602
20170308154904697,-0.940213775634766
20170308154904698,0.494112396240234
20170308154904699,-2.94674453735352
20170308154904700,-1.03939590454102
20170308154904701,0.517000579833984
20170308154904702,-3.07644424438477
20170308154904703,-0.924954986572266
20170308154904704,0.402559661865234
20170308154904705,-2.93911514282227
20170308154904706,-0.703702545166016
20170308154904707,0.372042083740234
20170308154904708,-2.91622695922852
20170308154904709,-0.696073150634766
20170308154904710,0.318636322021484
20170308154904711,-2.97726211547852
20170308154904712,-0.535855865478516
20170308154904713,0.349153900146484
20170308154904714,-3.00777969360352
20170308154904715,-0.612149810791016
20170308154904716,0.318636322021484
20170308154904717,-2.87045059204102
20170308154904718,-0.665555572509766
20170308154904719,0.257601165771484
20170308154904720,-2.90859756469727
20170308154904721,-0.413785552978516
20170308154904722,0.204195404052734
20170308154904723,-2.92385635375977
20170308154904724,-0.467191314697266
20170308154904725,0.272859954833984
20170308154904726,-2.87045059204102
20170308154904727,-0.459561920166016
20170308154904728,0.173677825927734
20170308154904729,-2.94674453735352
20170308154904730,-0.497708892822266
20170308154904731,0.143160247802734
20170308154904732,-2.88570938110352
20170308154904733,-0.398526763916016
20170308154904734,0.0592369079589844
20170308154904735,-2.99252090454102
20170308154904736,-0.360379791259766
20170308154904737,0.0439781188964844
20170308154904738,-2.85519180297852
20170308154904739,-0.345121002197266
20170308154904740,-0.0552040100097656
20170308154904741,-2.99252090454102
20170308154904742,-0.0780921936035156
20170308154904743,-0.184903717041016
20170308154904744,-2.92385635375977
20170308154904745,-0.0857215881347656
20170308154904746,-0.329862213134766
20170308154904747,-2.91622695922852
20170308154904748,0.188936614990234
20170308154904749,-0.535855865478516
20170308154904750,-2.93911514282227
20170308154904751,0.501741790771484
20170308154904752,-0.795255279541016
20170308154904753,-2.88570938110352
20170308154904754,0.501741790771484
20170308154904755,-0.627408599853516
20170308154904756,-2.79415664672852
20170308154904757,0.684847259521484
20170308154904758,-0.902066802978516
20170308154904759,-2.74075088500977
20170308154904760,0.677217864990234
20170308154904761,-0.863919830322266
20170308154904762,-2.67971572875977
20170308154904763,0.860323333740234
20170308154904764,-0.863919830322266
20170308154904765,-2.74075088500977
20170308154904766,0.822176361083984
20170308154904767,-1.17672500610352
20170308154904768,-2.66445693969727
20170308154904769,0.906099700927734
20170308154904770,-1.35983047485352
20170308154904771,-2.48135147094727
20170308154904772,0.906099700927734
20170308154904773,-1.54293594360352
20170308154904774,-2.42031631469727
20170308154904775,0.822176361083984
20170308154904776,-1.58871231079102
20170308154904777,-2.42031631469727
20170308154904778,0.700106048583984
20170308154904779,-1.73367080688477
20170308154904780,-2.30587539672852
20170308154904781,0.700106048583984
20170308154904782,-1.53530654907227
20170308154904783,-2.39742813110352
20170308154904784,0.692476654052734
20170308154904785,-1.85574111938477
20170308154904786,-2.18380508422852
20170308154904787,0.700106048583984
20170308154904788,-1.91677627563477
20170308154904789,-2.20669326782227
20170308154904790,0.761141204833984
20170308154904791,-2.06173477172852
20170308154904792,-2.01595840454102
20170308154904793,0.829805755615234
20170308154904794,-2.41268692016602
20170308154904795,-1.48190078735352
20170308154904796,0.745882415771484
20170308154904797,-2.72549209594727
20170308154904798,-1.35983047485352
20170308154904799,0.623812103271484
20170308154904800,-2.85519180297852
20170308154904801,-0.970731353759766
20170308154904802,0.524629974365234
20170308154904803,-2.94674453735352
20170308154904804,-0.871549224853516
20170308154904805,0.494112396240234
20170308154904806,-2.91622695922852
20170308154904807,-0.566373443603516
20170308154904808,0.257601165771484
20170308154904809,-2.91622695922852
20170308154904810,-0.429044342041016
20170308154904811,0.372042083740234
20170308154904812,-2.90859756469727
20170308154904813,-0.268827056884766
20170308154904814,-0.0933509826660156
20170308154904815,-2.93148574829102
20170308154904816,0.166048431396484
20170308154904817,-0.230680084228516
20170308154904818,-2.85519180297852
20170308154904819,0.0439781188964844
20170308154904820,-0.284085845947266
20170308154904821,-2.85519180297852
20170308154904822,0.0744956970214844
20170308154904823,-0.215421295166016
20170308154904824,-2.85519180297852
20170308154904825,0.0973838806152344
20170308154904826,-0.375638580322266
20170308154904827,-2.93148574829102
20170308154904828,0.684847259521484
20170308154904829,-0.787625885009766
20170308154904830,-2.93148574829102
20170308154904831,0.623812103271484
20170308154904832,-0.863919830322266
20170308154904833,-2.86282119750977
20170308154904834,0.890840911865234
20170308154904835,-1.11568984985352
20170308154904836,-2.76363906860352
20170308154904837,0.944246673583984
20170308154904838,-1.36745986938477
20170308154904839,-2.61868057250977
20170308154904840,0.860323333740234
20170308154904841,-1.50478897094727
20170308154904842,-2.43557510375977
20170308154904843,1.02054061889648
20170308154904844,-1.43612442016602
20170308154904845,-2.47372207641602
20170308154904846,0.722994232177734
20170308154904847,-1.45901260375977
20170308154904848,-2.38979873657227
20170308154904849,0.730623626708984
20170308154904850,-1.43612442016602
20170308154904851,-2.50423965454102
20170308154904852,0.829805755615234
20170308154904853,-1.26827774047852
20170308154904854,-2.52712783813477
20170308154904855,0.913729095458984
20170308154904856,-1.24538955688477
20170308154904857,-2.50423965454102
20170308154904858,0.921358489990234
20170308154904859,-1.47427139282227
20170308154904860,-2.46609268188477
20170308154904861,0.829805755615234
20170308154904862,-1.63448867797852
20170308154904863,-2.53475723266602
20170308154904864,0.806917572021484
20170308154904865,-1.42849502563477
20170308154904866,-2.53475723266602
20170308154904867,0.768770599365234
20170308154904868,-1.33694229125977
20170308154904869,-2.56527481079102
20170308154904870,0.845064544677734
20170308154904871,-1.39797744750977
20170308154904872,-2.56527481079102
20170308154904873,0.753511810302734
20170308154904874,-1.57345352172852
20170308154904875,-2.45846328735352
20170308154904876,0.921358489990234
20170308154904877,-1.58871231079102
20170308154904878,-2.50423965454102
20170308154904879,0.722994232177734
20170308154904880,-1.42086563110352
20170308154904881,-2.61868057250977
20170308154904882,0.806917572021484
20170308154904883,-1.27590713500977
20170308154904884,-2.61105117797852
20170308154904885,0.791658782958984
20170308154904886,-1.23776016235352
20170308154904887,-2.59579238891602
20170308154904888,1.01291122436523
20170308154904889,-1.35220108032227
20170308154904890,-2.59579238891602
20170308154904891,0.883211517333984
20170308154904892,-1.55819473266602
20170308154904893,-2.40505752563477
20170308154904894,0.997652435302734
20170308154904895,-1.55056533813477
20170308154904896,-2.36691055297852
20170308154904897,0.761141204833984
20170308154904898,-1.57345352172852
20170308154904899,-2.53475723266602
20170308154904900,0.890840911865234
20170308154904901,-1.45138320922852
20170308154904902,-2.29824600219727
20170308154904903,0.700106048583984
20170308154904904,-1.85574111938477
20170308154904905,-1.95492324829102
20170308154904906,0.776399993896484
20170308154904907,-2.12276992797852
20170308154904908,-2.05410537719727
20170308154904909,0.745882415771484
20170308154904910,-2.11514053344727
20170308154904911,-1.75655899047852
20170308154904912,0.928987884521484
20170308154904913,-2.38216934204102
20170308154904914,-1.58108291625977
20170308154904915,0.845064544677734
20170308154904916,-2.51186904907227
20170308154904917,-1.30642471313477
20170308154904918,0.539888763427734
20170308154904919,-2.76363906860352
20170308154904920,-1.16146621704102
20170308154904921,0.860323333740234
20170308154904922,-2.80178604125977
20170308154904923,-1.13094863891602
20170308154904924,0.692476654052734
20170308154904925,-2.96963272094727
20170308154904926,-1.01650772094727
20170308154904927,0.562776947021484
20170308154904928,-2.94674453735352
20170308154904929,-0.642667388916016
20170308154904930,0.311006927490234
20170308154904931,-2.93148574829102
20170308154904932,-0.345121002197266
20170308154904933,0.196566009521484
20170308154904934,-2.92385635375977
20170308154904935,-0.268827056884766
20170308154904936,-0.0170570373535156
20170308154904937,-2.85519180297852
20170308154904938,-0.245938873291016
20170308154904939,-0.184903717041016
20170308154904940,-2.89333877563477
20170308154904941,0.0821250915527344
20170308154904942,-0.398526763916016
20170308154904943,-2.80941543579102
20170308154904944,0.333895111083984
20170308154904945,-0.558744049072266
20170308154904946,-2.81704483032227
20170308154904947,0.463594818115234
20170308154904948,-0.726590728759766
20170308154904949,-2.88570938110352
20170308154904950,0.768770599365234
20170308154904951,-1.03939590454102
20170308154904952,-2.82467422485352
20170308154904953,0.936617279052734
20170308154904954,-1.47427139282227
20170308154904955,-2.60342178344727
20170308154904956,0.753511810302734
20170308154904957,-1.23776016235352
20170308154904958,-2.54238662719727
20170308154904959,0.829805755615234
20170308154904960,-1.45901260375977
20170308154904961,-2.62630996704102
20170308154904962,0.951876068115234
20170308154904963,-1.29879531860352
20170308154904964,-2.58053359985352
20170308154904965,0.684847259521484
20170308154904966,-1.61160049438477
20170308154904967,-2.42031631469727
20170308154904968,0.799288177490234
20170308154904969,-1.69552383422852
20170308154904970,-2.33639297485352
20170308154904971,0.959505462646484
20170308154904972,-1.83285293579102
20170308154904973,-2.16854629516602
20170308154904974,0.738253021240234
20170308154904975,-1.95492324829102
20170308154904976,-2.06173477172852
20170308154904977,0.921358489990234
20170308154904978,-1.98544082641602
20170308154904979,-1.99307022094727
20170308154904980,0.784029388427734
20170308154904981,-2.06173477172852
20170308154904982,-1.83285293579102
20170308154904983,1.00528182983398
20170308154904984,-2.26772842407227
20170308154904985,-1.86337051391602
20170308154904986,0.631441497802734
20170308154904987,-2.26009902954102
20170308154904988,-1.74130020141602
20170308154904989,0.776399993896484
20170308154904990,-2.44320449829102
20170308154904991,-1.60397109985352
20170308154904992,0.684847259521484
20170308154904993,-2.61105117797852
20170308154904994,-1.42849502563477
20170308154904995,0.700106048583984
20170308154904996,-2.63393936157227
20170308154904997,-1.39797744750977
20170308154904998,0.753511810302734
20170308154904999,-2.78652725219727
20170308154905000,-1.11568984985352
20170308154905001,0.585665130615234
20170308154905002,-2.96963272094727
20170308154905003,-1.01650772094727
20170308154905004,0.471224212646484
20170308154905005,-3.00015029907227
20170308154905006,-0.680814361572266
20170308154905007,0.364412689208984
20170308154905008,-2.90096817016602
20170308154905009,-0.856290435791016
20170308154905010,0.448336029052734
20170308154905011,-3.03066787719727
20170308154905012,-0.718961334228516
20170308154905013,0.356783294677734
20170308154905014,-2.94674453735352
20170308154905015,-0.444303131103516
20170308154905016,0.478853607177734
20170308154905017,-2.89333877563477
20170308154905018,-0.642667388916016
20170308154905019,0.410189056396484
20170308154905020,-2.90096817016602
20170308154905021,-0.795255279541016
20170308154905022,0.524629974365234
20170308154905023,-2.87807998657227
20170308154905024,-0.703702545166016
20170308154905025,0.349153900146484
20170308154905026,-2.84756240844727
20170308154905027,-0.688443756103516
20170308154905028,0.593294525146484
20170308154905029,-2.91622695922852
20170308154905030,-0.558744049072266
20170308154905031,0.280489349365234
20170308154905032,-2.99252090454102
20170308154905033,-0.306974029541016
20170308154905034,0.0134605407714844
20170308154905035,-2.95437393188477
20170308154905036,-0.245938873291016
20170308154905037,0.0821250915527344
20170308154905038,-2.93911514282227
20170308154905039,-0.429044342041016
20170308154905040,0.135530853271484
20170308154905041,-2.89333877563477
20170308154905042,-0.329862213134766
20170308154905043,0.0592369079589844
20170308154905044,-2.96963272094727
20170308154905045,-0.345121002197266
20170308154905046,-0.0246864318847656
20170308154905047,-2.93148574829102
20170308154905048,-0.299344635009766
20170308154905049,-0.0017982482910156
20170308154905050,-2.93911514282227
20170308154905051,-0.406156158447266
20170308154905052,0.0134605407714844
20170308154905053,-3.00015029907227
20170308154905054,-0.169644927978516
20170308154905055,-0.154386138916016
20170308154905056,-2.90096817016602
20170308154905057,0.0287193298339844
20170308154905058,-0.177274322509766
20170308154905059,-2.90859756469727
20170308154905060,-0.0933509826660156
20170308154905061,-0.276456451416016
20170308154905062,-2.93148574829102
20170308154905063,0.143160247802734
20170308154905064,-0.490079498291016
20170308154905065,-2.84756240844727
20170308154905066,0.425447845458984
20170308154905067,-0.642667388916016
20170308154905068,-2.84756240844727
20170308154905069,0.532259368896484
20170308154905070,-0.802884674072266
20170308154905071,-2.84756240844727
20170308154905072,0.883211517333984
20170308154905073,-1.06228408813477
20170308154905074,-2.77126846313477
20170308154905075,0.822176361083984
20170308154905076,-1.07754287719727
20170308154905077,-2.71023330688477
20170308154905078,0.845064544677734
20170308154905079,-1.24538955688477
20170308154905080,-2.64919815063477
20170308154905081,0.715364837646484
20170308154905082,-1.26064834594727
20170308154905083,-2.64919815063477
20170308154905084,0.867952728271484
20170308154905085,-1.45138320922852
20170308154905086,-2.56527481079102
20170308154905087,0.890840911865234
20170308154905088,-1.68789443969727
20170308154905089,-2.16854629516602
20170308154905090,0.791658782958984
20170308154905091,-2.00069961547852
20170308154905092,-2.01595840454102
20170308154905093,0.707735443115234
20170308154905094,-2.03121719360352
20170308154905095,-1.81759414672852
20170308154905096,0.768770599365234
20170308154905097,-2.40505752563477
20170308154905098,-1.58871231079102
20170308154905099,0.684847259521484
20170308154905100,-2.56527481079102
20170308154905101,-1.43612442016602
20170308154905102,0.669588470458984
20170308154905103,-2.71786270141602
20170308154905104,-1.24538955688477
20170308154905105,0.631441497802734
20170308154905106,-2.87045059204102
20170308154905107,-1.10806045532227
20170308154905108,0.578035736083984
20170308154905109,-2.93148574829102
20170308154905110,-0.810514068603516
20170308154905111,0.440706634521484
20170308154905112,-2.90859756469727
20170308154905113,-0.543485260009766
20170308154905114,0.265230560302734
20170308154905115,-2.87045059204102
20170308154905116,-0.474820709228516
20170308154905117,0.211824798583984
20170308154905118,-2.96200332641602
20170308154905119,-0.200162506103516
20170308154905120,0.0439781188964844
20170308154905121,-2.96963272094727
20170308154905122,-0.230680084228516
20170308154905123,-0.0780921936035156
20170308154905124,-2.92385635375977
20170308154905125,0.0516075134277344
20170308154905126,-0.207791900634766
20170308154905127,-2.86282119750977
20170308154905128,-0.0857215881347656
20170308154905129,-0.245938873291016
20170308154905130,-2.90096817016602
20170308154905131,0.150789642333984
20170308154905132,-0.0628334045410156
20170308154905133,-2.87807998657227
20170308154905134,-0.0704627990722656
20170308154905135,-0.314603424072266
20170308154905136,-2.90096817016602
20170308154905137,0.188936614990234
20170308154905138,-0.383267974853516
20170308154905139,-2.89333877563477
20170308154905140,0.0821250915527344
20170308154905141,-0.345121002197266
20170308154905142,-2.87045059204102
20170308154905143,0.311006927490234
20170308154905144,-0.429044342041016
20170308154905145,-2.86282119750977
20170308154905146,0.0058311462402344
20170308154905147,-0.184903717041016
20170308154905148,-2.82467422485352
20170308154905149,0.204195404052734
20170308154905150,-0.482450103759766
20170308154905151,-2.80941543579102
20170308154905152,0.394930267333984
20170308154905153,-0.520597076416016
20170308154905154,-2.83230361938477
20170308154905155,0.333895111083984
20170308154905156,-0.512967681884766
20170308154905157,-2.87045059204102
20170308154905158,0.0516075134277344
20170308154905159,-0.383267974853516
20170308154905160,-2.84756240844727
20170308154905161,0.196566009521484
20170308154905162,-0.459561920166016
20170308154905163,-2.88570938110352
20170308154905164,0.0668663024902344
20170308154905165,-0.429044342041016
20170308154905166,-2.97726211547852
20170308154905167,0.0592369079589844
20170308154905168,-0.429044342041016
20170308154905169,-2.87807998657227
20170308154905170,0.326265716552734
20170308154905171,-0.467191314697266
20170308154905172,-2.95437393188477
20170308154905173,0.112642669677734
20170308154905174,-0.375638580322266
20170308154905175,-2.88570938110352
20170308154905176,0.318636322021484
20170308154905177,-0.612149810791016
20170308154905178,-2.83993301391602
20170308154905179,0.494112396240234
20170308154905180,-0.802884674072266
20170308154905181,-2.84756240844727
20170308154905182,0.677217864990234
20170308154905183,-0.993619537353516
20170308154905184,-2.91622695922852
20170308154905185,0.539888763427734
20170308154905186,-0.978360748291016
20170308154905187,-2.85519180297852
20170308154905188,0.616182708740234
20170308154905189,-1.00887832641602
20170308154905190,-2.77889785766602
20170308154905191,0.837435150146484
20170308154905192,-1.17672500610352
20170308154905193,-2.67971572875977
20170308154905194,1.04342880249023
20170308154905195,-1.33694229125977
20170308154905196,-2.63393936157227
20170308154905197,0.829805755615234
20170308154905198,-1.49715957641602
20170308154905199,-2.54238662719727
20170308154905200,0.745882415771484
20170308154905201,-1.61922988891602
20170308154905202,-2.41268692016602
20170308154905203,0.906099700927734
20170308154905204,-1.79470596313477
20170308154905205,-2.21432266235352
20170308154905206,0.669588470458984
20170308154905207,-1.80996475219727
20170308154905208,-2.23721084594727
20170308154905209,0.593294525146484
20170308154905210,-1.89388809204102
20170308154905211,-2.07699356079102
20170308154905212,0.669588470458984
20170308154905213,-2.19906387329102
20170308154905214,-1.87099990844727
20170308154905215,0.715364837646484
20170308154905216,-2.29061660766602
20170308154905217,-1.69552383422852
20170308154905218,0.730623626708984
20170308154905219,-2.57290420532227
20170308154905220,-1.62685928344727
20170308154905221,0.791658782958984
20170308154905222,-2.51186904907227
20170308154905223,-1.65737686157227
20170308154905224,0.806917572021484
20170308154905225,-2.67971572875977
20170308154905226,-1.42086563110352
20170308154905227,0.639070892333984
20170308154905228,-2.74075088500977
20170308154905229,-1.24538955688477
20170308154905230,0.585665130615234
20170308154905231,-2.97726211547852
20170308154905232,-0.993619537353516
20170308154905233,0.394930267333984
20170308154905234,-2.93911514282227
20170308154905235,-0.879178619384766
20170308154905236,0.486483001708984
20170308154905237,-2.98489151000977
20170308154905238,-0.749478912353516
20170308154905239,0.517000579833984
20170308154905240,-2.89333877563477
20170308154905241,-0.322232818603516
20170308154905242,0.356783294677734
20170308154905243,-2.90096817016602
20170308154905244,-0.223050689697266
20170308154905245,-0.0857215881347656
20170308154905246,-3.01540908813477
20170308154905247,-0.329862213134766
20170308154905248,-0.100980377197266
20170308154905249,-2.99252090454102
20170308154905250,-0.177274322509766
20170308154905251,-0.261197662353516
20170308154905252,-2.96200332641602
20170308154905253,-0.0399452209472656
20170308154905254,-0.322232818603516
20170308154905255,-2.93911514282227
20170308154905256,0.0210899353027344
20170308154905257,-0.192533111572266
20170308154905258,-2.83230361938477
20170308154905259,0.234712982177734
20170308154905260,-0.505338287353516
20170308154905261,-2.86282119750977
20170308154905262,0.517000579833984
20170308154905263,-0.528226470947266
20170308154905264,-2.83993301391602
20170308154905265,0.715364837646484
20170308154905266,-0.604520416259766
20170308154905267,-2.89333877563477
20170308154905268,0.471224212646484
20170308154905269,-0.802884674072266
20170308154905270,-2.77126846313477
20170308154905271,0.600923919677734
20170308154905272,-0.940213775634766
20170308154905273,-2.77126846313477
20170308154905274,0.860323333740234
20170308154905275,-1.00887832641602
20170308154905276,-2.74075088500977
20170308154905277,0.906099700927734
20170308154905278,-1.24538955688477
20170308154905279,-2.59579238891602
20170308154905280,0.845064544677734
20170308154905281,-1.42849502563477
20170308154905282,-2.42794570922852
20170308154905283,0.791658782958984
20170308154905284,-1.71078262329102
20170308154905285,-2.45846328735352
20170308154905286,0.654329681396484
20170308154905287,-1.53530654907227
20170308154905288,-2.29061660766602
20170308154905289,0.684847259521484
20170308154905290,-1.52767715454102
20170308154905291,-2.41268692016602
20170308154905292,0.784029388427734
20170308154905293,-1.57345352172852
20170308154905294,-2.36691055297852
20170308154905295,0.776399993896484
20170308154905296,-1.61922988891602
20170308154905297,-2.52712783813477
20170308154905298,0.738253021240234
20170308154905299,-1.32168350219727
20170308154905300,-2.56527481079102
20170308154905301,0.753511810302734
20170308154905302,-1.48953018188477
20170308154905303,-2.41268692016602
20170308154905304,0.784029388427734
20170308154905305,-1.66500625610352
20170308154905306,-2.42031631469727
20170308154905307,0.661959075927734
20170308154905308,-1.61922988891602
20170308154905309,-2.44320449829102
20170308154905310,0.761141204833984
20170308154905311,-1.66500625610352
20170308154905312,-2.45846328735352
20170308154905313,0.700106048583984
20170308154905314,-1.71078262329102
20170308154905315,-2.42031631469727
20170308154905316,0.700106048583984
20170308154905317,-1.84811172485352
20170308154905318,-2.40505752563477
20170308154905319,0.707735443115234
20170308154905320,-1.63448867797852
20170308154905321,-2.35928115844727
20170308154905322,0.684847259521484
20170308154905323,-1.58108291625977
20170308154905324,-2.50423965454102
20170308154905325,0.654329681396484
20170308154905326,-1.71841201782227
20170308154905327,-2.45083389282227
20170308154905328,0.654329681396484
20170308154905329,-1.59634170532227
20170308154905330,-2.58053359985352
20170308154905331,0.669588470458984
20170308154905332,-1.52004776000977
20170308154905333,-2.51949844360352
20170308154905334,0.928987884521484
20170308154905335,-1.67263565063477
20170308154905336,-2.40505752563477
20170308154905337,0.806917572021484
20170308154905338,-1.84048233032227
20170308154905339,-2.13039932250977
20170308154905340,0.707735443115234
20170308154905341,-1.73367080688477
20170308154905342,-2.31350479125977
20170308154905343,0.707735443115234
20170308154905344,-1.87099990844727
20170308154905345,-2.21432266235352
20170308154905346,0.669588470458984
20170308154905347,-1.91677627563477
20170308154905348,-2.13039932250977
20170308154905349,0.585665130615234
20170308154905350,-1.90914688110352
20170308154905351,-2.07699356079102
20170308154905352,0.623812103271484
20170308154905353,-2.09225234985352
20170308154905354,-1.96255264282227
20170308154905355,0.829805755615234
20170308154905356,-2.21432266235352
20170308154905357,-2.11514053344727
20170308154905358,0.677217864990234
20170308154905359,-2.02358779907227
20170308154905360,-2.06173477172852
20170308154905361,0.784029388427734
20170308154905362,-2.09225234985352
20170308154905363,-1.96255264282227
20170308154905364,0.745882415771484
20170308154905365,-2.06173477172852
20170308154905366,-2.00069961547852
20170308154905367,0.768770599365234
20170308154905368,-2.33639297485352
20170308154905369,-1.82522354125977
20170308154905370,0.707735443115234
20170308154905371,-2.38216934204102
20170308154905372,-1.73367080688477
20170308154905373,0.654329681396484
20170308154905374,-2.51186904907227
20170308154905375,-1.47427139282227
20170308154905376,0.593294525146484
20170308154905377,-2.67208633422852
20170308154905378,-1.37508926391602
20170308154905379,0.631441497802734
20170308154905380,-2.80941543579102
20170308154905381,-1.22250137329102
20170308154905382,0.661959075927734
20170308154905383,-2.96200332641602
20170308154905384,-1.04702529907227
20170308154905385,0.463594818115234
20170308154905386,-2.93911514282227
20170308154905387,-0.909696197509766
20170308154905388,0.547518157958984
20170308154905389,-2.97726211547852
20170308154905390,-0.749478912353516
20170308154905391,0.356783294677734
20170308154905392,-2.94674453735352
20170308154905393,-0.604520416259766
20170308154905394,0.211824798583984
20170308154905395,-2.90859756469727
20170308154905396,-0.291715240478516
20170308154905397,-0.0170570373535156
20170308154905398,-2.96963272094727
20170308154905399,-0.0857215881347656
20170308154905400,0.0058311462402344
20170308154905401,-2.92385635375977
20170308154905402,0.158419036865234
20170308154905403,-0.390897369384766
20170308154905404,-2.87807998657227
20170308154905405,0.265230560302734
20170308154905406,-0.520597076416016
20170308154905407,-2.85519180297852
20170308154905408,0.394930267333984
20170308154905409,-0.734220123291016
20170308154905410,-2.87045059204102
20170308154905411,0.677217864990234
20170308154905412,-0.963101959228516
20170308154905413,-2.82467422485352
20170308154905414,0.791658782958984
20170308154905415,-1.13094863891602
20170308154905416,-2.72549209594727
20170308154905417,0.867952728271484
20170308154905418,-1.17672500610352
20170308154905419,-2.67971572875977
20170308154905420,0.822176361083984
20170308154905421,-1.33694229125977
20170308154905422,-2.59579238891602
20170308154905423,0.822176361083984
20170308154905424,-1.48953018188477
20170308154905425,-2.54238662719727
20170308154905426,0.890840911865234
20170308154905427,-1.65737686157227
20170308154905428,-2.39742813110352
20170308154905429,0.761141204833984
20170308154905430,-1.79470596313477
20170308154905431,-2.24484024047852
20170308154905432,0.814546966552734
20170308154905433,-1.94729385375977
20170308154905434,-2.13802871704102
20170308154905435,0.822176361083984
20170308154905436,-2.05410537719727
20170308154905437,-1.98544082641602
20170308154905438,0.738253021240234
20170308154905439,-2.20669326782227
20170308154905440,-1.75655899047852
20170308154905441,0.700106048583984
20170308154905442,-2.18380508422852
20170308154905443,-1.80233535766602
20170308154905444,0.722994232177734
20170308154905445,-2.17617568969727
20170308154905446,-1.65737686157227
20170308154905447,0.768770599365234
20170308154905448,-2.45846328735352
20170308154905449,-1.66500625610352
20170308154905450,0.875582122802734
20170308154905451,-2.41268692016602
20170308154905452,-1.48953018188477
20170308154905453,0.669588470458984
20170308154905454,-2.61868057250977
20170308154905455,-1.34457168579102
20170308154905456,0.509371185302734
20170308154905457,-2.73312149047852
20170308154905458,-1.23013076782227
20170308154905459,0.608553314208984
20170308154905460,-2.82467422485352
20170308154905461,-1.19198379516602
20170308154905462,0.532259368896484
20170308154905463,-2.84756240844727
20170308154905464,-1.32168350219727
20170308154905465,0.593294525146484
20170308154905466,-2.80178604125977
20170308154905467,-1.17672500610352
20170308154905468,0.486483001708984
20170308154905469,-2.93148574829102
20170308154905470,-1.16146621704102
20170308154905471,0.738253021240234
20170308154905472,-2.90096817016602
20170308154905473,-1.07754287719727
20170308154905474,0.547518157958984
20170308154905475,-3.01540908813477
20170308154905476,-1.04702529907227
20170308154905477,0.677217864990234
20170308154905478,-2.97726211547852
20170308154905479,-1.03939590454102
20170308154905480,0.463594818115234
20170308154905481,-2.90859756469727
20170308154905482,-1.14620742797852
20170308154905483,0.562776947021484
20170308154905484,-2.93148574829102
20170308154905485,-1.00887832641602
20170308154905486,0.372042083740234
20170308154905487,-2.90859756469727
20170308154905488,-0.833402252197266
20170308154905489,0.448336029052734
20170308154905490,-2.90096817016602
20170308154905491,-0.863919830322266
20170308154905492,0.387300872802734
20170308154905493,-2.98489151000977
20170308154905494,-0.726590728759766
20170308154905495,0.341524505615234
20170308154905496,-2.99252090454102
20170308154905497,-0.566373443603516
20170308154905498,0.196566009521484
20170308154905499,-2.93911514282227
20170308154905500,-0.574002838134766
20170308154905501,0.188936614990234
20170308154905502,-3.00777969360352
20170308154905503,-0.459561920166016
20170308154905504,0.318636322021484
20170308154905505,-2.95437393188477
20170308154905506,-0.734220123291016
20170308154905507,0.463594818115234
20170308154905508,-2.93148574829102
20170308154905509,-0.673184967041016
20170308154905510,0.242342376708984
20170308154905511,-2.96963272094727
20170308154905512,-0.657926177978516
20170308154905513,0.249971771240234
20170308154905514,-3.04592666625977
20170308154905515,-0.741849517822266
20170308154905516,0.257601165771484
20170308154905517,-3.04592666625977
20170308154905518,-0.635037994384766
20170308154905519,0.242342376708984
20170308154905520,-2.96200332641602
20170308154905521,-0.436673736572266
20170308154905522,0.188936614990234
20170308154905523,-2.94674453735352
20170308154905524,-0.589261627197266
20170308154905525,0.242342376708984
20170308154905526,-2.93911514282227
20170308154905527,-0.635037994384766
20170308154905528,0.280489349365234
20170308154905529,-2.96200332641602
20170308154905530,-0.497708892822266
20170308154905531,0.112642669677734
20170308154905532,-3.01540908813477
20170308154905533,-0.604520416259766
20170308154905534,0.280489349365234
20170308154905535,-3.02303848266602
20170308154905536,-0.581632232666016
20170308154905537,0.105013275146484
20170308154905538,-2.98489151000977
20170308154905539,-0.352750396728516
20170308154905540,-0.0170570373535156
20170308154905541,-3.01540908813477
20170308154905542,-0.131497955322266
20170308154905543,-0.0170570373535156
20170308154905544,-2.99252090454102
20170308154905545,-0.116239166259766
20170308154905546,-0.383267974853516
20170308154905547,-2.94674453735352
20170308154905548,0.0439781188964844
20170308154905549,-0.375638580322266
20170308154905550,-2.94674453735352
20170308154905551,0.349153900146484
20170308154905552,-0.436673736572266
20170308154905553,-2.87807998657227
20170308154905554,0.448336029052734
20170308154905555,-0.818143463134766
20170308154905556,-2.86282119750977
20170308154905557,0.967134857177734
20170308154905558,-1.25301895141602
20170308154905559,-2.64919815063477
20170308154905560,0.799288177490234
20170308154905561,-1.48190078735352
20170308154905562,-2.55001602172852
20170308154905563,0.959505462646484
20170308154905564,-1.63448867797852
20170308154905565,-2.43557510375977
20170308154905566,0.745882415771484
20170308154905567,-1.55056533813477
20170308154905568,-2.36691055297852
20170308154905569,0.875582122802734
20170308154905570,-1.76418838500977
20170308154905571,-2.23721084594727
20170308154905572,0.883211517333984
20170308154905573,-1.82522354125977
20170308154905574,-2.24484024047852
20170308154905575,0.806917572021484
20170308154905576,-2.00832901000977
20170308154905577,-2.18380508422852
20170308154905578,0.715364837646484
20170308154905579,-2.06936416625977
20170308154905580,-1.99307022094727
20170308154905581,0.692476654052734
20170308154905582,-2.25246963500977
20170308154905583,-1.80996475219727
20170308154905584,0.646700286865234
20170308154905585,-2.28298721313477
20170308154905586,-1.75655899047852
20170308154905587,0.623812103271484
20170308154905588,-2.38979873657227
20170308154905589,-1.64974746704102
20170308154905590,0.707735443115234
20170308154905591,-2.64919815063477
20170308154905592,-1.39034805297852
20170308154905593,0.616182708740234
20170308154905594,-2.79415664672852
20170308154905595,-1.26827774047852
20170308154905596,0.700106048583984
20170308154905597,-2.83993301391602
20170308154905598,-1.23776016235352
20170308154905599,0.532259368896484
20170308154905600,-3.00777969360352
20170308154905601,-1.11568984985352
20170308154905602,0.440706634521484
20170308154905603,-2.94674453735352
20170308154905604,-0.955472564697266
20170308154905605,0.455965423583984
20170308154905606,-2.93148574829102
20170308154905607,-0.970731353759766
20170308154905608,0.486483001708984
20170308154905609,-2.90859756469727
20170308154905610,-0.917325592041016
20170308154905611,0.425447845458984
20170308154905612,-2.97726211547852
20170308154905613,-0.947843170166016
20170308154905614,0.623812103271484
20170308154905615,-3.00015029907227
20170308154905616,-0.856290435791016
20170308154905617,0.394930267333984
20170308154905618,-2.91622695922852
20170308154905619,-0.924954986572266
20170308154905620,0.455965423583984
20170308154905621,-3.00015029907227
20170308154905622,-0.833402252197266
20170308154905623,0.364412689208984
20170308154905624,-2.95437393188477
20170308154905625,-0.726590728759766
20170308154905626,0.356783294677734
20170308154905627,-3.00777969360352
20170308154905628,-0.505338287353516
20170308154905629,0.249971771240234
20170308154905630,-2.93148574829102
20170308154905631,-0.459561920166016
20170308154905632,0.135530853271484
20170308154905633,-2.96200332641602
20170308154905634,-0.497708892822266
20170308154905635,0.105013275146484
20170308154905636,-2.98489151000977
20170308154905637,-0.688443756103516
20170308154905638,0.303377532958984
20170308154905639,-2.90096817016602
20170308154905640,-0.772367095947266
20170308154905641,0.356783294677734
20170308154905642,-2.94674453735352
20170308154905643,-1.02413711547852
20170308154905644,0.433077239990234
20170308154905645,-2.88570938110352
20170308154905646,-0.825772857666016
20170308154905647,0.333895111083984
20170308154905648,-2.90859756469727
20170308154905649,-0.871549224853516
20170308154905650,0.532259368896484
20170308154905651,-2.97726211547852
20170308154905652,-0.741849517822266
20170308154905653,0.501741790771484
20170308154905654,-3.00015029907227
20170308154905655,-0.764737701416016
20170308154905656,0.326265716552734
20170308154905657,-3.03829727172852
20170308154905658,-0.718961334228516
20170308154905659,0.288118743896484
20170308154905660,-2.90859756469727
20170308154905661,-0.642667388916016
20170308154905662,0.227083587646484
20170308154905663,-2.95437393188477
20170308154905664,-0.795255279541016
20170308154905665,0.288118743896484
20170308154905666,-2.96963272094727
20170308154905667,-0.680814361572266
20170308154905668,0.318636322021484
20170308154905669,-2.98489151000977
20170308154905670,-0.650296783447266
20170308154905671,0.204195404052734
20170308154905672,-2.97726211547852
20170308154905673,-0.451932525634766
20170308154905674,-0.0628334045410156
20170308154905675,-3.01540908813477
20170308154905676,-0.0857215881347656
20170308154905677,-0.207791900634766
20170308154905678,-3.00777969360352
20170308154905679,0.0287193298339844
20170308154905680,-0.406156158447266
20170308154905681,-2.87045059204102
20170308154905682,0.295748138427734
20170308154905683,-0.215421295166016
20170308154905684,-2.88570938110352
20170308154905685,0.372042083740234
20170308154905686,-0.429044342041016
20170308154905687,-2.85519180297852
20170308154905688,0.356783294677734
20170308154905689,-0.627408599853516
20170308154905690,-2.83230361938477
20170308154905691,0.616182708740234
20170308154905692,-0.902066802978516
20170308154905693,-2.87045059204102
20170308154905694,0.883211517333984
20170308154905695,-1.04702529907227
20170308154905696,-2.78652725219727
20170308154905697,0.814546966552734
20170308154905698,-1.11568984985352
20170308154905699,-2.77126846313477
20170308154905700,0.806917572021484
20170308154905701,-1.16909561157227
20170308154905702,-2.74838027954102
20170308154905703,0.822176361083984
20170308154905704,-1.29116592407227
20170308154905705,-2.53475723266602
20170308154905706,0.845064544677734
20170308154905707,-1.68789443969727
20170308154905708,-2.26009902954102
20170308154905709,0.837435150146484
20170308154905710,-2.04647598266602
20170308154905711,-2.01595840454102
20170308154905712,0.700106048583984
20170308154905713,-2.32876358032227
20170308154905714,-1.80233535766602
20170308154905715,0.867952728271484
20170308154905716,-2.28298721313477
20170308154905717,-1.67263565063477
20170308154905718,0.677217864990234
20170308154905719,-2.45846328735352
20170308154905720,-1.53530654907227
20170308154905721,0.654329681396484
20170308154905722,-2.70260391235352
20170308154905723,-1.33694229125977
20170308154905724,0.730623626708984
20170308154905725,-2.82467422485352
20170308154905726,-1.23013076782227
20170308154905727,0.677217864990234
20170308154905728,-2.96200332641602
20170308154905729,-1.08517227172852
20170308154905730,0.616182708740234
20170308154905731,-3.05355606079102
20170308154905732,-0.810514068603516
20170308154905733,0.455965423583984
20170308154905734,-2.96200332641602
20170308154905735,-0.650296783447266
20170308154905736,0.234712982177734
20170308154905737,-2.95437393188477
20170308154905738,-0.680814361572266
20170308154905739,0.349153900146484
20170308154905740,-2.93911514282227
20170308154905741,-0.558744049072266
20170308154905742,0.150789642333984
20170308154905743,-2.90096817016602
20170308154905744,-0.375638580322266
20170308154905745,0.0287193298339844
20170308154905746,-3.08407363891602
20170308154905747,-0.284085845947266
20170308154905748,-0.238309478759766
20170308154905749,-2.97726211547852
20170308154905750,0.234712982177734
20170308154905751,-0.535855865478516
20170308154905752,-2.98489151000977
20170308154905753,0.478853607177734
20170308154905754,-0.741849517822266
20170308154905755,-2.89333877563477
20170308154905756,0.471224212646484
20170308154905757,-0.764737701416016
20170308154905758,-2.86282119750977
20170308154905759,0.585665130615234
20170308154905760,-0.833402252197266
20170308154905761,-2.80178604125977
20170308154905762,0.517000579833984
20170308154905763,-0.848661041259766
20170308154905764,-2.86282119750977
20170308154905765,0.608553314208984
20170308154905766,-0.963101959228516
20170308154905767,-2.74838027954102
20170308154905768,0.814546966552734
20170308154905769,-1.10806045532227
20170308154905770,-2.84756240844727
20170308154905771,0.722994232177734
20170308154905772,-1.00887832641602
20170308154905773,-2.73312149047852
20170308154905774,0.700106048583984
20170308154905775,-1.06991348266602
20170308154905776,-2.76363906860352
20170308154905777,0.730623626708984
20170308154905778,-1.06228408813477
20170308154905779,-2.71786270141602
20170308154905780,0.715364837646484
20170308154905781,-1.23013076782227
20170308154905782,-2.74838027954102
20170308154905783,0.745882415771484
20170308154905784,-0.985990142822266
20170308154905785,-2.76363906860352
20170308154905786,0.768770599365234
20170308154905787,-1.12331924438477
20170308154905788,-2.61105117797852
20170308154905789,0.982393646240234
20170308154905790,-1.40560684204102
20170308154905791,-2.67208633422852
20170308154905792,0.692476654052734
20170308154905793,-1.40560684204102
20170308154905794,-2.60342178344727
20170308154905795,0.738253021240234
20170308154905796,-1.47427139282227
20170308154905797,-2.51186904907227
20170308154905798,0.677217864990234
20170308154905799,-1.66500625610352
20170308154905800,-2.38979873657227
20170308154905801,0.791658782958984
20170308154905802,-1.81759414672852
20170308154905803,-2.28298721313477
20170308154905804,0.799288177490234
20170308154905805,-1.81759414672852
20170308154905806,-2.32876358032227
20170308154905807,0.608553314208984
20170308154905808,-1.85574111938477
20170308154905809,-2.22958145141602
20170308154905810,0.860323333740234
20170308154905811,-1.85574111938477
20170308154905812,-2.17617568969727
20170308154905813,0.745882415771484
20170308154905814,-2.08462295532227
20170308154905815,-2.00832901000977
20170308154905816,0.593294525146484
20170308154905817,-2.12276992797852
20170308154905818,-1.86337051391602
20170308154905819,0.738253021240234
20170308154905820,-2.45846328735352
20170308154905821,-1.61922988891602
20170308154905822,0.684847259521484
20170308154905823,-2.55764541625977
20170308154905824,-1.44375381469727
20170308154905825,0.646700286865234
20170308154905826,-2.80178604125977
20170308154905827,-1.27590713500977
20170308154905828,0.532259368896484
20170308154905829,-2.93911514282227
20170308154905830,-1.00124893188477
20170308154905831,0.478853607177734
20170308154905832,-3.03066787719727
20170308154905833,-0.924954986572266
20170308154905834,0.364412689208984
20170308154905835,-3.03829727172852
20170308154905836,-0.696073150634766
20170308154905837,0.532259368896484
20170308154905838,-2.87807998657227
20170308154905839,-0.802884674072266
20170308154905840,0.372042083740234
20170308154905841,-2.92385635375977
20170308154905842,-0.657926177978516
20170308154905843,0.249971771240234
20170308154905844,-2.87045059204102
20170308154905845,-0.566373443603516
20170308154905846,0.242342376708984
20170308154905847,-3.02303848266602
20170308154905848,-0.436673736572266
20170308154905849,0.188936614990234
20170308154905850,-3.00777969360352
20170308154905851,-0.306974029541016
20170308154905852,-0.146756744384766
20170308154905853,-2.99252090454102
20170308154905854,-0.0017982482910156
20170308154905855,-0.223050689697266
20170308154905856,-2.90859756469727
20170308154905857,0.181307220458984
20170308154905858,-0.444303131103516
20170308154905859,-2.82467422485352
20170308154905860,0.608553314208984
20170308154905861,-0.703702545166016
20170308154905862,-2.83230361938477
20170308154905863,0.600923919677734
20170308154905864,-0.795255279541016
20170308154905865,-2.87807998657227
20170308154905866,0.318636322021484
20170308154905867,-0.566373443603516
20170308154905868,-2.93148574829102
20170308154905869,0.669588470458984
20170308154905870,-0.574002838134766
20170308154905871,-2.91622695922852
20170308154905872,0.669588470458984
20170308154905873,-0.886808013916016
20170308154905874,-2.77889785766602
20170308154905875,0.791658782958984
20170308154905876,-1.08517227172852
20170308154905877,-2.70260391235352
20170308154905878,0.959505462646484
20170308154905879,-1.32931289672852
20170308154905880,-2.61868057250977
20170308154905881,0.845064544677734
20170308154905882,-1.68789443969727
20170308154905883,-2.39742813110352
20170308154905884,0.700106048583984
20170308154905885,-1.85574111938477
20170308154905886,-2.26772842407227
20170308154905887,0.547518157958984
20170308154905888,-1.79470596313477
20170308154905889,-2.26009902954102
20170308154905890,0.684847259521484
20170308154905891,-1.80233535766602
20170308154905892,-2.20669326782227
20170308154905893,0.646700286865234
20170308154905894,-1.80996475219727
20170308154905895,-2.24484024047852
20170308154905896,0.761141204833984
20170308154905897,-2.08462295532227
20170308154905898,-1.99307022094727
20170308154905899,0.600923919677734
20170308154905900,-2.06936416625977
20170308154905901,-1.98544082641602
20170308154905902,0.791658782958984
20170308154905903,-2.17617568969727
20170308154905904,-1.87099990844727
20170308154905905,0.669588470458984
20170308154905906,-2.26009902954102
20170308154905907,-1.83285293579102
20170308154905908,0.745882415771484
20170308154905909,-2.32113418579102
20170308154905910,-1.71078262329102
20170308154905911,0.799288177490234
20170308154905912,-2.40505752563477
20170308154905913,-1.57345352172852
20170308154905914,0.715364837646484
20170308154905915,-2.35928115844727
20170308154905916,-1.51241836547852
20170308154905917,0.677217864990234
20170308154905918,-2.40505752563477
20170308154905919,-1.57345352172852
20170308154905920,0.616182708740234
20170308154905921,-2.49661026000977
20170308154905922,-1.50478897094727
20170308154905923,0.669588470458984
20170308154905924,-2.41268692016602
20170308154905925,-1.61922988891602
20170308154905926,0.829805755615234
20170308154905927,-2.43557510375977
20170308154905928,-1.52767715454102
20170308154905929,0.570406341552734
20170308154905930,-2.38979873657227
20170308154905931,-1.62685928344727
20170308154905932,0.646700286865234
20170308154905933,-2.29061660766602
20170308154905934,-1.68026504516602
20170308154905935,0.661959075927734
20170308154905936,-2.37453994750977
20170308154905937,-1.57345352172852
20170308154905938,0.600923919677734
20170308154905939,-2.58816299438477
20170308154905940,-1.61160049438477
20170308154905941,0.738253021240234
20170308154905942,-2.63393936157227
20170308154905943,-1.36745986938477
20170308154905944,0.646700286865234
20170308154905945,-2.74075088500977
20170308154905946,-1.19961318969727
20170308154905947,0.616182708740234
20170308154905948,-2.74075088500977
20170308154905949,-1.31405410766602
20170308154905950,0.623812103271484
20170308154905951,-2.78652725219727
20170308154905952,-1.35983047485352
20170308154905953,0.539888763427734
20170308154905954,-2.90096817016602
20170308154905955,-1.23013076782227
20170308154905956,0.776399993896484
20170308154905957,-2.87045059204102
20170308154905958,-1.04702529907227
20170308154905959,0.539888763427734
20170308154905960,-2.94674453735352
20170308154905961,-0.856290435791016
20170308154905962,0.433077239990234
20170308154905963,-3.00777969360352
20170308154905964,-0.497708892822266
20170308154905965,0.181307220458984
20170308154905966,-2.91622695922852
20170308154905967,-0.169644927978516
20170308154905968,-0.131497955322266
20170308154905969,-2.94674453735352
20170308154905970,0.219454193115234
20170308154905971,-0.596891021728516
20170308154905972,-2.94674453735352
20170308154905973,0.486483001708984
20170308154905974,-0.619779205322266
20170308154905975,-2.88570938110352
20170308154905976,0.585665130615234
20170308154905977,-0.589261627197266
20170308154905978,-2.76363906860352
20170308154905979,0.753511810302734
20170308154905980,-1.03176651000977
20170308154905981,-2.71786270141602
20170308154905982,0.730623626708984
20170308154905983,-1.13094863891602
20170308154905984,-2.70260391235352
20170308154905985,0.845064544677734
20170308154905986,-1.42849502563477
20170308154905987,-2.59579238891602
20170308154905988,0.883211517333984
20170308154905989,-1.35983047485352
20170308154905990,-2.47372207641602
20170308154905991,0.898470306396484
20170308154905992,-1.73367080688477
20170308154905993,-2.20669326782227
20170308154905994,0.593294525146484
20170308154905995,-1.85574111938477
20170308154905996,-2.00832901000977
20170308154905997,0.898470306396484
20170308154905998,-2.06936416625977
20170308154905999,-1.95492324829102
20170308154906000,0.722994232177734
20170308154906001,-2.20669326782227
20170308154906002,-1.87862930297852
20170308154906003,0.684847259521484
20170308154906004,-2.16854629516602
20170308154906005,-1.74130020141602
20170308154906006,0.700106048583984
20170308154906007,-2.27535781860352
20170308154906008,-1.76418838500977
20170308154906009,0.578035736083984
20170308154906010,-2.26772842407227
20170308154906011,-1.81759414672852
20170308154906012,0.661959075927734
20170308154906013,-2.33639297485352
20170308154906014,-1.75655899047852
20170308154906015,0.684847259521484
20170308154906016,-2.36691055297852
20170308154906017,-1.62685928344727
20170308154906018,0.722994232177734
20170308154906019,-2.41268692016602
20170308154906020,-1.48190078735352
20170308154906021,0.646700286865234
20170308154906022,-2.51949844360352
20170308154906023,-1.29116592407227
20170308154906024,0.852693939208984
20170308154906025,-2.79415664672852
20170308154906026,-1.23776016235352
20170308154906027,0.700106048583984
20170308154906028,-2.87807998657227
20170308154906029,-0.970731353759766
20170308154906030,0.692476654052734
20170308154906031,-2.88570938110352
20170308154906032,-1.13094863891602
20170308154906033,0.692476654052734
20170308154906034,-2.75600967407227
20170308154906035,-1.27590713500977
20170308154906036,0.600923919677734
20170308154906037,-2.77126846313477
20170308154906038,-1.26064834594727
20170308154906039,0.753511810302734
20170308154906040,-2.67208633422852
20170308154906041,-1.57345352172852
20170308154906042,0.593294525146484
20170308154906043,-2.47372207641602
20170308154906044,-1.41323623657227
20170308154906045,0.768770599365234
20170308154906046,-2.83993301391602
20170308154906047,-1.24538955688477
20170308154906048,0.509371185302734
20170308154906049,-2.90859756469727
20170308154906050,-1.13857803344727
20170308154906051,0.509371185302734
20170308154906052,-2.92385635375977
20170308154906053,-1.17672500610352
20170308154906054,0.501741790771484
20170308154906055,-2.94674453735352
20170308154906056,-1.07754287719727
20170308154906057,0.494112396240234
20170308154906058,-2.98489151000977
20170308154906059,-1.03176651000977
20170308154906060,0.585665130615234
20170308154906061,-2.98489151000977
20170308154906062,-1.07754287719727
20170308154906063,0.417818450927734
20170308154906064,-2.99252090454102
20170308154906065,-0.940213775634766
20170308154906066,0.501741790771484
20170308154906067,-2.96963272094727
20170308154906068,-0.970731353759766
20170308154906069,0.448336029052734
20170308154906070,-2.89333877563477
20170308154906071,-1.06228408813477
20170308154906072,0.547518157958984
20170308154906073,-2.96963272094727
20170308154906074,-1.05465469360352
20170308154906075,0.417818450927734
20170308154906076,-2.87807998657227
20170308154906077,-1.03176651000977
20170308154906078,0.509371185302734
20170308154906079,-2.96200332641602
20170308154906080,-0.818143463134766
20170308154906081,0.555147552490234
20170308154906082,-3.01540908813477
20170308154906083,-0.642667388916016
20170308154906084,0.394930267333984
20170308154906085,-2.97726211547852
20170308154906086,-0.512967681884766
20170308154906087,0.166048431396484
20170308154906088,-2.94674453735352
20170308154906089,-0.154386138916016
20170308154906090,-0.169644927978516
20170308154906091,-2.87807998657227
20170308154906092,0.204195404052734
20170308154906093,-0.192533111572266
20170308154906094,-2.86282119750977
20170308154906095,0.318636322021484
20170308154906096,-0.543485260009766
20170308154906097,-2.89333877563477
20170308154906098,0.478853607177734
20170308154906099,-0.810514068603516
20170308154906100,-2.90096817016602
20170308154906101,0.593294525146484
20170308154906102,-0.932584381103516
20170308154906103,-2.81704483032227
20170308154906104,0.822176361083984
20170308154906105,-1.03939590454102
20170308154906106,-2.74838027954102
20170308154906107,0.936617279052734
20170308154906108,-1.06991348266602
20170308154906109,-2.64919815063477
20170308154906110,0.997652435302734
20170308154906111,-1.65737686157227
20170308154906112,-2.35165176391602
20170308154906113,0.707735443115234
20170308154906114,-1.94729385375977
20170308154906115,-2.03121719360352
20170308154906116,0.784029388427734
20170308154906117,-2.09988174438477
20170308154906118,-1.82522354125977
20170308154906119,0.791658782958984
20170308154906120,-2.34402236938477
20170308154906121,-1.40560684204102
20170308154906122,0.822176361083984
20170308154906123,-2.65682754516602
20170308154906124,-1.29116592407227
20170308154906125,0.814546966552734
20170308154906126,-2.72549209594727
20170308154906127,-1.21487197875977
20170308154906128,0.875582122802734
20170308154906129,-2.90859756469727
20170308154906130,-1.03176651000977
20170308154906131,0.562776947021484
20170308154906132,-2.96200332641602
20170308154906133,-0.902066802978516
20170308154906134,0.440706634521484
20170308154906135,-2.93148574829102
20170308154906136,-0.955472564697266
20170308154906137,0.494112396240234
20170308154906138,-2.87045059204102
20170308154906139,-0.924954986572266
20170308154906140,0.532259368896484
20170308154906141,-2.96200332641602
20170308154906142,-0.558744049072266
20170308154906143,0.295748138427734
20170308154906144,-2.98489151000977
20170308154906145,-0.329862213134766
20170308154906146,-0.0170570373535156
20170308154906147,-2.98489151000977
20170308154906148,-0.184903717041016
20170308154906149,-0.238309478759766
20170308154906150,-3.00015029907227
20170308154906151,-0.0246864318847656
20170308154906152,-0.345121002197266
20170308154906153,-2.94674453735352
20170308154906154,0.204195404052734
20170308154906155,-0.299344635009766
20170308154906156,-2.93148574829102
20170308154906157,-0.0857215881347656
20170308154906158,-0.352750396728516
20170308154906159,-2.83230361938477
20170308154906160,-0.0246864318847656
20170308154906161,-0.322232818603516
20170308154906162,-2.85519180297852
20170308154906163,0.402559661865234
20170308154906164,-0.696073150634766
20170308154906165,-2.85519180297852
20170308154906166,0.219454193115234
20170308154906167,-0.558744049072266
20170308154906168,-2.95437393188477
20170308154906169,0.196566009521484
20170308154906170,-0.512967681884766
20170308154906171,-2.95437393188477
20170308154906172,0.288118743896484
20170308154906173,-0.444303131103516
20170308154906174,-2.77126846313477
20170308154906175,0.349153900146484
20170308154906176,-0.413785552978516
20170308154906177,-2.77889785766602
20170308154906178,0.486483001708984
20170308154906179,-0.390897369384766
20170308154906180,-2.81704483032227
20170308154906181,0.433077239990234
20170308154906182,-0.665555572509766
20170308154906183,-2.83993301391602
20170308154906184,0.654329681396484
20170308154906185,-0.902066802978516
20170308154906186,-2.88570938110352
20170308154906187,0.433077239990234
20170308154906188,-0.818143463134766
20170308154906189,-2.92385635375977
20170308154906190,0.433077239990234
20170308154906191,-0.619779205322266
20170308154906192,-2.73312149047852
20170308154906193,0.410189056396484
20170308154906194,-0.596891021728516
20170308154906195,-2.76363906860352
20170308154906196,0.425447845458984
20170308154906197,-0.657926177978516
20170308154906198,-2.75600967407227
20170308154906199,0.608553314208984
20170308154906200,-0.635037994384766
20170308154906201,-2.84756240844727
20170308154906202,0.311006927490234
20170308154906203,-0.596891021728516
20170308154906204,-2.79415664672852
20170308154906205,0.349153900146484
20170308154906206,-0.520597076416016
20170308154906207,-2.87807998657227
20170308154906208,0.349153900146484
20170308154906209,-0.650296783447266
20170308154906210,-2.81704483032227
20170308154906211,0.509371185302734
20170308154906212,-0.764737701416016
20170308154906213,-2.89333877563477
20170308154906214,0.578035736083984
20170308154906215,-0.894437408447266
20170308154906216,-2.85519180297852
20170308154906217,0.707735443115234
20170308154906218,-0.924954986572266
20170308154906219,-2.85519180297852
20170308154906220,0.646700286865234
20170308154906221,-1.00124893188477
20170308154906222,-2.79415664672852
20170308154906223,0.684847259521484
20170308154906224,-0.879178619384766
20170308154906225,-2.75600967407227
20170308154906226,0.814546966552734
20170308154906227,-1.13094863891602
20170308154906228,-2.67208633422852
20170308154906229,0.722994232177734
20170308154906230,-1.07754287719727
20170308154906231,-2.71023330688477
20170308154906232,0.997652435302734
20170308154906233,-1.35983047485352
20170308154906234,-2.52712783813477
20170308154906235,0.730623626708984
20170308154906236,-1.53530654907227
20170308154906237,-2.45083389282227
20170308154906238,0.768770599365234
20170308154906239,-1.61922988891602
20170308154906240,-2.45083389282227
20170308154906241,0.829805755615234
20170308154906242,-1.74130020141602
20170308154906243,-2.32876358032227
20170308154906244,0.745882415771484
20170308154906245,-1.74892959594727
20170308154906246,-2.06173477172852
20170308154906247,0.654329681396484
20170308154906248,-1.90151748657227
20170308154906249,-2.16854629516602
20170308154906250,0.768770599365234
20170308154906251,-2.17617568969727
20170308154906252,-1.87099990844727
20170308154906253,0.646700286865234
20170308154906254,-2.29824600219727
20170308154906255,-1.86337051391602
20170308154906256,0.616182708740234
20170308154906257,-2.38216934204102
20170308154906258,-1.70315322875977
20170308154906259,0.822176361083984
20170308154906260,-2.53475723266602
20170308154906261,-1.51241836547852
20170308154906262,0.623812103271484
20170308154906263,-2.50423965454102
20170308154906264,-1.55056533813477
20170308154906265,0.784029388427734
20170308154906266,-2.76363906860352
20170308154906267,-1.19198379516602
20170308154906268,0.593294525146484
20170308154906269,-2.95437393188477
20170308154906270,-1.01650772094727
20170308154906271,0.478853607177734
20170308154906272,-2.93911514282227
20170308154906273,-0.940213775634766
20170308154906274,0.593294525146484
20170308154906275,-3.01540908813477
20170308154906276,-0.718961334228516
20170308154906277,0.562776947021484
20170308154906278,-2.92385635375977
20170308154906279,-0.688443756103516
20170308154906280,0.448336029052734
20170308154906281,-2.89333877563477
20170308154906282,-0.497708892822266
20170308154906283,0.158419036865234
20170308154906284,-2.91622695922852
20170308154906285,-0.329862213134766
20170308154906286,-0.0017982482910156
20170308154906287,-2.84756240844727
20170308154906288,-0.131497955322266
20170308154906289,-0.177274322509766
20170308154906290,-2.90859756469727
20170308154906291,0.135530853271484
20170308154906292,-0.268827056884766
20170308154906293,-2.88570938110352
20170308154906294,0.242342376708984
20170308154906295,-0.360379791259766
20170308154906296,-2.89333877563477
20170308154906297,0.318636322021484
20170308154906298,-0.505338287353516
20170308154906299,-2.81704483032227
20170308154906300,0.471224212646484
20170308154906301,-0.657926177978516
20170308154906302,-2.82467422485352
20170308154906303,0.639070892333984
20170308154906304,-0.680814361572266
20170308154906305,-2.81704483032227
20170308154906306,0.555147552490234
20170308154906307,-0.795255279541016
20170308154906308,-2.77126846313477
20170308154906309,0.455965423583984
20170308154906310,-0.741849517822266
20170308154906311,-2.84756240844727
20170308154906312,0.570406341552734
20170308154906313,-0.650296783447266
20170308154906314,-2.77126846313477
20170308154906315,0.761141204833984
20170308154906316,-0.902066802978516
20170308154906317,-2.80941543579102
20170308154906318,0.837435150146484
20170308154906319,-1.11568984985352
20170308154906320,-2.67208633422852
20170308154906321,0.784029388427734
20170308154906322,-1.07754287719727
20170308154906323,-2.75600967407227
20170308154906324,0.784029388427734
20170308154906325,-1.20724258422852
20170308154906326,-2.67208633422852
20170308154906327,0.890840911865234
20170308154906328,-1.28353652954102
20170308154906329,-2.52712783813477
20170308154906330,0.852693939208984
20170308154906331,-1.48190078735352
20170308154906332,-2.45846328735352
20170308154906333,0.890840911865234
20170308154906334,-1.61922988891602
20170308154906335,-2.46609268188477
20170308154906336,0.738253021240234
20170308154906337,-1.71078262329102
20170308154906338,-2.35165176391602
20170308154906339,0.684847259521484
20170308154906340,-1.70315322875977
20170308154906341,-2.29824600219727
20170308154906342,0.745882415771484
20170308154906343,-1.87099990844727
20170308154906344,-2.14565811157227
20170308154906345,0.883211517333984
20170308154906346,-2.12276992797852
20170308154906347,-1.93966445922852
20170308154906348,0.875582122802734
20170308154906349,-2.29061660766602
20170308154906350,-1.77181777954102
20170308154906351,0.883211517333984
20170308154906352,-2.32113418579102
20170308154906353,-1.75655899047852
20170308154906354,0.661959075927734
20170308154906355,-2.21432266235352
20170308154906356,-1.85574111938477
20170308154906357,0.883211517333984
20170308154906358,-2.34402236938477
20170308154906359,-1.68026504516602
20170308154906360,0.722994232177734
20170308154906361,-2.38979873657227
20170308154906362,-1.55819473266602
20170308154906363,0.921358489990234
20170308154906364,-2.51186904907227
20170308154906365,-1.56582412719727
20170308154906366,0.669588470458984
20170308154906367,-2.39742813110352
20170308154906368,-1.60397109985352
20170308154906369,0.730623626708984
20170308154906370,-2.48898086547852
20170308154906371,-1.52767715454102
20170308154906372,0.646700286865234
20170308154906373,-2.48135147094727
20170308154906374,-1.45901260375977
20170308154906375,0.700106048583984
20170308154906376,-2.64156875610352
20170308154906377,-1.32931289672852
20170308154906378,0.684847259521484
20170308154906379,-2.88570938110352
20170308154906380,-1.10043106079102
20170308154906381,0.600923919677734
20170308154906382,-2.95437393188477
20170308154906383,-0.848661041259766
20170308154906384,0.517000579833984
20170308154906385,-2.99252090454102
20170308154906386,-0.574002838134766
20170308154906387,0.280489349365234
20170308154906388,-3.00777969360352
20170308154906389,-0.497708892822266
20170308154906390,-0.0170570373535156
20170308154906391,-2.96963272094727
20170308154906392,-0.306974029541016
20170308154906393,-0.0246864318847656
20170308154906394,-2.95437393188477
20170308154906395,0.127901458740234
20170308154906396,-0.284085845947266
20170308154906397,-2.90096817016602
20170308154906398,0.272859954833984
20170308154906399,-0.390897369384766
20170308154906400,-2.88570938110352
20170308154906401,0.234712982177734
20170308154906402,-0.512967681884766
20170308154906403,-2.80178604125977
20170308154906404,0.486483001708984
20170308154906405,-0.665555572509766
20170308154906406,-2.75600967407227
20170308154906407,0.616182708740234
20170308154906408,-0.833402252197266
20170308154906409,-2.77889785766602
20170308154906410,0.700106048583984
20170308154906411,-0.734220123291016
20170308154906412,-2.78652725219727
20170308154906413,0.875582122802734
20170308154906414,-1.10043106079102
20170308154906415,-2.68734512329102
20170308154906416,0.822176361083984
20170308154906417,-1.46664199829102
20170308154906418,-2.34402236938477
20170308154906419,0.944246673583984
20170308154906420,-1.65737686157227
20170308154906421,-2.12276992797852
20170308154906422,0.768770599365234
20170308154906423,-2.15328750610352
20170308154906424,-1.77944717407227
20170308154906425,0.799288177490234
20170308154906426,-2.42794570922852
20170308154906427,-1.44375381469727
20170308154906428,0.707735443115234
20170308154906429,-2.35165176391602
20170308154906430,-1.55056533813477
20170308154906431,0.845064544677734
20170308154906432,-2.61868057250977
20170308154906433,-1.39797744750977
20170308154906434,0.654329681396484
20170308154906435,-2.70260391235352
20170308154906436,-1.42849502563477
20170308154906437,0.623812103271484
20170308154906438,-2.86282119750977
20170308154906439,-1.26064834594727
20170308154906440,0.623812103271484
20170308154906441,-2.95437393188477
20170308154906442,-0.978360748291016
20170308154906443,0.486483001708984
20170308154906444,-3.01540908813477
20170308154906445,-0.688443756103516
20170308154906446,0.417818450927734
20170308154906447,-2.96200332641602
20170308154906448,-0.574002838134766
20170308154906449,0.509371185302734
20170308154906450,-2.94674453735352
20170308154906451,-0.566373443603516
20170308154906452,0.234712982177734
20170308154906453,-2.93911514282227
20170308154906454,-0.581632232666016
20170308154906455,0.242342376708984
20170308154906456,-2.90859756469727
20170308154906457,-0.612149810791016
20170308154906458,0.303377532958984
20170308154906459,-2.90859756469727
20170308154906460,-0.543485260009766
20170308154906461,0.288118743896484
20170308154906462,-2.83993301391602
20170308154906463,-0.551114654541016
20170308154906464,0.257601165771484
20170308154906465,-2.88570938110352
20170308154906466,-0.398526763916016
20170308154906467,0.143160247802734
20170308154906468,-2.89333877563477
20170308154906469,-0.398526763916016
20170308154906470,0.0897544860839844
20170308154906471,-2.93148574829102
20170308154906472,-0.375638580322266
20170308154906473,0.204195404052734
20170308154906474,-2.85519180297852
20170308154906475,-0.665555572509766
20170308154906476,0.288118743896484
20170308154906477,-2.96200332641602
20170308154906478,-0.818143463134766
20170308154906479,0.303377532958984
20170308154906480,-2.97726211547852
20170308154906481,-0.703702545166016
20170308154906482,0.333895111083984
20170308154906483,-2.93148574829102
20170308154906484,-0.665555572509766
20170308154906485,0.280489349365234
20170308154906486,-3.04592666625977
20170308154906487,-0.551114654541016
20170308154906488,0.333895111083984
20170308154906489,-3.06881484985352
20170308154906490,-0.390897369384766
20170308154906491,0.0744956970214844
20170308154906492,-2.91622695922852
20170308154906493,-0.337491607666016
20170308154906494,-0.0094276428222656
20170308154906495,-2.88570938110352
20170308154906496,-0.116239166259766
20170308154906497,-0.200162506103516
20170308154906498,-2.84756240844727
20170308154906499,-0.0399452209472656
20170308154906500,-0.207791900634766
20170308154906501,-2.88570938110352
20170308154906502,-0.276456451416016
20170308154906503,-0.139127349853516
20170308154906504,-2.88570938110352
20170308154906505,-0.291715240478516
20170308154906506,-0.0704627990722656
20170308154906507,-2.89333877563477
20170308154906508,-0.177274322509766
20170308154906509,0.0439781188964844
20170308154906510,-2.85519180297852
20170308154906511,-0.169644927978516
20170308154906512,-0.139127349853516
20170308154906513,-2.90096817016602
20170308154906514,-0.139127349853516
20170308154906515,-0.0323158264160156
20170308154906516,-2.90096817016602
20170308154906517,0.0210899353027344
20170308154906518,-0.268827056884766
20170308154906519,-2.90096817016602
20170308154906520,0.0210899353027344
20170308154906521,-0.276456451416016
20170308154906522,-2.88570938110352
20170308154906523,-0.0017982482910156
20170308154906524,-0.375638580322266
20170308154906525,-2.86282119750977
20170308154906526,0.227083587646484
20170308154906527,-0.413785552978516
20170308154906528,-2.85519180297852
20170308154906529,0.509371185302734
20170308154906530,-0.589261627197266
20170308154906531,-2.85519180297852
20170308154906532,0.387300872802734
20170308154906533,-0.657926177978516
20170308154906534,-2.90096817016602
20170308154906535,0.646700286865234
20170308154906536,-0.963101959228516
20170308154906537,-2.75600967407227
20170308154906538,0.692476654052734
20170308154906539,-0.978360748291016
20170308154906540,-2.74075088500977
20170308154906541,0.524629974365234
20170308154906542,-0.932584381103516
20170308154906543,-2.80941543579102
20170308154906544,0.799288177490234
20170308154906545,-1.07754287719727
20170308154906546,-2.63393936157227
20170308154906547,0.875582122802734
20170308154906548,-1.50478897094727
20170308154906549,-2.48135147094727
20170308154906550,0.799288177490234
20170308154906551,-1.75655899047852
20170308154906552,-2.32876358032227
20170308154906553,0.791658782958984
20170308154906554,-1.93966445922852
20170308154906555,-2.19906387329102
20170308154906556,0.745882415771484
20170308154906557,-1.90151748657227
20170308154906558,-2.03884658813477
20170308154906559,0.730623626708984
20170308154906560,-2.08462295532227
20170308154906561,-1.84048233032227
20170308154906562,0.608553314208984
20170308154906563,-2.47372207641602
20170308154906564,-1.52004776000977
20170308154906565,0.669588470458984
20170308154906566,-2.72549209594727
20170308154906567,-1.34457168579102
20170308154906568,0.623812103271484
20170308154906569,-2.76363906860352
20170308154906570,-1.19198379516602
20170308154906571,0.867952728271484
20170308154906572,-2.77889785766602
20170308154906573,-1.32931289672852
20170308154906574,0.532259368896484
20170308154906575,-2.74075088500977
20170308154906576,-1.27590713500977
20170308154906577,0.639070892333984
20170308154906578,-2.87045059204102
20170308154906579,-1.16146621704102
20170308154906580,0.730623626708984
20170308154906581,-2.74838027954102
20170308154906582,-1.20724258422852
20170308154906583,0.700106048583984
20170308154906584,-2.77126846313477
20170308154906585,-1.19961318969727
20170308154906586,0.539888763427734
20170308154906587,-2.95437393188477
20170308154906588,-0.917325592041016
20170308154906589,0.623812103271484
20170308154906590,-2.93911514282227
20170308154906591,-0.932584381103516
20170308154906592,0.433077239990234
20170308154906593,-2.89333877563477
20170308154906594,-0.894437408447266
20170308154906595,0.631441497802734
20170308154906596,-2.93911514282227
20170308154906597,-0.833402252197266
20170308154906598,0.402559661865234
20170308154906599,-2.91622695922852
20170308154906600,-0.535855865478516
20170308154906601,0.227083587646484
20170308154906602,-2.90096817016602
20170308154906603,-0.635037994384766
20170308154906604,0.280489349365234
20170308154906605,-2.98489151000977
20170308154906606,-0.497708892822266
20170308154906607,0.204195404052734
20170308154906608,-2.95437393188477
20170308154906609,-0.406156158447266
20170308154906610,0.112642669677734
20170308154906611,-2.94674453735352
20170308154906612,-0.177274322509766
20170308154906613,-0.154386138916016
20170308154906614,-2.91622695922852
20170308154906615,-0.146756744384766
20170308154906616,-0.139127349853516
20170308154906617,-2.95437393188477
20170308154906618,0.0058311462402344
20170308154906619,-0.215421295166016
20170308154906620,-2.83230361938477
20170308154906621,-0.0857215881347656
20170308154906622,0.0058311462402344
20170308154906623,-2.84756240844727
20170308154906624,-0.0094276428222656
20170308154906625,-0.100980377197266
20170308154906626,-2.77126846313477
20170308154906627,0.166048431396484
20170308154906628,-0.383267974853516
20170308154906629,-2.82467422485352
20170308154906630,0.280489349365234
20170308154906631,-0.505338287353516
20170308154906632,-2.88570938110352
20170308154906633,0.578035736083984
20170308154906634,-0.696073150634766
20170308154906635,-2.85519180297852
20170308154906636,0.547518157958984
20170308154906637,-0.772367095947266
20170308154906638,-2.83230361938477
20170308154906639,0.631441497802734
20170308154906640,-0.841031646728516
20170308154906641,-2.84756240844727
20170308154906642,0.517000579833984
20170308154906643,-0.909696197509766
20170308154906644,-2.87045059204102
20170308154906645,0.806917572021484
20170308154906646,-0.932584381103516
20170308154906647,-2.83993301391602
20170308154906648,0.776399993896484
20170308154906649,-1.12331924438477
20170308154906650,-2.75600967407227
20170308154906651,0.806917572021484
20170308154906652,-1.16909561157227
20170308154906653,-2.69497451782227
20170308154906654,0.776399993896484
20170308154906655,-1.19961318969727
20170308154906656,-2.62630996704102
20170308154906657,0.852693939208984
20170308154906658,-1.41323623657227
20170308154906659,-2.50423965454102
20170308154906660,0.791658782958984
20170308154906661,-1.59634170532227
20170308154906662,-2.45846328735352
20170308154906663,0.715364837646484
20170308154906664,-1.54293594360352
20170308154906665,-2.51186904907227
20170308154906666,0.730623626708984
20170308154906667,-1.71078262329102
20170308154906668,-2.49661026000977
20170308154906669,0.745882415771484
20170308154906670,-1.71841201782227
20170308154906671,-2.30587539672852
20170308154906672,0.761141204833984
20170308154906673,-1.76418838500977
20170308154906674,-2.18380508422852
20170308154906675,0.677217864990234
20170308154906676,-1.87099990844727
20170308154906677,-2.11514053344727
20170308154906678,0.806917572021484
20170308154906679,-2.13039932250977
20170308154906680,-1.96255264282227
20170308154906681,0.806917572021484
20170308154906682,-2.36691055297852
20170308154906683,-1.71078262329102
20170308154906684,0.639070892333984
20170308154906685,-2.55764541625977
20170308154906686,-1.52767715454102
20170308154906687,0.707735443115234
20170308154906688,-2.71786270141602
20170308154906689,-1.29879531860352
20170308154906690,0.669588470458984
20170308154906691,-2.91622695922852
20170308154906692,-1.06228408813477
20170308154906693,0.623812103271484
20170308154906694,-2.97726211547852
20170308154906695,-1.11568984985352
20170308154906696,0.539888763427734
20170308154906697,-3.00015029907227
20170308154906698,-0.871549224853516
20170308154906699,0.463594818115234
20170308154906700,-2.94674453735352
20170308154906701,-0.642667388916016
20170308154906702,0.326265716552734
20170308154906703,-3.03066787719727
20170308154906704,-0.406156158447266
20170308154906705,0.341524505615234
20170308154906706,-2.83230361938477
20170308154906707,-0.352750396728516
20170308154906708,-0.0399452209472656
20170308154906709,-2.89333877563477
20170308154906710,-0.0094276428222656
20170308154906711,-0.223050689697266
20170308154906712,-2.91622695922852
20170308154906713,0.0592369079589844
20170308154906714,-0.406156158447266
20170308154906715,-2.87807998657227
20170308154906716,0.295748138427734
20170308154906717,-0.551114654541016
20170308154906718,-2.80941543579102
20170308154906719,0.593294525146484
20170308154906720,-0.871549224853516
20170308154906721,-2.81704483032227
20170308154906722,0.768770599365234
20170308154906723,-0.795255279541016
20170308154906724,-2.82467422485352
20170308154906725,0.822176361083984
20170308154906726,-1.11568984985352
20170308154906727,-2.77889785766602
20170308154906728,0.745882415771484
20170308154906729,-1.24538955688477
20170308154906730,-2.73312149047852
20170308154906731,0.867952728271484
20170308154906732,-1.32168350219727
20170308154906733,-2.61105117797852
20170308154906734,0.799288177490234
20170308154906735,-1.45901260375977
20170308154906736,-2.52712783813477
20170308154906737,0.799288177490234
20170308154906738,-1.34457168579102
20170308154906739,-2.51949844360352
20170308154906740,0.906099700927734
20170308154906741,-1.51241836547852
20170308154906742,-2.35165176391602
20170308154906743,0.715364837646484
20170308154906744,-1.65737686157227
20170308154906745,-2.40505752563477
20170308154906746,0.722994232177734
20170308154906747,-1.39034805297852
20170308154906748,-2.42031631469727
20170308154906749,0.722994232177734
20170308154906750,-1.54293594360352
20170308154906751,-2.42794570922852
20170308154906752,0.738253021240234
20170308154906753,-1.61160049438477
20170308154906754,-2.38216934204102
20170308154906755,0.898470306396484
20170308154906756,-1.85574111938477
20170308154906757,-2.26009902954102
20170308154906758,0.616182708740234
20170308154906759,-1.89388809204102
20170308154906760,-2.12276992797852
20170308154906761,0.738253021240234
20170308154906762,-1.96255264282227
20170308154906763,-2.13039932250977
20170308154906764,0.677217864990234
20170308154906765,-2.03121719360352
20170308154906766,-1.97018203735352
20170308154906767,0.806917572021484
20170308154906768,-2.14565811157227
20170308154906769,-1.97018203735352
20170308154906770,0.494112396240234
20170308154906771,-2.09225234985352
20170308154906772,-1.84811172485352
20170308154906773,0.799288177490234
20170308154906774,-2.30587539672852
20170308154906775,-1.87099990844727
20170308154906776,0.814546966552734
20170308154906777,-2.27535781860352
20170308154906778,-1.87099990844727
20170308154906779,0.684847259521484
20170308154906780,-2.32876358032227
20170308154906781,-1.85574111938477
20170308154906782,0.715364837646484
20170308154906783,-2.42031631469727
20170308154906784,-1.53530654907227
20170308154906785,0.654329681396484
20170308154906786,-2.63393936157227
20170308154906787,-1.37508926391602
20170308154906788,0.875582122802734
20170308154906789,-2.74838027954102
20170308154906790,-1.20724258422852
20170308154906791,0.768770599365234
20170308154906792,-2.79415664672852
20170308154906793,-1.11568984985352
20170308154906794,0.501741790771484
20170308154906795,-2.92385635375977
20170308154906796,-1.10043106079102
20170308154906797,0.455965423583984
20170308154906798,-2.98489151000977
20170308154906799,-0.924954986572266
20170308154906800,0.471224212646484
20170308154906801,-2.96963272094727
20170308154906802,-0.879178619384766
20170308154906803,0.341524505615234
20170308154906804,-2.92385635375977
20170308154906805,-0.734220123291016
20170308154906806,0.326265716552734
20170308154906807,-2.93148574829102
20170308154906808,-0.856290435791016
20170308154906809,0.341524505615234
20170308154906810,-2.95437393188477
20170308154906811,-1.21487197875977
20170308154906812,0.455965423583984
20170308154906813,-3.02303848266602
20170308154906814,-1.08517227172852
20170308154906815,0.532259368896484
20170308154906816,-2.92385635375977
20170308154906817,-0.795255279541016
20170308154906818,0.364412689208984
20170308154906819,-3.05355606079102
20170308154906820,-0.970731353759766
20170308154906821,0.532259368896484
20170308154906822,-3.00015029907227
20170308154906823,-0.726590728759766
20170308154906824,0.387300872802734
20170308154906825,-2.94674453735352
20170308154906826,-0.612149810791016
20170308154906827,0.326265716552734
20170308154906828,-2.90859756469727
20170308154906829,-0.337491607666016
20170308154906830,0.0744956970214844
20170308154906831,-2.98489151000977
20170308154906832,-0.306974029541016
20170308154906833,-0.0857215881347656
20170308154906834,-2.97726211547852
20170308154906835,-0.154386138916016
20170308154906836,-0.207791900634766
20170308154906837,-2.92385635375977
20170308154906838,0.135530853271484
20170308154906839,-0.444303131103516
20170308154906840,-2.84756240844727
20170308154906841,0.410189056396484
20170308154906842,-0.657926177978516
20170308154906843,-2.83230361938477
20170308154906844,0.555147552490234
20170308154906845,-0.795255279541016
20170308154906846,-2.87807998657227
20170308154906847,0.707735443115234
20170308154906848,-1.00124893188477
20170308154906849,-2.77126846313477
20170308154906850,0.692476654052734
20170308154906851,-1.13857803344727
20170308154906852,-2.77889785766602
20170308154906853,0.692476654052734
20170308154906854,-1.00887832641602
20170308154906855,-2.79415664672852
20170308154906856,0.822176361083984
20170308154906857,-0.970731353759766
20170308154906858,-2.63393936157227
20170308154906859,0.860323333740234
20170308154906860,-1.30642471313477
20170308154906861,-2.57290420532227
20170308154906862,0.776399993896484
20170308154906863,-1.42849502563477
20170308154906864,-2.74075088500977
20170308154906865,0.883211517333984
20170308154906866,-1.64974746704102
20170308154906867,-2.48135147094727
20170308154906868,0.730623626708984
20170308154906869,-1.73367080688477
20170308154906870,-2.35165176391602
20170308154906871,0.753511810302734
20170308154906872,-1.93203506469727
20170308154906873,-2.16854629516602
20170308154906874,0.654329681396484
20170308154906875,-2.00832901000977
20170308154906876,-2.06173477172852
20170308154906877,0.692476654052734
20170308154906878,-1.93966445922852
20170308154906879,-2.00069961547852
20170308154906880,0.661959075927734
20170308154906881,-2.02358779907227
20170308154906882,-2.06936416625977
20170308154906883,0.707735443115234
20170308154906884,-1.94729385375977
20170308154906885,-2.16091690063477
20170308154906886,0.631441497802734
20170308154906887,-1.97018203735352
20170308154906888,-2.06173477172852
20170308154906889,0.639070892333984
20170308154906890,-2.01595840454102
20170308154906891,-2.17617568969727
20170308154906892,0.654329681396484
20170308154906893,-1.84048233032227
20170308154906894,-2.16854629516602
20170308154906895,0.646700286865234
20170308154906896,-1.87862930297852
20170308154906897,-2.14565811157227
20170308154906898,0.661959075927734
20170308154906899,-1.96255264282227
20170308154906900,-2.16091690063477
20170308154906901,0.646700286865234
20170308154906902,-2.03121719360352
20170308154906903,-2.17617568969727
20170308154906904,0.707735443115234
20170308154906905,-1.96255264282227
20170308154906906,-2.04647598266602
20170308154906907,0.707735443115234
20170308154906908,-2.18380508422852
20170308154906909,-1.86337051391602
20170308154906910,0.684847259521484
20170308154906911,-2.06936416625977
20170308154906912,-2.07699356079102
20170308154906913,0.837435150146484
20170308154906914,-2.04647598266602
20170308154906915,-2.00832901000977
20170308154906916,0.631441497802734
20170308154906917,-2.08462295532227
20170308154906918,-1.90151748657227
20170308154906919,0.715364837646484
20170308154906920,-2.08462295532227
20170308154906921,-1.87862930297852
20170308154906922,0.730623626708984
20170308154906923,-2.17617568969727
20170308154906924,-1.91677627563477
20170308154906925,0.684847259521484
20170308154906926,-2.10751113891602
20170308154906927,-1.87099990844727
20170308154906928,0.761141204833984
20170308154906929,-2.17617568969727
20170308154906930,-1.94729385375977
20170308154906931,0.646700286865234
20170308154906932,-2.16854629516602
20170308154906933,-1.87099990844727
20170308154906934,0.806917572021484
20170308154906935,-2.32876358032227
20170308154906936,-1.72604141235352
20170308154906937,0.692476654052734
20170308154906938,-2.32113418579102
20170308154906939,-1.65737686157227
20170308154906940,0.684847259521484
20170308154906941,-2.49661026000977
20170308154906942,-1.61922988891602
20170308154906943,0.715364837646484
20170308154906944,-2.64156875610352
20170308154906945,-1.38271865844727
20170308154906946,0.555147552490234
20170308154906947,-2.75600967407227
20170308154906948,-1.29879531860352
20170308154906949,0.600923919677734
20170308154906950,-2.90096817016602
20170308154906951,-1.21487197875977
20170308154906952,0.654329681396484
20170308154906953,-2.84756240844727
20170308154906954,-1.18435440063477
20170308154906955,0.623812103271484
20170308154906956,-2.70260391235352
20170308154906957,-1.29879531860352
20170308154906958,0.585665130615234
20170308154906959,-2.87045059204102
20170308154906960,-1.09280166625977
20170308154906961,0.654329681396484
20170308154906962,-2.87807998657227
20170308154906963,-0.848661041259766
20170308154906964,0.570406341552734
20170308154906965,-2.97726211547852
20170308154906966,-0.711331939697266
20170308154906967,0.311006927490234
20170308154906968,-3.02303848266602
20170308154906969,-0.368009185791016
20170308154906970,0.112642669677734
20170308154906971,-3.02303848266602
20170308154906972,-0.284085845947266
20170308154906973,-0.146756744384766
20170308154906974,-2.99252090454102
20170308154906975,0.143160247802734
20170308154906976,-0.306974029541016
20170308154906977,-2.88570938110352
20170308154906978,0.288118743896484
20170308154906979,-0.596891021728516
20170308154906980,-2.84756240844727
20170308154906981,0.646700286865234
20170308154906982,-0.879178619384766
20170308154906983,-2.83230361938477
20170308154906984,0.814546966552734
20170308154906985,-1.10043106079102
20170308154906986,-2.78652725219727
20170308154906987,1.00528182983398
20170308154906988,-1.26064834594727
20170308154906989,-2.67208633422852
20170308154906990,0.837435150146484
20170308154906991,-1.52004776000977
20170308154906992,-2.52712783813477
20170308154906993,0.951876068115234
20170308154906994,-1.44375381469727
20170308154906995,-2.48135147094727
20170308154906996,0.990023040771484
20170308154906997,-1.56582412719727
20170308154906998,-2.45846328735352
20170308154906999,0.799288177490234
20170308154907000,-1.51241836547852
20170308154907001,-2.48135147094727
20170308154907002,0.799288177490234
20170308154907003,-1.68026504516602
20170308154907004,-2.35928115844727
20170308154907005,0.692476654052734
20170308154907006,-1.84048233032227
20170308154907007,-2.07699356079102
20170308154907008,0.639070892333984
20170308154907009,-2.01595840454102
20170308154907010,-2.03121719360352
20170308154907011,0.700106048583984
20170308154907012,-2.09988174438477
20170308154907013,-2.09988174438477
20170308154907014,0.829805755615234
20170308154907015,-2.26009902954102
20170308154907016,-1.77181777954102
20170308154907017,0.707735443115234
20170308154907018,-2.27535781860352
20170308154907019,-2.00069961547852
20170308154907020,0.654329681396484
20170308154907021,-2.22195205688477
20170308154907022,-2.06936416625977
20170308154907023,0.761141204833984
20170308154907024,-2.26772842407227
20170308154907025,-1.84811172485352
20170308154907026,0.631441497802734
20170308154907027,-2.27535781860352
20170308154907028,-1.65737686157227
20170308154907029,0.883211517333984
20170308154907030,-2.44320449829102
20170308154907031,-1.62685928344727
20170308154907032,0.616182708740234
20170308154907033,-2.34402236938477
20170308154907034,-1.68026504516602
20170308154907035,0.608553314208984
20170308154907036,-2.42031631469727
20170308154907037,-1.53530654907227
20170308154907038,0.791658782958984
20170308154907039,-2.64156875610352
20170308154907040,-1.38271865844727
20170308154907041,0.661959075927734
20170308154907042,-2.51949844360352
20170308154907043,-1.45901260375977
20170308154907044,0.646700286865234
20170308154907045,-2.61105117797852
20170308154907046,-1.38271865844727
20170308154907047,0.715364837646484
20170308154907048,-2.58816299438477
20170308154907049,-1.42086563110352
20170308154907050,0.585665130615234
20170308154907051,-2.67208633422852
20170308154907052,-1.31405410766602
20170308154907053,0.631441497802734
20170308154907054,-2.93911514282227
20170308154907055,-1.11568984985352
20170308154907056,0.517000579833984
20170308154907057,-2.90859756469727
20170308154907058,-1.19961318969727
20170308154907059,0.517000579833984
20170308154907060,-2.77126846313477
20170308154907061,-1.19198379516602
20170308154907062,0.654329681396484
20170308154907063,-3.00015029907227
20170308154907064,-1.09280166625977
20170308154907065,0.471224212646484
20170308154907066,-2.95437393188477
20170308154907067,-0.947843170166016
20170308154907068,0.417818450927734
20170308154907069,-2.97726211547852
20170308154907070,-0.696073150634766
20170308154907071,0.539888763427734
20170308154907072,-2.97726211547852
20170308154907073,-0.314603424072266
20170308154907074,0.326265716552734
20170308154907075,-2.95437393188477
20170308154907076,-0.116239166259766
20170308154907077,0.0592369079589844
20170308154907078,-2.90096817016602
20170308154907079,0.0287193298339844
20170308154907080,-0.375638580322266
20170308154907081,-2.91622695922852
20170308154907082,0.0897544860839844
20170308154907083,-0.497708892822266
20170308154907084,-2.85519180297852
20170308154907085,0.272859954833984
20170308154907086,-0.612149810791016
20170308154907087,-2.87807998657227
20170308154907088,0.448336029052734
20170308154907089,-0.711331939697266
20170308154907090,-2.89333877563477
20170308154907091,0.471224212646484
20170308154907092,-0.863919830322266
20170308154907093,-2.88570938110352
20170308154907094,0.562776947021484
20170308154907095,-0.841031646728516
20170308154907096,-2.94674453735352
20170308154907097,0.715364837646484
20170308154907098,-1.02413711547852
20170308154907099,-2.80941543579102
20170308154907100,0.768770599365234
20170308154907101,-0.963101959228516
20170308154907102,-2.77126846313477
20170308154907103,0.730623626708984
20170308154907104,-1.10043106079102
20170308154907105,-2.73312149047852
20170308154907106,0.753511810302734
20170308154907107,-1.23013076782227
20170308154907108,-2.80941543579102
20170308154907109,0.791658782958984
20170308154907110,-1.52767715454102
20170308154907111,-2.58053359985352
20170308154907112,0.753511810302734
20170308154907113,-1.44375381469727
20170308154907114,-2.50423965454102
20170308154907115,0.776399993896484
20170308154907116,-1.69552383422852
20170308154907117,-2.39742813110352
20170308154907118,0.547518157958984
20170308154907119,-1.85574111938477
20170308154907120,-2.18380508422852
20170308154907121,0.707735443115234
20170308154907122,-2.19906387329102
20170308154907123,-1.94729385375977
20170308154907124,0.722994232177734
20170308154907125,-2.28298721313477
20170308154907126,-1.75655899047852
20170308154907127,0.722994232177734
20170308154907128,-2.36691055297852
20170308154907129,-1.61160049438477
20170308154907130,0.852693939208984
20170308154907131,-2.48135147094727
20170308154907132,-1.51241836547852
20170308154907133,0.799288177490234
20170308154907134,-2.80941543579102
20170308154907135,-1.21487197875977
20170308154907136,0.722994232177734
20170308154907137,-2.93148574829102
20170308154907138,-1.06228408813477
20170308154907139,0.547518157958984
20170308154907140,-2.98489151000977
20170308154907141,-0.787625885009766
20170308154907142,0.402559661865234
20170308154907143,-2.97726211547852
20170308154907144,-0.802884674072266
20170308154907145,0.524629974365234
20170308154907146,-2.96963272094727
20170308154907147,-0.673184967041016
20170308154907148,0.349153900146484
20170308154907149,-2.89333877563477
20170308154907150,-0.627408599853516
20170308154907151,0.379671478271484
20170308154907152,-2.96200332641602
20170308154907153,-0.528226470947266
20170308154907154,0.0897544860839844
20170308154907155,-2.96200332641602
20170308154907156,-0.467191314697266
20170308154907157,0.0821250915527344
20170308154907158,-3.01540908813477
20170308154907159,-0.329862213134766
20170308154907160,0.249971771240234
20170308154907161,-2.97726211547852
20170308154907162,-0.299344635009766
20170308154907163,0.0363487243652344
20170308154907164,-2.94674453735352
20170308154907165,-0.322232818603516
20170308154907166,-0.0475746154785156
20170308154907167,-2.95437393188477
20170308154907168,-0.177274322509766
20170308154907169,-0.146756744384766
20170308154907170,-2.93911514282227
20170308154907171,0.448336029052734
20170308154907172,-0.627408599853516
20170308154907173,-2.85519180297852
20170308154907174,0.524629974365234
20170308154907175,-0.680814361572266
20170308154907176,-2.80178604125977
20170308154907177,0.738253021240234
20170308154907178,-0.993619537353516
20170308154907179,-2.81704483032227
20170308154907180,0.738253021240234
20170308154907181,-1.18435440063477
20170308154907182,-2.64156875610352
20170308154907183,0.814546966552734
20170308154907184,-1.43612442016602
20170308154907185,-2.67208633422852
20170308154907186,0.791658782958984
20170308154907187,-1.40560684204102
20170308154907188,-2.58053359985352
20170308154907189,0.715364837646484
20170308154907190,-1.29879531860352
20170308154907191,-2.70260391235352
20170308154907192,0.951876068115234
20170308154907193,-1.32931289672852
20170308154907194,-2.60342178344727
20170308154907195,0.761141204833984
20170308154907196,-1.48190078735352
20170308154907197,-2.55764541625977
20170308154907198,0.806917572021484
20170308154907199,-1.58108291625977
20170308154907200,-2.50423965454102
20170308154907201,0.692476654052734
20170308154907202,-1.64211807250977
20170308154907203,-2.43557510375977
20170308154907204,0.730623626708984
20170308154907205,-1.80996475219727
20170308154907206,-2.50423965454102
20170308154907207,0.738253021240234
20170308154907208,-1.67263565063477
20170308154907209,-2.39742813110352
20170308154907210,0.883211517333984
20170308154907211,-1.48953018188477
20170308154907212,-2.37453994750977
20170308154907213,0.677217864990234
20170308154907214,-1.77181777954102
20170308154907215,-2.25246963500977
20170308154907216,0.639070892333984
20170308154907217,-1.87862930297852
20170308154907218,-2.21432266235352
20170308154907219,0.745882415771484
20170308154907220,-1.87862930297852
20170308154907221,-2.13039932250977
20170308154907222,0.944246673583984
20170308154907223,-1.92440567016602
20170308154907224,-2.18380508422852
20170308154907225,0.799288177490234
20170308154907226,-1.89388809204102
20170308154907227,-2.07699356079102
20170308154907228,0.593294525146484
20170308154907229,-2.00832901000977
20170308154907230,-2.13802871704102
20170308154907231,0.616182708740234
20170308154907232,-1.90914688110352
20170308154907233,-2.19143447875977
20170308154907234,0.776399993896484
20170308154907235,-1.94729385375977
20170308154907236,-2.13802871704102
20170308154907237,0.677217864990234
20170308154907238,-2.09225234985352
20170308154907239,-2.13039932250977
20170308154907240,0.600923919677734
20170308154907241,-2.03121719360352
20170308154907242,-2.01595840454102
20170308154907243,0.806917572021484
20170308154907244,-2.29824600219727
20170308154907245,-1.96255264282227
20170308154907246,0.845064544677734
20170308154907247,-2.25246963500977
20170308154907248,-1.96255264282227
20170308154907249,0.631441497802734
20170308154907250,-2.28298721313477
20170308154907251,-1.84811172485352
20170308154907252,0.684847259521484
20170308154907253,-2.33639297485352
20170308154907254,-1.65737686157227
20170308154907255,0.654329681396484
20170308154907256,-2.35165176391602
20170308154907257,-1.67263565063477
20170308154907258,0.654329681396484
20170308154907259,-2.45846328735352
20170308154907260,-1.52004776000977
20170308154907261,0.799288177490234
20170308154907262,-2.53475723266602
20170308154907263,-1.52767715454102
20170308154907264,0.623812103271484
20170308154907265,-2.78652725219727
20170308154907266,-1.28353652954102
20170308154907267,0.631441497802734
20170308154907268,-2.90859756469727
20170308154907269,-1.17672500610352
20170308154907270,0.494112396240234
20170308154907271,-2.97726211547852
20170308154907272,-1.11568984985352
20170308154907273,0.509371185302734
20170308154907274,-3.03066787719727
20170308154907275,-0.932584381103516
20170308154907276,0.364412689208984
20170308154907277,-2.96963272094727
20170308154907278,-0.787625885009766
20170308154907279,0.379671478271484
20170308154907280,-3.02303848266602
20170308154907281,-0.696073150634766
20170308154907282,0.188936614990234
20170308154907283,-3.02303848266602
20170308154907284,-0.627408599853516
20170308154907285,0.242342376708984
20170308154907286,-3.00015029907227
20170308154907287,-0.413785552978516
20170308154907288,0.188936614990234
20170308154907289,-2.98489151000977
20170308154907290,-0.0552040100097656
20170308154907291,-0.200162506103516
20170308154907292,-3.00015029907227
20170308154907293,0.0287193298339844
20170308154907294,-0.337491607666016
20170308154907295,-2.90859756469727
20170308154907296,0.120272064208984
20170308154907297,-0.497708892822266
20170308154907298,-2.87045059204102
20170308154907299,0.364412689208984
20170308154907300,-0.535855865478516
20170308154907301,-2.90096817016602
20170308154907302,0.364412689208984
20170308154907303,-0.665555572509766
20170308154907304,-2.88570938110352
20170308154907305,0.509371185302734
20170308154907306,-0.772367095947266
20170308154907307,-2.89333877563477
20170308154907308,0.623812103271484
20170308154907309,-0.932584381103516
20170308154907310,-2.79415664672852
20170308154907311,0.784029388427734
20170308154907312,-0.978360748291016
20170308154907313,-2.80941543579102
20170308154907314,0.791658782958984
20170308154907315,-1.07754287719727
20170308154907316,-2.84756240844727
20170308154907317,0.768770599365234
20170308154907318,-1.27590713500977
20170308154907319,-2.71023330688477
20170308154907320,0.890840911865234
20170308154907321,-1.53530654907227
20170308154907322,-2.53475723266602
20170308154907323,0.730623626708984
20170308154907324,-1.71078262329102
20170308154907325,-2.48898086547852
20170308154907326,0.883211517333984
20170308154907327,-1.67263565063477
20170308154907328,-2.45083389282227
20170308154907329,0.631441497802734
20170308154907330,-1.62685928344727
20170308154907331,-2.52712783813477
20170308154907332,0.616182708740234
20170308154907333,-1.58108291625977
20170308154907334,-2.50423965454102
20170308154907335,0.692476654052734
20170308154907336,-1.71078262329102
20170308154907337,-2.38216934204102
20170308154907338,0.730623626708984
20170308154907339,-1.83285293579102
20170308154907340,-2.28298721313477
20170308154907341,0.738253021240234
20170308154907342,-1.68026504516602
20170308154907343,-2.29824600219727
20170308154907344,0.715364837646484
20170308154907345,-1.80233535766602
20170308154907346,-2.20669326782227
20170308154907347,0.791658782958984
20170308154907348,-2.08462295532227
20170308154907349,-2.16854629516602
20170308154907350,0.814546966552734
20170308154907351,-1.93203506469727
20170308154907352,-2.14565811157227
20170308154907353,0.730623626708984
20170308154907354,-2.19906387329102
20170308154907355,-2.02358779907227
20170308154907356,0.677217864990234
20170308154907357,-2.08462295532227
20170308154907358,-1.99307022094727
20170308154907359,0.639070892333984
20170308154907360,-2.08462295532227
20170308154907361,-2.06173477172852
20170308154907362,0.722994232177734
20170308154907363,-2.19143447875977
20170308154907364,-2.00069961547852
20170308154907365,0.600923919677734
20170308154907366,-2.07699356079102
20170308154907367,-2.00069961547852
20170308154907368,0.738253021240234
20170308154907369,-2.26772842407227
20170308154907370,-1.81759414672852
20170308154907371,0.784029388427734
20170308154907372,-2.25246963500977
20170308154907373,-1.97781143188477
20170308154907374,0.822176361083984
20170308154907375,-2.22958145141602
20170308154907376,-1.84048233032227
20170308154907377,0.722994232177734
20170308154907378,-2.35165176391602
20170308154907379,-1.71841201782227
20170308154907380,0.860323333740234
20170308154907381,-2.35928115844727
20170308154907382,-1.68789443969727
20170308154907383,0.661959075927734
20170308154907384,-2.31350479125977
20170308154907385,-1.71841201782227
20170308154907386,0.669588470458984
20170308154907387,-2.40505752563477
20170308154907388,-1.68789443969727
20170308154907389,0.890840911865234
20170308154907390,-2.34402236938477
20170308154907391,-1.75655899047852
20170308154907392,0.768770599365234
20170308154907393,-2.26009902954102
20170308154907394,-1.73367080688477
20170308154907395,0.631441497802734
20170308154907396,-2.42794570922852
20170308154907397,-1.58871231079102
20170308154907398,0.555147552490234
20170308154907399,-2.56527481079102
20170308154907400,-1.55819473266602
20170308154907401,0.684847259521484
20170308154907402,-2.73312149047852
20170308154907403,-1.29116592407227
20170308154907404,0.639070892333984
20170308154907405,-2.93911514282227
20170308154907406,-0.917325592041016
20170308154907407,0.532259368896484
20170308154907408,-2.96200332641602
20170308154907409,-0.589261627197266
20170308154907410,0.425447845458984
20170308154907411,-3.00015029907227
20170308154907412,-0.627408599853516
20170308154907413,0.280489349365234
20170308154907414,-2.99252090454102
20170308154907415,-0.337491607666016
20170308154907416,-0.0017982482910156
20170308154907417,-2.98489151000977
20170308154907418,-0.0704627990722656
20170308154907419,-0.123868560791016
20170308154907420,-2.93911514282227
20170308154907421,-0.146756744384766
20170308154907422,-0.268827056884766
20170308154907423,-2.87807998657227
20170308154907424,0.105013275146484
20170308154907425,-0.467191314697266
20170308154907426,-2.79415664672852
20170308154907427,0.585665130615234
20170308154907428,-0.734220123291016
20170308154907429,-2.90096817016602
20170308154907430,0.722994232177734
20170308154907431,-1.01650772094727
20170308154907432,-2.94674453735352
20170308154907433,0.799288177490234
20170308154907434,-1.03176651000977
20170308154907435,-2.68734512329102
20170308154907436,0.761141204833984
20170308154907437,-1.27590713500977
20170308154907438,-2.61105117797852
20170308154907439,0.753511810302734
20170308154907440,-1.26064834594727
20170308154907441,-2.57290420532227
20170308154907442,0.906099700927734
20170308154907443,-1.61160049438477
20170308154907444,-2.38216934204102
20170308154907445,0.654329681396484
20170308154907446,-1.91677627563477
20170308154907447,-2.19143447875977
20170308154907448,0.715364837646484
20170308154907449,-2.02358779907227
20170308154907450,-2.05410537719727
20170308154907451,0.707735443115234
20170308154907452,-2.03121719360352
20170308154907453,-2.01595840454102
20170308154907454,0.883211517333984
20170308154907455,-2.12276992797852
20170308154907456,-1.91677627563477
20170308154907457,0.585665130615234
20170308154907458,-2.10751113891602
20170308154907459,-2.02358779907227
20170308154907460,0.692476654052734
20170308154907461,-2.18380508422852
20170308154907462,-1.84048233032227
20170308154907463,0.761141204833984
20170308154907464,-2.32876358032227
20170308154907465,-1.79470596313477
20170308154907466,0.791658782958984
20170308154907467,-2.41268692016602
20170308154907468,-1.62685928344727
20170308154907469,0.715364837646484
20170308154907470,-2.73312149047852
20170308154907471,-1.36745986938477
20170308154907472,0.669588470458984
20170308154907473,-2.84756240844727
20170308154907474,-1.03939590454102
20170308154907475,0.578035736083984
20170308154907476,-2.92385635375977
20170308154907477,-0.856290435791016
20170308154907478,0.455965423583984
20170308154907479,-2.97726211547852
20170308154907480,-0.718961334228516
20170308154907481,0.387300872802734
20170308154907482,-2.97726211547852
20170308154907483,-0.680814361572266
20170308154907484,0.219454193115234
20170308154907485,-3.07644424438477
20170308154907486,-0.642667388916016
20170308154907487,0.166048431396484
20170308154907488,-3.02303848266602
20170308154907489,-0.604520416259766
20170308154907490,0.211824798583984
20170308154907491,-2.96200332641602
20170308154907492,-0.398526763916016
20170308154907493,0.166048431396484
20170308154907494,-2.94674453735352
20170308154907495,-0.551114654541016
20170308154907496,0.173677825927734
20170308154907497,-2.93148574829102
20170308154907498,-0.497708892822266
20170308154907499,0.188936614990234
20170308154907500,-2.90859756469727
20170308154907501,-0.612149810791016
20170308154907502,0.433077239990234
20170308154907503,-2.97726211547852
20170308154907504,-0.650296783447266
20170308154907505,0.242342376708984
20170308154907506,-2.94674453735352
20170308154907507,-0.528226470947266
20170308154907508,0.0744956970214844
20170308154907509,-2.98489151000977
20170308154907510,-0.375638580322266
20170308154907511,0.0744956970214844
20170308154907512,-2.99252090454102
20170308154907513,-0.154386138916016
20170308154907514,-0.0857215881347656
20170308154907515,-2.93911514282227
20170308154907516,0.0516075134277344
20170308154907517,-0.314603424072266
20170308154907518,-2.89333877563477
20170308154907519,0.326265716552734
20170308154907520,-0.635037994384766
20170308154907521,-2.87045059204102
20170308154907522,0.555147552490234
20170308154907523,-0.665555572509766
20170308154907524,-2.77889785766602
20170308154907525,0.730623626708984
20170308154907526,-0.978360748291016
20170308154907527,-2.87807998657227
20170308154907528,0.646700286865234
20170308154907529,-1.04702529907227
20170308154907530,-2.80941543579102
20170308154907531,0.959505462646484
20170308154907532,-0.940213775634766
20170308154907533,-2.74075088500977
20170308154907534,0.806917572021484
20170308154907535,-1.35220108032227
20170308154907536,-2.66445693969727
20170308154907537,0.753511810302734
20170308154907538,-1.54293594360352
20170308154907539,-2.47372207641602
20170308154907540,0.959505462646484
20170308154907541,-1.58108291625977
20170308154907542,-2.45083389282227
20170308154907543,0.707735443115234
20170308154907544,-1.55056533813477
20170308154907545,-2.45083389282227
20170308154907546,0.669588470458984
20170308154907547,-1.65737686157227
20170308154907548,-2.39742813110352
20170308154907549,0.845064544677734
20170308154907550,-1.74892959594727
20170308154907551,-2.41268692016602
20170308154907552,0.890840911865234
20170308154907553,-1.68026504516602
20170308154907554,-2.41268692016602
20170308154907555,0.768770599365234
20170308154907556,-1.79470596313477
20170308154907557,-2.26772842407227
20170308154907558,0.829805755615234
20170308154907559,-1.97018203735352
20170308154907560,-1.93966445922852
20170308154907561,0.814546966552734
20170308154907562,-2.30587539672852
20170308154907563,-1.81759414672852
20170308154907564,0.883211517333984
20170308154907565,-2.32113418579102
20170308154907566,-1.71078262329102
20170308154907567,0.745882415771484
20170308154907568,-2.54238662719727
20170308154907569,-1.64974746704102
20170308154907570,0.837435150146484
20170308154907571,-2.37453994750977
20170308154907572,-1.55056533813477
20170308154907573,0.852693939208984
20170308154907574,-2.48135147094727
20170308154907575,-1.29879531860352
20170308154907576,0.631441497802734
20170308154907577,-2.87045059204102
20170308154907578,-1.08517227172852
20170308154907579,0.562776947021484
20170308154907580,-2.95437393188477
20170308154907581,-1.02413711547852
20170308154907582,0.562776947021484
20170308154907583,-3.00777969360352
20170308154907584,-0.833402252197266
20170308154907585,0.471224212646484
20170308154907586,-2.99252090454102
20170308154907587,-0.574002838134766
20170308154907588,0.265230560302734
20170308154907589,-2.98489151000977
20170308154907590,-0.375638580322266
20170308154907591,0.158419036865234
20170308154907592,-2.91622695922852
20170308154907593,-0.352750396728516
20170308154907594,0.0439781188964844
20170308154907595,-2.95437393188477
20170308154907596,-0.314603424072266
20170308154907597,-0.131497955322266
20170308154907598,-2.96963272094727
20170308154907599,-0.0857215881347656
20170308154907600,-0.261197662353516
20170308154907601,-2.96200332641602
20170308154907602,-0.0933509826660156
20170308154907603,-0.284085845947266
20170308154907604,-2.90096817016602
20170308154907605,0.326265716552734
20170308154907606,-0.299344635009766
20170308154907607,-2.89333877563477
20170308154907608,0.433077239990234
20170308154907609,-0.635037994384766
20170308154907610,-2.78652725219727
20170308154907611,0.745882415771484
20170308154907612,-0.924954986572266
20170308154907613,-2.80941543579102
20170308154907614,0.745882415771484
20170308154907615,-1.00887832641602
20170308154907616,-2.87807998657227
20170308154907617,0.471224212646484
20170308154907618,-0.696073150634766
20170308154907619,-2.88570938110352
20170308154907620,0.684847259521484
20170308154907621,-0.955472564697266
20170308154907622,-2.86282119750977
20170308154907623,0.539888763427734
20170308154907624,-0.779996490478516
20170308154907625,-2.84756240844727
20170308154907626,0.440706634521484
20170308154907627,-0.604520416259766
20170308154907628,-2.85519180297852
20170308154907629,0.631441497802734
20170308154907630,-0.932584381103516
20170308154907631,-2.77126846313477
20170308154907632,0.578035736083984
20170308154907633,-0.833402252197266
20170308154907634,-2.84756240844727
20170308154907635,0.425447845458984
20170308154907636,-0.680814361572266
20170308154907637,-2.82467422485352
20170308154907638,0.478853607177734
20170308154907639,-0.612149810791016
20170308154907640,-2.81704483032227
20170308154907641,0.188936614990234
20170308154907642,-0.512967681884766
20170308154907643,-2.84756240844727
20170308154907644,0.265230560302734
20170308154907645,-0.474820709228516
20170308154907646,-2.90096817016602
20170308154907647,0.280489349365234
20170308154907648,-0.558744049072266
20170308154907649,-2.80941543579102
20170308154907650,0.379671478271484
20170308154907651,-0.696073150634766
20170308154907652,-2.91622695922852
20170308154907653,0.524629974365234
20170308154907654,-0.718961334228516
20170308154907655,-2.87045059204102
20170308154907656,0.494112396240234
20170308154907657,-0.604520416259766
20170308154907658,-2.83230361938477
20170308154907659,0.639070892333984
20170308154907660,-0.917325592041016
20170308154907661,-2.80178604125977
20170308154907662,0.761141204833984
20170308154907663,-1.03176651000977
20170308154907664,-2.77126846313477
20170308154907665,0.791658782958984
20170308154907666,-0.978360748291016
20170308154907667,-2.82467422485352
20170308154907668,0.784029388427734
20170308154907669,-0.985990142822266
20170308154907670,-2.79415664672852
20170308154907671,0.898470306396484
20170308154907672,-1.01650772094727
20170308154907673,-2.77126846313477
20170308154907674,0.715364837646484
20170308154907675,-1.01650772094727
20170308154907676,-2.66445693969727
20170308154907677,0.852693939208984
20170308154907678,-1.06228408813477
20170308154907679,-2.74838027954102
20170308154907680,0.799288177490234
20170308154907681,-1.15383682250977
20170308154907682,-2.71023330688477
20170308154907683,0.791658782958984
20170308154907684,-1.15383682250977
20170308154907685,-2.67208633422852
20170308154907686,0.913729095458984
20170308154907687,-1.26064834594727
20170308154907688,-2.67971572875977
20170308154907689,0.822176361083984
20170308154907690,-1.34457168579102
20170308154907691,-2.68734512329102
20170308154907692,0.822176361083984
20170308154907693,-1.27590713500977
20170308154907694,-2.60342178344727
20170308154907695,0.829805755615234
20170308154907696,-1.23776016235352
20170308154907697,-2.61868057250977
20170308154907698,0.654329681396484
20170308154907699,-1.33694229125977
20170308154907700,-2.66445693969727
20170308154907701,0.913729095458984
20170308154907702,-1.31405410766602
20170308154907703,-2.58816299438477
20170308154907704,0.761141204833984
20170308154907705,-1.18435440063477
20170308154907706,-2.51949844360352
20170308154907707,0.738253021240234
20170308154907708,-1.33694229125977
20170308154907709,-2.64156875610352
20170308154907710,0.845064544677734
20170308154907711,-1.20724258422852
20170308154907712,-2.64156875610352
20170308154907713,0.768770599365234
20170308154907714,-1.19198379516602
20170308154907715,-2.58816299438477
20170308154907716,0.776399993896484
20170308154907717,-1.43612442016602
20170308154907718,-2.56527481079102
20170308154907719,0.707735443115234
20170308154907720,-1.53530654907227
20170308154907721,-2.42031631469727
20170308154907722,0.799288177490234
20170308154907723,-1.57345352172852
20170308154907724,-2.48135147094727
20170308154907725,0.799288177490234
20170308154907726,-1.45901260375977
20170308154907727,-2.54238662719727
20170308154907728,0.799288177490234
20170308154907729,-1.44375381469727
20170308154907730,-2.48898086547852
20170308154907731,0.791658782958984
20170308154907732,-1.45138320922852
20170308154907733,-2.54238662719727
20170308154907734,0.791658782958984
20170308154907735,-1.58871231079102
20170308154907736,-2.48898086547852
20170308154907737,0.890840911865234
20170308154907738,-1.64974746704102
20170308154907739,-2.39742813110352
20170308154907740,0.837435150146484
20170308154907741,-1.79470596313477
20170308154907742,-2.06936416625977
20170308154907743,0.715364837646484
20170308154907744,-2.06936416625977
20170308154907745,-1.99307022094727
20170308154907746,0.814546966552734
20170308154907747,-2.36691055297852
20170308154907748,-1.58871231079102
20170308154907749,0.707735443115234
20170308154907750,-2.35928115844727
20170308154907751,-1.58108291625977
20170308154907752,0.715364837646484
20170308154907753,-2.38216934204102
20170308154907754,-1.74130020141602
20170308154907755,0.867952728271484
20170308154907756,-2.56527481079102
20170308154907757,-1.42086563110352
20170308154907758,0.715364837646484
20170308154907759,-2.75600967407227
20170308154907760,-1.24538955688477
20170308154907761,0.616182708740234
20170308154907762,-2.85519180297852
20170308154907763,-1.16146621704102
20170308154907764,0.509371185302734
20170308154907765,-2.96963272094727
20170308154907766,-0.963101959228516
20170308154907767,0.539888763427734
20170308154907768,-3.00777969360352
20170308154907769,-0.711331939697266
20170308154907770,0.318636322021484
20170308154907771,-2.95437393188477
20170308154907772,-0.566373443603516
20170308154907773,0.478853607177734
20170308154907774,-2.88570938110352
20170308154907775,-0.512967681884766
20170308154907776,0.211824798583984
20170308154907777,-2.98489151000977
20170308154907778,-0.245938873291016
20170308154907779,-0.0780921936035156
20170308154907780,-2.99252090454102
20170308154907781,0.0897544860839844
20170308154907782,-0.467191314697266
20170308154907783,-2.96963272094727
20170308154907784,0.410189056396484
20170308154907785,-0.581632232666016
20170308154907786,-2.97726211547852
20170308154907787,0.616182708740234
20170308154907788,-0.924954986572266
20170308154907789,-2.86282119750977
20170308154907790,0.852693939208984
20170308154907791,-1.19198379516602
20170308154907792,-2.63393936157227
20170308154907793,0.959505462646484
20170308154907794,-1.30642471313477
20170308154907795,-2.63393936157227
20170308154907796,0.860323333740234
20170308154907797,-1.45138320922852
20170308154907798,-2.51949844360352
20170308154907799,0.875582122802734
20170308154907800,-1.52004776000977
20170308154907801,-2.41268692016602
20170308154907802,0.906099700927734
20170308154907803,-1.77944717407227
20170308154907804,-2.24484024047852
20170308154907805,0.852693939208984
20170308154907806,-1.97018203735352
20170308154907807,-2.04647598266602
20170308154907808,0.867952728271484
20170308154907809,-2.13039932250977
20170308154907810,-2.01595840454102
20170308154907811,0.906099700927734
20170308154907812,-2.13039932250977
20170308154907813,-1.98544082641602
20170308154907814,0.715364837646484
20170308154907815,-2.19906387329102
20170308154907816,-2.01595840454102
20170308154907817,0.692476654052734
20170308154907818,-2.19143447875977
20170308154907819,-1.68026504516602
20170308154907820,0.730623626708984
20170308154907821,-2.49661026000977
20170308154907822,-1.50478897094727
20170308154907823,0.814546966552734
20170308154907824,-2.52712783813477
20170308154907825,-1.48953018188477
20170308154907826,0.623812103271484
20170308154907827,-2.49661026000977
20170308154907828,-1.55056533813477
20170308154907829,0.829805755615234
20170308154907830,-2.60342178344727
20170308154907831,-1.47427139282227
20170308154907832,0.539888763427734
20170308154907833,-2.74075088500977
20170308154907834,-1.30642471313477
20170308154907835,0.707735443115234
20170308154907836,-2.83230361938477
20170308154907837,-1.29116592407227
20170308154907838,0.639070892333984
20170308154907839,-2.64156875610352
20170308154907840,-1.39797744750977
20170308154907841,0.730623626708984
20170308154907842,-2.68734512329102
20170308154907843,-1.29879531860352
20170308154907844,0.814546966552734
20170308154907845,-2.78652725219727
20170308154907846,-1.24538955688477
20170308154907847,0.578035736083984
20170308154907848,-2.65682754516602
20170308154907849,-1.35220108032227
20170308154907850,0.700106048583984
20170308154907851,-2.70260391235352
20170308154907852,-1.32168350219727
20170308154907853,0.562776947021484
20170308154907854,-2.61105117797852
20170308154907855,-1.39034805297852
20170308154907856,0.616182708740234
20170308154907857,-2.44320449829102
20170308154907858,-1.58871231079102
20170308154907859,0.860323333740234
20170308154907860,-2.38216934204102
20170308154907861,-1.61160049438477
20170308154907862,0.883211517333984
20170308154907863,-2.43557510375977
20170308154907864,-1.53530654907227
20170308154907865,0.623812103271484
20170308154907866,-2.35928115844727
20170308154907867,-1.60397109985352
20170308154907868,0.860323333740234
20170308154907869,-2.51186904907227
20170308154907870,-1.55819473266602
20170308154907871,0.883211517333984
20170308154907872,-2.48898086547852
20170308154907873,-1.58871231079102
20170308154907874,0.722994232177734
20170308154907875,-2.40505752563477
20170308154907876,-1.58108291625977
20170308154907877,0.822176361083984
20170308154907878,-2.35928115844727
20170308154907879,-1.62685928344727
20170308154907880,0.753511810302734
20170308154907881,-2.42031631469727
20170308154907882,-1.58108291625977
20170308154907883,0.707735443115234
20170308154907884,-2.58053359985352
20170308154907885,-1.58871231079102
20170308154907886,0.623812103271484
20170308154907887,-2.43557510375977
20170308154907888,-1.55819473266602
20170308154907889,0.768770599365234
20170308154907890,-2.53475723266602
20170308154907891,-1.51241836547852
20170308154907892,0.661959075927734
20170308154907893,-2.57290420532227
20170308154907894,-1.37508926391602
20170308154907895,0.715364837646484
20170308154907896,-2.77889785766602
20170308154907897,-1.18435440063477
20170308154907898,0.517000579833984
20170308154907899,-2.91622695922852
20170308154907900,-1.27590713500977
20170308154907901,0.562776947021484
20170308154907902,-3.01540908813477
20170308154907903,-1.18435440063477
20170308154907904,0.700106048583984
20170308154907905,-2.87045059204102
20170308154907906,-1.16146621704102
20170308154907907,0.524629974365234
20170308154907908,-2.93148574829102
20170308154907909,-1.03176651000977
20170308154907910,0.578035736083984
20170308154907911,-2.94674453735352
20170308154907912,-0.589261627197266
20170308154907913,0.272859954833984
20170308154907914,-2.93911514282227
20170308154907915,-0.619779205322266
20170308154907916,0.486483001708984
20170308154907917,-2.91622695922852
20170308154907918,-0.429044342041016
20170308154907919,0.105013275146484
20170308154907920,-2.96963272094727
20170308154907921,-0.215421295166016
20170308154907922,-0.0170570373535156
20170308154907923,-2.88570938110352
20170308154907924,-0.192533111572266
20170308154907925,-0.184903717041016
20170308154907926,-2.94674453735352
20170308154907927,0.372042083740234
20170308154907928,-0.650296783447266
20170308154907929,-2.90096817016602
20170308154907930,0.570406341552734
20170308154907931,-0.833402252197266
20170308154907932,-2.88570938110352
20170308154907933,0.906099700927734
20170308154907934,-1.09280166625977
20170308154907935,-2.80941543579102
20170308154907936,0.898470306396484
20170308154907937,-1.08517227172852
20170308154907938,-2.65682754516602
20170308154907939,0.921358489990234
20170308154907940,-1.45901260375977
20170308154907941,-2.57290420532227
20170308154907942,0.776399993896484
20170308154907943,-1.61160049438477
20170308154907944,-2.39742813110352
20170308154907945,0.829805755615234
20170308154907946,-1.84048233032227
20170308154907947,-2.34402236938477
20170308154907948,0.661959075927734
20170308154907949,-1.79470596313477
20170308154907950,-2.35165176391602
20170308154907951,0.715364837646484
20170308154907952,-1.84048233032227
20170308154907953,-2.18380508422852
20170308154907954,0.661959075927734
20170308154907955,-2.08462295532227
20170308154907956,-1.89388809204102
20170308154907957,0.776399993896484
20170308154907958,-2.38979873657227
20170308154907959,-1.56582412719727
20170308154907960,0.677217864990234
20170308154907961,-2.60342178344727
20170308154907962,-1.49715957641602
20170308154907963,0.761141204833984
20170308154907964,-2.88570938110352
20170308154907965,-1.24538955688477
20170308154907966,0.654329681396484
20170308154907967,-2.92385635375977
20170308154907968,-1.10043106079102
20170308154907969,0.623812103271484
20170308154907970,-2.96963272094727
20170308154907971,-1.03939590454102
20170308154907972,0.547518157958984
20170308154907973,-2.94674453735352
20170308154907974,-1.06228408813477
20170308154907975,0.707735443115234
20170308154907976,-2.89333877563477
20170308154907977,-1.03176651000977
20170308154907978,0.402559661865234
20170308154907979,-2.87045059204102
20170308154907980,-1.14620742797852
20170308154907981,0.478853607177734
20170308154907982,-2.90859756469727
20170308154907983,-1.03939590454102
20170308154907984,0.486483001708984
20170308154907985,-2.98489151000977
20170308154907986,-0.764737701416016
20170308154907987,0.394930267333984
20170308154907988,-2.96200332641602
20170308154907989,-0.665555572509766
20170308154907990,0.517000579833984
20170308154907991,-2.96963272094727
20170308154907992,-0.787625885009766
20170308154907993,0.425447845458984
20170308154907994,-2.97726211547852
20170308154907995,-0.619779205322266
20170308154907996,0.280489349365234
20170308154907997,-2.90859756469727
20170308154907998,-0.406156158447266
20170308154907999,0.219454193115234
20170308154908000,-2.93911514282227
20170308154908001,-0.383267974853516
20170308154908002,0.120272064208984
20170308154908003,-2.89333877563477
20170308154908004,-0.436673736572266
20170308154908005,0.0744956970214844
20170308154908006,-2.90096817016602
20170308154908007,-0.459561920166016
20170308154908008,0.288118743896484
20170308154908009,-2.92385635375977
20170308154908010,-0.368009185791016
20170308154908011,0.0439781188964844
20170308154908012,-2.96963272094727
20170308154908013,-0.413785552978516
20170308154908014,0.158419036865234
20170308154908015,-2.92385635375977
20170308154908016,-0.268827056884766
20170308154908017,-0.0475746154785156
20170308154908018,-2.98489151000977
20170308154908019,-0.360379791259766
20170308154908020,0.0439781188964844
20170308154908021,-2.90859756469727
20170308154908022,-0.253568267822266
20170308154908023,-0.0475746154785156
20170308154908024,-2.92385635375977
20170308154908025,-0.177274322509766
20170308154908026,-0.0857215881347656
20170308154908027,-2.93148574829102
20170308154908028,-0.360379791259766
20170308154908029,-0.146756744384766
20170308154908030,-2.97726211547852
20170308154908031,-0.123868560791016
20170308154908032,-0.230680084228516
20170308154908033,-2.96200332641602
20170308154908034,-0.223050689697266
20170308154908035,-0.146756744384766
20170308154908036,-2.90859756469727
20170308154908037,-0.306974029541016
20170308154908038,-0.108609771728516
20170308154908039,-2.89333877563477
20170308154908040,-0.207791900634766
20170308154908041,-0.154386138916016
20170308154908042,-2.88570938110352
20170308154908043,-0.253568267822266
20170308154908044,-0.0628334045410156
20170308154908045,-2.90096817016602
20170308154908046,-0.512967681884766
20170308154908047,0.0821250915527344
20170308154908048,-2.96200332641602
20170308154908049,-0.512967681884766
20170308154908050,0.173677825927734
20170308154908051,-2.93911514282227
20170308154908052,-0.528226470947266
20170308154908053,0.204195404052734
20170308154908054,-3.00015029907227
20170308154908055,-0.421414947509766
20170308154908056,0.0363487243652344
20170308154908057,-2.96963272094727
20170308154908058,-0.490079498291016
20170308154908059,0.0744956970214844
20170308154908060,-3.00015029907227
20170308154908061,-0.306974029541016
20170308154908062,-0.0933509826660156
20170308154908063,-3.00015029907227
20170308154908064,-0.0628334045410156
20170308154908065,-0.0933509826660156
20170308154908066,-2.82467422485352
20170308154908067,0.0210899353027344
20170308154908068,-0.383267974853516
20170308154908069,-2.90096817016602
20170308154908070,0.0897544860839844
20170308154908071,-0.421414947509766
20170308154908072,-2.89333877563477
20170308154908073,0.311006927490234
20170308154908074,-0.657926177978516
20170308154908075,-2.83993301391602
20170308154908076,0.578035736083984
20170308154908077,-0.856290435791016
20170308154908078,-2.83993301391602
20170308154908079,0.753511810302734
20170308154908080,-1.09280166625977
20170308154908081,-2.79415664672852
20170308154908082,1.02817001342773
20170308154908083,-0.955472564697266
20170308154908084,-2.72549209594727
20170308154908085,0.768770599365234
20170308154908086,-1.12331924438477
20170308154908087,-2.65682754516602
20170308154908088,0.745882415771484
20170308154908089,-1.23013076782227
20170308154908090,-2.57290420532227
20170308154908091,0.860323333740234
20170308154908092,-1.36745986938477
20170308154908093,-2.56527481079102
20170308154908094,0.715364837646484
20170308154908095,-1.35220108032227
20170308154908096,-2.42794570922852
20170308154908097,0.822176361083984
20170308154908098,-1.74130020141602
20170308154908099,-2.29061660766602
20170308154908100,0.875582122802734
20170308154908101,-1.93966445922852
20170308154908102,-2.13802871704102
20170308154908103,0.898470306396484
20170308154908104,-2.14565811157227
20170308154908105,-1.90151748657227
20170308154908106,0.639070892333984
20170308154908107,-2.16854629516602
20170308154908108,-2.02358779907227
20170308154908109,0.745882415771484
20170308154908110,-2.21432266235352
20170308154908111,-1.91677627563477
20170308154908112,0.753511810302734
20170308154908113,-2.32876358032227
20170308154908114,-1.73367080688477
20170308154908115,0.806917572021484
20170308154908116,-2.38979873657227
20170308154908117,-1.53530654907227
20170308154908118,0.837435150146484
20170308154908119,-2.84756240844727
20170308154908120,-1.23776016235352
20170308154908121,0.784029388427734
20170308154908122,-2.80178604125977
20170308154908123,-1.09280166625977
20170308154908124,0.600923919677734
20170308154908125,-2.94674453735352
20170308154908126,-0.833402252197266
20170308154908127,0.776399993896484
20170308154908128,-2.87045059204102
20170308154908129,-0.810514068603516
20170308154908130,0.425447845458984
20170308154908131,-2.87045059204102
20170308154908132,-0.932584381103516
20170308154908133,0.814546966552734
20170308154908134,-2.87807998657227
20170308154908135,-0.917325592041016
20170308154908136,0.555147552490234
20170308154908137,-2.90859756469727
20170308154908138,-0.856290435791016
20170308154908139,0.448336029052734
20170308154908140,-2.89333877563477
20170308154908141,-0.833402252197266
20170308154908142,0.402559661865234
20170308154908143,-2.87807998657227
20170308154908144,-0.841031646728516
20170308154908145,0.417818450927734
20170308154908146,-2.97726211547852
20170308154908147,-0.459561920166016
20170308154908148,0.433077239990234
20170308154908149,-2.90859756469727
20170308154908150,-0.551114654541016
20170308154908151,0.211824798583984
20170308154908152,-2.94674453735352
20170308154908153,-0.406156158447266
20170308154908154,0.0821250915527344
20170308154908155,-2.99252090454102
20170308154908156,-0.360379791259766
20170308154908157,0.234712982177734
20170308154908158,-2.90096817016602
20170308154908159,-0.261197662353516
20170308154908160,0.127901458740234
20170308154908161,-2.92385635375977
20170308154908162,-0.390897369384766
20170308154908163,0.0287193298339844
20170308154908164,-2.81704483032227
20170308154908165,-0.650296783447266
20170308154908166,0.257601165771484
20170308154908167,-2.99252090454102
20170308154908168,-0.490079498291016
20170308154908169,0.211824798583984
20170308154908170,-2.87807998657227
20170308154908171,-0.192533111572266
20170308154908172,0.204195404052734
20170308154908173,-2.84756240844727
20170308154908174,-0.0475746154785156
20170308154908175,-0.139127349853516
20170308154908176,-2.90859756469727
20170308154908177,-0.146756744384766
20170308154908178,-0.116239166259766
20170308154908179,-2.97726211547852
20170308154908180,-0.0399452209472656
20170308154908181,-0.0246864318847656
20170308154908182,-2.78652725219727
20170308154908183,-0.154386138916016
20170308154908184,-0.154386138916016
20170308154908185,-2.87807998657227
20170308154908186,-0.253568267822266
20170308154908187,-0.0323158264160156
20170308154908188,-2.87045059204102
20170308154908189,-0.223050689697266
20170308154908190,0.0439781188964844
20170308154908191,-2.90096817016602
20170308154908192,-0.253568267822266
20170308154908193,-0.0933509826660156
20170308154908194,-2.83993301391602
20170308154908195,-0.207791900634766
20170308154908196,-0.139127349853516
20170308154908197,-2.87045059204102
20170308154908198,-0.0704627990722656
20170308154908199,-0.314603424072266
20170308154908200,-2.93148574829102
20170308154908201,0.181307220458984
20170308154908202,-0.413785552978516
20170308154908203,-2.81704483032227
20170308154908204,0.166048431396484
20170308154908205,-0.444303131103516
20170308154908206,-2.81704483032227
20170308154908207,0.150789642333984
20170308154908208,-0.413785552978516
20170308154908209,-2.79415664672852
20170308154908210,0.341524505615234
20170308154908211,-0.558744049072266
20170308154908212,-2.90096817016602
20170308154908213,0.257601165771484
20170308154908214,-0.337491607666016
20170308154908215,-2.84756240844727
20170308154908216,0.112642669677734
20170308154908217,-0.421414947509766
20170308154908218,-2.80178604125977
20170308154908219,0.0439781188964844
20170308154908220,-0.337491607666016
20170308154908221,-2.77126846313477
20170308154908222,0.0516075134277344
20170308154908223,-0.429044342041016
20170308154908224,-2.90859756469727
20170308154908225,0.379671478271484
20170308154908226,-0.642667388916016
20170308154908227,-2.83993301391602
20170308154908228,0.402559661865234
20170308154908229,-0.482450103759766
20170308154908230,-2.86282119750977
20170308154908231,0.356783294677734
20170308154908232,-0.642667388916016
20170308154908233,-2.88570938110352
20170308154908234,0.494112396240234
20170308154908235,-0.795255279541016
20170308154908236,-2.82467422485352
20170308154908237,0.486483001708984
20170308154908238,-0.688443756103516
20170308154908239,-2.82467422485352
20170308154908240,0.547518157958984
20170308154908241,-0.924954986572266
20170308154908242,-2.73312149047852
20170308154908243,0.753511810302734
20170308154908244,-1.02413711547852
20170308154908245,-2.77889785766602
20170308154908246,0.799288177490234
20170308154908247,-1.13857803344727
20170308154908248,-2.75600967407227
20170308154908249,0.829805755615234
20170308154908250,-1.16909561157227
20170308154908251,-2.77889785766602
20170308154908252,0.959505462646484
20170308154908253,-1.36745986938477
20170308154908254,-2.60342178344727
20170308154908255,0.875582122802734
20170308154908256,-1.61160049438477
20170308154908257,-2.48135147094727
20170308154908258,0.814546966552734
20170308154908259,-1.74130020141602
20170308154908260,-2.18380508422852
20170308154908261,0.913729095458984
20170308154908262,-2.10751113891602
20170308154908263,-2.16091690063477
20170308154908264,0.669588470458984
20170308154908265,-1.90151748657227
20170308154908266,-2.08462295532227
20170308154908267,0.845064544677734
20170308154908268,-2.31350479125977
20170308154908269,-1.80996475219727
20170308154908270,0.776399993896484
20170308154908271,-2.40505752563477
20170308154908272,-1.52004776000977
20170308154908273,0.677217864990234
20170308154908274,-2.58816299438477
20170308154908275,-1.42849502563477
20170308154908276,0.745882415771484
20170308154908277,-2.75600967407227
20170308154908278,-1.31405410766602
20170308154908279,0.646700286865234
20170308154908280,-3.01540908813477
20170308154908281,-1.06228408813477
20170308154908282,0.517000579833984
20170308154908283,-2.98489151000977
20170308154908284,-0.688443756103516
20170308154908285,0.410189056396484
20170308154908286,-2.94674453735352
20170308154908287,-0.596891021728516
20170308154908288,0.272859954833984
20170308154908289,-2.90859756469727
20170308154908290,-0.421414947509766
20170308154908291,0.0363487243652344
20170308154908292,-2.90859756469727
20170308154908293,-0.0017982482910156
20170308154908294,-0.184903717041016
20170308154908295,-2.87807998657227
20170308154908296,0.349153900146484
20170308154908297,-0.512967681884766
20170308154908298,-2.82467422485352
20170308154908299,0.364412689208984
20170308154908300,-0.558744049072266
20170308154908301,-2.81704483032227
20170308154908302,0.478853607177734
20170308154908303,-0.688443756103516
20170308154908304,-2.87045059204102
20170308154908305,0.669588470458984
20170308154908306,-0.772367095947266
20170308154908307,-2.80941543579102
20170308154908308,0.494112396240234
20170308154908309,-0.757108306884766
20170308154908310,-2.80941543579102
20170308154908311,0.768770599365234
20170308154908312,-0.879178619384766
20170308154908313,-2.88570938110352
20170308154908314,0.570406341552734
20170308154908315,-0.947843170166016
20170308154908316,-2.83993301391602
20170308154908317,0.730623626708984
20170308154908318,-1.08517227172852
20170308154908319,-2.77889785766602
20170308154908320,0.753511810302734
20170308154908321,-1.25301895141602
20170308154908322,-2.67971572875977
20170308154908323,0.806917572021484
20170308154908324,-1.54293594360352
20170308154908325,-2.51949844360352
20170308154908326,0.768770599365234
20170308154908327,-1.33694229125977
20170308154908328,-2.49661026000977
20170308154908329,0.822176361083984
20170308154908330,-1.62685928344727
20170308154908331,-2.44320449829102
20170308154908332,0.661959075927734
20170308154908333,-1.74892959594727
20170308154908334,-2.40505752563477
20170308154908335,0.791658782958984
20170308154908336,-1.74130020141602
20170308154908337,-2.23721084594727
20170308154908338,0.913729095458984
20170308154908339,-1.81759414672852
20170308154908340,-2.19143447875977
20170308154908341,0.845064544677734
20170308154908342,-1.90914688110352
20170308154908343,-2.05410537719727
20170308154908344,0.730623626708984
20170308154908345,-2.15328750610352
20170308154908346,-1.98544082641602
20170308154908347,0.822176361083984
20170308154908348,-2.09988174438477
20170308154908349,-1.92440567016602
20170308154908350,0.669588470458984
20170308154908351,-2.09225234985352
20170308154908352,-1.87099990844727
20170308154908353,0.715364837646484
20170308154908354,-2.30587539672852
20170308154908355,-1.71841201782227
20170308154908356,0.692476654052734
20170308154908357,-2.35165176391602
20170308154908358,-1.71078262329102
20170308154908359,0.852693939208984
20170308154908360,-2.38979873657227
20170308154908361,-1.58108291625977
20170308154908362,0.661959075927734
20170308154908363,-2.63393936157227
20170308154908364,-1.55056533813477
20170308154908365,0.860323333740234
20170308154908366,-2.64156875610352
20170308154908367,-1.39034805297852
20170308154908368,0.806917572021484
20170308154908369,-2.68734512329102
20170308154908370,-1.37508926391602
20170308154908371,0.684847259521484
20170308154908372,-2.83230361938477
20170308154908373,-1.19961318969727
20170308154908374,0.539888763427734
20170308154908375,-2.90096817016602
20170308154908376,-1.18435440063477
20170308154908377,0.799288177490234
20170308154908378,-2.84756240844727
20170308154908379,-1.08517227172852
20170308154908380,0.394930267333984
20170308154908381,-2.90859756469727
20170308154908382,-0.955472564697266
20170308154908383,0.448336029052734
20170308154908384,-2.92385635375977
20170308154908385,-0.833402252197266
20170308154908386,0.417818450927734
20170308154908387,-2.93148574829102
20170308154908388,-0.505338287353516
20170308154908389,0.0592369079589844
20170308154908390,-3.09933242797852
20170308154908391,-0.322232818603516
20170308154908392,-0.0323158264160156
20170308154908393,-2.99252090454102
20170308154908394,-0.306974029541016
20170308154908395,-0.230680084228516
20170308154908396,-2.96963272094727
20170308154908397,0.158419036865234
20170308154908398,-0.467191314697266
20170308154908399,-2.92385635375977
20170308154908400,0.249971771240234
20170308154908401,-0.535855865478516
20170308154908402,-2.95437393188477
20170308154908403,0.0744956970214844
20170308154908404,-0.474820709228516
20170308154908405,-2.92385635375977
20170308154908406,0.249971771240234
20170308154908407,-0.627408599853516
20170308154908408,-2.85519180297852
20170308154908409,0.478853607177734
20170308154908410,-0.757108306884766
20170308154908411,-2.82467422485352
20170308154908412,0.402559661865234
20170308154908413,-0.757108306884766
20170308154908414,-2.87045059204102
20170308154908415,0.684847259521484
20170308154908416,-0.993619537353516
20170308154908417,-2.83230361938477
20170308154908418,0.753511810302734
20170308154908419,-1.17672500610352
20170308154908420,-2.66445693969727
20170308154908421,0.997652435302734
20170308154908422,-1.29879531860352
20170308154908423,-2.62630996704102
20170308154908424,0.951876068115234
20170308154908425,-1.45901260375977
20170308154908426,-2.45846328735352
20170308154908427,0.890840911865234
20170308154908428,-1.59634170532227
20170308154908429,-2.38979873657227
20170308154908430,0.799288177490234
20170308154908431,-1.80233535766602
20170308154908432,-2.35165176391602
20170308154908433,0.593294525146484
20170308154908434,-1.67263565063477
20170308154908435,-2.46609268188477
20170308154908436,0.753511810302734
20170308154908437,-1.71841201782227
20170308154908438,-2.28298721313477
20170308154908439,0.684847259521484
20170308154908440,-1.87099990844727
20170308154908441,-2.05410537719727
20170308154908442,0.791658782958984
20170308154908443,-2.13039932250977
20170308154908444,-1.72604141235352
20170308154908445,0.806917572021484
20170308154908446,-2.51186904907227
20170308154908447,-1.52004776000977
20170308154908448,0.745882415771484
20170308154908449,-2.58816299438477
20170308154908450,-1.38271865844727
20170308154908451,0.730623626708984
20170308154908452,-2.98489151000977
20170308154908453,-1.19961318969727
20170308154908454,0.524629974365234
20170308154908455,-3.03829727172852
20170308154908456,-0.833402252197266
20170308154908457,0.364412689208984
20170308154908458,-2.93148574829102
20170308154908459,-0.825772857666016
20170308154908460,0.394930267333984
20170308154908461,-2.93148574829102
20170308154908462,-0.802884674072266
20170308154908463,0.463594818115234
20170308154908464,-2.96963272094727
20170308154908465,-0.757108306884766
20170308154908466,0.402559661865234
20170308154908467,-2.96963272094727
20170308154908468,-0.604520416259766
20170308154908469,0.249971771240234
20170308154908470,-2.87045059204102
20170308154908471,-0.787625885009766
20170308154908472,0.341524505615234
20170308154908473,-2.93148574829102
20170308154908474,-0.932584381103516
20170308154908475,0.440706634521484
20170308154908476,-2.91622695922852
20170308154908477,-0.718961334228516
20170308154908478,0.402559661865234
20170308154908479,-2.91622695922852
20170308154908480,-0.635037994384766
20170308154908481,0.517000579833984
20170308154908482,-2.96963272094727
20170308154908483,-0.703702545166016
20170308154908484,0.257601165771484
20170308154908485,-3.00015029907227
20170308154908486,-0.772367095947266
20170308154908487,0.417818450927734
20170308154908488,-3.06118545532227
20170308154908489,-0.574002838134766
20170308154908490,0.272859954833984
20170308154908491,-2.87807998657227
20170308154908492,-0.604520416259766
20170308154908493,0.349153900146484
20170308154908494,-2.95437393188477
20170308154908495,-0.779996490478516
20170308154908496,0.333895111083984
20170308154908497,-2.94674453735352
20170308154908498,-0.886808013916016
20170308154908499,0.440706634521484
20170308154908500,-2.99252090454102
20170308154908501,-0.703702545166016
20170308154908502,0.295748138427734
20170308154908503,-2.92385635375977
20170308154908504,-0.711331939697266
20170308154908505,0.600923919677734
20170308154908506,-2.90096817016602
20170308154908507,-0.566373443603516
20170308154908508,0.448336029052734
20170308154908509,-2.89333877563477
20170308154908510,-0.429044342041016
20170308154908511,0.211824798583984
20170308154908512,-2.94674453735352
20170308154908513,-0.436673736572266
20170308154908514,0.0821250915527344
20170308154908515,-2.96200332641602
20170308154908516,-0.406156158447266
20170308154908517,0.0210899353027344
20170308154908518,-2.93148574829102
20170308154908519,-0.284085845947266
20170308154908520,0.0134605407714844
20170308154908521,-2.91622695922852
20170308154908522,-0.146756744384766
20170308154908523,0.105013275146484
20170308154908524,-2.90096817016602
20170308154908525,-0.184903717041016
20170308154908526,-0.184903717041016
20170308154908527,-2.92385635375977
20170308154908528,0.0744956970214844
20170308154908529,-0.268827056884766
20170308154908530,-2.87045059204102
20170308154908531,0.196566009521484
20170308154908532,-0.238309478759766
20170308154908533,-2.87807998657227
20170308154908534,0.295748138427734
20170308154908535,-0.535855865478516
20170308154908536,-2.84756240844727
20170308154908537,0.455965423583984
20170308154908538,-0.650296783447266
20170308154908539,-2.87807998657227
20170308154908540,0.433077239990234
20170308154908541,-0.718961334228516
20170308154908542,-2.83230361938477
20170308154908543,0.494112396240234
20170308154908544,-0.726590728759766
20170308154908545,-2.80178604125977
20170308154908546,0.867952728271484
20170308154908547,-1.15383682250977
20170308154908548,-2.65682754516602
20170308154908549,0.791658782958984
20170308154908550,-1.22250137329102
20170308154908551,-2.70260391235352
20170308154908552,0.890840911865234
20170308154908553,-1.23776016235352
20170308154908554,-2.51186904907227
20170308154908555,0.845064544677734
20170308154908556,-1.43612442016602
20170308154908557,-2.58053359985352
20170308154908558,0.944246673583984
20170308154908559,-1.47427139282227
20170308154908560,-2.32113418579102
20170308154908561,0.799288177490234
20170308154908562,-1.64974746704102
20170308154908563,-2.32876358032227
20170308154908564,0.867952728271484
20170308154908565,-1.94729385375977
20170308154908566,-2.00832901000977
20170308154908567,0.715364837646484
20170308154908568,-2.13039932250977
20170308154908569,-1.92440567016602
20170308154908570,0.707735443115234
20170308154908571,-2.20669326782227
20170308154908572,-1.80996475219727
20170308154908573,0.921358489990234
20170308154908574,-2.27535781860352
20170308154908575,-1.71078262329102
20170308154908576,0.722994232177734
20170308154908577,-2.62630996704102
20170308154908578,-1.40560684204102
20170308154908579,0.616182708740234
20170308154908580,-2.84756240844727
20170308154908581,-1.26827774047852
20170308154908582,0.555147552490234
20170308154908583,-3.01540908813477
20170308154908584,-1.15383682250977
20170308154908585,0.501741790771484
20170308154908586,-2.93148574829102
20170308154908587,-1.19198379516602
20170308154908588,0.570406341552734
20170308154908589,-2.94674453735352
20170308154908590,-1.14620742797852
20170308154908591,0.692476654052734
20170308154908592,-2.93148574829102
20170308154908593,-1.03939590454102
20170308154908594,0.494112396240234
20170308154908595,-2.92385635375977
20170308154908596,-0.810514068603516
20170308154908597,0.410189056396484
20170308154908598,-2.96963272094727
20170308154908599,-0.856290435791016
20170308154908600,0.394930267333984
20170308154908601,-2.99252090454102
20170308154908602,-0.787625885009766
20170308154908603,0.341524505615234
20170308154908604,-2.91622695922852
20170308154908605,-0.787625885009766
20170308154908606,0.356783294677734
20170308154908607,-2.92385635375977
20170308154908608,-0.543485260009766
20170308154908609,0.219454193115234
20170308154908610,-3.06881484985352
20170308154908611,-0.436673736572266
20170308154908612,0.0134605407714844
20170308154908613,-3.07644424438477
20170308154908614,-0.406156158447266
20170308154908615,-0.0399452209472656
20170308154908616,-3.01540908813477
20170308154908617,-0.108609771728516
20170308154908618,-0.169644927978516
20170308154908619,-2.97726211547852
20170308154908620,-0.146756744384766
20170308154908621,-0.146756744384766
20170308154908622,-2.93911514282227
20170308154908623,-0.108609771728516
20170308154908624,-0.291715240478516
20170308154908625,-2.92385635375977
20170308154908626,-0.0094276428222656
20170308154908627,-0.139127349853516
20170308154908628,-2.93148574829102
20170308154908629,-0.368009185791016
20170308154908630,-0.0399452209472656
20170308154908631,-2.92385635375977
20170308154908632,-0.505338287353516
20170308154908633,0.0744956970214844
20170308154908634,-2.96200332641602
20170308154908635,-0.421414947509766
20170308154908636,-0.0475746154785156
20170308154908637,-2.92385635375977
20170308154908638,-0.139127349853516
20170308154908639,-0.100980377197266
20170308154908640,-2.94674453735352
20170308154908641,-0.200162506103516
20170308154908642,-0.192533111572266
20170308154908643,-2.87807998657227
20170308154908644,-0.230680084228516
20170308154908645,-0.223050689697266
20170308154908646,-2.94674453735352
20170308154908647,0.0592369079589844
20170308154908648,-0.436673736572266
20170308154908649,-2.83230361938477
20170308154908650,0.219454193115234
20170308154908651,-0.558744049072266
20170308154908652,-2.87045059204102
20170308154908653,0.478853607177734
20170308154908654,-0.711331939697266
20170308154908655,-3.05355606079102
20170308154908656,0.234712982177734
20170308154908657,-0.696073150634766
20170308154908658,-2.92385635375977
20170308154908659,0.494112396240234
20170308154908660,-0.757108306884766
20170308154908661,-2.87807998657227
20170308154908662,0.593294525146484
20170308154908663,-0.902066802978516
20170308154908664,-2.85519180297852
20170308154908665,0.494112396240234
20170308154908666,-0.833402252197266
20170308154908667,-2.92385635375977
20170308154908668,0.661959075927734
20170308154908669,-1.07754287719727
20170308154908670,-2.77889785766602
20170308154908671,0.585665130615234
20170308154908672,-0.749478912353516
20170308154908673,-2.83993301391602
20170308154908674,0.440706634521484
20170308154908675,-0.818143463134766
20170308154908676,-2.82467422485352
20170308154908677,0.677217864990234
20170308154908678,-0.886808013916016
20170308154908679,-2.81704483032227
20170308154908680,0.822176361083984
20170308154908681,-0.802884674072266
20170308154908682,-2.83993301391602
20170308154908683,0.845064544677734
20170308154908684,-1.15383682250977
20170308154908685,-2.74838027954102
20170308154908686,0.806917572021484
20170308154908687,-1.32168350219727
20170308154908688,-2.50423965454102
20170308154908689,0.913729095458984
20170308154908690,-1.69552383422852
20170308154908691,-2.41268692016602
20170308154908692,0.784029388427734
20170308154908693,-1.88625869750977
20170308154908694,-2.13802871704102
20170308154908695,0.684847259521484
20170308154908696,-1.94729385375977
20170308154908697,-1.96255264282227
20170308154908698,0.982393646240234
20170308154908699,-2.13802871704102
20170308154908700,-2.00069961547852
20170308154908701,0.707735443115234
20170308154908702,-2.25246963500977
20170308154908703,-1.91677627563477
20170308154908704,0.715364837646484
20170308154908705,-2.23721084594727
20170308154908706,-1.74130020141602
20170308154908707,0.860323333740234
20170308154908708,-2.35928115844727
20170308154908709,-1.55056533813477
20170308154908710,0.692476654052734
20170308154908711,-2.64919815063477
20170308154908712,-1.31405410766602
20170308154908713,0.684847259521484
20170308154908714,-2.99252090454102
20170308154908715,-1.06228408813477
20170308154908716,0.578035736083984
20170308154908717,-2.96200332641602
20170308154908718,-1.06228408813477
20170308154908719,0.509371185302734
20170308154908720,-3.00015029907227
20170308154908721,-0.802884674072266
20170308154908722,0.402559661865234
20170308154908723,-2.93911514282227
20170308154908724,-0.543485260009766
20170308154908725,0.394930267333984
20170308154908726,-2.91622695922852
20170308154908727,-0.444303131103516
20170308154908728,0.150789642333984
20170308154908729,-2.94674453735352
20170308154908730,-0.429044342041016
20170308154908731,0.0210899353027344
20170308154908732,-2.93911514282227
20170308154908733,-0.421414947509766
20170308154908734,-0.0017982482910156
20170308154908735,-3.00777969360352
20170308154908736,-0.261197662353516
20170308154908737,-0.139127349853516
20170308154908738,-2.91622695922852
20170308154908739,-0.116239166259766
20170308154908740,-0.0399452209472656
20170308154908741,-2.89333877563477
20170308154908742,-0.0323158264160156
20170308154908743,-0.177274322509766
20170308154908744,-2.96963272094727
20170308154908745,-0.245938873291016
20170308154908746,-0.215421295166016
20170308154908747,-2.94674453735352
20170308154908748,-0.0628334045410156
20170308154908749,-0.322232818603516
20170308154908750,-2.87045059204102
20170308154908751,0.0516075134277344
20170308154908752,-0.116239166259766
20170308154908753,-2.89333877563477
20170308154908754,0.0744956970214844
20170308154908755,-0.551114654541016
20170308154908756,-2.84756240844727
20170308154908757,0.379671478271484
20170308154908758,-0.711331939697266
20170308154908759,-2.90096817016602
20170308154908760,0.593294525146484
20170308154908761,-0.848661041259766
20170308154908762,-2.90096817016602
20170308154908763,0.997652435302734
20170308154908764,-0.879178619384766
20170308154908765,-2.77889785766602
20170308154908766,0.799288177490234
20170308154908767,-1.18435440063477
20170308154908768,-2.65682754516602
20170308154908769,0.990023040771484
20170308154908770,-1.30642471313477
20170308154908771,-2.62630996704102
20170308154908772,0.959505462646484
20170308154908773,-1.37508926391602
20170308154908774,-2.61868057250977
20170308154908775,0.883211517333984
20170308154908776,-1.34457168579102
20170308154908777,-2.52712783813477
20170308154908778,0.692476654052734
20170308154908779,-1.40560684204102
20170308154908780,-2.66445693969727
20170308154908781,0.768770599365234
20170308154908782,-1.34457168579102
20170308154908783,-2.61868057250977
20170308154908784,0.784029388427734
20170308154908785,-1.41323623657227
20170308154908786,-2.59579238891602
20170308154908787,0.791658782958984
20170308154908788,-1.57345352172852
20170308154908789,-2.42031631469727
20170308154908790,1.00528182983398
20170308154908791,-1.60397109985352
20170308154908792,-2.36691055297852
20170308154908793,0.753511810302734
20170308154908794,-1.55056533813477
20170308154908795,-2.45083389282227
20170308154908796,0.730623626708984
20170308154908797,-1.44375381469727
20170308154908798,-2.50423965454102
20170308154908799,0.982393646240234
20170308154908800,-1.64211807250977
20170308154908801,-2.39742813110352
20170308154908802,0.837435150146484
20170308154908803,-1.74130020141602
20170308154908804,-2.29824600219727
20170308154908805,0.722994232177734
20170308154908806,-1.92440567016602
20170308154908807,-2.15328750610352
20170308154908808,0.623812103271484
20170308154908809,-1.91677627563477
20170308154908810,-2.14565811157227
20170308154908811,0.692476654052734
20170308154908812,-1.90151748657227
20170308154908813,-2.19143447875977
20170308154908814,0.677217864990234
20170308154908815,-2.07699356079102
20170308154908816,-1.92440567016602
20170308154908817,0.593294525146484
20170308154908818,-2.23721084594727
20170308154908819,-1.91677627563477
20170308154908820,0.829805755615234
20170308154908821,-2.24484024047852
20170308154908822,-1.76418838500977
20170308154908823,0.936617279052734
20170308154908824,-2.45083389282227
20170308154908825,-1.67263565063477
20170308154908826,0.684847259521484
20170308154908827,-2.58053359985352
20170308154908828,-1.46664199829102
20170308154908829,0.722994232177734
20170308154908830,-2.96963272094727
20170308154908831,-1.18435440063477
20170308154908832,0.517000579833984
20170308154908833,-2.96200332641602
20170308154908834,-1.06228408813477
20170308154908835,0.677217864990234
20170308154908836,-3.00015029907227
20170308154908837,-0.863919830322266
20170308154908838,0.425447845458984
20170308154908839,-2.97726211547852
20170308154908840,-0.665555572509766
20170308154908841,0.265230560302734
20170308154908842,-3.03829727172852
20170308154908843,-0.703702545166016
20170308154908844,0.364412689208984
20170308154908845,-2.97726211547852
20170308154908846,-0.375638580322266
20170308154908847,0.219454193115234
20170308154908848,-2.94674453735352
20170308154908849,-0.223050689697266
20170308154908850,0.0592369079589844
20170308154908851,-2.93148574829102
20170308154908852,-0.123868560791016
20170308154908853,-0.276456451416016
20170308154908854,-2.93148574829102
20170308154908855,0.471224212646484
20170308154908856,-0.703702545166016
20170308154908857,-2.89333877563477
20170308154908858,0.593294525146484
20170308154908859,-0.932584381103516
20170308154908860,-2.87807998657227
20170308154908861,0.684847259521484
20170308154908862,-0.985990142822266
20170308154908863,-2.87807998657227
20170308154908864,0.761141204833984
20170308154908865,-1.16146621704102
20170308154908866,-2.74075088500977
20170308154908867,0.745882415771484
20170308154908868,-1.23013076782227
20170308154908869,-2.69497451782227
20170308154908870,0.738253021240234
20170308154908871,-1.25301895141602
20170308154908872,-2.69497451782227
20170308154908873,0.715364837646484
20170308154908874,-1.32168350219727
20170308154908875,-2.62630996704102
20170308154908876,0.875582122802734
20170308154908877,-1.18435440063477
20170308154908878,-2.55764541625977
20170308154908879,0.722994232177734
20170308154908880,-1.29116592407227
20170308154908881,-2.60342178344727
20170308154908882,0.806917572021484
20170308154908883,-1.50478897094727
20170308154908884,-2.48898086547852
20170308154908885,0.707735443115234
20170308154908886,-1.45138320922852
20170308154908887,-2.52712783813477
20170308154908888,0.753511810302734
20170308154908889,-1.56582412719727
20170308154908890,-2.58053359985352
20170308154908891,0.722994232177734
20170308154908892,-1.61922988891602
20170308154908893,-2.40505752563477
20170308154908894,0.661959075927734
20170308154908895,-1.55056533813477
20170308154908896,-2.41268692016602
20170308154908897,0.700106048583984
20170308154908898,-1.55056533813477
20170308154908899,-2.45083389282227
20170308154908900,0.646700286865234
20170308154908901,-1.60397109985352
20170308154908902,-2.50423965454102
20170308154908903,0.936617279052734
20170308154908904,-1.64974746704102
20170308154908905,-2.29824600219727
20170308154908906,0.608553314208984
20170308154908907,-1.75655899047852
20170308154908908,-2.26772842407227
20170308154908909,0.608553314208984
20170308154908910,-1.77181777954102
20170308154908911,-2.25246963500977
20170308154908912,0.898470306396484
20170308154908913,-1.89388809204102
20170308154908914,-2.30587539672852
20170308154908915,0.791658782958984
20170308154908916,-2.02358779907227
20170308154908917,-2.20669326782227
20170308154908918,0.761141204833984
20170308154908919,-2.16854629516602
20170308154908920,-2.06936416625977
20170308154908921,0.776399993896484
20170308154908922,-2.23721084594727
20170308154908923,-1.87862930297852
20170308154908924,0.600923919677734
20170308154908925,-2.27535781860352
20170308154908926,-1.76418838500977
20170308154908927,0.661959075927734
20170308154908928,-2.26772842407227
20170308154908929,-1.80233535766602
20170308154908930,0.585665130615234
20170308154908931,-2.35928115844727
20170308154908932,-1.83285293579102
20170308154908933,0.715364837646484
20170308154908934,-2.30587539672852
20170308154908935,-1.84048233032227
20170308154908936,0.654329681396484
20170308154908937,-2.43557510375977
20170308154908938,-1.61160049438477
20170308154908939,0.661959075927734
20170308154908940,-2.57290420532227
20170308154908941,-1.44375381469727
20170308154908942,0.547518157958984
20170308154908943,-2.80178604125977
20170308154908944,-1.23776016235352
20170308154908945,0.791658782958984
20170308154908946,-2.91622695922852
20170308154908947,-1.24538955688477
20170308154908948,0.448336029052734
20170308154908949,-2.89333877563477
20170308154908950,-1.16146621704102
20170308154908951,0.501741790771484
20170308154908952,-2.96963272094727
20170308154908953,-1.06228408813477
20170308154908954,0.539888763427734
20170308154908955,-2.99252090454102
20170308154908956,-0.734220123291016
20170308154908957,0.387300872802734
20170308154908958,-3.04592666625977
20170308154908959,-0.474820709228516
20170308154908960,0.120272064208984
20170308154908961,-2.98489151000977
20170308154908962,-0.337491607666016
20170308154908963,0.112642669677734
20170308154908964,-2.94674453735352
20170308154908965,-0.329862213134766
20170308154908966,0.158419036865234
20170308154908967,-2.95437393188477
20170308154908968,-0.0780921936035156
20170308154908969,0.0058311462402344
20170308154908970,-2.98489151000977
20170308154908971,-0.0552040100097656
20170308154908972,-0.116239166259766
20170308154908973,-2.87045059204102
20170308154908974,0.188936614990234
20170308154908975,-0.421414947509766
20170308154908976,-2.83993301391602
20170308154908977,0.280489349365234
20170308154908978,-0.558744049072266
20170308154908979,-2.83993301391602
20170308154908980,0.448336029052734
20170308154908981,-0.688443756103516
20170308154908982,-2.84756240844727
20170308154908983,0.684847259521484
20170308154908984,-0.894437408447266
20170308154908985,-2.85519180297852
20170308154908986,0.463594818115234
20170308154908987,-0.810514068603516
20170308154908988,-2.80178604125977
20170308154908989,0.875582122802734
20170308154908990,-0.909696197509766
20170308154908991,-2.82467422485352
20170308154908992,0.959505462646484
20170308154908993,-1.03176651000977
20170308154908994,-2.71786270141602
20170308154908995,0.784029388427734
20170308154908996,-1.27590713500977
20170308154908997,-2.61105117797852
20170308154908998,0.822176361083984
20170308154908999,-1.32931289672852
20170308154909000,-2.46609268188477
20170308154909001,0.768770599365234
20170308154909002,-1.72604141235352
20170308154909003,-2.20669326782227
20170308154909004,0.684847259521484
20170308154909005,-1.99307022094727
20170308154909006,-1.93966445922852
20170308154909007,0.730623626708984
20170308154909008,-2.23721084594727
20170308154909009,-1.76418838500977
20170308154909010,0.684847259521484
20170308154909011,-2.22195205688477
20170308154909012,-1.72604141235352
20170308154909013,0.722994232177734
20170308154909014,-2.35165176391602
20170308154909015,-1.64211807250977
20170308154909016,0.730623626708984
20170308154909017,-2.28298721313477
20170308154909018,-1.71078262329102
20170308154909019,0.639070892333984
20170308154909020,-2.32113418579102
20170308154909021,-1.68789443969727
20170308154909022,0.745882415771484
20170308154909023,-2.30587539672852
20170308154909024,-1.72604141235352
20170308154909025,0.600923919677734
20170308154909026,-2.18380508422852
20170308154909027,-1.99307022094727
20170308154909028,0.684847259521484
20170308154909029,-2.22195205688477
20170308154909030,-1.84811172485352
20170308154909031,0.700106048583984
20170308154909032,-2.25246963500977
20170308154909033,-1.87099990844727
20170308154909034,0.654329681396484
20170308154909035,-2.41268692016602
20170308154909036,-1.74130020141602
20170308154909037,0.860323333740234
20170308154909038,-2.32876358032227
20170308154909039,-1.71841201782227
20170308154909040,0.669588470458984
20170308154909041,-2.32113418579102
20170308154909042,-1.78707656860352
20170308154909043,0.875582122802734
20170308154909044,-2.29824600219727
20170308154909045,-1.80233535766602
20170308154909046,0.700106048583984
20170308154909047,-2.34402236938477
20170308154909048,-1.86337051391602
20170308154909049,0.608553314208984
20170308154909050,-2.28298721313477
20170308154909051,-1.76418838500977
20170308154909052,0.722994232177734
20170308154909053,-2.34402236938477
20170308154909054,-1.77944717407227
20170308154909055,0.669588470458984
20170308154909056,-2.16854629516602
20170308154909057,-1.68026504516602
20170308154909058,0.799288177490234
20170308154909059,-2.31350479125977
20170308154909060,-1.47427139282227
20170308154909061,0.944246673583984
20170308154909062,-2.49661026000977
20170308154909063,-1.37508926391602
20170308154909064,0.677217864990234
20170308154909065,-2.73312149047852
20170308154909066,-1.31405410766602
20170308154909067,0.585665130615234
20170308154909068,-2.72549209594727
20170308154909069,-1.09280166625977
20170308154909070,0.669588470458984
20170308154909071,-2.89333877563477
20170308154909072,-1.19198379516602
20170308154909073,0.539888763427734
20170308154909074,-2.79415664672852
20170308154909075,-1.39797744750977
20170308154909076,0.509371185302734
20170308154909077,-2.87807998657227
20170308154909078,-1.19198379516602
20170308154909079,0.494112396240234
20170308154909080,-2.84756240844727
20170308154909081,-1.13094863891602
20170308154909082,0.517000579833984
20170308154909083,-2.96200332641602
20170308154909084,-0.825772857666016
20170308154909085,0.524629974365234
20170308154909086,-2.99252090454102
20170308154909087,-0.757108306884766
20170308154909088,0.372042083740234
20170308154909089,-2.98489151000977
20170308154909090,-0.581632232666016
20170308154909091,0.227083587646484
20170308154909092,-2.95437393188477
20170308154909093,-0.497708892822266
20170308154909094,0.410189056396484
20170308154909095,-2.93911514282227
20170308154909096,-0.574002838134766
20170308154909097,0.478853607177734
20170308154909098,-2.86282119750977
20170308154909099,-0.520597076416016
20170308154909100,0.211824798583984
20170308154909101,-2.97726211547852
20170308154909102,-0.535855865478516
20170308154909103,0.234712982177734
20170308154909104,-2.94674453735352
20170308154909105,-0.734220123291016
20170308154909106,0.402559661865234
20170308154909107,-3.00777969360352
20170308154909108,-0.909696197509766
20170308154909109,0.463594818115234
20170308154909110,-2.92385635375977
20170308154909111,-0.924954986572266
20170308154909112,0.341524505615234
20170308154909113,-2.94674453735352
20170308154909114,-0.978360748291016
20170308154909115,0.501741790771484
20170308154909116,-2.95437393188477
20170308154909117,-0.879178619384766
20170308154909118,0.372042083740234
20170308154909119,-3.00777969360352
20170308154909120,-0.825772857666016
20170308154909121,0.318636322021484
20170308154909122,-2.94674453735352
20170308154909123,-0.589261627197266
20170308154909124,0.288118743896484
20170308154909125,-2.94674453735352
20170308154909126,-0.558744049072266
20170308154909127,0.173677825927734
20170308154909128,-3.01540908813477
20170308154909129,-0.451932525634766
20170308154909130,0.265230560302734
20170308154909131,-2.88570938110352
20170308154909132,-0.459561920166016
20170308154909133,0.0287193298339844
20170308154909134,-2.93148574829102
20170308154909135,-0.360379791259766
20170308154909136,-0.0780921936035156
20170308154909137,-2.96963272094727
20170308154909138,-0.0704627990722656
20170308154909139,-0.0933509826660156
20170308154909140,-2.85519180297852
20170308154909141,-0.184903717041016
20170308154909142,0.0058311462402344
20170308154909143,-2.93148574829102
20170308154909144,0.0592369079589844
20170308154909145,-0.390897369384766
20170308154909146,-2.92385635375977
20170308154909147,0.326265716552734
20170308154909148,-0.612149810791016
20170308154909149,-2.83993301391602
20170308154909150,0.562776947021484
20170308154909151,-0.779996490478516
20170308154909152,-2.93148574829102
20170308154909153,0.600923919677734
20170308154909154,-0.978360748291016
20170308154909155,-2.88570938110352
20170308154909156,0.829805755615234
20170308154909157,-0.909696197509766
20170308154909158,-2.79415664672852
20170308154909159,0.799288177490234
20170308154909160,-1.10806045532227
20170308154909161,-2.62630996704102
20170308154909162,0.745882415771484
20170308154909163,-1.32931289672852
20170308154909164,-2.53475723266602
20170308154909165,0.784029388427734
20170308154909166,-1.32931289672852
20170308154909167,-2.55764541625977
20170308154909168,0.784029388427734
20170308154909169,-1.39034805297852
20170308154909170,-2.45083389282227
20170308154909171,0.768770599365234
20170308154909172,-1.71078262329102
20170308154909173,-2.28298721313477
20170308154909174,0.822176361083984
20170308154909175,-1.93203506469727
20170308154909176,-2.07699356079102
20170308154909177,0.852693939208984
20170308154909178,-2.37453994750977
20170308154909179,-1.68789443969727
20170308154909180,0.745882415771484
20170308154909181,-2.49661026000977
20170308154909182,-1.36745986938477
20170308154909183,0.631441497802734
20170308154909184,-2.55001602172852
20170308154909185,-1.35220108032227
20170308154909186,0.661959075927734
20170308154909187,-2.77126846313477
20170308154909188,-1.29116592407227
20170308154909189,0.722994232177734
20170308154909190,-2.87045059204102
20170308154909191,-1.36745986938477
20170308154909192,0.455965423583984
20170308154909193,-2.80178604125977
20170308154909194,-1.00887832641602
20170308154909195,0.585665130615234
20170308154909196,-3.03066787719727
20170308154909197,-0.779996490478516
20170308154909198,0.333895111083984
20170308154909199,-2.97726211547852
20170308154909200,-0.619779205322266
20170308154909201,0.242342376708984
20170308154909202,-3.04592666625977
20170308154909203,-0.451932525634766
20170308154909204,0.196566009521484
20170308154909205,-2.96963272094727
20170308154909206,-0.345121002197266
20170308154909207,0.265230560302734
20170308154909208,-2.99252090454102
20170308154909209,-0.406156158447266
20170308154909210,0.166048431396484
20170308154909211,-2.94674453735352
20170308154909212,-0.574002838134766
20170308154909213,0.219454193115234
20170308154909214,-3.03066787719727
20170308154909215,-0.474820709228516
20170308154909216,0.143160247802734
20170308154909217,-2.94674453735352
20170308154909218,-0.444303131103516
20170308154909219,0.0821250915527344
20170308154909220,-2.87807998657227
20170308154909221,-0.474820709228516
20170308154909222,0.105013275146484
20170308154909223,-2.90096817016602
20170308154909224,-0.314603424072266
20170308154909225,0.204195404052734
20170308154909226,-2.87807998657227
20170308154909227,-0.398526763916016
20170308154909228,-0.0017982482910156
20170308154909229,-3.00777969360352
20170308154909230,-0.261197662353516
20170308154909231,0.219454193115234
20170308154909232,-2.87045059204102
20170308154909233,-0.108609771728516
20170308154909234,-0.230680084228516
20170308154909235,-2.92385635375977
20170308154909236,0.0439781188964844
20170308154909237,-0.383267974853516
20170308154909238,-2.98489151000977
20170308154909239,0.135530853271484
20170308154909240,-0.429044342041016
20170308154909241,-2.95437393188477
20170308154909242,0.0973838806152344
20170308154909243,-0.497708892822266
20170308154909244,-2.88570938110352
20170308154909245,0.242342376708984
20170308154909246,-0.520597076416016
20170308154909247,-2.84756240844727
20170308154909248,0.410189056396484
20170308154909249,-0.604520416259766
20170308154909250,-2.83230361938477
20170308154909251,0.272859954833984
20170308154909252,-0.451932525634766
20170308154909253,-2.83230361938477
20170308154909254,0.280489349365234
20170308154909255,-0.459561920166016
20170308154909256,-2.81704483032227
20170308154909257,0.402559661865234
20170308154909258,-0.490079498291016
20170308154909259,-2.74075088500977
20170308154909260,0.402559661865234
20170308154909261,-0.604520416259766
20170308154909262,-2.87045059204102
20170308154909263,0.379671478271484
20170308154909264,-0.688443756103516
20170308154909265,-2.87045059204102
20170308154909266,0.478853607177734
20170308154909267,-0.726590728759766
20170308154909268,-2.84756240844727
20170308154909269,0.646700286865234
20170308154909270,-0.940213775634766
20170308154909271,-2.80941543579102
20170308154909272,0.822176361083984
20170308154909273,-0.856290435791016
20170308154909274,-2.73312149047852
20170308154909275,0.539888763427734
20170308154909276,-0.741849517822266
20170308154909277,-2.81704483032227
20170308154909278,0.608553314208984
20170308154909279,-1.07754287719727
20170308154909280,-2.75600967407227
20170308154909281,0.768770599365234
20170308154909282,-1.16146621704102
20170308154909283,-2.74075088500977
20170308154909284,0.799288177490234
20170308154909285,-1.40560684204102
20170308154909286,-2.61105117797852
20170308154909287,1.03579940795898
20170308154909288,-1.55056533813477
20170308154909289,-2.44320449829102
20170308154909290,0.791658782958984
20170308154909291,-1.55819473266602
20170308154909292,-2.44320449829102
20170308154909293,0.753511810302734
20170308154909294,-1.45138320922852
20170308154909295,-2.42794570922852
20170308154909296,0.791658782958984
20170308154909297,-1.80233535766602
20170308154909298,-2.25246963500977
20170308154909299,0.631441497802734
20170308154909300,-1.85574111938477
20170308154909301,-2.16091690063477
20170308154909302,0.745882415771484
20170308154909303,-2.13039932250977
20170308154909304,-2.09225234985352
20170308154909305,0.906099700927734
20170308154909306,-1.93966445922852
20170308154909307,-2.05410537719727
20170308154909308,0.753511810302734
20170308154909309,-2.12276992797852
20170308154909310,-1.85574111938477
20170308154909311,0.722994232177734
20170308154909312,-2.35928115844727
20170308154909313,-1.70315322875977
20170308154909314,0.707735443115234
20170308154909315,-2.58053359985352
20170308154909316,-1.45138320922852
20170308154909317,0.684847259521484
20170308154909318,-2.73312149047852
20170308154909319,-1.30642471313477
20170308154909320,0.806917572021484
20170308154909321,-2.90859756469727
20170308154909322,-1.19198379516602
20170308154909323,0.623812103271484
20170308154909324,-2.92385635375977
20170308154909325,-1.08517227172852
20170308154909326,0.578035736083984
20170308154909327,-3.00015029907227
20170308154909328,-0.894437408447266
20170308154909329,0.425447845458984
20170308154909330,-2.89333877563477
20170308154909331,-0.779996490478516
20170308154909332,0.448336029052734
20170308154909333,-2.94674453735352
20170308154909334,-0.711331939697266
20170308154909335,0.539888763427734
20170308154909336,-2.98489151000977
20170308154909337,-0.574002838134766
20170308154909338,0.517000579833984
20170308154909339,-2.90859756469727
20170308154909340,-0.566373443603516
20170308154909341,0.188936614990234
20170308154909342,-2.93148574829102
20170308154909343,-0.314603424072266
20170308154909344,0.196566009521484
20170308154909345,-2.93911514282227
20170308154909346,-0.299344635009766
20170308154909347,-0.0475746154785156
20170308154909348,-2.93148574829102
20170308154909349,-0.0552040100097656
20170308154909350,-0.0628334045410156
20170308154909351,-2.92385635375977
20170308154909352,0.135530853271484
20170308154909353,-0.352750396728516
20170308154909354,-2.85519180297852
20170308154909355,0.0973838806152344
20170308154909356,-0.329862213134766
20170308154909357,-2.88570938110352
20170308154909358,-0.177274322509766
20170308154909359,-0.0933509826660156
20170308154909360,-2.90859756469727
20170308154909361,-0.0094276428222656
20170308154909362,-0.253568267822266
20170308154909363,-2.93148574829102
20170308154909364,-0.0323158264160156
20170308154909365,-0.390897369384766
20170308154909366,-2.90859756469727
20170308154909367,0.173677825927734
20170308154909368,-0.398526763916016
20170308154909369,-2.91622695922852
20170308154909370,0.150789642333984
20170308154909371,-0.306974029541016
20170308154909372,-2.88570938110352
20170308154909373,0.211824798583984
20170308154909374,-0.505338287353516
20170308154909375,-2.83230361938477
20170308154909376,0.387300872802734
20170308154909377,-0.650296783447266
20170308154909378,-2.82467422485352
20170308154909379,0.311006927490234
20170308154909380,-0.551114654541016
20170308154909381,-2.80941543579102
20170308154909382,0.211824798583984
20170308154909383,-0.398526763916016
20170308154909384,-2.87045059204102
20170308154909385,0.433077239990234
20170308154909386,-0.520597076416016
20170308154909387,-2.83993301391602
20170308154909388,0.463594818115234
20170308154909389,-0.535855865478516
20170308154909390,-2.80178604125977
20170308154909391,0.654329681396484
20170308154909392,-0.871549224853516
20170308154909393,-2.83993301391602
20170308154909394,0.753511810302734
20170308154909395,-0.894437408447266
20170308154909396,-2.77889785766602
20170308154909397,0.860323333740234
20170308154909398,-1.24538955688477
20170308154909399,-2.66445693969727
20170308154909400,0.738253021240234
20170308154909401,-1.36745986938477
20170308154909402,-2.64919815063477
20170308154909403,0.768770599365234
20170308154909404,-1.33694229125977
20170308154909405,-2.57290420532227
20170308154909406,0.761141204833984
20170308154909407,-1.53530654907227
20170308154909408,-2.45846328735352
20170308154909409,0.745882415771484
20170308154909410,-1.64974746704102
20170308154909411,-2.41268692016602
20170308154909412,0.722994232177734
20170308154909413,-1.87099990844727
20170308154909414,-2.25246963500977
20170308154909415,0.677217864990234
20170308154909416,-1.92440567016602
20170308154909417,-2.18380508422852
20170308154909418,0.700106048583984
20170308154909419,-1.90151748657227
20170308154909420,-2.03884658813477
20170308154909421,0.646700286865234
20170308154909422,-2.03121719360352
20170308154909423,-1.87862930297852
20170308154909424,0.722994232177734
20170308154909425,-2.23721084594727
20170308154909426,-1.74892959594727
20170308154909427,0.616182708740234
20170308154909428,-2.21432266235352
20170308154909429,-1.89388809204102
20170308154909430,0.692476654052734
20170308154909431,-2.33639297485352
20170308154909432,-1.69552383422852
20170308154909433,0.608553314208984
20170308154909434,-2.35165176391602
20170308154909435,-1.55819473266602
20170308154909436,0.623812103271484
20170308154909437,-2.53475723266602
20170308154909438,-1.49715957641602
20170308154909439,0.646700286865234
20170308154909440,-2.67208633422852
20170308154909441,-1.39034805297852
20170308154909442,0.669588470458984
20170308154909443,-2.93148574829102
20170308154909444,-1.10806045532227
20170308154909445,0.494112396240234
20170308154909446,-3.00777969360352
20170308154909447,-0.848661041259766
20170308154909448,0.486483001708984
20170308154909449,-2.98489151000977
20170308154909450,-0.596891021728516
20170308154909451,0.379671478271484
20170308154909452,-2.96200332641602
20170308154909453,-0.482450103759766
20170308154909454,0.158419036865234
20170308154909455,-2.95437393188477
20170308154909456,-0.314603424072266
20170308154909457,0.181307220458984
20170308154909458,-2.85519180297852
20170308154909459,-0.314603424072266
20170308154909460,0.0134605407714844
20170308154909461,-2.87807998657227
20170308154909462,-0.169644927978516
20170308154909463,0.0210899353027344
20170308154909464,-2.89333877563477
20170308154909465,0.0592369079589844
20170308154909466,-0.375638580322266
20170308154909467,-2.81704483032227
20170308154909468,-0.0170570373535156
20170308154909469,-0.375638580322266
20170308154909470,-2.96200332641602
20170308154909471,0.188936614990234
20170308154909472,-0.497708892822266
20170308154909473,-2.86282119750977
20170308154909474,0.539888763427734
20170308154909475,-0.841031646728516
20170308154909476,-2.75600967407227
20170308154909477,0.715364837646484
20170308154909478,-0.863919830322266
20170308154909479,-2.83230361938477
20170308154909480,0.761141204833984
20170308154909481,-0.963101959228516
20170308154909482,-2.75600967407227
20170308154909483,0.883211517333984
20170308154909484,-1.03176651000977
20170308154909485,-2.80941543579102
20170308154909486,0.944246673583984
20170308154909487,-1.14620742797852
20170308154909488,-2.58816299438477
20170308154909489,1.02817001342773
20170308154909490,-1.36745986938477
20170308154909491,-2.56527481079102
20170308154909492,0.906099700927734
20170308154909493,-1.54293594360352
20170308154909494,-2.37453994750977
20170308154909495,0.860323333740234
20170308154909496,-1.93966445922852
20170308154909497,-2.12276992797852
20170308154909498,0.860323333740234
20170308154909499,-1.98544082641602
20170308154909500,-2.00832901000977
20170308154909501,0.661959075927734
20170308154909502,-2.13039932250977
20170308154909503,-1.99307022094727
20170308154909504,0.951876068115234
20170308154909505,-2.19906387329102
20170308154909506,-1.80996475219727
20170308154909507,0.875582122802734
20170308154909508,-2.42031631469727
20170308154909509,-1.53530654907227
20170308154909510,0.959505462646484
20170308154909511,-2.58053359985352
20170308154909512,-1.28353652954102
20170308154909513,0.623812103271484
20170308154909514,-2.65682754516602
20170308154909515,-1.52004776000977
20170308154909516,0.700106048583984
20170308154909517,-2.54238662719727
20170308154909518,-1.58871231079102
20170308154909519,0.867952728271484
20170308154909520,-2.41268692016602
20170308154909521,-1.54293594360352
20170308154909522,0.608553314208984
20170308154909523,-2.45083389282227
20170308154909524,-1.44375381469727
20170308154909525,0.677217864990234
20170308154909526,-2.39742813110352
20170308154909527,-1.57345352172852
20170308154909528,0.722994232177734
20170308154909529,-2.34402236938477
20170308154909530,-1.69552383422852
20170308154909531,0.730623626708984
20170308154909532,-2.36691055297852
20170308154909533,-1.58108291625977
20170308154909534,0.669588470458984
20170308154909535,-2.57290420532227
20170308154909536,-1.40560684204102
20170308154909537,0.791658782958984
20170308154909538,-2.63393936157227
20170308154909539,-1.52004776000977
20170308154909540,0.661959075927734
20170308154909541,-2.43557510375977
20170308154909542,-1.53530654907227
20170308154909543,0.669588470458984
20170308154909544,-2.40505752563477
20170308154909545,-1.59634170532227
20170308154909546,0.837435150146484
20170308154909547,-2.36691055297852
20170308154909548,-1.56582412719727
20170308154909549,0.715364837646484
20170308154909550,-2.64919815063477
20170308154909551,-1.39034805297852
20170308154909552,0.509371185302734
20170308154909553,-2.56527481079102
20170308154909554,-1.47427139282227
20170308154909555,0.677217864990234
20170308154909556,-2.37453994750977
20170308154909557,-1.51241836547852
20170308154909558,0.715364837646484
20170308154909559,-2.65682754516602
20170308154909560,-1.34457168579102
20170308154909561,0.661959075927734
20170308154909562,-2.62630996704102
20170308154909563,-1.29116592407227
20170308154909564,0.631441497802734
20170308154909565,-2.55001602172852
20170308154909566,-1.45138320922852
20170308154909567,0.646700286865234
20170308154909568,-2.51186904907227
20170308154909569,-1.39034805297852
20170308154909570,0.608553314208984
20170308154909571,-2.76363906860352
20170308154909572,-1.26827774047852
20170308154909573,0.585665130615234
20170308154909574,-2.90096817016602
20170308154909575,-1.06991348266602
20170308154909576,0.722994232177734
20170308154909577,-2.91622695922852
20170308154909578,-0.955472564697266
20170308154909579,0.562776947021484
20170308154909580,-3.00015029907227
20170308154909581,-0.795255279541016
20170308154909582,0.372042083740234
20170308154909583,-2.96963272094727
20170308154909584,-0.596891021728516
20170308154909585,0.402559661865234
20170308154909586,-2.98489151000977
20170308154909587,-0.520597076416016
20170308154909588,0.372042083740234
20170308154909589,-2.90859756469727
20170308154909590,-0.421414947509766
20170308154909591,0.120272064208984
20170308154909592,-2.85519180297852
20170308154909593,-0.390897369384766
20170308154909594,0.0439781188964844
20170308154909595,-2.90096817016602
20170308154909596,-0.284085845947266
20170308154909597,-0.0475746154785156
20170308154909598,-2.89333877563477
20170308154909599,-0.291715240478516
20170308154909600,-0.0094276428222656
20170308154909601,-2.94674453735352
20170308154909602,-0.215421295166016
20170308154909603,-0.0170570373535156
20170308154909604,-2.91622695922852
20170308154909605,0.196566009521484
20170308154909606,-0.413785552978516
20170308154909607,-2.83230361938477
20170308154909608,0.448336029052734
20170308154909609,-0.413785552978516
20170308154909610,-2.86282119750977
20170308154909611,0.661959075927734
20170308154909612,-0.726590728759766
20170308154909613,-2.91622695922852
20170308154909614,0.524629974365234
20170308154909615,-0.902066802978516
20170308154909616,-2.81704483032227
20170308154909617,0.890840911865234
20170308154909618,-0.863919830322266
20170308154909619,-2.81704483032227
20170308154909620,0.974764251708984
20170308154909621,-1.02413711547852
20170308154909622,-2.66445693969727
20170308154909623,1.01291122436523
20170308154909624,-1.35983047485352
20170308154909625,-2.62630996704102
20170308154909626,0.738253021240234
20170308154909627,-1.51241836547852
20170308154909628,-2.46609268188477
20170308154909629,0.669588470458984
20170308154909630,-1.66500625610352
20170308154909631,-2.45083389282227
20170308154909632,0.654329681396484
20170308154909633,-1.45138320922852
20170308154909634,-2.42031631469727
20170308154909635,0.951876068115234
20170308154909636,-1.71078262329102
20170308154909637,-2.31350479125977
20170308154909638,0.730623626708984
20170308154909639,-1.83285293579102
20170308154909640,-2.16854629516602
20170308154909641,0.761141204833984
20170308154909642,-2.10751113891602
20170308154909643,-2.06936416625977
20170308154909644,0.791658782958984
20170308154909645,-2.09988174438477
20170308154909646,-1.99307022094727
20170308154909647,0.776399993896484
20170308154909648,-2.21432266235352
20170308154909649,-1.82522354125977
20170308154909650,0.684847259521484
20170308154909651,-2.35165176391602
20170308154909652,-1.66500625610352
20170308154909653,0.707735443115234
20170308154909654,-2.46609268188477
20170308154909655,-1.52004776000977
20170308154909656,0.837435150146484
20170308154909657,-2.50423965454102
20170308154909658,-1.61160049438477
20170308154909659,0.730623626708984
20170308154909660,-2.57290420532227
20170308154909661,-1.52767715454102
20170308154909662,0.639070892333984
20170308154909663,-2.58816299438477
20170308154909664,-1.45901260375977
20170308154909665,0.578035736083984
20170308154909666,-2.45083389282227
20170308154909667,-1.31405410766602
20170308154909668,0.639070892333984
20170308154909669,-2.84756240844727
20170308154909670,-1.22250137329102
20170308154909671,0.562776947021484
20170308154909672,-2.84756240844727
20170308154909673,-1.19961318969727
20170308154909674,0.524629974365234
20170308154909675,-2.82467422485352
20170308154909676,-1.23776016235352
20170308154909677,0.593294525146484
20170308154909678,-2.77889785766602
20170308154909679,-1.10043106079102
20170308154909680,0.578035736083984
20170308154909681,-2.89333877563477
20170308154909682,-1.10043106079102
20170308154909683,0.669588470458984
20170308154909684,-2.87045059204102
20170308154909685,-1.10043106079102
20170308154909686,0.585665130615234
20170308154909687,-2.90096817016602
20170308154909688,-1.03939590454102
20170308154909689,0.593294525146484
20170308154909690,-2.97726211547852
20170308154909691,-0.917325592041016
20170308154909692,0.646700286865234
20170308154909693,-2.91622695922852
20170308154909694,-0.802884674072266
20170308154909695,0.448336029052734
20170308154909696,-2.93911514282227
20170308154909697,-0.924954986572266
20170308154909698,0.379671478271484
20170308154909699,-2.98489151000977
20170308154909700,-1.10043106079102
20170308154909701,0.394930267333984
20170308154909702,-2.90859756469727
20170308154909703,-0.932584381103516
20170308154909704,0.585665130615234
20170308154909705,-3.00015029907227
20170308154909706,-1.06228408813477
20170308154909707,0.669588470458984
20170308154909708,-2.99252090454102
20170308154909709,-0.947843170166016
20170308154909710,0.585665130615234
20170308154909711,-2.95437393188477
20170308154909712,-0.833402252197266
20170308154909713,0.631441497802734
20170308154909714,-2.98489151000977
20170308154909715,-0.726590728759766
20170308154909716,0.341524505615234
20170308154909717,-2.91622695922852
20170308154909718,-0.612149810791016
20170308154909719,0.303377532958984
20170308154909720,-2.90096817016602
20170308154909721,-0.444303131103516
20170308154909722,0.173677825927734
20170308154909723,-2.99252090454102
20170308154909724,-0.245938873291016
20170308154909725,-0.123868560791016
20170308154909726,-2.89333877563477
20170308154909727,0.0058311462402344
20170308154909728,-0.352750396728516
20170308154909729,-2.91622695922852
20170308154909730,0.478853607177734
20170308154909731,-0.688443756103516
20170308154909732,-2.84756240844727
20170308154909733,0.646700286865234
20170308154909734,-0.863919830322266
20170308154909735,-2.79415664672852
20170308154909736,1.00528182983398
20170308154909737,-1.13857803344727
20170308154909738,-2.66445693969727
20170308154909739,1.00528182983398
20170308154909740,-1.24538955688477
20170308154909741,-2.66445693969727
20170308154909742,0.967134857177734
20170308154909743,-1.33694229125977
20170308154909744,-2.50423965454102
20170308154909745,0.761141204833984
20170308154909746,-1.68026504516602
20170308154909747,-2.26772842407227
20170308154909748,0.738253021240234
20170308154909749,-1.80996475219727
20170308154909750,-2.26772842407227
20170308154909751,0.684847259521484
20170308154909752,-1.91677627563477
20170308154909753,-2.18380508422852
20170308154909754,0.700106048583984
20170308154909755,-2.04647598266602
20170308154909756,-1.93203506469727
20170308154909757,0.700106048583984
20170308154909758,-2.22195205688477
20170308154909759,-1.88625869750977
20170308154909760,0.784029388427734
20170308154909761,-2.33639297485352
20170308154909762,-1.86337051391602
20170308154909763,0.928987884521484
20170308154909764,-2.29824600219727
20170308154909765,-1.66500625610352
20170308154909766,0.707735443115234
20170308154909767,-2.47372207641602
20170308154909768,-1.45138320922852
20170308154909769,0.692476654052734
20170308154909770,-2.74075088500977
20170308154909771,-1.33694229125977
20170308154909772,0.669588470458984
20170308154909773,-2.85519180297852
20170308154909774,-1.28353652954102
20170308154909775,0.562776947021484
20170308154909776,-2.89333877563477
20170308154909777,-1.11568984985352
20170308154909778,0.654329681396484
20170308154909779,-2.96963272094727
20170308154909780,-1.06228408813477
20170308154909781,0.555147552490234
20170308154909782,-3.02303848266602
20170308154909783,-0.795255279541016
20170308154909784,0.318636322021484
20170308154909785,-3.00777969360352
20170308154909786,-0.650296783447266
20170308154909787,0.288118743896484
20170308154909788,-2.93148574829102
20170308154909789,-0.596891021728516
20170308154909790,0.242342376708984
20170308154909791,-3.00777969360352
20170308154909792,-0.596891021728516
20170308154909793,0.211824798583984
20170308154909794,-3.00777969360352
20170308154909795,-0.306974029541016
20170308154909796,-0.0323158264160156
20170308154909797,-2.90096817016602
20170308154909798,-0.200162506103516
20170308154909799,-0.0399452209472656
20170308154909800,-2.89333877563477
20170308154909801,0.0973838806152344
20170308154909802,-0.169644927978516
20170308154909803,-2.91622695922852
20170308154909804,0.166048431396484
20170308154909805,-0.276456451416016
20170308154909806,-2.77889785766602
20170308154909807,0.219454193115234
20170308154909808,-0.368009185791016
20170308154909809,-2.78652725219727
20170308154909810,0.570406341552734
20170308154909811,-0.505338287353516
20170308154909812,-2.84756240844727
20170308154909813,0.684847259521484
20170308154909814,-0.772367095947266
20170308154909815,-2.85519180297852
20170308154909816,0.486483001708984
20170308154909817,-0.886808013916016
20170308154909818,-2.80178604125977
20170308154909819,0.394930267333984
20170308154909820,-0.741849517822266
20170308154909821,-2.87807998657227
20170308154909822,0.631441497802734
20170308154909823,-0.909696197509766
20170308154909824,-2.86282119750977
20170308154909825,0.532259368896484
20170308154909826,-0.810514068603516
20170308154909827,-2.87045059204102
20170308154909828,0.448336029052734
20170308154909829,-0.802884674072266
20170308154909830,-2.90859756469727
20170308154909831,0.616182708740234
20170308154909832,-0.924954986572266
20170308154909833,-2.83230361938477
20170308154909834,0.753511810302734
20170308154909835,-1.10806045532227
20170308154909836,-2.80178604125977
20170308154909837,0.867952728271484
20170308154909838,-0.985990142822266
20170308154909839,-2.74075088500977
20170308154909840,0.799288177490234
20170308154909841,-1.24538955688477
20170308154909842,-2.67208633422852
20170308154909843,1.02817001342773
20170308154909844,-1.27590713500977
20170308154909845,-2.55001602172852
20170308154909846,0.883211517333984
20170308154909847,-1.42849502563477
20170308154909848,-2.55001602172852
20170308154909849,0.768770599365234
20170308154909850,-1.13094863891602
20170308154909851,-2.66445693969727
20170308154909852,0.852693939208984
20170308154909853,-1.30642471313477
20170308154909854,-2.62630996704102
20170308154909855,0.776399993896484
20170308154909856,-1.71841201782227
20170308154909857,-2.27535781860352
20170308154909858,0.806917572021484
20170308154909859,-1.97781143188477
20170308154909860,-2.21432266235352
20170308154909861,0.898470306396484
20170308154909862,-2.16091690063477
20170308154909863,-1.90914688110352
20170308154909864,0.745882415771484
20170308154909865,-2.35165176391602
20170308154909866,-1.63448867797852
20170308154909867,0.661959075927734
20170308154909868,-2.55001602172852
20170308154909869,-1.58108291625977
20170308154909870,0.776399993896484
20170308154909871,-2.69497451782227
20170308154909872,-1.39034805297852
20170308154909873,0.639070892333984
20170308154909874,-2.80178604125977
20170308154909875,-1.23776016235352
20170308154909876,0.616182708740234
20170308154909877,-2.99252090454102
20170308154909878,-0.978360748291016
20170308154909879,0.578035736083984
20170308154909880,-3.02303848266602
20170308154909881,-0.940213775634766
20170308154909882,0.455965423583984
20170308154909883,-2.98489151000977
20170308154909884,-0.551114654541016
20170308154909885,0.448336029052734
20170308154909886,-2.89333877563477
20170308154909887,-0.390897369384766
20170308154909888,0.173677825927734
20170308154909889,-2.88570938110352
20170308154909890,-0.551114654541016
20170308154909891,0.433077239990234
20170308154909892,-2.93911514282227
20170308154909893,-0.398526763916016
20170308154909894,0.249971771240234
20170308154909895,-2.84756240844727
20170308154909896,-0.360379791259766
20170308154909897,0.219454193115234
20170308154909898,-2.96200332641602
20170308154909899,-0.0552040100097656
20170308154909900,-0.207791900634766
20170308154909901,-2.83993301391602
20170308154909902,0.478853607177734
20170308154909903,-0.558744049072266
20170308154909904,-2.86282119750977
20170308154909905,0.562776947021484
20170308154909906,-0.749478912353516
20170308154909907,-2.87807998657227
20170308154909908,0.707735443115234
20170308154909909,-0.894437408447266
20170308154909910,-2.79415664672852
20170308154909911,0.791658782958984
20170308154909912,-0.917325592041016
20170308154909913,-2.81704483032227
20170308154909914,0.814546966552734
20170308154909915,-0.963101959228516
20170308154909916,-2.73312149047852
20170308154909917,0.829805755615234
20170308154909918,-1.29879531860352
20170308154909919,-2.72549209594727
20170308154909920,0.936617279052734
20170308154909921,-1.24538955688477
20170308154909922,-2.69497451782227
20170308154909923,0.784029388427734
20170308154909924,-1.15383682250977
20170308154909925,-2.52712783813477
20170308154909926,0.967134857177734
20170308154909927,-1.47427139282227
20170308154909928,-2.51949844360352
20170308154909929,0.959505462646484
20170308154909930,-1.53530654907227
20170308154909931,-2.50423965454102
20170308154909932,0.669588470458984
20170308154909933,-1.63448867797852
20170308154909934,-2.36691055297852
20170308154909935,0.898470306396484
20170308154909936,-1.78707656860352
20170308154909937,-2.15328750610352
20170308154909938,0.745882415771484
20170308154909939,-2.10751113891602
20170308154909940,-1.93966445922852
20170308154909941,0.722994232177734
20170308154909942,-2.23721084594727
20170308154909943,-1.87862930297852
20170308154909944,0.639070892333984
20170308154909945,-2.10751113891602
20170308154909946,-2.05410537719727
20170308154909947,0.654329681396484
20170308154909948,-1.97781143188477
20170308154909949,-2.08462295532227
20170308154909950,0.623812103271484
20170308154909951,-1.87099990844727
20170308154909952,-2.25246963500977
20170308154909953,0.570406341552734
20170308154909954,-1.74892959594727
20170308154909955,-2.38216934204102
20170308154909956,0.623812103271484
20170308154909957,-1.75655899047852
20170308154909958,-2.38216934204102
20170308154909959,0.707735443115234
20170308154909960,-1.80996475219727
20170308154909961,-2.35165176391602
20170308154909962,0.852693939208984
20170308154909963,-1.68789443969727
20170308154909964,-2.31350479125977
20170308154909965,0.837435150146484
20170308154909966,-1.79470596313477
20170308154909967,-2.27535781860352
20170308154909968,0.654329681396484
20170308154909969,-1.77944717407227
20170308154909970,-2.24484024047852
20170308154909971,0.623812103271484
20170308154909972,-1.66500625610352
20170308154909973,-2.29824600219727
20170308154909974,0.860323333740234
20170308154909975,-1.80996475219727
20170308154909976,-2.26772842407227
20170308154909977,0.730623626708984
20170308154909978,-1.87862930297852
20170308154909979,-2.17617568969727
20170308154909980,0.608553314208984
20170308154909981,-1.92440567016602
20170308154909982,-2.16854629516602
20170308154909983,0.806917572021484
20170308154909984,-2.29061660766602
20170308154909985,-1.84811172485352
20170308154909986,0.684847259521484
20170308154909987,-2.34402236938477
20170308154909988,-1.71841201782227
20170308154909989,0.875582122802734
20170308154909990,-2.48898086547852
20170308154909991,-1.71841201782227
20170308154909992,0.806917572021484
20170308154909993,-2.42031631469727
20170308154909994,-1.59634170532227
20170308154909995,0.684847259521484
20170308154909996,-2.36691055297852
20170308154909997,-1.72604141235352
20170308154909998,0.707735443115234
20170308154909999,-2.38216934204102
20170308154910000,-1.61160049438477
20170308154910001,0.677217864990234
20170308154910002,-2.54238662719727
20170308154910003,-1.64211807250977
20170308154910004,0.715364837646484
20170308154910005,-2.56527481079102
20170308154910006,-1.49715957641602
20170308154910007,0.661959075927734
20170308154910008,-2.77126846313477
20170308154910009,-1.25301895141602
20170308154910010,0.707735443115234
20170308154910011,-2.77889785766602
20170308154910012,-1.06991348266602
20170308154910013,0.661959075927734
20170308154910014,-2.95437393188477
20170308154910015,-0.879178619384766
20170308154910016,0.486483001708984
20170308154910017,-3.03066787719727
20170308154910018,-0.512967681884766
20170308154910019,0.364412689208984
20170308154910020,-2.87807998657227
20170308154910021,-0.535855865478516
20170308154910022,0.417818450927734
20170308154910023,-2.93148574829102
20170308154910024,-0.490079498291016
20170308154910025,0.166048431396484
20170308154910026,-2.90096817016602
20170308154910027,-0.215421295166016
20170308154910028,0.0058311462402344
20170308154910029,-2.90096817016602
20170308154910030,-0.329862213134766
20170308154910031,-0.116239166259766
20170308154910032,-2.89333877563477
20170308154910033,0.0897544860839844
20170308154910034,-0.436673736572266
20170308154910035,-2.93148574829102
20170308154910036,0.326265716552734
20170308154910037,-0.657926177978516
20170308154910038,-2.90096817016602
20170308154910039,0.776399993896484
20170308154910040,-1.06991348266602
20170308154910041,-2.75600967407227
20170308154910042,0.898470306396484
20170308154910043,-1.29116592407227
20170308154910044,-2.55764541625977
20170308154910045,0.829805755615234
20170308154910046,-1.69552383422852
20170308154910047,-2.46609268188477
20170308154910048,0.722994232177734
20170308154910049,-1.84048233032227
20170308154910050,-2.25246963500977
20170308154910051,0.555147552490234
20170308154910052,-1.81759414672852
20170308154910053,-2.22195205688477
20170308154910054,0.707735443115234
20170308154910055,-1.71078262329102
20170308154910056,-2.28298721313477
20170308154910057,0.890840911865234
20170308154910058,-1.91677627563477
20170308154910059,-2.09225234985352
20170308154910060,0.837435150146484
20170308154910061,-2.19143447875977
20170308154910062,-1.92440567016602
20170308154910063,0.936617279052734
20170308154910064,-2.16091690063477
20170308154910065,-1.85574111938477
20170308154910066,0.822176361083984
20170308154910067,-2.15328750610352
20170308154910068,-1.75655899047852
20170308154910069,0.753511810302734
20170308154910070,-2.48898086547852
20170308154910071,-1.52004776000977
20170308154910072,0.677217864990234
20170308154910073,-2.53475723266602
20170308154910074,-1.36745986938477
20170308154910075,0.745882415771484
20170308154910076,-2.71023330688477
20170308154910077,-1.28353652954102
20170308154910078,0.623812103271484
20170308154910079,-2.75600967407227
20170308154910080,-1.37508926391602
20170308154910081,0.547518157958984
20170308154910082,-2.56527481079102
20170308154910083,-1.55056533813477
20170308154910084,0.578035736083984
20170308154910085,-2.59579238891602
20170308154910086,-1.44375381469727
20170308154910087,0.593294525146484
20170308154910088,-2.80941543579102
20170308154910089,-1.22250137329102
20170308154910090,0.562776947021484
20170308154910091,-2.96200332641602
20170308154910092,-1.04702529907227
20170308154910093,0.578035736083984
20170308154910094,-2.94674453735352
20170308154910095,-1.01650772094727
20170308154910096,0.524629974365234
20170308154910097,-3.00015029907227
20170308154910098,-0.886808013916016
20170308154910099,0.692476654052734
20170308154910100,-2.92385635375977
20170308154910101,-0.833402252197266
20170308154910102,0.417818450927734
20170308154910103,-2.88570938110352
20170308154910104,-0.863919830322266
20170308154910105,0.448336029052734
20170308154910106,-2.95437393188477
20170308154910107,-0.917325592041016
20170308154910108,0.623812103271484
20170308154910109,-2.91622695922852
20170308154910110,-0.947843170166016
20170308154910111,0.394930267333984
20170308154910112,-2.90096817016602
20170308154910113,-1.00887832641602
20170308154910114,0.677217864990234
20170308154910115,-2.91622695922852
20170308154910116,-1.00887832641602
20170308154910117,0.478853607177734
20170308154910118,-2.96963272094727
20170308154910119,-0.810514068603516
20170308154910120,0.600923919677734
20170308154910121,-2.96200332641602
20170308154910122,-0.833402252197266
20170308154910123,0.448336029052734
20170308154910124,-3.02303848266602
20170308154910125,-0.635037994384766
20170308154910126,0.341524505615234
20170308154910127,-2.97726211547852
20170308154910128,-0.696073150634766
20170308154910129,0.318636322021484
20170308154910130,-2.96963272094727
20170308154910131,-0.749478912353516
20170308154910132,0.524629974365234
20170308154910133,-3.01540908813477
20170308154910134,-0.787625885009766
20170308154910135,0.356783294677734
20170308154910136,-2.96200332641602
20170308154910137,-0.680814361572266
20170308154910138,0.379671478271484
20170308154910139,-2.95437393188477
20170308154910140,-0.642667388916016
20170308154910141,0.272859954833984
20170308154910142,-2.97726211547852
20170308154910143,-0.558744049072266
20170308154910144,0.150789642333984
20170308154910145,-3.00015029907227
20170308154910146,-0.345121002197266
20170308154910147,0.120272064208984
20170308154910148,-2.95437393188477
20170308154910149,-0.337491607666016
20170308154910150,0.0516075134277344
20170308154910151,-2.93911514282227
20170308154910152,-0.108609771728516
20170308154910153,-0.299344635009766
20170308154910154,-2.93911514282227
20170308154910155,0.0516075134277344
20170308154910156,-0.192533111572266
20170308154910157,-2.91622695922852
20170308154910158,0.364412689208984
20170308154910159,-0.467191314697266
20170308154910160,-2.83993301391602
20170308154910161,0.394930267333984
20170308154910162,-0.619779205322266
20170308154910163,-2.87807998657227
20170308154910164,0.646700286865234
20170308154910165,-0.711331939697266
20170308154910166,-2.94674453735352
20170308154910167,0.608553314208984
20170308154910168,-0.909696197509766
20170308154910169,-2.87045059204102
20170308154910170,0.944246673583984
20170308154910171,-0.902066802978516
20170308154910172,-2.71023330688477
20170308154910173,1.03579940795898
20170308154910174,-1.24538955688477
20170308154910175,-2.56527481079102
20170308154910176,0.845064544677734
20170308154910177,-1.55819473266602
20170308154910178,-2.33639297485352
20170308154910179,0.822176361083984
20170308154910180,-1.80996475219727
20170308154910181,-2.03884658813477
20170308154910182,0.753511810302734
20170308154910183,-2.18380508422852
20170308154910184,-1.87862930297852
20170308154910185,0.715364837646484
20170308154910186,-2.25246963500977
20170308154910187,-1.65737686157227
20170308154910188,0.784029388427734
20170308154910189,-2.35165176391602
20170308154910190,-1.59634170532227
20170308154910191,0.768770599365234
20170308154910192,-2.50423965454102
20170308154910193,-1.44375381469727
20170308154910194,0.799288177490234
20170308154910195,-2.73312149047852
20170308154910196,-1.34457168579102
20170308154910197,0.776399993896484
20170308154910198,-2.88570938110352
20170308154910199,-1.03939590454102
20170308154910200,0.478853607177734
20170308154910201,-2.94674453735352
20170308154910202,-1.03939590454102
20170308154910203,0.562776947021484
20170308154910204,-3.01540908813477
20170308154910205,-0.795255279541016
20170308154910206,0.677217864990234
20170308154910207,-2.93911514282227
20170308154910208,-0.635037994384766
20170308154910209,0.356783294677734
20170308154910210,-2.90859756469727
20170308154910211,-0.718961334228516
20170308154910212,0.364412689208984
20170308154910213,-2.95437393188477
20170308154910214,-0.802884674072266
20170308154910215,0.478853607177734
20170308154910216,-3.00777969360352
20170308154910217,-0.741849517822266
20170308154910218,0.532259368896484
20170308154910219,-2.96200332641602
20170308154910220,-0.635037994384766
20170308154910221,0.364412689208984
20170308154910222,-2.92385635375977
20170308154910223,-0.749478912353516
20170308154910224,0.417818450927734
20170308154910225,-2.86282119750977
20170308154910226,-0.482450103759766
20170308154910227,0.547518157958984
20170308154910228,-2.90096817016602
20170308154910229,-0.749478912353516
20170308154910230,0.394930267333984
20170308154910231,-2.94674453735352
20170308154910232,-0.825772857666016
20170308154910233,0.532259368896484
20170308154910234,-2.93148574829102
20170308154910235,-0.718961334228516
20170308154910236,0.288118743896484
20170308154910237,-2.91622695922852
20170308154910238,-0.406156158447266
20170308154910239,0.257601165771484
20170308154910240,-2.96963272094727
20170308154910241,-0.635037994384766
20170308154910242,0.249971771240234
20170308154910243,-2.96200332641602
20170308154910244,-0.619779205322266
20170308154910245,0.181307220458984
20170308154910246,-2.96200332641602
20170308154910247,-0.520597076416016
20170308154910248,0.219454193115234
20170308154910249,-2.96200332641602
20170308154910250,-0.650296783447266
20170308154910251,0.265230560302734
20170308154910252,-3.01540908813477
20170308154910253,-0.467191314697266
20170308154910254,0.333895111083984
20170308154910255,-2.92385635375977
20170308154910256,-0.558744049072266
20170308154910257,0.0439781188964844
20170308154910258,-2.99252090454102
20170308154910259,-0.528226470947266
20170308154910260,0.219454193115234
20170308154910261,-2.91622695922852
20170308154910262,-0.482450103759766
20170308154910263,0.0973838806152344
20170308154910264,-2.91622695922852
20170308154910265,-0.474820709228516
20170308154910266,0.135530853271484
20170308154910267,-2.95437393188477
20170308154910268,-0.368009185791016
20170308154910269,-0.0017982482910156
20170308154910270,-2.95437393188477
20170308154910271,-0.184903717041016
20170308154910272,-0.177274322509766
20170308154910273,-2.93148574829102
20170308154910274,0.0134605407714844
20170308154910275,-0.360379791259766
20170308154910276,-2.89333877563477
20170308154910277,0.249971771240234
20170308154910278,-0.421414947509766
20170308154910279,-2.90096817016602
20170308154910280,0.211824798583984
20170308154910281,-0.322232818603516
20170308154910282,-2.82467422485352
20170308154910283,0.547518157958984
20170308154910284,-0.772367095947266
20170308154910285,-2.82467422485352
20170308154910286,0.669588470458984
20170308154910287,-0.970731353759766
20170308154910288,-2.80941543579102
20170308154910289,0.867952728271484
20170308154910290,-1.23776016235352
20170308154910291,-2.59579238891602
20170308154910292,0.837435150146484
20170308154910293,-1.60397109985352
20170308154910294,-2.50423965454102
20170308154910295,0.852693939208984
20170308154910296,-1.72604141235352
20170308154910297,-2.31350479125977
20170308154910298,0.722994232177734
20170308154910299,-1.90151748657227
20170308154910300,-2.26009902954102
20170308154910301,0.791658782958984
20170308154910302,-1.97781143188477
20170308154910303,-2.13039932250977
20170308154910304,0.829805755615234
20170308154910305,-2.22958145141602
20170308154910306,-1.68789443969727
20170308154910307,0.707735443115234
20170308154910308,-2.39742813110352
20170308154910309,-1.46664199829102
20170308154910310,0.913729095458984
20170308154910311,-2.71786270141602
20170308154910312,-1.42849502563477
20170308154910313,0.631441497802734
20170308154910314,-2.77126846313477
20170308154910315,-1.18435440063477
20170308154910316,0.669588470458984
20170308154910317,-2.93148574829102
20170308154910318,-0.993619537353516
20170308154910319,0.478853607177734
20170308154910320,-2.94674453735352
20170308154910321,-0.894437408447266
20170308154910322,0.639070892333984
20170308154910323,-2.97726211547852
20170308154910324,-0.688443756103516
20170308154910325,0.387300872802734
20170308154910326,-2.94674453735352
20170308154910327,-0.398526763916016
20170308154910328,0.0363487243652344
20170308154910329,-2.98489151000977
20170308154910330,-0.268827056884766
20170308154910331,0.0058311462402344
20170308154910332,-2.94674453735352
20170308154910333,0.0973838806152344
20170308154910334,-0.345121002197266
20170308154910335,-2.96200332641602
20170308154910336,-0.0780921936035156
20170308154910337,-0.108609771728516
20170308154910338,-2.88570938110352
20170308154910339,0.127901458740234
20170308154910340,-0.444303131103516
20170308154910341,-2.85519180297852
20170308154910342,0.379671478271484
20170308154910343,-0.696073150634766
20170308154910344,-2.86282119750977
20170308154910345,0.517000579833984
20170308154910346,-0.779996490478516
20170308154910347,-2.90096817016602
20170308154910348,0.692476654052734
20170308154910349,-0.718961334228516
20170308154910350,-2.80178604125977
20170308154910351,0.974764251708984
20170308154910352,-1.10806045532227
20170308154910353,-2.74838027954102
20170308154910354,0.921358489990234
20170308154910355,-1.23013076782227
20170308154910356,-2.61868057250977
20170308154910357,0.738253021240234
20170308154910358,-1.39797744750977
20170308154910359,-2.51186904907227
20170308154910360,0.799288177490234
20170308154910361,-1.34457168579102
20170308154910362,-2.54238662719727
20170308154910363,0.845064544677734
20170308154910364,-1.46664199829102
20170308154910365,-2.44320449829102
20170308154910366,0.730623626708984
20170308154910367,-1.52767715454102
20170308154910368,-2.55001602172852
20170308154910369,0.967134857177734
20170308154910370,-1.53530654907227
20170308154910371,-2.54238662719727
20170308154910372,0.669588470458984
20170308154910373,-1.32931289672852
20170308154910374,-2.61868057250977
20170308154910375,0.776399993896484
20170308154910376,-1.46664199829102
20170308154910377,-2.55764541625977
20170308154910378,0.753511810302734
20170308154910379,-1.44375381469727
20170308154910380,-2.61105117797852
20170308154910381,0.829805755615234
20170308154910382,-1.39034805297852
20170308154910383,-2.49661026000977
20170308154910384,0.600923919677734
20170308154910385,-1.68026504516602
20170308154910386,-2.53475723266602
20170308154910387,0.753511810302734
20170308154910388,-1.70315322875977
20170308154910389,-2.33639297485352
20170308154910390,0.646700286865234
20170308154910391,-1.70315322875977
20170308154910392,-2.35165176391602
20170308154910393,0.753511810302734
20170308154910394,-1.81759414672852
20170308154910395,-2.21432266235352
20170308154910396,0.623812103271484
20170308154910397,-1.82522354125977
20170308154910398,-2.16854629516602
20170308154910399,0.730623626708984
20170308154910400,-2.12276992797852
20170308154910401,-1.99307022094727
20170308154910402,0.928987884521484
20170308154910403,-2.01595840454102
20170308154910404,-2.07699356079102
20170308154910405,0.585665130615234
20170308154910406,-1.74130020141602
20170308154910407,-2.33639297485352
20170308154910408,0.646700286865234
20170308154910409,-1.70315322875977
20170308154910410,-2.35928115844727
20170308154910411,0.890840911865234
20170308154910412,-1.68026504516602
20170308154910413,-2.27535781860352
20170308154910414,0.654329681396484
20170308154910415,-1.91677627563477
20170308154910416,-2.20669326782227
20170308154910417,0.700106048583984
20170308154910418,-1.87862930297852
20170308154910419,-2.19906387329102
20170308154910420,0.707735443115234
20170308154910421,-2.00069961547852
20170308154910422,-2.14565811157227
20170308154910423,0.715364837646484
20170308154910424,-2.13802871704102
20170308154910425,-1.90151748657227
20170308154910426,0.730623626708984
20170308154910427,-2.32876358032227
20170308154910428,-1.64974746704102
20170308154910429,0.722994232177734
20170308154910430,-2.66445693969727
20170308154910431,-1.51241836547852
20170308154910432,0.661959075927734
20170308154910433,-2.67971572875977
20170308154910434,-1.30642471313477
20170308154910435,0.639070892333984
20170308154910436,-2.80178604125977
20170308154910437,-1.13857803344727
20170308154910438,0.517000579833984
20170308154910439,-2.93148574829102
20170308154910440,-0.863919830322266
20170308154910441,0.387300872802734
20170308154910442,-2.96963272094727
20170308154910443,-0.726590728759766
20170308154910444,0.402559661865234
20170308154910445,-2.96200332641602
20170308154910446,-0.749478912353516
20170308154910447,0.463594818115234
20170308154910448,-2.93148574829102
20170308154910449,-0.657926177978516
20170308154910450,0.333895111083984
20170308154910451,-3.00015029907227
20170308154910452,-0.627408599853516
20170308154910453,0.196566009521484
20170308154910454,-2.92385635375977
20170308154910455,-0.368009185791016
20170308154910456,0.0134605407714844
20170308154910457,-2.96200332641602
20170308154910458,-0.268827056884766
20170308154910459,0.0287193298339844
20170308154910460,-2.88570938110352
20170308154910461,-0.0857215881347656
20170308154910462,-0.0628334045410156
20170308154910463,-2.90859756469727
20170308154910464,0.112642669677734
20170308154910465,-0.474820709228516
20170308154910466,-2.89333877563477
20170308154910467,0.410189056396484
20170308154910468,-0.688443756103516
20170308154910469,-2.91622695922852
20170308154910470,0.379671478271484
20170308154910471,-0.802884674072266
20170308154910472,-2.90859756469727
20170308154910473,0.463594818115234
20170308154910474,-0.741849517822266
20170308154910475,-2.87045059204102
20170308154910476,0.715364837646484
20170308154910477,-0.696073150634766
20170308154910478,-2.81704483032227
20170308154910479,0.585665130615234
20170308154910480,-0.932584381103516
20170308154910481,-2.85519180297852
20170308154910482,0.578035736083984
20170308154910483,-1.03939590454102
20170308154910484,-2.76363906860352
20170308154910485,0.883211517333984
20170308154910486,-1.46664199829102
20170308154910487,-2.43557510375977
20170308154910488,0.990023040771484
20170308154910489,-1.70315322875977
20170308154910490,-2.23721084594727
20170308154910491,0.822176361083984
20170308154910492,-1.90914688110352
20170308154910493,-2.14565811157227
20170308154910494,0.875582122802734
20170308154910495,-2.08462295532227
20170308154910496,-2.03121719360352
20170308154910497,0.700106048583984
20170308154910498,-2.11514053344727
20170308154910499,-1.93966445922852
20170308154910500,0.738253021240234
20170308154910501,-2.27535781860352
20170308154910502,-1.91677627563477
20170308154910503,0.646700286865234
20170308154910504,-2.26009902954102
20170308154910505,-1.49715957641602
20170308154910506,0.822176361083984
20170308154910507,-2.55001602172852
20170308154910508,-1.40560684204102
20170308154910509,0.616182708740234
20170308154910510,-2.84756240844727
20170308154910511,-1.20724258422852
20170308154910512,0.547518157958984
20170308154910513,-2.99252090454102
20170308154910514,-1.09280166625977
20170308154910515,0.715364837646484
20170308154910516,-2.94674453735352
20170308154910517,-0.909696197509766
20170308154910518,0.417818450927734
20170308154910519,-2.98489151000977
20170308154910520,-0.863919830322266
20170308154910521,0.394930267333984
20170308154910522,-2.98489151000977
20170308154910523,-0.772367095947266
20170308154910524,0.394930267333984
20170308154910525,-2.97726211547852
20170308154910526,-0.635037994384766
20170308154910527,0.433077239990234
20170308154910528,-2.99252090454102
20170308154910529,-0.574002838134766
20170308154910530,0.249971771240234
20170308154910531,-2.90859756469727
20170308154910532,-0.650296783447266
20170308154910533,0.318636322021484
20170308154910534,-3.06118545532227
20170308154910535,-0.482450103759766
20170308154910536,0.112642669677734
20170308154910537,-2.96963272094727
20170308154910538,-0.429044342041016
20170308154910539,0.0821250915527344
20170308154910540,-2.92385635375977
20170308154910541,-0.459561920166016
20170308154910542,0.0744956970214844
20170308154910543,-2.91622695922852
20170308154910544,-0.459561920166016
20170308154910545,0.120272064208984
20170308154910546,-2.98489151000977
20170308154910547,-0.474820709228516
20170308154910548,-0.0017982482910156
20170308154910549,-2.95437393188477
20170308154910550,-0.520597076416016
20170308154910551,0.112642669677734
20170308154910552,-3.06118545532227
20170308154910553,-0.451932525634766
20170308154910554,0.0592369079589844
20170308154910555,-2.90096817016602
20170308154910556,-0.413785552978516
20170308154910557,-0.0094276428222656
20170308154910558,-2.96200332641602
20170308154910559,-0.337491607666016
20170308154910560,-0.0170570373535156
20170308154910561,-2.97726211547852
20170308154910562,-0.177274322509766
20170308154910563,-0.261197662353516
20170308154910564,-2.89333877563477
20170308154910565,-0.0094276428222656
20170308154910566,-0.154386138916016
20170308154910567,-2.92385635375977
20170308154910568,0.0363487243652344
20170308154910569,-0.306974029541016
20170308154910570,-2.96963272094727
20170308154910571,0.143160247802734
20170308154910572,-0.337491607666016
20170308154910573,-2.90859756469727
20170308154910574,0.0058311462402344
20170308154910575,-0.413785552978516
20170308154910576,-2.91622695922852
20170308154910577,0.0897544860839844
20170308154910578,-0.436673736572266
20170308154910579,-2.91622695922852
20170308154910580,0.402559661865234
20170308154910581,-0.657926177978516
20170308154910582,-2.80178604125977
20170308154910583,0.364412689208984
20170308154910584,-0.696073150634766
20170308154910585,-2.94674453735352
20170308154910586,0.219454193115234
20170308154910587,-0.604520416259766
20170308154910588,-2.89333877563477
20170308154910589,0.440706634521484
20170308154910590,-0.718961334228516
20170308154910591,-2.82467422485352
20170308154910592,0.547518157958984
20170308154910593,-0.749478912353516
20170308154910594,-2.87045059204102
20170308154910595,0.684847259521484
20170308154910596,-0.802884674072266
20170308154910597,-2.80941543579102
20170308154910598,0.913729095458984
20170308154910599,-0.802884674072266
20170308154910600,-2.77889785766602
20170308154910601,0.753511810302734
20170308154910602,-1.10806045532227
20170308154910603,-2.70260391235352
20170308154910604,0.768770599365234
20170308154910605,-1.48953018188477
20170308154910606,-2.55001602172852
20170308154910607,0.845064544677734
20170308154910608,-1.64211807250977
20170308154910609,-2.39742813110352
20170308154910610,0.646700286865234
20170308154910611,-1.74892959594727
20170308154910612,-2.29824600219727
20170308154910613,0.768770599365234
20170308154910614,-1.86337051391602
20170308154910615,-2.13039932250977
20170308154910616,0.738253021240234
20170308154910617,-1.95492324829102
20170308154910618,-2.07699356079102
20170308154910619,0.700106048583984
20170308154910620,-2.15328750610352
20170308154910621,-1.87862930297852
20170308154910622,0.722994232177734
20170308154910623,-2.35928115844727
20170308154910624,-1.58108291625977
20170308154910625,0.623812103271484
20170308154910626,-2.41268692016602
20170308154910627,-1.55056533813477
20170308154910628,0.600923919677734
20170308154910629,-2.54238662719727
20170308154910630,-1.48190078735352
20170308154910631,0.669588470458984
20170308154910632,-2.80178604125977
20170308154910633,-1.38271865844727
20170308154910634,0.578035736083984
20170308154910635,-2.90859756469727
20170308154910636,-1.15383682250977
20170308154910637,0.494112396240234
20170308154910638,-2.95437393188477
20170308154910639,-1.06991348266602
20170308154910640,0.517000579833984
20170308154910641,-3.08407363891602
20170308154910642,-0.978360748291016
20170308154910643,0.722994232177734
20170308154910644,-2.97726211547852
20170308154910645,-0.841031646728516
20170308154910646,0.463594818115234
20170308154910647,-2.96200332641602
20170308154910648,-0.650296783447266
20170308154910649,0.341524505615234
20170308154910650,-3.01540908813477
20170308154910651,-0.505338287353516
20170308154910652,0.349153900146484
20170308154910653,-2.93911514282227
20170308154910654,-0.741849517822266
20170308154910655,0.311006927490234
20170308154910656,-3.01540908813477
20170308154910657,-0.543485260009766
20170308154910658,0.211824798583984
20170308154910659,-2.90096817016602
20170308154910660,-0.444303131103516
20170308154910661,0.410189056396484
20170308154910662,-2.88570938110352
20170308154910663,-0.505338287353516
20170308154910664,0.143160247802734
20170308154910665,-2.87807998657227
20170308154910666,-0.390897369384766
20170308154910667,0.135530853271484
20170308154910668,-2.95437393188477
20170308154910669,-0.619779205322266
20170308154910670,0.227083587646484
20170308154910671,-2.94674453735352
20170308154910672,-0.909696197509766
20170308154910673,0.372042083740234
20170308154910674,-2.93911514282227
20170308154910675,-0.711331939697266
20170308154910676,0.562776947021484
20170308154910677,-2.92385635375977
20170308154910678,-0.696073150634766
20170308154910679,0.341524505615234
20170308154910680,-2.99252090454102
20170308154910681,-0.551114654541016
20170308154910682,0.158419036865234
20170308154910683,-2.93148574829102
20170308154910684,-0.421414947509766
20170308154910685,0.112642669677734
20170308154910686,-3.03066787719727
20170308154910687,-0.398526763916016
20170308154910688,-0.0017982482910156
20170308154910689,-2.96200332641602
20170308154910690,-0.223050689697266
20170308154910691,-0.0475746154785156
20170308154910692,-2.88570938110352
20170308154910693,-0.116239166259766
20170308154910694,-0.230680084228516
20170308154910695,-2.89333877563477
20170308154910696,0.0058311462402344
20170308154910697,-0.306974029541016
20170308154910698,-2.90096817016602
20170308154910699,0.249971771240234
20170308154910700,-0.451932525634766
20170308154910701,-2.91622695922852
20170308154910702,0.0668663024902344
20170308154910703,-0.383267974853516
20170308154910704,-2.86282119750977
20170308154910705,0.227083587646484
20170308154910706,-0.482450103759766
20170308154910707,-2.81704483032227
20170308154910708,0.471224212646484
20170308154910709,-0.665555572509766
20170308154910710,-2.87045059204102
20170308154910711,0.280489349365234
20170308154910712,-0.718961334228516
20170308154910713,-2.93148574829102
20170308154910714,0.562776947021484
20170308154910715,-0.825772857666016
20170308154910716,-2.83993301391602
20170308154910717,0.570406341552734
20170308154910718,-0.970731353759766
20170308154910719,-2.92385635375977
20170308154910720,0.707735443115234
20170308154910721,-0.955472564697266
20170308154910722,-2.78652725219727
20170308154910723,0.761141204833984
20170308154910724,-1.14620742797852
20170308154910725,-2.70260391235352
20170308154910726,0.814546966552734
20170308154910727,-1.16909561157227
20170308154910728,-2.73312149047852
20170308154910729,0.837435150146484
20170308154910730,-1.23776016235352
20170308154910731,-2.66445693969727
20170308154910732,0.814546966552734
20170308154910733,-1.19198379516602
20170308154910734,-2.59579238891602
20170308154910735,0.745882415771484
20170308154910736,-1.22250137329102
20170308154910737,-2.67208633422852
20170308154910738,0.822176361083984
20170308154910739,-1.30642471313477
20170308154910740,-2.63393936157227
20170308154910741,0.768770599365234
20170308154910742,-1.14620742797852
20170308154910743,-2.64919815063477
20170308154910744,0.806917572021484
20170308154910745,-1.24538955688477
20170308154910746,-2.61105117797852
20170308154910747,0.791658782958984
20170308154910748,-1.58108291625977
20170308154910749,-2.50423965454102
20170308154910750,0.761141204833984
20170308154910751,-1.87099990844727
20170308154910752,-2.16854629516602
20170308154910753,0.684847259521484
20170308154910754,-2.20669326782227
20170308154910755,-1.97018203735352
20170308154910756,0.906099700927734
20170308154910757,-2.23721084594727
20170308154910758,-1.83285293579102
20170308154910759,0.852693939208984
20170308154910760,-2.26009902954102
20170308154910761,-1.64211807250977
20170308154910762,0.837435150146484
20170308154910763,-2.48135147094727
20170308154910764,-1.45901260375977
20170308154910765,0.600923919677734
20170308154910766,-2.90096817016602
20170308154910767,-1.19198379516602
20170308154910768,0.661959075927734
20170308154910769,-3.03829727172852
20170308154910770,-0.825772857666016
20170308154910771,0.532259368896484
20170308154910772,-2.99252090454102
20170308154910773,-0.566373443603516
20170308154910774,0.303377532958984
20170308154910775,-2.91622695922852
20170308154910776,-0.551114654541016
20170308154910777,0.333895111083984
20170308154910778,-2.97726211547852
20170308154910779,-0.375638580322266
20170308154910780,-0.0094276428222656
20170308154910781,-2.90859756469727
20170308154910782,-0.0475746154785156
20170308154910783,-0.223050689697266
20170308154910784,-2.93148574829102
20170308154910785,0.0210899353027344
20170308154910786,-0.383267974853516
20170308154910787,-2.93911514282227
20170308154910788,0.143160247802734
20170308154910789,-0.421414947509766
20170308154910790,-2.86282119750977
20170308154910791,0.303377532958984
20170308154910792,-0.596891021728516
20170308154910793,-2.86282119750977
20170308154910794,0.280489349365234
20170308154910795,-0.635037994384766
20170308154910796,-2.90859756469727
20170308154910797,0.585665130615234
20170308154910798,-0.696073150634766
20170308154910799,-2.83993301391602
20170308154910800,0.501741790771484
20170308154910801,-0.749478912353516
20170308154910802,-2.91622695922852
20170308154910803,0.715364837646484
20170308154910804,-0.985990142822266
20170308154910805,-2.82467422485352
20170308154910806,0.631441497802734
20170308154910807,-0.963101959228516
20170308154910808,-2.81704483032227
20170308154910809,0.623812103271484
20170308154910810,-0.711331939697266
20170308154910811,-2.80178604125977
20170308154910812,0.471224212646484
20170308154910813,-0.917325592041016
20170308154910814,-2.82467422485352
20170308154910815,0.623812103271484
20170308154910816,-0.940213775634766
20170308154910817,-2.79415664672852
20170308154910818,0.562776947021484
20170308154910819,-0.642667388916016
20170308154910820,-2.86282119750977
20170308154910821,0.578035736083984
20170308154910822,-0.932584381103516
20170308154910823,-2.82467422485352
20170308154910824,0.478853607177734
20170308154910825,-0.764737701416016
20170308154910826,-2.80941543579102
20170308154910827,0.486483001708984
20170308154910828,-0.650296783447266
20170308154910829,-2.79415664672852
20170308154910830,0.608553314208984
20170308154910831,-0.635037994384766
20170308154910832,-2.74838027954102
20170308154910833,0.517000579833984
20170308154910834,-0.917325592041016
20170308154910835,-2.88570938110352
20170308154910836,0.494112396240234
20170308154910837,-0.894437408447266
20170308154910838,-2.80941543579102
20170308154910839,0.410189056396484
20170308154910840,-0.825772857666016
20170308154910841,-2.83230361938477
20170308154910842,0.547518157958984
20170308154910843,-0.802884674072266
20170308154910844,-2.84756240844727
20170308154910845,0.394930267333984
20170308154910846,-0.703702545166016
20170308154910847,-2.80941543579102
20170308154910848,0.341524505615234
20170308154910849,-0.749478912353516
20170308154910850,-2.83230361938477
20170308154910851,0.394930267333984
20170308154910852,-0.665555572509766
20170308154910853,-2.79415664672852
20170308154910854,0.249971771240234
20170308154910855,-0.352750396728516
20170308154910856,-2.77126846313477
20170308154910857,0.280489349365234
20170308154910858,-0.429044342041016
20170308154910859,-2.75600967407227
20170308154910860,0.616182708740234
20170308154910861,-0.787625885009766
20170308154910862,-2.83993301391602
20170308154910863,0.738253021240234
20170308154910864,-0.818143463134766
20170308154910865,-2.76363906860352
20170308154910866,0.822176361083984
20170308154910867,-1.12331924438477
20170308154910868,-2.71786270141602
20170308154910869,0.822176361083984
20170308154910870,-1.48953018188477
20170308154910871,-2.62630996704102
20170308154910872,0.959505462646484
20170308154910873,-1.59634170532227
20170308154910874,-2.44320449829102
20170308154910875,0.669588470458984
20170308154910876,-1.62685928344727
20170308154910877,-2.35928115844727
20170308154910878,0.715364837646484
20170308154910879,-1.68789443969727
20170308154910880,-2.28298721313477
20170308154910881,0.715364837646484
20170308154910882,-1.90151748657227
20170308154910883,-2.13802871704102
20170308154910884,0.631441497802734
20170308154910885,-2.10751113891602
20170308154910886,-1.97781143188477
20170308154910887,0.730623626708984
20170308154910888,-2.23721084594727
20170308154910889,-1.93966445922852
20170308154910890,0.845064544677734
20170308154910891,-2.19143447875977
20170308154910892,-1.85574111938477
20170308154910893,0.867952728271484
20170308154910894,-2.24484024047852
20170308154910895,-1.70315322875977
20170308154910896,0.700106048583984
20170308154910897,-2.45846328735352
20170308154910898,-1.55056533813477
20170308154910899,0.921358489990234
20170308154910900,-2.43557510375977
20170308154910901,-1.52004776000977
20170308154910902,0.738253021240234
20170308154910903,-2.61105117797852
20170308154910904,-1.41323623657227
20170308154910905,0.623812103271484
20170308154910906,-2.60342178344727
20170308154910907,-1.34457168579102
20170308154910908,0.730623626708984
20170308154910909,-2.80941543579102
20170308154910910,-1.19961318969727
20170308154910911,0.768770599365234
20170308154910912,-2.84756240844727
20170308154910913,-0.985990142822266
20170308154910914,0.646700286865234
20170308154910915,-2.91622695922852
20170308154910916,-0.604520416259766
20170308154910917,0.410189056396484
20170308154910918,-2.98489151000977
20170308154910919,-0.467191314697266
20170308154910920,0.0897544860839844
20170308154910921,-2.95437393188477
20170308154910922,-0.329862213134766
20170308154910923,0.0363487243652344
20170308154910924,-2.93911514282227
20170308154910925,-0.352750396728516
20170308154910926,0.0592369079589844
20170308154910927,-2.91622695922852
20170308154910928,-0.131497955322266
20170308154910929,-0.100980377197266
20170308154910930,-2.85519180297852
20170308154910931,0.150789642333984
20170308154910932,-0.459561920166016
20170308154910933,-2.83230361938477
20170308154910934,0.272859954833984
20170308154910935,-0.596891021728516
20170308154910936,-2.87045059204102
20170308154910937,0.852693939208984
20170308154910938,-1.03939590454102
20170308154910939,-2.72549209594727
20170308154910940,0.944246673583984
20170308154910941,-1.23013076782227
20170308154910942,-2.62630996704102
20170308154910943,0.974764251708984
20170308154910944,-1.52004776000977
20170308154910945,-2.48898086547852
20170308154910946,0.913729095458984
20170308154910947,-1.69552383422852
20170308154910948,-2.32113418579102
20170308154910949,0.845064544677734
20170308154910950,-1.90151748657227
20170308154910951,-2.19143447875977
20170308154910952,0.745882415771484
20170308154910953,-2.10751113891602
20170308154910954,-1.94729385375977
20170308154910955,0.890840911865234
20170308154910956,-2.12276992797852
20170308154910957,-1.90914688110352
20170308154910958,0.677217864990234
20170308154910959,-2.09225234985352
20170308154910960,-1.97018203735352
20170308154910961,0.616182708740234
20170308154910962,-2.11514053344727
20170308154910963,-1.93203506469727
20170308154910964,0.730623626708984
20170308154910965,-2.17617568969727
20170308154910966,-1.86337051391602
20170308154910967,0.707735443115234
20170308154910968,-2.49661026000977
20170308154910969,-1.67263565063477
20170308154910970,0.707735443115234
20170308154910971,-2.51186904907227
20170308154910972,-1.52767715454102
20170308154910973,0.837435150146484
20170308154910974,-2.59579238891602
20170308154910975,-1.35220108032227
20170308154910976,0.654329681396484
20170308154910977,-2.48135147094727
20170308154910978,-1.40560684204102
20170308154910979,0.753511810302734
20170308154910980,-2.68734512329102
20170308154910981,-1.42086563110352
20170308154910982,0.799288177490234
20170308154910983,-2.45846328735352
20170308154910984,-1.52767715454102
20170308154910985,0.616182708740234
20170308154910986,-2.22958145141602
20170308154910987,-1.82522354125977
20170308154910988,0.867952728271484
20170308154910989,-2.19906387329102
20170308154910990,-1.72604141235352
20170308154910991,0.753511810302734
20170308154910992,-2.28298721313477
20170308154910993,-1.60397109985352
20170308154910994,0.715364837646484
20170308154910995,-2.36691055297852
20170308154910996,-1.52767715454102
20170308154910997,0.784029388427734
20170308154910998,-2.53475723266602
20170308154910999,-1.40560684204102
20170308154911000,0.547518157958984
20170308154911001,-2.53475723266602
20170308154911002,-1.38271865844727
20170308154911003,0.829805755615234
20170308154911004,-2.55001602172852
20170308154911005,-1.39034805297852
20170308154911006,0.661959075927734
20170308154911007,-2.66445693969727
20170308154911008,-1.37508926391602
20170308154911009,0.677217864990234
20170308154911010,-2.80178604125977
20170308154911011,-1.26827774047852
20170308154911012,0.631441497802734
20170308154911013,-2.99252090454102
20170308154911014,-1.04702529907227
20170308154911015,0.677217864990234
20170308154911016,-2.96200332641602
20170308154911017,-0.825772857666016
20170308154911018,0.440706634521484
20170308154911019,-3.00777969360352
20170308154911020,-0.650296783447266
20170308154911021,0.410189056396484
20170308154911022,-2.95437393188477
20170308154911023,-0.482450103759766
20170308154911024,0.188936614990234
20170308154911025,-2.93911514282227
20170308154911026,-0.436673736572266
20170308154911027,0.150789642333984
20170308154911028,-2.96963272094727
20170308154911029,-0.261197662353516
20170308154911030,-0.0857215881347656
20170308154911031,-2.88570938110352
20170308154911032,-0.154386138916016
20170308154911033,-0.245938873291016
20170308154911034,-2.90096817016602
20170308154911035,0.234712982177734
20170308154911036,-0.505338287353516
20170308154911037,-2.84756240844727
20170308154911038,0.494112396240234
20170308154911039,-0.772367095947266
20170308154911040,-2.86282119750977
20170308154911041,0.692476654052734
20170308154911042,-0.924954986572266
20170308154911043,-2.83230361938477
20170308154911044,0.654329681396484
20170308154911045,-0.947843170166016
20170308154911046,-2.83230361938477
20170308154911047,0.890840911865234
20170308154911048,-1.00887832641602
20170308154911049,-2.76363906860352
20170308154911050,0.768770599365234
20170308154911051,-1.12331924438477
20170308154911052,-2.64156875610352
20170308154911053,0.867952728271484
20170308154911054,-1.42086563110352
20170308154911055,-2.53475723266602
20170308154911056,0.784029388427734
20170308154911057,-1.59634170532227
20170308154911058,-2.37453994750977
20170308154911059,0.776399993896484
20170308154911060,-1.63448867797852
20170308154911061,-2.22195205688477
20170308154911062,0.845064544677734
20170308154911063,-1.74130020141602
20170308154911064,-2.29824600219727
20170308154911065,0.768770599365234
20170308154911066,-2.03121719360352
20170308154911067,-2.01595840454102
20170308154911068,0.745882415771484
20170308154911069,-2.28298721313477
20170308154911070,-1.77181777954102
20170308154911071,0.722994232177734
20170308154911072,-2.41268692016602
20170308154911073,-1.61160049438477
20170308154911074,0.722994232177734
20170308154911075,-2.51186904907227
20170308154911076,-1.47427139282227
20170308154911077,0.852693939208984
20170308154911078,-2.63393936157227
20170308154911079,-1.45138320922852
20170308154911080,0.539888763427734
20170308154911081,-2.51949844360352
20170308154911082,-1.31405410766602
20170308154911083,0.700106048583984
20170308154911084,-2.67208633422852
20170308154911085,-1.26827774047852
20170308154911086,0.623812103271484
20170308154911087,-2.85519180297852
20170308154911088,-1.23776016235352
20170308154911089,0.555147552490234
20170308154911090,-2.86282119750977
20170308154911091,-1.08517227172852
20170308154911092,0.600923919677734
20170308154911093,-2.90096817016602
20170308154911094,-0.978360748291016
20170308154911095,0.463594818115234
20170308154911096,-3.00777969360352
20170308154911097,-0.917325592041016
20170308154911098,0.463594818115234
20170308154911099,-3.00015029907227
20170308154911100,-0.902066802978516
20170308154911101,0.288118743896484
20170308154911102,-2.98489151000977
20170308154911103,-0.894437408447266
20170308154911104,0.478853607177734
20170308154911105,-2.93148574829102
20170308154911106,-0.955472564697266
20170308154911107,0.387300872802734
20170308154911108,-2.93148574829102
20170308154911109,-0.841031646728516
20170308154911110,0.501741790771484
20170308154911111,-2.91622695922852
20170308154911112,-0.818143463134766
20170308154911113,0.486483001708984
20170308154911114,-2.93148574829102
20170308154911115,-0.749478912353516
20170308154911116,0.356783294677734
20170308154911117,-2.89333877563477
20170308154911118,-0.604520416259766
20170308154911119,0.616182708740234
20170308154911120,-2.88570938110352
20170308154911121,-0.787625885009766
20170308154911122,0.471224212646484
20170308154911123,-2.83993301391602
20170308154911124,-0.894437408447266
20170308154911125,0.570406341552734
20170308154911126,-2.89333877563477
20170308154911127,-0.665555572509766
20170308154911128,0.326265716552734
20170308154911129,-2.90096817016602
20170308154911130,-0.451932525634766
20170308154911131,0.272859954833984
20170308154911132,-3.03066787719727
20170308154911133,-0.421414947509766
20170308154911134,0.0821250915527344
20170308154911135,-2.93911514282227
20170308154911136,-0.245938873291016
20170308154911137,0.0821250915527344
20170308154911138,-2.80941543579102
20170308154911139,-0.337491607666016
20170308154911140,0.211824798583984
20170308154911141,-2.89333877563477
20170308154911142,-0.421414947509766
20170308154911143,0.166048431396484
20170308154911144,-2.90096817016602
20170308154911145,-0.390897369384766
20170308154911146,0.0744956970214844
20170308154911147,-2.86282119750977
20170308154911148,-0.459561920166016
20170308154911149,0.188936614990234
20170308154911150,-2.88570938110352
20170308154911151,-0.604520416259766
20170308154911152,0.356783294677734
20170308154911153,-2.91622695922852
20170308154911154,-0.581632232666016
20170308154911155,0.257601165771484
20170308154911156,-2.90096817016602
20170308154911157,-0.711331939697266
20170308154911158,0.417818450927734
20170308154911159,-2.91622695922852
20170308154911160,-0.734220123291016
20170308154911161,0.448336029052734
20170308154911162,-2.95437393188477
20170308154911163,-0.398526763916016
20170308154911164,0.0897544860839844
20170308154911165,-2.98489151000977
20170308154911166,-0.291715240478516
20170308154911167,0.0058311462402344
20170308154911168,-2.98489151000977
20170308154911169,-0.154386138916016
20170308154911170,-0.238309478759766
20170308154911171,-2.88570938110352
20170308154911172,-0.0094276428222656
20170308154911173,-0.253568267822266
20170308154911174,-2.88570938110352
20170308154911175,0.356783294677734
20170308154911176,-0.535855865478516
20170308154911177,-2.81704483032227
20170308154911178,0.463594818115234
20170308154911179,-0.650296783447266
20170308154911180,-2.89333877563477
20170308154911181,0.455965423583984
20170308154911182,-0.688443756103516
20170308154911183,-2.87807998657227
20170308154911184,0.410189056396484
20170308154911185,-0.818143463134766
20170308154911186,-2.82467422485352
20170308154911187,0.684847259521484
20170308154911188,-0.818143463134766
20170308154911189,-2.71786270141602
20170308154911190,0.822176361083984
20170308154911191,-1.11568984985352
20170308154911192,-2.64919815063477
20170308154911193,0.928987884521484
20170308154911194,-1.29116592407227
20170308154911195,-2.57290420532227
20170308154911196,0.860323333740234
20170308154911197,-1.35983047485352
20170308154911198,-2.48135147094727
20170308154911199,0.707735443115234
20170308154911200,-1.47427139282227
20170308154911201,-2.48898086547852
20170308154911202,0.715364837646484
20170308154911203,-1.73367080688477
20170308154911204,-2.22195205688477
20170308154911205,0.730623626708984
20170308154911206,-1.73367080688477
20170308154911207,-2.06173477172852
20170308154911208,0.814546966552734
20170308154911209,-2.15328750610352
20170308154911210,-1.89388809204102
20170308154911211,0.784029388427734
20170308154911212,-2.32113418579102
20170308154911213,-1.81759414672852
20170308154911214,0.700106048583984
20170308154911215,-2.28298721313477
20170308154911216,-1.82522354125977
20170308154911217,0.715364837646484
20170308154911218,-2.41268692016602
20170308154911219,-1.54293594360352
20170308154911220,0.722994232177734
20170308154911221,-2.51949844360352
20170308154911222,-1.45901260375977
20170308154911223,0.814546966552734
20170308154911224,-2.53475723266602
20170308154911225,-1.35220108032227
20170308154911226,0.616182708740234
20170308154911227,-2.74838027954102
20170308154911228,-1.23776016235352
20170308154911229,0.654329681396484
20170308154911230,-2.90859756469727
20170308154911231,-1.08517227172852
20170308154911232,0.616182708740234
20170308154911233,-2.85519180297852
20170308154911234,-1.01650772094727
20170308154911235,0.539888763427734
20170308154911236,-2.93911514282227
20170308154911237,-0.841031646728516
20170308154911238,0.532259368896484
20170308154911239,-2.93911514282227
20170308154911240,-0.451932525634766
20170308154911241,0.532259368896484
20170308154911242,-2.86282119750977
20170308154911243,-0.604520416259766
20170308154911244,0.455965423583984
20170308154911245,-2.93148574829102
20170308154911246,-0.528226470947266
20170308154911247,0.311006927490234
20170308154911248,-2.91622695922852
20170308154911249,-0.398526763916016
20170308154911250,0.0821250915527344
20170308154911251,-2.92385635375977
20170308154911252,-0.406156158447266
20170308154911253,0.181307220458984
20170308154911254,-2.90096817016602
20170308154911255,-0.306974029541016
20170308154911256,-0.0170570373535156
20170308154911257,-3.03829727172852
20170308154911258,-0.0933509826660156
20170308154911259,-0.230680084228516
20170308154911260,-2.93148574829102
20170308154911261,-0.0017982482910156
20170308154911262,-0.398526763916016
20170308154911263,-2.89333877563477
20170308154911264,-0.0246864318847656
20170308154911265,-0.314603424072266
20170308154911266,-2.91622695922852
20170308154911267,-0.0780921936035156
20170308154911268,-0.238309478759766
20170308154911269,-2.85519180297852
20170308154911270,0.0058311462402344
20170308154911271,-0.268827056884766
20170308154911272,-2.87045059204102
20170308154911273,-0.0399452209472656
20170308154911274,-0.268827056884766
20170308154911275,-2.79415664672852
20170308154911276,-0.200162506103516
20170308154911277,0.0058311462402344
20170308154911278,-2.83993301391602
20170308154911279,0.181307220458984
20170308154911280,-0.451932525634766
20170308154911281,-2.81704483032227
20170308154911282,0.333895111083984
20170308154911283,-0.375638580322266
20170308154911284,-2.83993301391602
20170308154911285,-0.0552040100097656
20170308154911286,-0.291715240478516
20170308154911287,-2.87807998657227
20170308154911288,0.120272064208984
20170308154911289,-0.169644927978516
20170308154911290,-2.78652725219727
20170308154911291,0.0821250915527344
20170308154911292,-0.299344635009766
20170308154911293,-2.89333877563477
20170308154911294,0.0744956970214844
20170308154911295,-0.352750396728516
20170308154911296,-2.86282119750977
20170308154911297,0.0134605407714844
20170308154911298,-0.375638580322266
20170308154911299,-2.93148574829102
20170308154911300,0.280489349365234
20170308154911301,-0.459561920166016
20170308154911302,-2.88570938110352
20170308154911303,0.379671478271484
20170308154911304,-0.657926177978516
20170308154911305,-2.83230361938477
20170308154911306,0.204195404052734
20170308154911307,-0.421414947509766
20170308154911308,-2.80178604125977
20170308154911309,0.455965423583984
20170308154911310,-0.665555572509766
20170308154911311,-2.77889785766602
20170308154911312,0.616182708740234
20170308154911313,-0.665555572509766
20170308154911314,-2.77126846313477
20170308154911315,0.501741790771484
20170308154911316,-0.703702545166016
20170308154911317,-2.83230361938477
20170308154911318,0.700106048583984
20170308154911319,-0.886808013916016
20170308154911320,-2.72549209594727
20170308154911321,0.791658782958984
20170308154911322,-1.05465469360352
20170308154911323,-2.76363906860352
20170308154911324,1.01291122436523
20170308154911325,-1.13094863891602
20170308154911326,-2.67208633422852
20170308154911327,0.867952728271484
20170308154911328,-1.13094863891602
20170308154911329,-2.65682754516602
20170308154911330,0.837435150146484
20170308154911331,-1.30642471313477
20170308154911332,-2.51949844360352
20170308154911333,0.814546966552734
20170308154911334,-1.67263565063477
20170308154911335,-2.45846328735352
20170308154911336,0.791658782958984
20170308154911337,-1.71841201782227
20170308154911338,-2.38216934204102
20170308154911339,0.692476654052734
20170308154911340,-1.71841201782227
20170308154911341,-2.26772842407227
20170308154911342,0.745882415771484
20170308154911343,-1.69552383422852
20170308154911344,-2.20669326782227
20170308154911345,0.867952728271484
20170308154911346,-1.96255264282227
20170308154911347,-2.07699356079102
20170308154911348,0.646700286865234
20170308154911349,-2.04647598266602
20170308154911350,-1.74892959594727
20170308154911351,0.715364837646484
20170308154911352,-2.34402236938477
20170308154911353,-1.52767715454102
20170308154911354,0.967134857177734
20170308154911355,-2.41268692016602
20170308154911356,-1.66500625610352
20170308154911357,0.936617279052734
20170308154911358,-2.35165176391602
20170308154911359,-1.59634170532227
20170308154911360,0.791658782958984
20170308154911361,-2.40505752563477
20170308154911362,-1.53530654907227
20170308154911363,0.700106048583984
20170308154911364,-2.56527481079102
20170308154911365,-1.39797744750977
20170308154911366,0.722994232177734
20170308154911367,-2.50423965454102
20170308154911368,-1.41323623657227
20170308154911369,0.768770599365234
20170308154911370,-2.68734512329102
20170308154911371,-1.18435440063477
20170308154911372,0.845064544677734
20170308154911373,-2.90096817016602
20170308154911374,-0.985990142822266
20170308154911375,0.585665130615234
20170308154911376,-2.89333877563477
20170308154911377,-0.902066802978516
20170308154911378,0.539888763427734
20170308154911379,-2.97726211547852
20170308154911380,-0.673184967041016
20170308154911381,0.326265716552734
20170308154911382,-2.86282119750977
20170308154911383,-0.902066802978516
20170308154911384,0.478853607177734
20170308154911385,-2.98489151000977
20170308154911386,-0.627408599853516
20170308154911387,0.303377532958984
20170308154911388,-2.95437393188477
20170308154911389,-0.574002838134766
20170308154911390,0.364412689208984
20170308154911391,-2.97726211547852
20170308154911392,-0.429044342041016
20170308154911393,0.135530853271484
20170308154911394,-2.89333877563477
20170308154911395,-0.574002838134766
20170308154911396,0.303377532958984
20170308154911397,-2.96200332641602
20170308154911398,-0.551114654541016
20170308154911399,0.311006927490234
20170308154911400,-2.87045059204102
20170308154911401,-0.543485260009766
20170308154911402,0.257601165771484
20170308154911403,-2.95437393188477
20170308154911404,-0.413785552978516
20170308154911405,0.227083587646484
20170308154911406,-2.91622695922852
20170308154911407,-0.368009185791016
20170308154911408,0.127901458740234
20170308154911409,-2.90859756469727
20170308154911410,-0.368009185791016
20170308154911411,0.0439781188964844
20170308154911412,-2.92385635375977
20170308154911413,-0.169644927978516
20170308154911414,-0.154386138916016
20170308154911415,-2.86282119750977
20170308154911416,-0.192533111572266
20170308154911417,-0.223050689697266
20170308154911418,-2.90859756469727
20170308154911419,-0.192533111572266
20170308154911420,-0.177274322509766
20170308154911421,-2.88570938110352
20170308154911422,-0.337491607666016
20170308154911423,0.173677825927734
20170308154911424,-2.89333877563477
20170308154911425,-0.345121002197266
20170308154911426,-0.0780921936035156
20170308154911427,-2.85519180297852
20170308154911428,-0.0017982482910156
20170308154911429,-0.230680084228516
20170308154911430,-2.86282119750977
20170308154911431,-0.0017982482910156
20170308154911432,-0.0933509826660156
20170308154911433,-2.93148574829102
20170308154911434,-0.192533111572266
20170308154911435,-0.154386138916016
20170308154911436,-2.90096817016602
20170308154911437,-0.0857215881347656
20170308154911438,-0.238309478759766
20170308154911439,-2.80178604125977
20170308154911440,0.227083587646484
20170308154911441,-0.123868560791016
20170308154911442,-2.78652725219727
20170308154911443,0.471224212646484
20170308154911444,-0.696073150634766
20170308154911445,-2.77889785766602
20170308154911446,0.745882415771484
20170308154911447,-0.932584381103516
20170308154911448,-2.80178604125977
20170308154911449,0.471224212646484
20170308154911450,-0.574002838134766
20170308154911451,-2.79415664672852
20170308154911452,0.433077239990234
20170308154911453,-0.680814361572266
20170308154911454,-2.78652725219727
20170308154911455,0.486483001708984
20170308154911456,-0.718961334228516
20170308154911457,-2.77889785766602
20170308154911458,0.661959075927734
20170308154911459,-0.779996490478516
20170308154911460,-2.77126846313477
20170308154911461,0.700106048583984
20170308154911462,-0.741849517822266
20170308154911463,-2.76363906860352
20170308154911464,0.562776947021484
20170308154911465,-1.02413711547852
20170308154911466,-2.84756240844727
20170308154911467,0.616182708740234
20170308154911468,-0.963101959228516
20170308154911469,-2.81704483032227
20170308154911470,0.944246673583984
20170308154911471,-1.11568984985352
20170308154911472,-2.67971572875977
20170308154911473,0.875582122802734
20170308154911474,-1.29116592407227
20170308154911475,-2.67208633422852
20170308154911476,0.898470306396484
20170308154911477,-1.53530654907227
20170308154911478,-2.43557510375977
20170308154911479,0.791658782958984
20170308154911480,-1.81759414672852
20170308154911481,-2.19906387329102
20170308154911482,0.761141204833984
20170308154911483,-2.01595840454102
20170308154911484,-2.05410537719727
20170308154911485,0.738253021240234
20170308154911486,-2.26772842407227
20170308154911487,-1.80233535766602
20170308154911488,0.768770599365234
20170308154911489,-2.45846328735352
20170308154911490,-1.47427139282227
20170308154911491,0.936617279052734
20170308154911492,-2.60342178344727
20170308154911493,-1.23776016235352
20170308154911494,0.722994232177734
20170308154911495,-2.90859756469727
20170308154911496,-1.06228408813477
20170308154911497,0.593294525146484
20170308154911498,-2.98489151000977
20170308154911499,-1.00124893188477
20170308154911500,0.646700286865234
20170308154911501,-2.93911514282227
20170308154911502,-0.818143463134766
20170308154911503,0.539888763427734
20170308154911504,-2.93911514282227
20170308154911505,-0.520597076416016
20170308154911506,0.356783294677734
20170308154911507,-2.96200332641602
20170308154911508,-0.497708892822266
20170308154911509,0.166048431396484
20170308154911510,-2.94674453735352
20170308154911511,-0.421414947509766
20170308154911512,0.120272064208984
20170308154911513,-2.96200332641602
20170308154911514,-0.352750396728516
20170308154911515,0.0363487243652344
20170308154911516,-2.91622695922852
20170308154911517,-0.512967681884766
20170308154911518,0.0897544860839844
20170308154911519,-2.95437393188477
20170308154911520,-0.398526763916016
20170308154911521,0.0287193298339844
20170308154911522,-2.87045059204102
20170308154911523,-0.276456451416016
20170308154911524,-0.0704627990722656
20170308154911525,-2.80178604125977
20170308154911526,0.0668663024902344
20170308154911527,-0.238309478759766
20170308154911528,-2.85519180297852
20170308154911529,0.219454193115234
20170308154911530,-0.360379791259766
20170308154911531,-2.82467422485352
20170308154911532,0.486483001708984
20170308154911533,-0.673184967041016
20170308154911534,-2.85519180297852
20170308154911535,0.707735443115234
20170308154911536,-0.902066802978516
20170308154911537,-2.87045059204102
20170308154911538,0.822176361083984
20170308154911539,-1.10806045532227
20170308154911540,-2.74075088500977
20170308154911541,0.837435150146484
20170308154911542,-1.11568984985352
20170308154911543,-2.71786270141602
20170308154911544,0.852693939208984
20170308154911545,-1.23776016235352
20170308154911546,-2.76363906860352
20170308154911547,0.776399993896484
20170308154911548,-1.22250137329102
20170308154911549,-2.71023330688477
20170308154911550,1.01291122436523
20170308154911551,-1.32931289672852
20170308154911552,-2.61868057250977
20170308154911553,0.860323333740234
20170308154911554,-1.52004776000977
20170308154911555,-2.57290420532227
20170308154911556,0.738253021240234
20170308154911557,-1.60397109985352
20170308154911558,-2.45846328735352
20170308154911559,0.677217864990234
20170308154911560,-1.52767715454102
20170308154911561,-2.32113418579102
20170308154911562,0.829805755615234
20170308154911563,-1.76418838500977
20170308154911564,-2.13039932250977
20170308154911565,0.829805755615234
20170308154911566,-2.21432266235352
20170308154911567,-1.99307022094727
20170308154911568,0.761141204833984
20170308154911569,-2.22195205688477
20170308154911570,-1.79470596313477
20170308154911571,0.974764251708984
20170308154911572,-2.26772842407227
20170308154911573,-1.74130020141602
20170308154911574,0.677217864990234
20170308154911575,-2.24484024047852
20170308154911576,-1.70315322875977
20170308154911577,0.639070892333984
20170308154911578,-2.29824600219727
20170308154911579,-1.72604141235352
20170308154911580,0.715364837646484
20170308154911581,-2.34402236938477
20170308154911582,-1.68026504516602
20170308154911583,0.890840911865234
20170308154911584,-2.39742813110352
20170308154911585,-1.62685928344727
20170308154911586,0.509371185302734
20170308154911587,-2.26772842407227
20170308154911588,-1.77181777954102
20170308154911589,0.639070892333984
20170308154911590,-2.26009902954102
20170308154911591,-1.81759414672852
20170308154911592,0.677217864990234
20170308154911593,-2.13802871704102
20170308154911594,-1.99307022094727
20170308154911595,0.738253021240234
20170308154911596,-2.17617568969727
20170308154911597,-1.85574111938477
20170308154911598,0.730623626708984
20170308154911599,-2.34402236938477
20170308154911600,-1.68026504516602
20170308154911601,0.745882415771484
20170308154911602,-2.45846328735352
20170308154911603,-1.60397109985352
20170308154911604,0.646700286865234
20170308154911605,-2.33639297485352
20170308154911606,-1.54293594360352
20170308154911607,0.738253021240234
20170308154911608,-2.48898086547852
20170308154911609,-1.52004776000977
20170308154911610,0.707735443115234
20170308154911611,-2.49661026000977
20170308154911612,-1.48190078735352
20170308154911613,0.608553314208984
20170308154911614,-2.40505752563477
20170308154911615,-1.53530654907227
20170308154911616,0.661959075927734
20170308154911617,-2.40505752563477
20170308154911618,-1.68789443969727
20170308154911619,0.761141204833984
20170308154911620,-2.69497451782227
20170308154911621,-1.47427139282227
20170308154911622,0.845064544677734
20170308154911623,-2.47372207641602
20170308154911624,-1.44375381469727
20170308154911625,0.654329681396484
20170308154911626,-2.71786270141602
20170308154911627,-1.27590713500977
20170308154911628,0.562776947021484
20170308154911629,-2.85519180297852
20170308154911630,-1.19198379516602
20170308154911631,0.661959075927734
20170308154911632,-2.96963272094727
20170308154911633,-1.06991348266602
20170308154911634,0.478853607177734
20170308154911635,-2.91622695922852
20170308154911636,-0.955472564697266
20170308154911637,0.547518157958984
20170308154911638,-2.94674453735352
20170308154911639,-0.940213775634766
20170308154911640,0.417818450927734
20170308154911641,-2.95437393188477
20170308154911642,-0.718961334228516
20170308154911643,0.333895111083984
20170308154911644,-2.89333877563477
20170308154911645,-0.650296783447266
20170308154911646,0.410189056396484
20170308154911647,-2.98489151000977
20170308154911648,-0.619779205322266
20170308154911649,0.295748138427734
20170308154911650,-2.89333877563477
20170308154911651,-0.413785552978516
20170308154911652,0.112642669677734
20170308154911653,-2.86282119750977
20170308154911654,-0.436673736572266
20170308154911655,0.0363487243652344
20170308154911656,-2.93148574829102
20170308154911657,-0.314603424072266
20170308154911658,-0.123868560791016
20170308154911659,-2.96200332641602
20170308154911660,-0.261197662353516
20170308154911661,-0.0857215881347656
20170308154911662,-2.96200332641602
20170308154911663,-0.0780921936035156
20170308154911664,-0.299344635009766
20170308154911665,-2.88570938110352
20170308154911666,0.227083587646484
20170308154911667,-0.589261627197266
20170308154911668,-2.93911514282227
20170308154911669,0.692476654052734
20170308154911670,-1.00887832641602
20170308154911671,-2.80178604125977
20170308154911672,0.738253021240234
20170308154911673,-1.03939590454102
20170308154911674,-2.78652725219727
20170308154911675,0.852693939208984
20170308154911676,-1.22250137329102
20170308154911677,-2.67208633422852
20170308154911678,0.959505462646484
20170308154911679,-1.34457168579102
20170308154911680,-2.53475723266602
20170308154911681,0.791658782958984
20170308154911682,-1.47427139282227
20170308154911683,-2.51949844360352
20170308154911684,0.715364837646484
20170308154911685,-1.47427139282227
20170308154911686,-2.58053359985352
20170308154911687,0.822176361083984
20170308154911688,-1.42849502563477
20170308154911689,-2.54238662719727
20170308154911690,0.806917572021484
20170308154911691,-1.38271865844727
20170308154911692,-2.49661026000977
20170308154911693,0.730623626708984
20170308154911694,-1.39797744750977
20170308154911695,-2.52712783813477
20170308154911696,0.806917572021484
20170308154911697,-1.45138320922852
20170308154911698,-2.45083389282227
20170308154911699,0.784029388427734
20170308154911700,-1.70315322875977
20170308154911701,-2.27535781860352
20170308154911702,0.715364837646484
20170308154911703,-1.89388809204102
20170308154911704,-2.22195205688477
20170308154911705,0.700106048583984
20170308154911706,-1.85574111938477
20170308154911707,-2.09225234985352
20170308154911708,0.883211517333984
20170308154911709,-2.15328750610352
20170308154911710,-1.81759414672852
20170308154911711,0.661959075927734
20170308154911712,-2.15328750610352
20170308154911713,-2.00069961547852
20170308154911714,0.585665130615234
20170308154911715,-1.88625869750977
20170308154911716,-1.93966445922852
20170308154911717,0.883211517333984
20170308154911718,-2.09225234985352
20170308154911719,-1.82522354125977
20170308154911720,0.700106048583984
20170308154911721,-2.20669326782227
20170308154911722,-1.80996475219727
20170308154911723,0.921358489990234
20170308154911724,-2.23721084594727
20170308154911725,-1.77944717407227
20170308154911726,0.738253021240234
20170308154911727,-2.19143447875977
20170308154911728,-1.98544082641602
20170308154911729,0.669588470458984
20170308154911730,-2.09225234985352
20170308154911731,-2.06173477172852
20170308154911732,0.654329681396484
20170308154911733,-2.05410537719727
20170308154911734,-2.01595840454102
20170308154911735,0.745882415771484
20170308154911736,-2.15328750610352
20170308154911737,-2.00832901000977
20170308154911738,0.936617279052734
20170308154911739,-2.06936416625977
20170308154911740,-1.86337051391602
20170308154911741,0.562776947021484
20170308154911742,-2.10751113891602
20170308154911743,-1.90914688110352
20170308154911744,0.768770599365234
20170308154911745,-2.32113418579102
20170308154911746,-1.64211807250977
20170308154911747,0.867952728271484
20170308154911748,-2.42031631469727
20170308154911749,-1.55819473266602
20170308154911750,0.715364837646484
20170308154911751,-2.57290420532227
20170308154911752,-1.51241836547852
20170308154911753,0.661959075927734
20170308154911754,-2.70260391235352
20170308154911755,-1.34457168579102
20170308154911756,0.600923919677734
20170308154911757,-2.55001602172852
20170308154911758,-1.48190078735352
20170308154911759,0.684847259521484
20170308154911760,-2.73312149047852
20170308154911761,-1.27590713500977
20170308154911762,0.562776947021484
20170308154911763,-2.99252090454102
20170308154911764,-0.940213775634766
20170308154911765,0.425447845458984
20170308154911766,-2.93911514282227
20170308154911767,-1.01650772094727
20170308154911768,0.394930267333984
20170308154911769,-2.98489151000977
20170308154911770,-0.909696197509766
20170308154911771,0.417818450927734
20170308154911772,-2.87045059204102
20170308154911773,-1.02413711547852
20170308154911774,0.440706634521484
20170308154911775,-2.90096817016602
20170308154911776,-1.11568984985352
20170308154911777,0.448336029052734
20170308154911778,-2.77889785766602
20170308154911779,-1.13094863891602
20170308154911780,0.616182708740234
20170308154911781,-2.82467422485352
20170308154911782,-1.23013076782227
20170308154911783,0.425447845458984
20170308154911784,-2.83230361938477
20170308154911785,-1.16909561157227
20170308154911786,0.715364837646484
20170308154911787,-2.92385635375977
20170308154911788,-1.01650772094727
20170308154911789,0.455965423583984
20170308154911790,-2.95437393188477
20170308154911791,-0.749478912353516
20170308154911792,0.364412689208984
20170308154911793,-2.93911514282227
20170308154911794,-0.589261627197266
20170308154911795,0.280489349365234
20170308154911796,-2.99252090454102
20170308154911797,-0.467191314697266
20170308154911798,0.0744956970214844
20170308154911799,-3.00777969360352
20170308154911800,-0.306974029541016
20170308154911801,-0.100980377197266
20170308154911802,-3.00777969360352
20170308154911803,0.0744956970214844
20170308154911804,-0.337491607666016
20170308154911805,-2.92385635375977
20170308154911806,-0.108609771728516
20170308154911807,-0.284085845947266
20170308154911808,-2.87807998657227
20170308154911809,0.242342376708984
20170308154911810,-0.383267974853516
20170308154911811,-2.85519180297852
20170308154911812,0.188936614990234
20170308154911813,-0.543485260009766
20170308154911814,-2.81704483032227
20170308154911815,0.532259368896484
20170308154911816,-0.787625885009766
20170308154911817,-2.83230361938477
20170308154911818,0.806917572021484
20170308154911819,-0.970731353759766
20170308154911820,-2.83230361938477
20170308154911821,0.928987884521484
20170308154911822,-1.20724258422852
20170308154911823,-2.66445693969727
20170308154911824,0.860323333740234
20170308154911825,-1.35983047485352
20170308154911826,-2.64156875610352
20170308154911827,0.867952728271484
20170308154911828,-1.47427139282227
20170308154911829,-2.49661026000977
20170308154911830,0.661959075927734
20170308154911831,-1.70315322875977
20170308154911832,-2.22195205688477
20170308154911833,0.715364837646484
20170308154911834,-1.75655899047852
20170308154911835,-2.35928115844727
20170308154911836,0.738253021240234
20170308154911837,-1.87099990844727
20170308154911838,-2.25246963500977
20170308154911839,0.745882415771484
20170308154911840,-2.12276992797852
20170308154911841,-1.97018203735352
20170308154911842,0.784029388427734
20170308154911843,-2.36691055297852
20170308154911844,-1.61160049438477
20170308154911845,0.761141204833984
20170308154911846,-2.77889785766602
20170308154911847,-1.39034805297852
20170308154911848,0.608553314208984
20170308154911849,-2.74075088500977
20170308154911850,-1.28353652954102
20170308154911851,0.539888763427734
20170308154911852,-2.75600967407227
20170308154911853,-1.26064834594727
20170308154911854,0.532259368896484
20170308154911855,-2.74838027954102
20170308154911856,-1.31405410766602
20170308154911857,0.608553314208984
20170308154911858,-2.86282119750977
20170308154911859,-1.15383682250977
20170308154911860,0.539888763427734
20170308154911861,-2.80178604125977
20170308154911862,-1.30642471313477
20170308154911863,0.700106048583984
20170308154911864,-2.96963272094727
20170308154911865,-1.32168350219727
20170308154911866,0.501741790771484
20170308154911867,-2.76363906860352
20170308154911868,-1.27590713500977
20170308154911869,0.517000579833984
20170308154911870,-2.71786270141602
20170308154911871,-1.31405410766602
20170308154911872,0.669588470458984
20170308154911873,-2.80178604125977
20170308154911874,-1.24538955688477
20170308154911875,0.784029388427734
20170308154911876,-2.77126846313477
20170308154911877,-1.34457168579102
20170308154911878,0.555147552490234
20170308154911879,-2.88570938110352
20170308154911880,-1.22250137329102
20170308154911881,0.501741790771484
20170308154911882,-2.79415664672852
20170308154911883,-1.32931289672852
20170308154911884,0.700106048583984
20170308154911885,-2.75600967407227
20170308154911886,-1.20724258422852
20170308154911887,0.768770599365234
20170308154911888,-2.79415664672852
20170308154911889,-1.16146621704102
20170308154911890,0.784029388427734
20170308154911891,-2.71023330688477
20170308154911892,-1.27590713500977
20170308154911893,0.570406341552734
20170308154911894,-2.58816299438477
20170308154911895,-1.45138320922852
20170308154911896,0.494112396240234
20170308154911897,-2.38979873657227
20170308154911898,-1.55819473266602
20170308154911899,0.684847259521484
20170308154911900,-2.46609268188477
20170308154911901,-1.48190078735352
20170308154911902,0.562776947021484
20170308154911903,-2.50423965454102
20170308154911904,-1.49715957641602
20170308154911905,0.692476654052734
20170308154911906,-2.74075088500977
20170308154911907,-1.42086563110352
20170308154911908,0.539888763427734
20170308154911909,-2.49661026000977
20170308154911910,-1.35983047485352
20170308154911911,0.547518157958984
20170308154911912,-2.45846328735352
20170308154911913,-1.66500625610352
20170308154911914,0.661959075927734
20170308154911915,-2.37453994750977
20170308154911916,-1.64974746704102
20170308154911917,0.745882415771484
20170308154911918,-2.35928115844727
20170308154911919,-1.70315322875977
20170308154911920,0.654329681396484
20170308154911921,-2.57290420532227
20170308154911922,-1.55819473266602
20170308154911923,0.593294525146484
20170308154911924,-2.44320449829102
20170308154911925,-1.65737686157227
20170308154911926,0.867952728271484
20170308154911927,-2.39742813110352
20170308154911928,-1.59634170532227
20170308154911929,0.852693939208984
20170308154911930,-2.35165176391602
20170308154911931,-1.59634170532227
20170308154911932,0.692476654052734
20170308154911933,-2.52712783813477
20170308154911934,-1.58108291625977
20170308154911935,0.776399993896484
20170308154911936,-2.42794570922852
20170308154911937,-1.51241836547852
20170308154911938,0.684847259521484
20170308154911939,-2.56527481079102
20170308154911940,-1.48953018188477
20170308154911941,0.631441497802734
20170308154911942,-2.46609268188477
20170308154911943,-1.49715957641602
20170308154911944,0.753511810302734
20170308154911945,-2.71023330688477
20170308154911946,-1.43612442016602
20170308154911947,0.631441497802734
20170308154911948,-2.79415664672852
20170308154911949,-1.33694229125977
20170308154911950,0.455965423583984
20170308154911951,-2.83230361938477
20170308154911952,-1.17672500610352
20170308154911953,0.532259368896484
20170308154911954,-3.02303848266602
20170308154911955,-0.787625885009766
20170308154911956,0.364412689208984
20170308154911957,-2.92385635375977
20170308154911958,-0.833402252197266
20170308154911959,0.372042083740234
20170308154911960,-2.92385635375977
20170308154911961,-0.711331939697266
20170308154911962,0.372042083740234
20170308154911963,-3.05355606079102
20170308154911964,-0.459561920166016
20170308154911965,0.112642669677734
20170308154911966,-2.96200332641602
20170308154911967,-0.131497955322266
20170308154911968,-0.253568267822266
20170308154911969,-2.95437393188477
20170308154911970,-0.123868560791016
20170308154911971,-0.200162506103516
20170308154911972,-2.94674453735352
20170308154911973,0.0668663024902344
20170308154911974,-0.444303131103516
20170308154911975,-2.90859756469727
20170308154911976,0.227083587646484
20170308154911977,-0.329862213134766
20170308154911978,-2.83230361938477
20170308154911979,0.288118743896484
20170308154911980,-0.474820709228516
20170308154911981,-2.83993301391602
20170308154911982,0.471224212646484
20170308154911983,-0.749478912353516
20170308154911984,-2.82467422485352
20170308154911985,0.593294525146484
20170308154911986,-0.924954986572266
20170308154911987,-2.87807998657227
20170308154911988,0.753511810302734
20170308154911989,-0.955472564697266
20170308154911990,-2.74075088500977
20170308154911991,0.791658782958984
20170308154911992,-1.15383682250977
20170308154911993,-2.66445693969727
20170308154911994,1.02817001342773
20170308154911995,-1.47427139282227
20170308154911996,-2.55001602172852
20170308154911997,0.646700286865234
20170308154911998,-1.53530654907227
20170308154911999,-2.42794570922852
20170308154912000,0.883211517333984
20170308154912001,-1.90914688110352
20170308154912002,-2.17617568969727
20170308154912003,0.776399993896484
20170308154912004,-2.09988174438477
20170308154912005,-1.96255264282227
20170308154912006,0.738253021240234
20170308154912007,-2.26009902954102
20170308154912008,-1.83285293579102
20170308154912009,0.890840911865234
20170308154912010,-2.21432266235352
20170308154912011,-1.80996475219727
20170308154912012,0.730623626708984
20170308154912013,-2.29824600219727
20170308154912014,-1.72604141235352
20170308154912015,0.753511810302734
20170308154912016,-2.37453994750977
20170308154912017,-1.68026504516602
20170308154912018,0.661959075927734
20170308154912019,-2.55764541625977
20170308154912020,-1.46664199829102
20170308154912021,0.822176361083984
20170308154912022,-2.58816299438477
20170308154912023,-1.42849502563477
20170308154912024,0.524629974365234
20170308154912025,-2.51186904907227
20170308154912026,-1.35220108032227
20170308154912027,0.677217864990234
20170308154912028,-2.51186904907227
20170308154912029,-1.43612442016602
20170308154912030,0.608553314208984
20170308154912031,-2.57290420532227
20170308154912032,-1.41323623657227
20170308154912033,0.600923919677734
20170308154912034,-2.74075088500977
20170308154912035,-1.45901260375977
20170308154912036,0.547518157958984
20170308154912037,-2.62630996704102
20170308154912038,-1.37508926391602
20170308154912039,0.532259368896484
20170308154912040,-2.71023330688477
20170308154912041,-1.34457168579102
20170308154912042,0.570406341552734
20170308154912043,-2.79415664672852
20170308154912044,-1.28353652954102
20170308154912045,0.578035736083984
20170308154912046,-2.96963272094727
20170308154912047,-1.03939590454102
20170308154912048,0.478853607177734
20170308154912049,-2.96200332641602
20170308154912050,-1.06228408813477
20170308154912051,0.379671478271484
20170308154912052,-2.97726211547852
20170308154912053,-1.07754287719727
20170308154912054,0.425447845458984
20170308154912055,-3.00015029907227
20170308154912056,-0.985990142822266
20170308154912057,0.387300872802734
20170308154912058,-2.94674453735352
20170308154912059,-0.909696197509766
20170308154912060,0.379671478271484
20170308154912061,-2.96963272094727
20170308154912062,-0.871549224853516
20170308154912063,0.402559661865234
20170308154912064,-3.04592666625977
20170308154912065,-0.657926177978516
20170308154912066,0.234712982177734
20170308154912067,-3.02303848266602
20170308154912068,-0.490079498291016
20170308154912069,0.333895111083984
20170308154912070,-2.87807998657227
20170308154912071,-0.734220123291016
20170308154912072,0.303377532958984
20170308154912073,-2.93911514282227
20170308154912074,-0.741849517822266
20170308154912075,0.486483001708984
20170308154912076,-2.90096817016602
20170308154912077,-0.825772857666016
20170308154912078,0.341524505615234
20170308154912079,-3.00015029907227
20170308154912080,-0.795255279541016
20170308154912081,0.318636322021484
20170308154912082,-2.90859756469727
20170308154912083,-0.718961334228516
20170308154912084,0.318636322021484
20170308154912085,-3.03066787719727
20170308154912086,-0.818143463134766
20170308154912087,0.349153900146484
20170308154912088,-3.00777969360352
20170308154912089,-0.741849517822266
20170308154912090,0.524629974365234
20170308154912091,-2.94674453735352
20170308154912092,-0.757108306884766
20170308154912093,0.372042083740234
20170308154912094,-3.00777969360352
20170308154912095,-0.757108306884766
20170308154912096,0.448336029052734
20170308154912097,-2.94674453735352
20170308154912098,-0.825772857666016
20170308154912099,0.372042083740234
20170308154912100,-2.96963272094727
20170308154912101,-0.818143463134766
20170308154912102,0.387300872802734
20170308154912103,-2.92385635375977
20170308154912104,-0.749478912353516
20170308154912105,0.326265716552734
20170308154912106,-2.96200332641602
20170308154912107,-0.673184967041016
20170308154912108,0.394930267333984
20170308154912109,-2.94674453735352
20170308154912110,-0.589261627197266
20170308154912111,0.486483001708984
20170308154912112,-2.88570938110352
20170308154912113,-0.436673736572266
20170308154912114,0.349153900146484
20170308154912115,-2.90096817016602
20170308154912116,-0.444303131103516
20170308154912117,0.143160247802734
20170308154912118,-2.96200332641602
20170308154912119,-0.505338287353516
20170308154912120,0.173677825927734
20170308154912121,-3.05355606079102
20170308154912122,-0.276456451416016
20170308154912123,-0.0323158264160156
20170308154912124,-2.93911514282227
20170308154912125,-0.268827056884766
20170308154912126,-0.100980377197266
20170308154912127,-3.00777969360352
20170308154912128,-0.322232818603516
20170308154912129,-0.108609771728516
20170308154912130,-3.00777969360352
20170308154912131,-0.123868560791016
20170308154912132,-0.131497955322266
20170308154912133,-2.94674453735352
20170308154912134,-0.0475746154785156
20170308154912135,-0.284085845947266
20170308154912136,-2.88570938110352
20170308154912137,0.0897544860839844
20170308154912138,-0.390897369384766
20170308154912139,-2.88570938110352
20170308154912140,0.288118743896484
20170308154912141,-0.551114654541016
20170308154912142,-2.80178604125977
20170308154912143,0.654329681396484
20170308154912144,-0.848661041259766
20170308154912145,-2.82467422485352
20170308154912146,0.837435150146484
20170308154912147,-1.08517227172852
20170308154912148,-2.70260391235352
20170308154912149,0.959505462646484
20170308154912150,-1.45138320922852
20170308154912151,-2.49661026000977
20170308154912152,0.852693939208984
20170308154912153,-1.78707656860352
20170308154912154,-2.22958145141602
20170308154912155,0.761141204833984
20170308154912156,-2.00069961547852
20170308154912157,-1.93203506469727
20170308154912158,0.761141204833984
20170308154912159,-2.19143447875977
20170308154912160,-1.77944717407227
20170308154912161,0.730623626708984
20170308154912162,-2.28298721313477
20170308154912163,-1.70315322875977
20170308154912164,0.684847259521484
20170308154912165,-2.49661026000977
20170308154912166,-1.55056533813477
20170308154912167,0.616182708740234
20170308154912168,-2.48898086547852
20170308154912169,-1.33694229125977
20170308154912170,0.661959075927734
20170308154912171,-2.79415664672852
20170308154912172,-1.16909561157227
20170308154912173,0.524629974365234
20170308154912174,-2.93148574829102
20170308154912175,-0.985990142822266
20170308154912176,0.562776947021484
20170308154912177,-3.00015029907227
20170308154912178,-0.985990142822266
20170308154912179,0.539888763427734
20170308154912180,-2.91622695922852
20170308154912181,-1.00124893188477
20170308154912182,0.333895111083984
20170308154912183,-2.95437393188477
20170308154912184,-0.894437408447266
20170308154912185,0.387300872802734
20170308154912186,-2.94674453735352
20170308154912187,-0.673184967041016
20170308154912188,0.387300872802734
20170308154912189,-3.00015029907227
20170308154912190,-0.596891021728516
20170308154912191,0.303377532958984
20170308154912192,-2.97726211547852
20170308154912193,-0.688443756103516
20170308154912194,0.143160247802734
20170308154912195,-2.96963272094727
20170308154912196,-0.863919830322266
20170308154912197,0.295748138427734
20170308154912198,-2.96963272094727
20170308154912199,-0.879178619384766
20170308154912200,0.372042083740234
20170308154912201,-2.95437393188477
20170308154912202,-0.711331939697266
20170308154912203,0.478853607177734
20170308154912204,-2.95437393188477
20170308154912205,-0.482450103759766
20170308154912206,0.127901458740234
20170308154912207,-3.04592666625977
20170308154912208,-0.390897369384766
20170308154912209,0.143160247802734
20170308154912210,-3.03829727172852
20170308154912211,-0.390897369384766
20170308154912212,-0.0857215881347656
20170308154912213,-2.99252090454102
20170308154912214,-0.368009185791016
20170308154912215,-0.0323158264160156
20170308154912216,-2.96200332641602
20170308154912217,-0.322232818603516
20170308154912218,-0.131497955322266
20170308154912219,-3.09933242797852
20170308154912220,-0.436673736572266
20170308154912221,-0.0323158264160156
20170308154912222,-2.95437393188477
20170308154912223,-0.406156158447266
20170308154912224,0.204195404052734
20170308154912225,-2.83993301391602
20170308154912226,-0.543485260009766
20170308154912227,0.280489349365234
20170308154912228,-2.93148574829102
20170308154912229,-0.612149810791016
20170308154912230,0.196566009521484
20170308154912231,-2.93911514282227
20170308154912232,-0.696073150634766
20170308154912233,0.280489349365234
20170308154912234,-3.00015029907227
20170308154912235,-0.474820709228516
20170308154912236,0.0973838806152344
20170308154912237,-2.98489151000977
20170308154912238,-0.436673736572266
20170308154912239,0.0897544860839844
20170308154912240,-2.91622695922852
20170308154912241,-0.322232818603516
20170308154912242,0.0897544860839844
20170308154912243,-2.96200332641602
20170308154912244,-0.306974029541016
20170308154912245,-0.0323158264160156
20170308154912246,-2.94674453735352
20170308154912247,-0.429044342041016
20170308154912248,0.0058311462402344
20170308154912249,-2.97726211547852
20170308154912250,-0.245938873291016
20170308154912251,-0.177274322509766
20170308154912252,-2.97726211547852
20170308154912253,-0.276456451416016
20170308154912254,-0.200162506103516
20170308154912255,-2.92385635375977
20170308154912256,0.0897544860839844
20170308154912257,-0.398526763916016
20170308154912258,-2.83230361938477
20170308154912259,0.311006927490234
20170308154912260,-0.612149810791016
20170308154912261,-2.89333877563477
20170308154912262,0.562776947021484
20170308154912263,-0.810514068603516
20170308154912264,-2.83230361938477
20170308154912265,0.692476654052734
20170308154912266,-1.04702529907227
20170308154912267,-2.83230361938477
20170308154912268,0.974764251708984
20170308154912269,-1.16909561157227
20170308154912270,-2.64919815063477
20170308154912271,0.837435150146484
20170308154912272,-1.42086563110352
20170308154912273,-2.51949844360352
20170308154912274,0.814546966552734
20170308154912275,-1.66500625610352
20170308154912276,-2.48898086547852
20170308154912277,0.776399993896484
20170308154912278,-1.80996475219727
20170308154912279,-2.27535781860352
20170308154912280,0.860323333740234
20170308154912281,-1.93966445922852
20170308154912282,-2.14565811157227
20170308154912283,0.661959075927734
20170308154912284,-1.84048233032227
20170308154912285,-2.13039932250977
20170308154912286,0.707735443115234
20170308154912287,-2.00069961547852
20170308154912288,-2.16854629516602
20170308154912289,0.684847259521484
20170308154912290,-2.19906387329102
20170308154912291,-1.91677627563477
20170308154912292,0.791658782958984
20170308154912293,-2.31350479125977
20170308154912294,-1.58108291625977
20170308154912295,0.883211517333984
20170308154912296,-2.55764541625977
20170308154912297,-1.51241836547852
20170308154912298,0.692476654052734
20170308154912299,-2.48135147094727
20170308154912300,-1.61922988891602
20170308154912301,0.646700286865234
20170308154912302,-2.58816299438477
20170308154912303,-1.52767715454102
20170308154912304,0.730623626708984
20170308154912305,-2.77889785766602
20170308154912306,-1.29116592407227
20170308154912307,0.730623626708984
20170308154912308,-2.91622695922852
20170308154912309,-0.970731353759766
20170308154912310,0.608553314208984
20170308154912311,-2.96963272094727
20170308154912312,-0.764737701416016
20170308154912313,0.341524505615234
20170308154912314,-2.90096817016602
20170308154912315,-0.566373443603516
20170308154912316,0.311006927490234
20170308154912317,-2.92385635375977
20170308154912318,-0.581632232666016
20170308154912319,0.272859954833984
20170308154912320,-2.95437393188477
20170308154912321,-0.505338287353516
20170308154912322,0.0134605407714844
20170308154912323,-2.97726211547852
20170308154912324,-0.360379791259766
20170308154912325,0.0287193298339844
20170308154912326,-2.90096817016602
20170308154912327,-0.436673736572266
20170308154912328,0.249971771240234
20170308154912329,-2.95437393188477
20170308154912330,-0.795255279541016
20170308154912331,0.211824798583984
20170308154912332,-2.95437393188477
20170308154912333,-0.497708892822266
20170308154912334,0.150789642333984
20170308154912335,-3.02303848266602
20170308154912336,-0.467191314697266
20170308154912337,0.0897544860839844
20170308154912338,-2.97726211547852
20170308154912339,-0.390897369384766
20170308154912340,0.0287193298339844
20170308154912341,-3.01540908813477
20170308154912342,-0.207791900634766
20170308154912343,0.0668663024902344
20170308154912344,-2.91622695922852
20170308154912345,-0.253568267822266
20170308154912346,-0.146756744384766
20170308154912347,-2.91622695922852
20170308154912348,-0.169644927978516
20170308154912349,0.0134605407714844
20170308154912350,-2.89333877563477
20170308154912351,-0.154386138916016
20170308154912352,-0.184903717041016
20170308154912353,-2.91622695922852
20170308154912354,0.120272064208984
20170308154912355,-0.398526763916016
20170308154912356,-2.83993301391602
20170308154912357,0.311006927490234
20170308154912358,-0.642667388916016
20170308154912359,-2.82467422485352
20170308154912360,0.814546966552734
20170308154912361,-0.841031646728516
20170308154912362,-2.82467422485352
20170308154912363,0.517000579833984
20170308154912364,-0.810514068603516
20170308154912365,-2.77126846313477
20170308154912366,0.707735443115234
20170308154912367,-0.795255279541016
20170308154912368,-2.80178604125977
20170308154912369,0.631441497802734
20170308154912370,-0.917325592041016
20170308154912371,-2.83230361938477
20170308154912372,0.883211517333984
20170308154912373,-0.810514068603516
20170308154912374,-2.78652725219727
20170308154912375,0.738253021240234
20170308154912376,-1.10806045532227
20170308154912377,-2.74838027954102
20170308154912378,0.959505462646484
20170308154912379,-0.963101959228516
20170308154912380,-2.71023330688477
20170308154912381,0.921358489990234
20170308154912382,-1.42086563110352
20170308154912383,-2.59579238891602
20170308154912384,0.692476654052734
20170308154912385,-1.39034805297852
20170308154912386,-2.61105117797852
20170308154912387,0.990023040771484
20170308154912388,-1.38271865844727
20170308154912389,-2.55764541625977
20170308154912390,0.669588470458984
20170308154912391,-1.39797744750977
20170308154912392,-2.50423965454102
20170308154912393,0.791658782958984
20170308154912394,-1.68789443969727
20170308154912395,-2.29824600219727
20170308154912396,0.784029388427734
20170308154912397,-1.80233535766602
20170308154912398,-2.22958145141602
20170308154912399,0.707735443115234
20170308154912400,-1.65737686157227
20170308154912401,-2.23721084594727
20170308154912402,0.761141204833984
20170308154912403,-1.94729385375977
20170308154912404,-2.03884658813477
20170308154912405,0.791658782958984
20170308154912406,-2.18380508422852
20170308154912407,-1.86337051391602
20170308154912408,0.715364837646484
20170308154912409,-2.43557510375977
20170308154912410,-1.58871231079102
20170308154912411,0.661959075927734
20170308154912412,-2.54238662719727
20170308154912413,-1.53530654907227
20170308154912414,0.661959075927734
20170308154912415,-2.60342178344727
20170308154912416,-1.32168350219727
20170308154912417,0.623812103271484
20170308154912418,-2.86282119750977
20170308154912419,-1.32168350219727
20170308154912420,0.555147552490234
20170308154912421,-2.95437393188477
20170308154912422,-1.04702529907227
20170308154912423,0.509371185302734
20170308154912424,-2.98489151000977
20170308154912425,-0.673184967041016
20170308154912426,0.349153900146484
20170308154912427,-2.93911514282227
20170308154912428,-0.390897369384766
20170308154912429,0.242342376708984
20170308154912430,-2.97726211547852
20170308154912431,-0.429044342041016
20170308154912432,0.0897544860839844
20170308154912433,-2.93911514282227
20170308154912434,-0.406156158447266
20170308154912435,0.0973838806152344
20170308154912436,-2.92385635375977
20170308154912437,-0.383267974853516
20170308154912438,-0.146756744384766
20170308154912439,-2.96200332641602
20170308154912440,-0.207791900634766
20170308154912441,-0.162015533447266
20170308154912442,-2.90859756469727
20170308154912443,0.0592369079589844
20170308154912444,-0.261197662353516
20170308154912445,-2.90096817016602
20170308154912446,-0.207791900634766
20170308154912447,-0.215421295166016
20170308154912448,-2.90096817016602
20170308154912449,-0.0475746154785156
20170308154912450,-0.352750396728516
20170308154912451,-2.93148574829102
20170308154912452,0.120272064208984
20170308154912453,-0.383267974853516
20170308154912454,-2.90859756469727
20170308154912455,0.387300872802734
20170308154912456,-0.444303131103516
20170308154912457,-2.85519180297852
20170308154912458,0.364412689208984
20170308154912459,-0.566373443603516
20170308154912460,-2.89333877563477
20170308154912461,0.455965423583984
20170308154912462,-0.596891021728516
20170308154912463,-2.87807998657227
20170308154912464,0.501741790771484
20170308154912465,-0.871549224853516
20170308154912466,-2.84756240844727
20170308154912467,0.555147552490234
20170308154912468,-0.940213775634766
20170308154912469,-2.87045059204102
20170308154912470,0.524629974365234
20170308154912471,-0.688443756103516
20170308154912472,-2.77126846313477
20170308154912473,0.631441497802734
20170308154912474,-0.902066802978516
20170308154912475,-2.88570938110352
20170308154912476,0.677217864990234
20170308154912477,-0.955472564697266
20170308154912478,-2.88570938110352
20170308154912479,0.486483001708984
20170308154912480,-0.833402252197266
20170308154912481,-2.76363906860352
20170308154912482,0.463594818115234
20170308154912483,-0.795255279541016
20170308154912484,-2.80178604125977
20170308154912485,0.455965423583984
20170308154912486,-0.818143463134766
20170308154912487,-2.87045059204102
20170308154912488,0.524629974365234
20170308154912489,-0.802884674072266
20170308154912490,-2.80941543579102
20170308154912491,0.639070892333984
20170308154912492,-0.894437408447266
20170308154912493,-2.86282119750977
20170308154912494,0.661959075927734
20170308154912495,-0.848661041259766
20170308154912496,-2.92385635375977
20170308154912497,0.616182708740234
20170308154912498,-0.741849517822266
20170308154912499,-2.84756240844727
20170308154912500,0.600923919677734
20170308154912501,-0.802884674072266
20170308154912502,-2.87807998657227
20170308154912503,0.448336029052734
20170308154912504,-0.848661041259766
20170308154912505,-2.93911514282227
20170308154912506,0.478853607177734
20170308154912507,-0.726590728759766
20170308154912508,-2.80178604125977
20170308154912509,0.669588470458984
20170308154912510,-0.985990142822266
20170308154912511,-2.74838027954102
20170308154912512,0.997652435302734
20170308154912513,-1.03939590454102
20170308154912514,-2.71023330688477
20170308154912515,0.784029388427734
20170308154912516,-1.06228408813477
20170308154912517,-2.76363906860352
20170308154912518,1.05868759155273
20170308154912519,-1.10043106079102
20170308154912520,-2.65682754516602
20170308154912521,0.791658782958984
20170308154912522,-1.09280166625977
20170308154912523,-2.64919815063477
20170308154912524,0.768770599365234
20170308154912525,-1.24538955688477
20170308154912526,-2.61105117797852
20170308154912527,0.883211517333984
20170308154912528,-1.46664199829102
20170308154912529,-2.64919815063477
20170308154912530,0.784029388427734
20170308154912531,-1.31405410766602
20170308154912532,-2.59579238891602
20170308154912533,0.768770599365234
20170308154912534,-1.50478897094727
20170308154912535,-2.56527481079102
20170308154912536,0.722994232177734
20170308154912537,-1.60397109985352
20170308154912538,-2.40505752563477
20170308154912539,0.776399993896484
20170308154912540,-1.74892959594727
20170308154912541,-2.33639297485352
20170308154912542,0.677217864990234
20170308154912543,-1.77944717407227
20170308154912544,-2.21432266235352
20170308154912545,0.684847259521484
20170308154912546,-1.97018203735352
20170308154912547,-2.01595840454102
20170308154912548,0.745882415771484
20170308154912549,-2.19906387329102
20170308154912550,-1.97781143188477
20170308154912551,0.890840911865234
20170308154912552,-2.19906387329102
20170308154912553,-1.91677627563477
20170308154912554,0.684847259521484
20170308154912555,-2.19143447875977
20170308154912556,-1.97781143188477
20170308154912557,0.639070892333984
20170308154912558,-2.13039932250977
20170308154912559,-1.97018203735352
20170308154912560,0.822176361083984
20170308154912561,-2.25246963500977
20170308154912562,-1.53530654907227
20170308154912563,0.753511810302734
20170308154912564,-2.83993301391602
20170308154912565,-1.22250137329102
20170308154912566,0.646700286865234
20170308154912567,-2.95437393188477
20170308154912568,-0.848661041259766
20170308154912569,0.486483001708984
20170308154912570,-3.03066787719727
20170308154912571,-0.520597076416016
20170308154912572,0.265230560302734
20170308154912573,-3.02303848266602
20170308154912574,-0.398526763916016
20170308154912575,0.0897544860839844
20170308154912576,-2.91622695922852
20170308154912577,-0.192533111572266
20170308154912578,-0.162015533447266
20170308154912579,-3.00777969360352
20170308154912580,-0.360379791259766
20170308154912581,-0.0552040100097656
20170308154912582,-3.00015029907227
20170308154912583,-0.100980377197266
20170308154912584,-0.230680084228516
20170308154912585,-2.97726211547852
20170308154912586,-0.0552040100097656
20170308154912587,-0.306974029541016
20170308154912588,-2.90096817016602
20170308154912589,0.112642669677734
20170308154912590,-0.444303131103516
20170308154912591,-2.90859756469727
20170308154912592,0.448336029052734
20170308154912593,-0.657926177978516
20170308154912594,-2.83993301391602
20170308154912595,0.471224212646484
20170308154912596,-0.757108306884766
20170308154912597,-2.82467422485352
20170308154912598,0.784029388427734
20170308154912599,-0.863919830322266
20170308154912600,-2.77126846313477
20170308154912601,0.700106048583984
20170308154912602,-0.902066802978516
20170308154912603,-2.71786270141602
20170308154912604,0.639070892333984
20170308154912605,-1.01650772094727
20170308154912606,-2.77889785766602
20170308154912607,0.814546966552734
20170308154912608,-1.06228408813477
20170308154912609,-2.77126846313477
20170308154912610,0.768770599365234
20170308154912611,-1.14620742797852
20170308154912612,-2.83230361938477
20170308154912613,0.700106048583984
20170308154912614,-1.05465469360352
20170308154912615,-2.72549209594727
20170308154912616,0.684847259521484
20170308154912617,-1.00887832641602
20170308154912618,-2.77126846313477
20170308154912619,0.906099700927734
20170308154912620,-1.03176651000977
20170308154912621,-2.70260391235352
20170308154912622,0.722994232177734
20170308154912623,-1.21487197875977
20170308154912624,-2.62630996704102
20170308154912625,0.806917572021484
20170308154912626,-1.56582412719727
20170308154912627,-2.55001602172852
20170308154912628,0.692476654052734
20170308154912629,-1.64974746704102
20170308154912630,-2.47372207641602
20170308154912631,0.761141204833984
20170308154912632,-1.29879531860352
20170308154912633,-2.56527481079102
20170308154912634,0.852693939208984
20170308154912635,-1.42849502563477
20170308154912636,-2.49661026000977
20170308154912637,0.799288177490234
20170308154912638,-1.31405410766602
20170308154912639,-2.48135147094727
20170308154912640,0.700106048583984
20170308154912641,-1.23776016235352
20170308154912642,-2.61105117797852
20170308154912643,0.745882415771484
20170308154912644,-1.19198379516602
20170308154912645,-2.58816299438477
20170308154912646,0.761141204833984
20170308154912647,-1.28353652954102
20170308154912648,-2.57290420532227
20170308154912649,0.738253021240234
20170308154912650,-1.23013076782227
20170308154912651,-2.64919815063477
20170308154912652,0.860323333740234
20170308154912653,-1.25301895141602
20170308154912654,-2.58053359985352
20170308154912655,0.753511810302734
20170308154912656,-1.48190078735352
20170308154912657,-2.48898086547852
20170308154912658,0.806917572021484
20170308154912659,-1.53530654907227
20170308154912660,-2.43557510375977
20170308154912661,0.616182708740234
20170308154912662,-1.63448867797852
20170308154912663,-2.26772842407227
20170308154912664,0.799288177490234
20170308154912665,-1.65737686157227
20170308154912666,-2.32113418579102
20170308154912667,0.753511810302734
20170308154912668,-1.84811172485352
20170308154912669,-2.22195205688477
20170308154912670,0.837435150146484
20170308154912671,-1.87862930297852
20170308154912672,-2.13802871704102
20170308154912673,0.867952728271484
20170308154912674,-2.22195205688477
20170308154912675,-1.97018203735352
20170308154912676,0.852693939208984
20170308154912677,-2.16854629516602
20170308154912678,-1.95492324829102
20170308154912679,0.669588470458984
20170308154912680,-2.22958145141602
20170308154912681,-1.81759414672852
20170308154912682,0.860323333740234
20170308154912683,-2.20669326782227
20170308154912684,-1.90914688110352
20170308154912685,0.608553314208984
20170308154912686,-2.08462295532227
20170308154912687,-1.84048233032227
20170308154912688,0.646700286865234
20170308154912689,-2.23721084594727
20170308154912690,-1.90914688110352
20170308154912691,0.784029388427734
20170308154912692,-2.30587539672852
20170308154912693,-1.56582412719727
20170308154912694,0.784029388427734
20170308154912695,-2.64919815063477
20170308154912696,-1.38271865844727
20170308154912697,0.639070892333984
20170308154912698,-2.80941543579102
20170308154912699,-1.07754287719727
20170308154912700,0.570406341552734
20170308154912701,-3.04592666625977
20170308154912702,-0.772367095947266
20170308154912703,0.562776947021484
20170308154912704,-2.94674453735352
20170308154912705,-0.688443756103516
20170308154912706,0.410189056396484
20170308154912707,-2.90859756469727
20170308154912708,-0.467191314697266
20170308154912709,0.0744956970214844
20170308154912710,-2.93148574829102
20170308154912711,-0.390897369384766
20170308154912712,0.166048431396484
20170308154912713,-2.93911514282227
20170308154912714,-0.284085845947266
20170308154912715,0.0439781188964844
20170308154912716,-2.93911514282227
20170308154912717,0.0058311462402344
20170308154912718,-0.352750396728516
20170308154912719,-2.81704483032227
20170308154912720,0.257601165771484
20170308154912721,-0.421414947509766
20170308154912722,-2.80178604125977
20170308154912723,0.326265716552734
20170308154912724,-0.558744049072266
20170308154912725,-2.79415664672852
20170308154912726,0.722994232177734
20170308154912727,-0.833402252197266
20170308154912728,-2.87045059204102
20170308154912729,0.875582122802734
20170308154912730,-1.16146621704102
20170308154912731,-2.77126846313477
20170308154912732,0.822176361083984
20170308154912733,-1.01650772094727
20170308154912734,-2.75600967407227
20170308154912735,0.921358489990234
20170308154912736,-1.26064834594727
20170308154912737,-2.64919815063477
20170308154912738,0.822176361083984
20170308154912739,-1.48953018188477
20170308154912740,-2.38979873657227
20170308154912741,0.829805755615234
20170308154912742,-1.66500625610352
20170308154912743,-2.15328750610352
20170308154912744,0.944246673583984
20170308154912745,-2.13802871704102
20170308154912746,-1.93966445922852
20170308154912747,0.707735443115234
20170308154912748,-2.07699356079102
20170308154912749,-1.96255264282227
20170308154912750,0.722994232177734
20170308154912751,-2.19143447875977
20170308154912752,-2.16091690063477
20170308154912753,0.791658782958984
20170308154912754,-2.16091690063477
20170308154912755,-1.97781143188477
20170308154912756,0.722994232177734
20170308154912757,-2.22958145141602
20170308154912758,-1.90151748657227
20170308154912759,0.700106048583984
20170308154912760,-2.18380508422852
20170308154912761,-1.80996475219727
20170308154912762,0.646700286865234
20170308154912763,-2.25246963500977
20170308154912764,-1.99307022094727
20170308154912765,0.860323333740234
20170308154912766,-2.22195205688477
20170308154912767,-1.90151748657227
20170308154912768,0.822176361083984
20170308154912769,-2.14565811157227
20170308154912770,-1.87862930297852
20170308154912771,0.700106048583984
20170308154912772,-2.14565811157227
20170308154912773,-1.89388809204102
20170308154912774,0.883211517333984
20170308154912775,-2.16091690063477
20170308154912776,-1.92440567016602
20170308154912777,0.646700286865234
20170308154912778,-2.04647598266602
20170308154912779,-2.03121719360352
20170308154912780,0.608553314208984
20170308154912781,-1.97018203735352
20170308154912782,-2.01595840454102
20170308154912783,0.715364837646484
20170308154912784,-2.17617568969727
20170308154912785,-2.13802871704102
20170308154912786,0.593294525146484
20170308154912787,-2.13802871704102
20170308154912788,-1.97781143188477
20170308154912789,0.608553314208984
20170308154912790,-2.02358779907227
20170308154912791,-1.87099990844727
20170308154912792,0.784029388427734
20170308154912793,-2.31350479125977
20170308154912794,-1.74130020141602
20170308154912795,0.600923919677734
20170308154912796,-2.40505752563477
20170308154912797,-1.70315322875977
20170308154912798,0.646700286865234
20170308154912799,-2.26009902954102
20170308154912800,-1.86337051391602
20170308154912801,0.745882415771484
20170308154912802,-2.34402236938477
20170308154912803,-1.58108291625977
20170308154912804,0.616182708740234
20170308154912805,-2.43557510375977
20170308154912806,-1.53530654907227
20170308154912807,0.639070892333984
20170308154912808,-2.51186904907227
20170308154912809,-1.35983047485352
20170308154912810,0.623812103271484
20170308154912811,-2.71786270141602
20170308154912812,-1.33694229125977
20170308154912813,0.661959075927734
20170308154912814,-2.88570938110352
20170308154912815,-1.06228408813477
20170308154912816,0.578035736083984
20170308154912817,-2.92385635375977
20170308154912818,-0.902066802978516
20170308154912819,0.501741790771484
20170308154912820,-3.00777969360352
20170308154912821,-0.657926177978516
20170308154912822,0.509371185302734
20170308154912823,-2.90859756469727
20170308154912824,-0.696073150634766
20170308154912825,0.303377532958984
20170308154912826,-2.94674453735352
20170308154912827,-0.657926177978516
20170308154912828,0.288118743896484
20170308154912829,-2.90859756469727
20170308154912830,-0.612149810791016
20170308154912831,0.410189056396484
20170308154912832,-2.93911514282227
20170308154912833,-0.635037994384766
20170308154912834,0.227083587646484
20170308154912835,-3.00015029907227
20170308154912836,-0.635037994384766
20170308154912837,0.288118743896484
20170308154912838,-2.93148574829102
20170308154912839,-0.459561920166016
20170308154912840,0.120272064208984
20170308154912841,-3.00777969360352
20170308154912842,-0.268827056884766
20170308154912843,-0.0246864318847656
20170308154912844,-2.87045059204102
20170308154912845,-0.207791900634766
20170308154912846,-0.230680084228516
20170308154912847,-2.87045059204102
20170308154912848,0.0058311462402344
20170308154912849,-0.200162506103516
20170308154912850,-2.87045059204102
20170308154912851,0.127901458740234
20170308154912852,-0.329862213134766
20170308154912853,-2.81704483032227
20170308154912854,0.318636322021484
20170308154912855,-0.551114654541016
20170308154912856,-2.77126846313477
20170308154912857,0.417818450927734
20170308154912858,-0.612149810791016
20170308154912859,-2.78652725219727
20170308154912860,0.532259368896484
20170308154912861,-0.787625885009766
20170308154912862,-2.80941543579102
20170308154912863,0.547518157958984
20170308154912864,-0.764737701416016
20170308154912865,-2.80941543579102
20170308154912866,0.845064544677734
20170308154912867,-1.04702529907227
20170308154912868,-2.75600967407227
20170308154912869,0.967134857177734
20170308154912870,-1.29116592407227
20170308154912871,-2.58816299438477
20170308154912872,0.677217864990234
20170308154912873,-1.45901260375977
20170308154912874,-2.51949844360352
20170308154912875,0.837435150146484
20170308154912876,-1.48953018188477
20170308154912877,-2.38979873657227
20170308154912878,0.761141204833984
20170308154912879,-1.64974746704102
20170308154912880,-2.43557510375977
20170308154912881,0.776399993896484
20170308154912882,-1.67263565063477
20170308154912883,-2.34402236938477
20170308154912884,0.730623626708984
20170308154912885,-1.80996475219727
20170308154912886,-2.13039932250977
20170308154912887,0.753511810302734
20170308154912888,-2.03884658813477
20170308154912889,-2.06173477172852
20170308154912890,0.730623626708984
20170308154912891,-2.16854629516602
20170308154912892,-1.93203506469727
20170308154912893,0.806917572021484
20170308154912894,-2.23721084594727
20170308154912895,-1.71841201782227
20170308154912896,0.715364837646484
20170308154912897,-2.36691055297852
20170308154912898,-1.65737686157227
20170308154912899,0.898470306396484
20170308154912900,-2.54238662719727
20170308154912901,-1.42086563110352
20170308154912902,0.860323333740234
20170308154912903,-2.49661026000977
20170308154912904,-1.42849502563477
20170308154912905,0.661959075927734
20170308154912906,-2.45846328735352
20170308154912907,-1.41323623657227
20170308154912908,0.791658782958984
20170308154912909,-2.52712783813477
20170308154912910,-1.41323623657227
20170308154912911,0.616182708740234
20170308154912912,-2.56527481079102
20170308154912913,-1.49715957641602
20170308154912914,0.661959075927734
20170308154912915,-2.69497451782227
20170308154912916,-1.20724258422852
20170308154912917,0.631441497802734
20170308154912918,-2.88570938110352
20170308154912919,-1.23776016235352
20170308154912920,0.593294525146484
20170308154912921,-2.67971572875977
20170308154912922,-1.19961318969727
20170308154912923,0.860323333740234
20170308154912924,-2.80178604125977
20170308154912925,-1.19961318969727
20170308154912926,0.623812103271484
20170308154912927,-2.70260391235352
20170308154912928,-1.23013076782227
20170308154912929,0.677217864990234
20170308154912930,-2.92385635375977
20170308154912931,-1.08517227172852
20170308154912932,0.692476654052734
20170308154912933,-2.83993301391602
20170308154912934,-1.15383682250977
20170308154912935,0.539888763427734
20170308154912936,-2.80941543579102
20170308154912937,-1.11568984985352
20170308154912938,0.623812103271484
20170308154912939,-2.77889785766602
20170308154912940,-1.11568984985352
20170308154912941,0.570406341552734
20170308154912942,-2.87807998657227
20170308154912943,-1.15383682250977
20170308154912944,0.494112396240234
20170308154912945,-2.97726211547852
20170308154912946,-1.01650772094727
20170308154912947,0.517000579833984
20170308154912948,-2.94674453735352
20170308154912949,-0.863919830322266
20170308154912950,0.524629974365234
20170308154912951,-3.00777969360352
20170308154912952,-0.627408599853516
20170308154912953,0.372042083740234
20170308154912954,-2.96200332641602
20170308154912955,-0.612149810791016
20170308154912956,0.295748138427734
20170308154912957,-2.89333877563477
20170308154912958,-0.650296783447266
20170308154912959,0.394930267333984
20170308154912960,-2.95437393188477
20170308154912961,-0.520597076416016
20170308154912962,0.227083587646484
20170308154912963,-2.90096817016602
20170308154912964,-0.444303131103516
20170308154912965,0.0592369079589844
20170308154912966,-2.96200332641602
20170308154912967,-0.245938873291016
20170308154912968,-0.154386138916016
20170308154912969,-2.87807998657227
20170308154912970,0.0363487243652344
20170308154912971,-0.223050689697266
20170308154912972,-2.90096817016602
20170308154912973,-0.146756744384766
20170308154912974,-0.0170570373535156
20170308154912975,-2.89333877563477
20170308154912976,-0.268827056884766
20170308154912977,0.0439781188964844
20170308154912978,-2.90096817016602
20170308154912979,-0.230680084228516
20170308154912980,-0.116239166259766
20170308154912981,-2.97726211547852
20170308154912982,-0.238309478759766
20170308154912983,-0.123868560791016
20170308154912984,-2.93911514282227
20170308154912985,0.0134605407714844
20170308154912986,-0.322232818603516
20170308154912987,-2.77889785766602
20170308154912988,0.0592369079589844
20170308154912989,-0.390897369384766
20170308154912990,-2.89333877563477
20170308154912991,0.0592369079589844
20170308154912992,-0.337491607666016
20170308154912993,-2.81704483032227
20170308154912994,0.311006927490234
20170308154912995,-0.512967681884766
20170308154912996,-2.81704483032227
20170308154912997,0.295748138427734
20170308154912998,-0.490079498291016
20170308154912999,-2.78652725219727
20170308154913000,0.288118743896484
20170308154913001,-0.261197662353516
20170308154913002,-2.84756240844727
20170308154913003,0.0516075134277344
20170308154913004,-0.253568267822266
20170308154913005,-2.83993301391602
20170308154913006,0.326265716552734
20170308154913007,-0.574002838134766
20170308154913008,-2.80178604125977
20170308154913009,0.387300872802734
20170308154913010,-0.444303131103516
20170308154913011,-2.80941543579102
20170308154913012,0.417818450927734
20170308154913013,-0.650296783447266
20170308154913014,-2.83993301391602
20170308154913015,0.692476654052734
20170308154913016,-0.917325592041016
20170308154913017,-2.80941543579102
20170308154913018,0.753511810302734
20170308154913019,-1.03176651000977
20170308154913020,-2.77126846313477
20170308154913021,0.829805755615234
20170308154913022,-1.05465469360352
20170308154913023,-2.68734512329102
20170308154913024,0.951876068115234
20170308154913025,-1.10043106079102
20170308154913026,-2.76363906860352
20170308154913027,0.715364837646484
20170308154913028,-1.07754287719727
20170308154913029,-2.77126846313477
20170308154913030,0.745882415771484
20170308154913031,-1.15383682250977
20170308154913032,-2.63393936157227
20170308154913033,0.784029388427734
20170308154913034,-1.37508926391602
20170308154913035,-2.53475723266602
20170308154913036,0.867952728271484
20170308154913037,-1.72604141235352
20170308154913038,-2.24484024047852
20170308154913039,0.860323333740234
20170308154913040,-2.19143447875977
20170308154913041,-1.73367080688477
20170308154913042,0.806917572021484
20170308154913043,-2.43557510375977
20170308154913044,-1.36745986938477
20170308154913045,0.707735443115234
20170308154913046,-2.97726211547852
20170308154913047,-1.25301895141602
20170308154913048,0.570406341552734
20170308154913049,-2.98489151000977
20170308154913050,-1.01650772094727
20170308154913051,0.532259368896484
20170308154913052,-2.99252090454102
20170308154913053,-0.665555572509766
20170308154913054,0.379671478271484
20170308154913055,-2.93911514282227
20170308154913056,-0.673184967041016
20170308154913057,0.311006927490234
20170308154913058,-2.93911514282227
20170308154913059,-0.581632232666016
20170308154913060,0.455965423583984
20170308154913061,-2.90096817016602
20170308154913062,-0.474820709228516
20170308154913063,0.211824798583984
20170308154913064,-2.94674453735352
20170308154913065,-0.406156158447266
20170308154913066,0.204195404052734
20170308154913067,-2.87807998657227
20170308154913068,-0.398526763916016
20170308154913069,0.0363487243652344
20170308154913070,-2.95437393188477
20170308154913071,-0.177274322509766
20170308154913072,-0.139127349853516
20170308154913073,-2.95437393188477
20170308154913074,0.0134605407714844
20170308154913075,-0.322232818603516
20170308154913076,-2.89333877563477
20170308154913077,0.364412689208984
20170308154913078,-0.551114654541016
20170308154913079,-2.85519180297852
20170308154913080,0.234712982177734
20170308154913081,-0.520597076416016
20170308154913082,-2.84756240844727
20170308154913083,0.158419036865234
20170308154913084,-0.383267974853516
20170308154913085,-2.92385635375977
20170308154913086,0.120272064208984
20170308154913087,-0.444303131103516
20170308154913088,-2.81704483032227
20170308154913089,0.188936614990234
20170308154913090,-0.490079498291016
20170308154913091,-2.80941543579102
20170308154913092,0.181307220458984
20170308154913093,-0.436673736572266
20170308154913094,-2.86282119750977
20170308154913095,0.326265716552734
20170308154913096,-0.444303131103516
20170308154913097,-2.79415664672852
20170308154913098,0.318636322021484
20170308154913099,-0.390897369384766
20170308154913100,-2.86282119750977
20170308154913101,0.402559661865234
20170308154913102,-0.429044342041016
20170308154913103,-2.77126846313477
20170308154913104,0.272859954833984
20170308154913105,-0.329862213134766
20170308154913106,-2.82467422485352
20170308154913107,0.448336029052734
20170308154913108,-0.673184967041016
20170308154913109,-2.83993301391602
20170308154913110,0.570406341552734
20170308154913111,-0.795255279541016
20170308154913112,-2.83993301391602
20170308154913113,0.341524505615234
20170308154913114,-0.589261627197266
20170308154913115,-2.77126846313477
20170308154913116,0.265230560302734
20170308154913117,-0.535855865478516
20170308154913118,-2.80941543579102
20170308154913119,0.455965423583984
20170308154913120,-0.451932525634766
20170308154913121,-2.75600967407227
20170308154913122,0.242342376708984
20170308154913123,-0.635037994384766
20170308154913124,-2.83993301391602
20170308154913125,0.532259368896484
20170308154913126,-0.841031646728516
20170308154913127,-2.85519180297852
20170308154913128,0.578035736083984
20170308154913129,-0.917325592041016
20170308154913130,-2.85519180297852
20170308154913131,0.822176361083984
20170308154913132,-1.00124893188477
20170308154913133,-2.80941543579102
20170308154913134,0.715364837646484
20170308154913135,-1.03939590454102
20170308154913136,-2.78652725219727
20170308154913137,0.700106048583984
20170308154913138,-0.955472564697266
20170308154913139,-2.77889785766602
20170308154913140,0.501741790771484
20170308154913141,-0.673184967041016
20170308154913142,-2.77126846313477
20170308154913143,0.768770599365234
20170308154913144,-0.947843170166016
20170308154913145,-2.84756240844727
20170308154913146,0.631441497802734
20170308154913147,-1.00887832641602
20170308154913148,-2.87807998657227
20170308154913149,0.631441497802734
20170308154913150,-0.833402252197266
20170308154913151,-2.69497451782227
20170308154913152,0.806917572021484
20170308154913153,-1.01650772094727
20170308154913154,-2.77126846313477
20170308154913155,0.898470306396484
20170308154913156,-1.26064834594727
20170308154913157,-2.64156875610352
20170308154913158,1.01291122436523
20170308154913159,-1.29116592407227
20170308154913160,-2.60342178344727
20170308154913161,0.806917572021484
20170308154913162,-1.48953018188477
20170308154913163,-2.50423965454102
20170308154913164,0.784029388427734
20170308154913165,-1.71078262329102
20170308154913166,-2.25246963500977
20170308154913167,0.639070892333984
20170308154913168,-1.82522354125977
20170308154913169,-2.20669326782227
20170308154913170,0.845064544677734
20170308154913171,-2.05410537719727
20170308154913172,-1.90914688110352
20170308154913173,0.913729095458984
20170308154913174,-2.19906387329102
20170308154913175,-1.59634170532227
20170308154913176,0.715364837646484
20170308154913177,-2.48898086547852
20170308154913178,-1.61922988891602
20170308154913179,0.532259368896484
20170308154913180,-2.51186904907227
20170308154913181,-1.56582412719727
20170308154913182,0.707735443115234
20170308154913183,-2.58053359985352
20170308154913184,-1.51241836547852
20170308154913185,0.600923919677734
20170308154913186,-2.49661026000977
20170308154913187,-1.49715957641602
20170308154913188,0.761141204833984
20170308154913189,-2.54238662719727
20170308154913190,-1.39034805297852
20170308154913191,0.822176361083984
20170308154913192,-2.64156875610352
20170308154913193,-1.26827774047852
20170308154913194,0.692476654052734
20170308154913195,-3.03066787719727
20170308154913196,-1.13857803344727
20170308154913197,0.448336029052734
20170308154913198,-2.93911514282227
20170308154913199,-0.787625885009766
20170308154913200,0.471224212646484
20170308154913201,-2.96200332641602
20170308154913202,-0.566373443603516
20170308154913203,0.318636322021484
20170308154913204,-2.92385635375977
20170308154913205,-0.512967681884766
20170308154913206,0.0744956970214844
20170308154913207,-3.06118545532227
20170308154913208,-0.322232818603516
20170308154913209,-0.108609771728516
20170308154913210,-2.92385635375977
20170308154913211,-0.184903717041016
20170308154913212,-0.146756744384766
20170308154913213,-2.95437393188477
20170308154913214,0.158419036865234
20170308154913215,-0.421414947509766
20170308154913216,-2.86282119750977
20170308154913217,0.112642669677734
20170308154913218,-0.276456451416016
20170308154913219,-2.90859756469727
20170308154913220,0.196566009521484
20170308154913221,-0.528226470947266
20170308154913222,-2.83993301391602
20170308154913223,0.463594818115234
20170308154913224,-0.543485260009766
20170308154913225,-2.74075088500977
20170308154913226,0.402559661865234
20170308154913227,-0.635037994384766
20170308154913228,-2.79415664672852
20170308154913229,0.539888763427734
20170308154913230,-0.779996490478516
20170308154913231,-2.83230361938477
20170308154913232,0.600923919677734
20170308154913233,-0.955472564697266
20170308154913234,-2.78652725219727
20170308154913235,0.555147552490234
20170308154913236,-0.818143463134766
20170308154913237,-2.87045059204102
20170308154913238,0.898470306396484
20170308154913239,-0.886808013916016
20170308154913240,-2.74075088500977
20170308154913241,0.898470306396484
20170308154913242,-1.03176651000977
20170308154913243,-2.70260391235352
20170308154913244,0.585665130615234
20170308154913245,-0.741849517822266
20170308154913246,-2.76363906860352
20170308154913247,0.539888763427734
20170308154913248,-0.940213775634766
20170308154913249,-2.78652725219727
20170308154913250,0.722994232177734
20170308154913251,-1.03939590454102
20170308154913252,-2.79415664672852
20170308154913253,0.730623626708984
20170308154913254,-1.13857803344727
20170308154913255,-2.69497451782227
20170308154913256,0.837435150146484
20170308154913257,-1.25301895141602
20170308154913258,-2.66445693969727
20170308154913259,0.822176361083984
20170308154913260,-1.30642471313477
20170308154913261,-2.74075088500977
20170308154913262,0.753511810302734
20170308154913263,-1.27590713500977
20170308154913264,-2.55001602172852
20170308154913265,0.753511810302734
20170308154913266,-1.10806045532227
20170308154913267,-2.66445693969727
20170308154913268,0.883211517333984
20170308154913269,-1.29879531860352
20170308154913270,-2.48898086547852
20170308154913271,0.898470306396484
20170308154913272,-1.40560684204102
20170308154913273,-2.50423965454102
20170308154913274,0.745882415771484
20170308154913275,-1.48953018188477
20170308154913276,-2.43557510375977
20170308154913277,0.753511810302734
20170308154913278,-1.49715957641602
20170308154913279,-2.44320449829102
20170308154913280,0.661959075927734
20170308154913281,-1.64974746704102
20170308154913282,-2.49661026000977
20170308154913283,0.692476654052734
20170308154913284,-1.55056533813477
20170308154913285,-2.40505752563477
20170308154913286,0.646700286865234
20170308154913287,-1.58871231079102
20170308154913288,-2.38979873657227
20170308154913289,0.722994232177734
20170308154913290,-1.88625869750977
20170308154913291,-2.23721084594727
20170308154913292,0.654329681396484
20170308154913293,-2.00069961547852
20170308154913294,-2.13039932250977
20170308154913295,0.661959075927734
20170308154913296,-1.95492324829102
20170308154913297,-2.21432266235352
20170308154913298,0.738253021240234
20170308154913299,-1.84048233032227
20170308154913300,-2.03121719360352
20170308154913301,0.692476654052734
20170308154913302,-2.15328750610352
20170308154913303,-1.90151748657227
20170308154913304,0.913729095458984
20170308154913305,-2.21432266235352
20170308154913306,-1.81759414672852
20170308154913307,0.738253021240234
20170308154913308,-2.35928115844727
20170308154913309,-1.68789443969727
20170308154913310,0.753511810302734
20170308154913311,-2.36691055297852
20170308154913312,-1.64211807250977
20170308154913313,0.738253021240234
20170308154913314,-2.40505752563477
20170308154913315,-1.49715957641602
20170308154913316,0.761141204833984
20170308154913317,-2.70260391235352
20170308154913318,-1.31405410766602
20170308154913319,0.486483001708984
20170308154913320,-2.73312149047852
20170308154913321,-1.30642471313477
20170308154913322,0.562776947021484
20170308154913323,-2.70260391235352
20170308154913324,-1.21487197875977
20170308154913325,0.486483001708984
20170308154913326,-2.83993301391602
20170308154913327,-1.00124893188477
20170308154913328,0.570406341552734
20170308154913329,-2.98489151000977
20170308154913330,-0.543485260009766
20170308154913331,0.425447845458984
20170308154913332,-2.90859756469727
20170308154913333,-0.467191314697266
20170308154913334,0.303377532958984
20170308154913335,-3.02303848266602
20170308154913336,-0.337491607666016
20170308154913337,-0.0628334045410156
20170308154913338,-2.96200332641602
20170308154913339,0.0516075134277344
20170308154913340,-0.436673736572266
20170308154913341,-2.83230361938477
20170308154913342,0.440706634521484
20170308154913343,-0.711331939697266
20170308154913344,-2.86282119750977
20170308154913345,0.738253021240234
20170308154913346,-0.711331939697266
20170308154913347,-2.77126846313477
20170308154913348,0.669588470458984
20170308154913349,-0.978360748291016
20170308154913350,-2.82467422485352
20170308154913351,0.661959075927734
20170308154913352,-1.03939590454102
20170308154913353,-2.79415664672852
20170308154913354,0.959505462646484
20170308154913355,-1.24538955688477
20170308154913356,-2.73312149047852
20170308154913357,0.913729095458984
20170308154913358,-1.23776016235352
20170308154913359,-2.68734512329102
20170308154913360,0.692476654052734
20170308154913361,-1.12331924438477
20170308154913362,-2.69497451782227
20170308154913363,0.822176361083984
20170308154913364,-1.31405410766602
20170308154913365,-2.61105117797852
20170308154913366,0.722994232177734
20170308154913367,-1.27590713500977
20170308154913368,-2.78652725219727
20170308154913369,0.875582122802734
20170308154913370,-1.14620742797852
20170308154913371,-2.64156875610352
20170308154913372,0.692476654052734
20170308154913373,-1.23776016235352
20170308154913374,-2.67208633422852
20170308154913375,0.730623626708984
20170308154913376,-1.13094863891602
20170308154913377,-2.58053359985352
20170308154913378,0.745882415771484
20170308154913379,-1.59634170532227
20170308154913380,-2.49661026000977
20170308154913381,0.967134857177734
20170308154913382,-1.44375381469727
20170308154913383,-2.52712783813477
20170308154913384,0.738253021240234
20170308154913385,-1.70315322875977
20170308154913386,-2.30587539672852
20170308154913387,0.730623626708984
20170308154913388,-1.79470596313477
20170308154913389,-2.23721084594727
20170308154913390,0.684847259521484
20170308154913391,-1.92440567016602
20170308154913392,-2.02358779907227
20170308154913393,0.669588470458984
20170308154913394,-1.93203506469727
20170308154913395,-2.07699356079102
20170308154913396,0.707735443115234
20170308154913397,-1.96255264282227
20170308154913398,-2.06173477172852
20170308154913399,0.654329681396484
20170308154913400,-2.07699356079102
20170308154913401,-2.03884658813477
20170308154913402,0.845064544677734
20170308154913403,-2.10751113891602
20170308154913404,-1.94729385375977
20170308154913405,0.646700286865234
20170308154913406,-2.06173477172852
20170308154913407,-1.99307022094727
20170308154913408,0.684847259521484
20170308154913409,-2.07699356079102
20170308154913410,-1.88625869750977
20170308154913411,0.860323333740234
20170308154913412,-2.15328750610352
20170308154913413,-1.99307022094727
20170308154913414,0.654329681396484
20170308154913415,-2.18380508422852
20170308154913416,-1.98544082641602
20170308154913417,0.730623626708984
20170308154913418,-2.10751113891602
20170308154913419,-1.82522354125977
20170308154913420,0.898470306396484
20170308154913421,-2.42794570922852
20170308154913422,-1.55056533813477
20170308154913423,0.631441497802734
20170308154913424,-2.67208633422852
20170308154913425,-1.33694229125977
20170308154913426,0.669588470458984
20170308154913427,-2.85519180297852
20170308154913428,-1.21487197875977
20170308154913429,0.623812103271484
20170308154913430,-3.04592666625977
20170308154913431,-1.00887832641602
20170308154913432,0.463594818115234
20170308154913433,-3.00015029907227
20170308154913434,-0.787625885009766
20170308154913435,0.455965423583984
20170308154913436,-3.03829727172852
20170308154913437,-0.612149810791016
20170308154913438,0.410189056396484
20170308154913439,-2.96963272094727
20170308154913440,-0.497708892822266
20170308154913441,0.181307220458984
20170308154913442,-2.93148574829102
20170308154913443,-0.329862213134766
20170308154913444,-0.0094276428222656
20170308154913445,-2.93148574829102
20170308154913446,-0.383267974853516
20170308154913447,-0.0628334045410156
20170308154913448,-3.00777969360352
20170308154913449,-0.398526763916016
20170308154913450,-0.0933509826660156
20170308154913451,-3.09170303344727
20170308154913452,-0.383267974853516
20170308154913453,0.158419036865234
20170308154913454,-2.97726211547852
20170308154913455,-0.383267974853516
20170308154913456,-0.0704627990722656
20170308154913457,-2.94674453735352
20170308154913458,-0.184903717041016
20170308154913459,-0.0323158264160156
20170308154913460,-2.98489151000977
20170308154913461,0.105013275146484
20170308154913462,-0.0780921936035156
20170308154913463,-2.90859756469727
20170308154913464,0.0516075134277344
20170308154913465,-0.390897369384766
20170308154913466,-2.87045059204102
20170308154913467,0.181307220458984
20170308154913468,-0.574002838134766
20170308154913469,-2.84756240844727
20170308154913470,0.387300872802734
20170308154913471,-0.604520416259766
20170308154913472,-2.80941543579102
20170308154913473,0.555147552490234
20170308154913474,-0.841031646728516
20170308154913475,-2.79415664672852
20170308154913476,0.715364837646484
20170308154913477,-1.06228408813477
20170308154913478,-2.83230361938477
20170308154913479,0.791658782958984
20170308154913480,-1.06991348266602
20170308154913481,-2.74075088500977
20170308154913482,0.738253021240234
20170308154913483,-1.24538955688477
20170308154913484,-2.74838027954102
20170308154913485,0.753511810302734
20170308154913486,-1.29879531860352
20170308154913487,-2.64919815063477
20170308154913488,0.738253021240234
20170308154913489,-1.34457168579102
20170308154913490,-2.55764541625977
20170308154913491,1.00528182983398
20170308154913492,-1.43612442016602
20170308154913493,-2.55001602172852
20170308154913494,0.822176361083984
20170308154913495,-1.71078262329102
20170308154913496,-2.24484024047852
20170308154913497,0.661959075927734
20170308154913498,-1.87862930297852
20170308154913499,-2.26009902954102
20170308154913500,0.646700286865234
20170308154913501,-1.95492324829102
20170308154913502,-2.04647598266602
20170308154913503,0.806917572021484
20170308154913504,-2.31350479125977
20170308154913505,-1.60397109985352
20170308154913506,0.928987884521484
20170308154913507,-2.43557510375977
20170308154913508,-1.42086563110352
20170308154913509,0.677217864990234
20170308154913510,-2.71023330688477
20170308154913511,-1.39797744750977
20170308154913512,0.654329681396484
20170308154913513,-2.89333877563477
20170308154913514,-1.10043106079102
20170308154913515,0.715364837646484
20170308154913516,-2.92385635375977
20170308154913517,-1.01650772094727
20170308154913518,0.478853607177734
20170308154913519,-2.97726211547852
20170308154913520,-0.993619537353516
20170308154913521,0.471224212646484
20170308154913522,-2.95437393188477
20170308154913523,-0.757108306884766
20170308154913524,0.402559661865234
20170308154913525,-2.94674453735352
20170308154913526,-0.642667388916016
20170308154913527,0.387300872802734
20170308154913528,-2.91622695922852
20170308154913529,-0.856290435791016
20170308154913530,0.463594818115234
20170308154913531,-2.87807998657227
20170308154913532,-0.802884674072266
20170308154913533,0.326265716552734
20170308154913534,-2.90859756469727
20170308154913535,-0.718961334228516
20170308154913536,0.379671478271484
20170308154913537,-2.95437393188477
20170308154913538,-0.543485260009766
20170308154913539,0.166048431396484
20170308154913540,-2.99252090454102
20170308154913541,-0.497708892822266
20170308154913542,0.158419036865234
20170308154913543,-2.99252090454102
20170308154913544,-0.520597076416016
20170308154913545,0.173677825927734
20170308154913546,-2.96200332641602
20170308154913547,-0.390897369384766
20170308154913548,0.234712982177734
20170308154913549,-2.81704483032227
20170308154913550,-0.551114654541016
20170308154913551,0.0287193298339844
20170308154913552,-2.96200332641602
20170308154913553,-0.329862213134766
20170308154913554,-0.0246864318847656
20170308154913555,-2.94674453735352
20170308154913556,-0.0933509826660156
20170308154913557,-0.245938873291016
20170308154913558,-2.87045059204102
20170308154913559,0.112642669677734
20170308154913560,-0.345121002197266
20170308154913561,-2.96200332641602
20170308154913562,0.0210899353027344
20170308154913563,-0.322232818603516
20170308154913564,-2.96963272094727
20170308154913565,0.0363487243652344
20170308154913566,-0.131497955322266
20170308154913567,-2.83993301391602
20170308154913568,-0.0933509826660156
20170308154913569,-0.184903717041016
20170308154913570,-2.92385635375977
20170308154913571,0.135530853271484
20170308154913572,-0.467191314697266
20170308154913573,-2.93911514282227
20170308154913574,-0.0170570373535156
20170308154913575,-0.184903717041016
20170308154913576,-2.89333877563477
20170308154913577,0.181307220458984
20170308154913578,-0.368009185791016
20170308154913579,-2.96963272094727
20170308154913580,0.379671478271484
20170308154913581,-0.505338287353516
20170308154913582,-2.88570938110352
20170308154913583,0.272859954833984
20170308154913584,-0.551114654541016
20170308154913585,-2.98489151000977
20170308154913586,0.234712982177734
20170308154913587,-0.505338287353516
20170308154913588,-2.93911514282227
20170308154913589,0.173677825927734
20170308154913590,-0.306974029541016
20170308154913591,-2.83230361938477
20170308154913592,0.402559661865234
20170308154913593,-0.566373443603516
20170308154913594,-2.78652725219727
20170308154913595,0.517000579833984
20170308154913596,-0.528226470947266
20170308154913597,-2.86282119750977
20170308154913598,0.440706634521484
20170308154913599,-0.818143463134766
20170308154913600,-2.93911514282227
20170308154913601,0.784029388427734
20170308154913602,-0.879178619384766
20170308154913603,-2.80941543579102
20170308154913604,0.837435150146484
20170308154913605,-0.970731353759766
20170308154913606,-2.68734512329102
20170308154913607,0.883211517333984
20170308154913608,-1.33694229125977
20170308154913609,-2.55764541625977
20170308154913610,0.806917572021484
20170308154913611,-1.64974746704102
20170308154913612,-2.54238662719727
20170308154913613,0.799288177490234
20170308154913614,-1.77944717407227
20170308154913615,-2.28298721313477
20170308154913616,0.692476654052734
20170308154913617,-1.85574111938477
20170308154913618,-2.29061660766602
20170308154913619,0.761141204833984
20170308154913620,-2.12276992797852
20170308154913621,-1.90151748657227
20170308154913622,0.738253021240234
20170308154913623,-2.35928115844727
20170308154913624,-1.68026504516602
20170308154913625,0.738253021240234
20170308154913626,-2.58816299438477
20170308154913627,-1.42086563110352
20170308154913628,0.631441497802734
20170308154913629,-2.83993301391602
20170308154913630,-1.16146621704102
20170308154913631,0.585665130615234
20170308154913632,-3.03066787719727
20170308154913633,-0.932584381103516
20170308154913634,0.448336029052734
20170308154913635,-3.08407363891602
20170308154913636,-0.612149810791016
20170308154913637,0.173677825927734
20170308154913638,-3.00015029907227
20170308154913639,-0.436673736572266
20170308154913640,0.0058311462402344
20170308154913641,-2.96963272094727
20170308154913642,-0.413785552978516
20170308154913643,0.0744956970214844
20170308154913644,-2.92385635375977
20170308154913645,-0.322232818603516
20170308154913646,0.0287193298339844
20170308154913647,-2.87045059204102
20170308154913648,-0.238309478759766
20170308154913649,0.0592369079589844
20170308154913650,-2.90096817016602
20170308154913651,-0.253568267822266
20170308154913652,-0.215421295166016
20170308154913653,-2.94674453735352
20170308154913654,-0.238309478759766
20170308154913655,-0.192533111572266
20170308154913656,-2.95437393188477
20170308154913657,0.0058311462402344
20170308154913658,-0.352750396728516
20170308154913659,-2.90096817016602
20170308154913660,0.394930267333984
20170308154913661,-0.680814361572266
20170308154913662,-2.89333877563477
20170308154913663,0.707735443115234
20170308154913664,-0.848661041259766
20170308154913665,-2.82467422485352
20170308154913666,0.600923919677734
20170308154913667,-1.00887832641602
20170308154913668,-2.83230361938477
20170308154913669,0.875582122802734
20170308154913670,-1.12331924438477
20170308154913671,-2.71023330688477
20170308154913672,0.883211517333984
20170308154913673,-0.894437408447266
20170308154913674,-2.76363906860352
20170308154913675,0.700106048583984
20170308154913676,-1.06228408813477
20170308154913677,-2.70260391235352
20170308154913678,0.944246673583984
20170308154913679,-1.17672500610352
20170308154913680,-2.77889785766602
20170308154913681,0.845064544677734
20170308154913682,-1.28353652954102
20170308154913683,-2.69497451782227
20170308154913684,0.745882415771484
20170308154913685,-1.32931289672852
20170308154913686,-2.67971572875977
20170308154913687,0.845064544677734
20170308154913688,-1.40560684204102
20170308154913689,-2.67971572875977
20170308154913690,0.684847259521484
20170308154913691,-1.16909561157227
20170308154913692,-2.60342178344727
20170308154913693,0.867952728271484
20170308154913694,-1.29879531860352
20170308154913695,-2.69497451782227
20170308154913696,0.730623626708984
20170308154913697,-1.24538955688477
20170308154913698,-2.64156875610352
20170308154913699,0.761141204833984
20170308154913700,-1.10806045532227
20170308154913701,-2.63393936157227
20170308154913702,0.867952728271484
20170308154913703,-1.13094863891602
20170308154913704,-2.81704483032227
20170308154913705,0.730623626708984
20170308154913706,-1.06991348266602
20170308154913707,-2.71023330688477
20170308154913708,0.600923919677734
20170308154913709,-0.802884674072266
20170308154913710,-2.79415664672852
20170308154913711,0.730623626708984
20170308154913712,-1.09280166625977
20170308154913713,-2.80941543579102
20170308154913714,0.822176361083984
20170308154913715,-1.00124893188477
20170308154913716,-2.77126846313477
20170308154913717,0.829805755615234
20170308154913718,-0.940213775634766
20170308154913719,-2.90859756469727
20170308154913720,0.806917572021484
20170308154913721,-1.14620742797852
20170308154913722,-2.64919815063477
20170308154913723,0.707735443115234
20170308154913724,-1.32168350219727
20170308154913725,-2.57290420532227
20170308154913726,0.814546966552734
20170308154913727,-1.38271865844727
20170308154913728,-2.56527481079102
20170308154913729,0.776399993896484
20170308154913730,-1.60397109985352
20170308154913731,-2.45083389282227
20170308154913732,0.722994232177734
20170308154913733,-1.75655899047852
20170308154913734,-2.45083389282227
20170308154913735,0.738253021240234
20170308154913736,-1.80996475219727
20170308154913737,-2.34402236938477
20170308154913738,0.677217864990234
20170308154913739,-1.85574111938477
20170308154913740,-2.23721084594727
20170308154913741,0.776399993896484
20170308154913742,-2.17617568969727
20170308154913743,-2.02358779907227
20170308154913744,0.700106048583984
20170308154913745,-2.32113418579102
20170308154913746,-1.71078262329102
20170308154913747,0.707735443115234
20170308154913748,-2.48135147094727
20170308154913749,-1.49715957641602
20170308154913750,0.585665130615234
20170308154913751,-2.59579238891602
20170308154913752,-1.49715957641602
20170308154913753,0.608553314208984
20170308154913754,-2.71023330688477
20170308154913755,-1.40560684204102
20170308154913756,0.486483001708984
20170308154913757,-2.73312149047852
20170308154913758,-1.42849502563477
20170308154913759,0.517000579833984
20170308154913760,-2.73312149047852
20170308154913761,-1.26827774047852
20170308154913762,0.524629974365234
20170308154913763,-2.85519180297852
20170308154913764,-1.22250137329102
20170308154913765,0.547518157958984
20170308154913766,-2.94674453735352
20170308154913767,-1.07754287719727
20170308154913768,0.509371185302734
20170308154913769,-3.02303848266602
20170308154913770,-0.787625885009766
20170308154913771,0.585665130615234
20170308154913772,-2.93148574829102
20170308154913773,-0.757108306884766
20170308154913774,0.524629974365234
20170308154913775,-2.93148574829102
20170308154913776,-0.673184967041016
20170308154913777,0.280489349365234
20170308154913778,-3.05355606079102
20170308154913779,-0.429044342041016
20170308154913780,-0.146756744384766
20170308154913781,-2.93911514282227
20170308154913782,-0.398526763916016
20170308154913783,-0.100980377197266
20170308154913784,-3.00015029907227
20170308154913785,-0.245938873291016
20170308154913786,-0.192533111572266
20170308154913787,-2.94674453735352
20170308154913788,-0.253568267822266
20170308154913789,-0.245938873291016
20170308154913790,-2.93911514282227
20170308154913791,0.0058311462402344
20170308154913792,-0.352750396728516
20170308154913793,-2.94674453735352
20170308154913794,0.227083587646484
20170308154913795,-0.482450103759766
20170308154913796,-2.99252090454102
20170308154913797,0.135530853271484
20170308154913798,-0.543485260009766
20170308154913799,-2.98489151000977
20170308154913800,0.333895111083984
20170308154913801,-0.451932525634766
20170308154913802,-2.80178604125977
20170308154913803,0.394930267333984
20170308154913804,-0.459561920166016
20170308154913805,-2.83993301391602
20170308154913806,0.494112396240234
20170308154913807,-0.863919830322266
20170308154913808,-2.86282119750977
20170308154913809,0.730623626708984
20170308154913810,-0.909696197509766
20170308154913811,-2.83230361938477
20170308154913812,0.722994232177734
20170308154913813,-1.12331924438477
20170308154913814,-2.83230361938477
20170308154913815,0.707735443115234
20170308154913816,-1.14620742797852
20170308154913817,-2.71786270141602
20170308154913818,0.837435150146484
20170308154913819,-1.36745986938477
20170308154913820,-2.56527481079102
20170308154913821,0.753511810302734
20170308154913822,-1.37508926391602
20170308154913823,-2.54238662719727
20170308154913824,0.997652435302734
20170308154913825,-1.35220108032227
20170308154913826,-2.39742813110352
20170308154913827,0.936617279052734
20170308154913828,-1.39797744750977
20170308154913829,-2.61868057250977
20170308154913830,0.967134857177734
20170308154913831,-1.34457168579102
20170308154913832,-2.51949844360352
20170308154913833,0.707735443115234
20170308154913834,-1.72604141235352
20170308154913835,-2.38216934204102
20170308154913836,0.661959075927734
20170308154913837,-1.58108291625977
20170308154913838,-2.42794570922852
20170308154913839,0.806917572021484
20170308154913840,-1.75655899047852
20170308154913841,-2.29061660766602
20170308154913842,0.768770599365234
20170308154913843,-1.94729385375977
20170308154913844,-2.19906387329102
20170308154913845,0.578035736083984
20170308154913846,-1.67263565063477
20170308154913847,-2.42794570922852
20170308154913848,0.722994232177734
20170308154913849,-1.56582412719727
20170308154913850,-2.39742813110352
20170308154913851,0.867952728271484
20170308154913852,-1.45901260375977
20170308154913853,-2.42031631469727
20170308154913854,0.669588470458984
20170308154913855,-1.55056533813477
20170308154913856,-2.52712783813477
20170308154913857,0.982393646240234
20170308154913858,-1.33694229125977
20170308154913859,-2.37453994750977
20170308154913860,0.906099700927734
20170308154913861,-1.79470596313477
20170308154913862,-2.39742813110352
20170308154913863,0.715364837646484
20170308154913864,-1.83285293579102
20170308154913865,-2.15328750610352
20170308154913866,0.928987884521484
20170308154913867,-2.13802871704102
20170308154913868,-1.80233535766602
20170308154913869,0.715364837646484
20170308154913870,-2.49661026000977
20170308154913871,-1.55819473266602
20170308154913872,0.814546966552734
20170308154913873,-2.51949844360352
20170308154913874,-1.40560684204102
20170308154913875,0.517000579833984
20170308154913876,-2.70260391235352
20170308154913877,-1.30642471313477
20170308154913878,0.517000579833984
20170308154913879,-2.84756240844727
20170308154913880,-1.19961318969727
20170308154913881,0.593294525146484
20170308154913882,-2.65682754516602
20170308154913883,-1.38271865844727
20170308154913884,0.570406341552734
20170308154913885,-2.85519180297852
20170308154913886,-1.37508926391602
20170308154913887,0.478853607177734
20170308154913888,-2.85519180297852
20170308154913889,-1.22250137329102
20170308154913890,0.585665130615234
20170308154913891,-2.93911514282227
20170308154913892,-1.13857803344727
20170308154913893,0.722994232177734
20170308154913894,-2.97726211547852
20170308154913895,-1.00887832641602
20170308154913896,0.425447845458984
20170308154913897,-2.96963272094727
20170308154913898,-1.09280166625977
20170308154913899,0.425447845458984
20170308154913900,-2.97726211547852
20170308154913901,-0.886808013916016
20170308154913902,0.455965423583984
20170308154913903,-2.97726211547852
20170308154913904,-0.497708892822266
20170308154913905,0.227083587646484
20170308154913906,-2.95437393188477
20170308154913907,-0.520597076416016
20170308154913908,0.280489349365234
20170308154913909,-2.90859756469727
20170308154913910,-0.459561920166016
20170308154913911,0.0134605407714844
20170308154913912,-3.00777969360352
20170308154913913,-0.482450103759766
20170308154913914,-0.0475746154785156
20170308154913915,-2.98489151000977
20170308154913916,-0.154386138916016
20170308154913917,-0.337491607666016
20170308154913918,-3.02303848266602
20170308154913919,0.0897544860839844
20170308154913920,-0.413785552978516
20170308154913921,-2.97726211547852
20170308154913922,0.158419036865234
20170308154913923,-0.505338287353516
20170308154913924,-2.89333877563477
20170308154913925,0.349153900146484
20170308154913926,-0.558744049072266
20170308154913927,-2.80178604125977
20170308154913928,0.463594818115234
20170308154913929,-0.604520416259766
20170308154913930,-2.77889785766602
20170308154913931,0.318636322021484
20170308154913932,-0.505338287353516
20170308154913933,-2.86282119750977
20170308154913934,0.524629974365234
20170308154913935,-0.764737701416016
20170308154913936,-2.93148574829102
20170308154913937,0.616182708740234
20170308154913938,-0.978360748291016
20170308154913939,-2.80941543579102
20170308154913940,0.845064544677734
20170308154913941,-1.23013076782227
20170308154913942,-2.63393936157227
20170308154913943,1.11209335327148
20170308154913944,-1.30642471313477
20170308154913945,-2.64919815063477
20170308154913946,0.852693939208984
20170308154913947,-1.23013076782227
20170308154913948,-2.67208633422852
20170308154913949,0.829805755615234
20170308154913950,-1.29879531860352
20170308154913951,-2.67971572875977
20170308154913952,0.784029388427734
20170308154913953,-1.32931289672852
20170308154913954,-2.65682754516602
20170308154913955,0.921358489990234
20170308154913956,-1.29879531860352
20170308154913957,-2.66445693969727
20170308154913958,0.921358489990234
20170308154913959,-1.31405410766602
20170308154913960,-2.55764541625977
20170308154913961,0.677217864990234
20170308154913962,-1.39797744750977
20170308154913963,-2.60342178344727
20170308154913964,0.806917572021484
20170308154913965,-1.44375381469727
20170308154913966,-2.60342178344727
20170308154913967,0.715364837646484
20170308154913968,-1.34457168579102
20170308154913969,-2.58053359985352
20170308154913970,0.707735443115234
20170308154913971,-1.35983047485352
20170308154913972,-2.58816299438477
20170308154913973,0.776399993896484
20170308154913974,-1.57345352172852
20170308154913975,-2.53475723266602
20170308154913976,0.913729095458984
20170308154913977,-1.59634170532227
20170308154913978,-2.39742813110352
20170308154913979,0.890840911865234
20170308154913980,-1.61160049438477
20170308154913981,-2.39742813110352
20170308154913982,0.684847259521484
20170308154913983,-1.66500625610352
20170308154913984,-2.48898086547852
20170308154913985,0.799288177490234
20170308154913986,-1.74892959594727
20170308154913987,-2.32876358032227
20170308154913988,0.860323333740234
20170308154913989,-1.74130020141602
20170308154913990,-2.22958145141602
20170308154913991,0.906099700927734
20170308154913992,-1.68026504516602
20170308154913993,-2.34402236938477
20170308154913994,0.684847259521484
20170308154913995,-1.48190078735352
20170308154913996,-2.55001602172852
20170308154913997,0.600923919677734
20170308154913998,-1.45901260375977
20170308154913999,-2.38216934204102
20170308154914000,0.684847259521484
20170308154914001,-1.56582412719727
20170308154914002,-2.38979873657227
20170308154914003,0.654329681396484
20170308154914004,-1.76418838500977
20170308154914005,-2.31350479125977
20170308154914006,0.707735443115234
20170308154914007,-1.71078262329102
20170308154914008,-2.21432266235352
20170308154914009,0.837435150146484
20170308154914010,-1.71841201782227
20170308154914011,-2.11514053344727
20170308154914012,0.806917572021484
20170308154914013,-2.11514053344727
20170308154914014,-1.91677627563477
20170308154914015,0.707735443115234
20170308154914016,-2.41268692016602
20170308154914017,-1.68026504516602
20170308154914018,0.661959075927734
20170308154914019,-2.48135147094727
20170308154914020,-1.68026504516602
20170308154914021,0.692476654052734
20170308154914022,-2.36691055297852
20170308154914023,-1.80996475219727
20170308154914024,0.555147552490234
20170308154914025,-2.34402236938477
20170308154914026,-1.81759414672852
20170308154914027,0.722994232177734
20170308154914028,-2.42794570922852
20170308154914029,-1.51241836547852
20170308154914030,0.547518157958984
20170308154914031,-2.50423965454102
20170308154914032,-1.27590713500977
20170308154914033,0.578035736083984
20170308154914034,-2.74838027954102
20170308154914035,-1.26064834594727
20170308154914036,0.639070892333984
20170308154914037,-2.93148574829102
20170308154914038,-1.13857803344727
20170308154914039,0.616182708740234
20170308154914040,-2.92385635375977
20170308154914041,-1.22250137329102
20170308154914042,0.532259368896484
20170308154914043,-2.95437393188477
20170308154914044,-1.00887832641602
20170308154914045,0.517000579833984
20170308154914046,-3.00777969360352
20170308154914047,-0.795255279541016
20170308154914048,0.311006927490234
20170308154914049,-2.96963272094727
20170308154914050,-0.635037994384766
20170308154914051,0.326265716552734
20170308154914052,-2.95437393188477
20170308154914053,-0.429044342041016
20170308154914054,0.127901458740234
20170308154914055,-2.96200332641602
20170308154914056,-0.154386138916016
20170308154914057,-0.123868560791016
20170308154914058,-2.95437393188477
20170308154914059,0.234712982177734
20170308154914060,-0.444303131103516
20170308154914061,-2.89333877563477
20170308154914062,0.433077239990234
20170308154914063,-0.711331939697266
20170308154914064,-2.88570938110352
20170308154914065,0.623812103271484
20170308154914066,-0.886808013916016
20170308154914067,-2.89333877563477
20170308154914068,0.684847259521484
20170308154914069,-1.02413711547852
20170308154914070,-2.75600967407227
20170308154914071,0.959505462646484
20170308154914072,-1.28353652954102
20170308154914073,-2.54238662719727
20170308154914074,0.814546966552734
20170308154914075,-1.38271865844727
20170308154914076,-2.53475723266602
20170308154914077,0.837435150146484
20170308154914078,-1.65737686157227
20170308154914079,-2.34402236938477
20170308154914080,0.768770599365234
20170308154914081,-1.77181777954102
20170308154914082,-2.27535781860352
20170308154914083,0.570406341552734
20170308154914084,-1.68026504516602
20170308154914085,-2.41268692016602
20170308154914086,0.753511810302734
20170308154914087,-1.93203506469727
20170308154914088,-2.17617568969727
20170308154914089,0.692476654052734
20170308154914090,-2.03121719360352
20170308154914091,-2.07699356079102
20170308154914092,0.684847259521484
20170308154914093,-2.13802871704102
20170308154914094,-2.03121719360352
20170308154914095,0.730623626708984
20170308154914096,-2.28298721313477
20170308154914097,-1.88625869750977
20170308154914098,0.623812103271484
20170308154914099,-2.30587539672852
20170308154914100,-1.97781143188477
20170308154914101,0.753511810302734
20170308154914102,-2.39742813110352
20170308154914103,-1.59634170532227
20170308154914104,0.593294525146484
20170308154914105,-2.53475723266602
20170308154914106,-1.64211807250977
20170308154914107,0.684847259521484
20170308154914108,-2.71023330688477
20170308154914109,-1.45138320922852
20170308154914110,0.562776947021484
20170308154914111,-2.69497451782227
20170308154914112,-1.41323623657227
20170308154914113,0.623812103271484
20170308154914114,-2.64919815063477
20170308154914115,-1.48190078735352
20170308154914116,0.631441497802734
20170308154914117,-2.39742813110352
20170308154914118,-1.55056533813477
20170308154914119,0.707735443115234
20170308154914120,-2.69497451782227
20170308154914121,-1.43612442016602
20170308154914122,0.478853607177734
20170308154914123,-2.60342178344727
20170308154914124,-1.42086563110352
20170308154914125,0.616182708740234
20170308154914126,-2.64156875610352
20170308154914127,-1.29879531860352
20170308154914128,0.509371185302734
20170308154914129,-2.80178604125977
20170308154914130,-1.29116592407227
20170308154914131,0.730623626708984
20170308154914132,-2.77126846313477
20170308154914133,-1.32931289672852
20170308154914134,0.578035736083984
20170308154914135,-2.96200332641602
20170308154914136,-1.17672500610352
20170308154914137,0.478853607177734
20170308154914138,-2.89333877563477
20170308154914139,-1.21487197875977
20170308154914140,0.547518157958984
20170308154914141,-2.80941543579102
20170308154914142,-1.19198379516602
20170308154914143,0.639070892333984
20170308154914144,-2.45846328735352
20170308154914145,-1.43612442016602
20170308154914146,0.814546966552734
20170308154914147,-2.62630996704102
20170308154914148,-1.47427139282227
20170308154914149,0.608553314208984
20170308154914150,-2.54238662719727
20170308154914151,-1.48190078735352
20170308154914152,0.730623626708984
20170308154914153,-2.69497451782227
20170308154914154,-1.41323623657227
20170308154914155,0.623812103271484
20170308154914156,-2.87807998657227
20170308154914157,-1.22250137329102
20170308154914158,0.761141204833984
20170308154914159,-2.86282119750977
20170308154914160,-1.13094863891602
20170308154914161,0.661959075927734
20170308154914162,-2.89333877563477
20170308154914163,-1.20724258422852
20170308154914164,0.715364837646484
20170308154914165,-2.95437393188477
20170308154914166,-1.11568984985352
20170308154914167,0.631441497802734
20170308154914168,-2.94674453735352
20170308154914169,-1.14620742797852
20170308154914170,0.646700286865234
20170308154914171,-2.96963272094727
20170308154914172,-1.09280166625977
20170308154914173,0.661959075927734
20170308154914174,-2.96200332641602
20170308154914175,-0.963101959228516
20170308154914176,0.455965423583984
20170308154914177,-2.98489151000977
20170308154914178,-0.856290435791016
20170308154914179,0.486483001708984
20170308154914180,-3.02303848266602
20170308154914181,-0.383267974853516
20170308154914182,0.211824798583984
20170308154914183,-2.96963272094727
20170308154914184,-0.459561920166016
20170308154914185,0.127901458740234
20170308154914186,-2.99252090454102
20170308154914187,-0.322232818603516
20170308154914188,0.234712982177734
20170308154914189,-2.91622695922852
20170308154914190,-0.284085845947266
20170308154914191,-0.108609771728516
20170308154914192,-2.98489151000977
20170308154914193,-0.146756744384766
20170308154914194,-0.200162506103516
20170308154914195,-2.97726211547852
20170308154914196,-0.192533111572266
20170308154914197,-0.261197662353516
20170308154914198,-2.93911514282227
20170308154914199,-0.0399452209472656
20170308154914200,-0.360379791259766
20170308154914201,-2.91622695922852
20170308154914202,0.440706634521484
20170308154914203,-0.680814361572266
20170308154914204,-2.88570938110352
20170308154914205,0.478853607177734
20170308154914206,-0.856290435791016
20170308154914207,-2.88570938110352
20170308154914208,0.448336029052734
20170308154914209,-0.673184967041016
20170308154914210,-2.90859756469727
20170308154914211,0.646700286865234
20170308154914212,-0.985990142822266
20170308154914213,-2.76363906860352
20170308154914214,0.585665130615234
20170308154914215,-0.985990142822266
20170308154914216,-2.88570938110352
20170308154914217,0.753511810302734
20170308154914218,-1.03939590454102
20170308154914219,-2.80178604125977
20170308154914220,0.913729095458984
20170308154914221,-1.32168350219727
20170308154914222,-2.67971572875977
20170308154914223,0.837435150146484
20170308154914224,-1.25301895141602
20170308154914225,-2.61868057250977
20170308154914226,0.768770599365234
20170308154914227,-1.28353652954102
20170308154914228,-2.68734512329102
20170308154914229,0.990023040771484
20170308154914230,-1.38271865844727
20170308154914231,-2.56527481079102
20170308154914232,0.936617279052734
20170308154914233,-1.42849502563477
20170308154914234,-2.55001602172852
20170308154914235,0.730623626708984
20170308154914236,-1.48190078735352
20170308154914237,-2.42794570922852
20170308154914238,0.753511810302734
20170308154914239,-1.56582412719727
20170308154914240,-2.42031631469727
20170308154914241,0.768770599365234
20170308154914242,-1.73367080688477
20170308154914243,-2.35165176391602
20170308154914244,0.745882415771484
20170308154914245,-1.93203506469727
20170308154914246,-2.25246963500977
20170308154914247,0.806917572021484
20170308154914248,-1.87099990844727
20170308154914249,-2.20669326782227
20170308154914250,0.631441497802734
20170308154914251,-2.03121719360352
20170308154914252,-2.04647598266602
20170308154914253,0.555147552490234
20170308154914254,-2.09225234985352
20170308154914255,-1.96255264282227
20170308154914256,0.669588470458984
20170308154914257,-2.09988174438477
20170308154914258,-2.07699356079102
20170308154914259,0.753511810302734
20170308154914260,-2.04647598266602
20170308154914261,-1.92440567016602
20170308154914262,0.707735443115234
20170308154914263,-2.26772842407227
20170308154914264,-1.84048233032227
20170308154914265,0.631441497802734
20170308154914266,-2.30587539672852
20170308154914267,-1.69552383422852
20170308154914268,0.639070892333984
20170308154914269,-2.42031631469727
20170308154914270,-1.48953018188477
20170308154914271,0.654329681396484
20170308154914272,-2.58816299438477
20170308154914273,-1.39034805297852
20170308154914274,0.700106048583984
20170308154914275,-2.83993301391602
20170308154914276,-1.16909561157227
20170308154914277,0.623812103271484
20170308154914278,-2.86282119750977
20170308154914279,-1.13094863891602
20170308154914280,0.738253021240234
20170308154914281,-2.88570938110352
20170308154914282,-1.05465469360352
20170308154914283,0.448336029052734
20170308154914284,-2.88570938110352
20170308154914285,-1.13094863891602
20170308154914286,0.547518157958984
20170308154914287,-2.89333877563477
20170308154914288,-1.10806045532227
20170308154914289,0.654329681396484
20170308154914290,-2.89333877563477
20170308154914291,-1.05465469360352
20170308154914292,0.524629974365234
20170308154914293,-2.87807998657227
20170308154914294,-1.14620742797852
20170308154914295,0.539888763427734
20170308154914296,-2.86282119750977
20170308154914297,-1.10043106079102
20170308154914298,0.700106048583984
20170308154914299,-2.93148574829102
20170308154914300,-1.16909561157227
20170308154914301,0.509371185302734
20170308154914302,-2.92385635375977
20170308154914303,-1.20724258422852
20170308154914304,0.646700286865234
20170308154914305,-2.98489151000977
20170308154914306,-1.00124893188477
20170308154914307,0.524629974365234
20170308154914308,-2.98489151000977
20170308154914309,-0.596891021728516
20170308154914310,0.349153900146484
20170308154914311,-2.85519180297852
20170308154914312,-0.856290435791016
20170308154914313,0.555147552490234
20170308154914314,-2.90859756469727
20170308154914315,-0.894437408447266
20170308154914316,0.486483001708984
20170308154914317,-2.97726211547852
20170308154914318,-0.718961334228516
20170308154914319,0.387300872802734
20170308154914320,-2.90859756469727
20170308154914321,-0.551114654541016
20170308154914322,0.364412689208984
20170308154914323,-2.88570938110352
20170308154914324,-0.444303131103516
20170308154914325,0.120272064208984
20170308154914326,-2.93148574829102
20170308154914327,-0.322232818603516
20170308154914328,-0.0704627990722656
20170308154914329,-2.95437393188477
20170308154914330,-0.100980377197266
20170308154914331,-0.261197662353516
20170308154914332,-2.86282119750977
20170308154914333,0.0058311462402344
20170308154914334,-0.467191314697266
20170308154914335,-2.88570938110352
20170308154914336,0.234712982177734
20170308154914337,-0.482450103759766
20170308154914338,-2.87807998657227
20170308154914339,0.593294525146484
20170308154914340,-0.657926177978516
20170308154914341,-2.83230361938477
20170308154914342,0.623812103271484
20170308154914343,-0.741849517822266
20170308154914344,-2.80941543579102
20170308154914345,0.600923919677734
20170308154914346,-0.917325592041016
20170308154914347,-2.78652725219727
20170308154914348,0.562776947021484
20170308154914349,-1.00887832641602
20170308154914350,-2.79415664672852
20170308154914351,0.852693939208984
20170308154914352,-1.19961318969727
20170308154914353,-2.63393936157227
20170308154914354,0.875582122802734
20170308154914355,-1.48953018188477
20170308154914356,-2.58053359985352
20170308154914357,0.867952728271484
20170308154914358,-1.50478897094727
20170308154914359,-2.47372207641602
20170308154914360,0.738253021240234
20170308154914361,-1.59634170532227
20170308154914362,-2.32113418579102
20170308154914363,0.883211517333984
20170308154914364,-1.93203506469727
20170308154914365,-2.07699356079102
20170308154914366,0.692476654052734
20170308154914367,-1.90914688110352
20170308154914368,-2.16854629516602
20170308154914369,0.661959075927734
20170308154914370,-2.10751113891602
20170308154914371,-1.94729385375977
20170308154914372,0.654329681396484
20170308154914373,-2.14565811157227
20170308154914374,-1.96255264282227
20170308154914375,0.738253021240234
20170308154914376,-2.12276992797852
20170308154914377,-1.68789443969727
20170308154914378,0.860323333740234
20170308154914379,-2.43557510375977
20170308154914380,-1.61922988891602
20170308154914381,0.761141204833984
20170308154914382,-2.63393936157227
20170308154914383,-1.38271865844727
20170308154914384,0.738253021240234
20170308154914385,-2.69497451782227
20170308154914386,-1.25301895141602
20170308154914387,0.547518157958984
20170308154914388,-2.90096817016602
20170308154914389,-1.06228408813477
20170308154914390,0.532259368896484
20170308154914391,-2.89333877563477
20170308154914392,-1.08517227172852
20170308154914393,0.478853607177734
20170308154914394,-2.91622695922852
20170308154914395,-0.963101959228516
20170308154914396,0.715364837646484
20170308154914397,-2.88570938110352
20170308154914398,-0.970731353759766
20170308154914399,0.440706634521484
20170308154914400,-2.93911514282227
20170308154914401,-0.924954986572266
20170308154914402,0.608553314208984
20170308154914403,-2.98489151000977
20170308154914404,-0.772367095947266
20170308154914405,0.501741790771484
20170308154914406,-2.93148574829102
20170308154914407,-0.627408599853516
20170308154914408,0.372042083740234
20170308154914409,-2.94674453735352
20170308154914410,-0.642667388916016
20170308154914411,0.364412689208984
20170308154914412,-2.91622695922852
20170308154914413,-0.558744049072266
20170308154914414,0.349153900146484
20170308154914415,-2.83230361938477
20170308154914416,-0.535855865478516
20170308154914417,0.127901458740234
20170308154914418,-2.98489151000977
20170308154914419,-0.368009185791016
20170308154914420,0.0592369079589844
20170308154914421,-2.93148574829102
20170308154914422,-0.291715240478516
20170308154914423,-0.100980377197266
20170308154914424,-2.96200332641602
20170308154914425,-0.169644927978516
20170308154914426,-0.0857215881347656
20170308154914427,-2.92385635375977
20170308154914428,-0.291715240478516
20170308154914429,-0.123868560791016
20170308154914430,-2.96963272094727
20170308154914431,-0.345121002197266
20170308154914432,-0.0323158264160156
20170308154914433,-2.91622695922852
20170308154914434,-0.192533111572266
20170308154914435,-0.123868560791016
20170308154914436,-2.89333877563477
20170308154914437,-0.0323158264160156
20170308154914438,-0.337491607666016
20170308154914439,-2.86282119750977
20170308154914440,0.318636322021484
20170308154914441,-0.482450103759766
20170308154914442,-2.76363906860352
20170308154914443,0.387300872802734
20170308154914444,-0.619779205322266
20170308154914445,-2.80178604125977
20170308154914446,0.463594818115234
20170308154914447,-0.688443756103516
20170308154914448,-2.77889785766602
20170308154914449,0.562776947021484
20170308154914450,-0.856290435791016
20170308154914451,-2.83993301391602
20170308154914452,0.471224212646484
20170308154914453,-0.863919830322266
20170308154914454,-2.89333877563477
20170308154914455,0.593294525146484
20170308154914456,-0.818143463134766
20170308154914457,-2.93911514282227
20170308154914458,0.593294525146484
20170308154914459,-0.779996490478516
20170308154914460,-2.83230361938477
20170308154914461,0.715364837646484
20170308154914462,-0.985990142822266
20170308154914463,-2.89333877563477
20170308154914464,0.715364837646484
20170308154914465,-1.13857803344727
20170308154914466,-2.71786270141602
20170308154914467,0.776399993896484
20170308154914468,-0.947843170166016
20170308154914469,-2.76363906860352
20170308154914470,0.806917572021484
20170308154914471,-1.20724258422852
20170308154914472,-2.58053359985352
20170308154914473,0.898470306396484
20170308154914474,-1.34457168579102
20170308154914475,-2.46609268188477
20170308154914476,0.799288177490234
20170308154914477,-1.62685928344727
20170308154914478,-2.32113418579102
20170308154914479,0.784029388427734
20170308154914480,-1.84811172485352
20170308154914481,-2.22958145141602
20170308154914482,0.860323333740234
20170308154914483,-1.85574111938477
20170308154914484,-2.04647598266602
20170308154914485,0.654329681396484
20170308154914486,-2.14565811157227
20170308154914487,-1.87862930297852
20170308154914488,0.730623626708984
20170308154914489,-2.26772842407227
20170308154914490,-1.79470596313477
20170308154914491,0.745882415771484
20170308154914492,-2.42031631469727
20170308154914493,-1.55056533813477
20170308154914494,0.730623626708984
20170308154914495,-2.52712783813477
20170308154914496,-1.35983047485352
20170308154914497,0.669588470458984
20170308154914498,-2.76363906860352
20170308154914499,-1.29116592407227
20170308154914500,0.677217864990234
20170308154914501,-2.93911514282227
20170308154914502,-1.16909561157227
20170308154914503,0.555147552490234
20170308154914504,-2.93148574829102
20170308154914505,-1.03939590454102
20170308154914506,0.494112396240234
20170308154914507,-2.87807998657227
20170308154914508,-1.00124893188477
20170308154914509,0.532259368896484
20170308154914510,-2.96963272094727
20170308154914511,-0.810514068603516
20170308154914512,0.356783294677734
20170308154914513,-2.88570938110352
20170308154914514,-0.688443756103516
20170308154914515,0.204195404052734
20170308154914516,-2.96200332641602
20170308154914517,-0.566373443603516
20170308154914518,0.249971771240234
20170308154914519,-2.93148574829102
20170308154914520,-0.436673736572266
20170308154914521,0.272859954833984
20170308154914522,-2.93911514282227
20170308154914523,-0.253568267822266
20170308154914524,0.120272064208984
20170308154914525,-2.86282119750977
20170308154914526,-0.352750396728516
20170308154914527,0.0058311462402344
20170308154914528,-2.96200332641602
20170308154914529,-0.0628334045410156
20170308154914530,-0.184903717041016
20170308154914531,-2.93148574829102
20170308154914532,-0.162015533447266
20170308154914533,-0.154386138916016
20170308154914534,-2.82467422485352
20170308154914535,-0.253568267822266
20170308154914536,-0.200162506103516
20170308154914537,-2.90096817016602
20170308154914538,-0.0323158264160156
20170308154914539,-0.306974029541016
20170308154914540,-2.82467422485352
20170308154914541,0.0897544860839844
20170308154914542,-0.444303131103516
20170308154914543,-2.88570938110352
20170308154914544,-0.0399452209472656
20170308154914545,-0.360379791259766
20170308154914546,-2.96963272094727
20170308154914547,0.0287193298339844
20170308154914548,-0.299344635009766
20170308154914549,-2.90859756469727
20170308154914550,0.0439781188964844
20170308154914551,-0.383267974853516
20170308154914552,-2.93148574829102
20170308154914553,0.158419036865234
20170308154914554,-0.406156158447266
20170308154914555,-2.94674453735352
20170308154914556,0.0668663024902344
20170308154914557,-0.169644927978516
20170308154914558,-2.87807998657227
20170308154914559,0.0058311462402344
20170308154914560,-0.306974029541016
20170308154914561,-2.88570938110352
20170308154914562,0.463594818115234
20170308154914563,-0.429044342041016
20170308154914564,-2.83230361938477
20170308154914565,0.661959075927734
20170308154914566,-0.825772857666016
20170308154914567,-2.89333877563477
20170308154914568,0.455965423583984
20170308154914569,-0.802884674072266
20170308154914570,-2.90859756469727
20170308154914571,0.715364837646484
20170308154914572,-0.993619537353516
20170308154914573,-2.74838027954102
20170308154914574,0.417818450927734
20170308154914575,-0.741849517822266
20170308154914576,-2.82467422485352
20170308154914577,0.570406341552734
20170308154914578,-0.894437408447266
20170308154914579,-2.80941543579102
20170308154914580,0.814546966552734
20170308154914581,-1.00124893188477
20170308154914582,-2.74075088500977
20170308154914583,0.784029388427734
20170308154914584,-1.00887832641602
20170308154914585,-2.80178604125977
20170308154914586,0.845064544677734
20170308154914587,-1.16146621704102
20170308154914588,-2.64156875610352
20170308154914589,0.860323333740234
20170308154914590,-1.31405410766602
20170308154914591,-2.61105117797852
20170308154914592,0.768770599365234
20170308154914593,-1.48190078735352
20170308154914594,-2.48135147094727
20170308154914595,0.730623626708984
20170308154914596,-1.42849502563477
20170308154914597,-2.46609268188477
20170308154914598,0.707735443115234
20170308154914599,-1.47427139282227
20170308154914600,-2.53475723266602
20170308154914601,1.00528182983398
20170308154914602,-1.48190078735352
20170308154914603,-2.38979873657227
20170308154914604,0.768770599365234
20170308154914605,-1.58871231079102
20170308154914606,-2.32876358032227
20170308154914607,0.692476654052734
20170308154914608,-1.69552383422852
20170308154914609,-2.34402236938477
20170308154914610,0.768770599365234
20170308154914611,-1.84048233032227
20170308154914612,-2.13039932250977
20170308154914613,0.822176361083984
20170308154914614,-1.97018203735352
20170308154914615,-2.06173477172852
20170308154914616,0.768770599365234
20170308154914617,-2.22195205688477
20170308154914618,-1.75655899047852
20170308154914619,0.921358489990234
20170308154914620,-2.38216934204102
20170308154914621,-1.53530654907227
20170308154914622,0.791658782958984
20170308154914623,-2.71786270141602
20170308154914624,-1.26064834594727
20170308154914625,0.661959075927734
20170308154914626,-2.83993301391602
20170308154914627,-1.12331924438477
20170308154914628,0.623812103271484
20170308154914629,-2.90859756469727
20170308154914630,-1.03939590454102
20170308154914631,0.486483001708984
20170308154914632,-2.95437393188477
20170308154914633,-1.00887832641602
20170308154914634,0.517000579833984
20170308154914635,-2.94674453735352
20170308154914636,-0.764737701416016
20170308154914637,0.333895111083984
20170308154914638,-2.96200332641602
20170308154914639,-0.833402252197266
20170308154914640,0.448336029052734
20170308154914641,-3.06881484985352
20170308154914642,-0.787625885009766
20170308154914643,0.440706634521484
20170308154914644,-2.93911514282227
20170308154914645,-0.520597076416016
20170308154914646,0.158419036865234
20170308154914647,-2.89333877563477
20170308154914648,-0.444303131103516
20170308154914649,0.0592369079589844
20170308154914650,-2.93911514282227
20170308154914651,-0.429044342041016
20170308154914652,0.0973838806152344
20170308154914653,-2.85519180297852
20170308154914654,-0.345121002197266
20170308154914655,0.0210899353027344
20170308154914656,-2.88570938110352
20170308154914657,-0.177274322509766
20170308154914658,-0.146756744384766
20170308154914659,-2.89333877563477
20170308154914660,-0.0094276428222656
20170308154914661,-0.245938873291016
20170308154914662,-2.88570938110352
20170308154914663,0.0973838806152344
20170308154914664,-0.406156158447266
20170308154914665,-2.84756240844727
20170308154914666,0.501741790771484
20170308154914667,-0.795255279541016
20170308154914668,-2.93148574829102
20170308154914669,0.585665130615234
20170308154914670,-0.657926177978516
20170308154914671,-2.89333877563477
20170308154914672,0.539888763427734
20170308154914673,-0.863919830322266
20170308154914674,-2.81704483032227
20170308154914675,0.837435150146484
20170308154914676,-1.09280166625977
20170308154914677,-2.71023330688477
20170308154914678,0.906099700927734
20170308154914679,-1.17672500610352
20170308154914680,-2.68734512329102
20170308154914681,0.875582122802734
20170308154914682,-1.15383682250977
20170308154914683,-2.62630996704102
20170308154914684,0.722994232177734
20170308154914685,-1.15383682250977
20170308154914686,-2.68734512329102
20170308154914687,0.753511810302734
20170308154914688,-1.10043106079102
20170308154914689,-2.54238662719727
20170308154914690,0.722994232177734
20170308154914691,-1.25301895141602
20170308154914692,-2.64919815063477
20170308154914693,0.692476654052734
20170308154914694,-1.12331924438477
20170308154914695,-2.71023330688477
20170308154914696,0.677217864990234
20170308154914697,-1.16146621704102
20170308154914698,-2.64156875610352
20170308154914699,0.944246673583984
20170308154914700,-1.17672500610352
20170308154914701,-2.72549209594727
20170308154914702,0.791658782958984
20170308154914703,-1.32931289672852
20170308154914704,-2.69497451782227
20170308154914705,0.852693939208984
20170308154914706,-1.28353652954102
20170308154914707,-2.58053359985352
20170308154914708,0.898470306396484
20170308154914709,-1.54293594360352
20170308154914710,-2.38979873657227
20170308154914711,0.814546966552734
20170308154914712,-1.64211807250977
20170308154914713,-2.37453994750977
20170308154914714,0.921358489990234
20170308154914715,-1.64211807250977
20170308154914716,-2.40505752563477
20170308154914717,0.707735443115234
20170308154914718,-1.66500625610352
20170308154914719,-2.33639297485352
20170308154914720,0.707735443115234
20170308154914721,-1.71841201782227
20170308154914722,-2.31350479125977
20170308154914723,0.776399993896484
20170308154914724,-1.93966445922852
20170308154914725,-2.17617568969727
20170308154914726,0.700106048583984
20170308154914727,-2.00832901000977
20170308154914728,-2.03121719360352
20170308154914729,0.661959075927734
20170308154914730,-1.99307022094727
20170308154914731,-1.97018203735352
20170308154914732,0.654329681396484
20170308154914733,-1.96255264282227
20170308154914734,-2.03121719360352
20170308154914735,0.654329681396484
20170308154914736,-1.86337051391602
20170308154914737,-2.11514053344727
20170308154914738,0.707735443115234
20170308154914739,-1.84048233032227
20170308154914740,-2.14565811157227
20170308154914741,0.623812103271484
20170308154914742,-1.98544082641602
20170308154914743,-2.15328750610352
20170308154914744,0.623812103271484
20170308154914745,-2.06936416625977
20170308154914746,-1.97781143188477
20170308154914747,0.700106048583984
20170308154914748,-2.09225234985352
20170308154914749,-1.80996475219727
20170308154914750,0.700106048583984
20170308154914751,-2.42794570922852
20170308154914752,-1.67263565063477
20170308154914753,0.791658782958984
20170308154914754,-2.64156875610352
20170308154914755,-1.41323623657227
20170308154914756,0.661959075927734
20170308154914757,-2.77889785766602
20170308154914758,-1.16909561157227
20170308154914759,0.501741790771484
20170308154914760,-2.97726211547852
20170308154914761,-1.10806045532227
20170308154914762,0.463594818115234
20170308154914763,-3.00015029907227
20170308154914764,-1.03939590454102
20170308154914765,0.593294525146484
20170308154914766,-3.00777969360352
20170308154914767,-0.612149810791016
20170308154914768,0.249971771240234
20170308154914769,-2.89333877563477
20170308154914770,-0.467191314697266
20170308154914771,0.112642669677734
20170308154914772,-2.87807998657227
20170308154914773,-0.306974029541016
20170308154914774,-0.0552040100097656
20170308154914775,-2.92385635375977
20170308154914776,0.0287193298339844
20170308154914777,-0.413785552978516
20170308154914778,-2.91622695922852
20170308154914779,0.249971771240234
20170308154914780,-0.337491607666016
20170308154914781,-2.91622695922852
20170308154914782,0.227083587646484
20170308154914783,-0.574002838134766
20170308154914784,-2.83993301391602
20170308154914785,0.532259368896484
20170308154914786,-0.810514068603516
20170308154914787,-2.84756240844727
20170308154914788,0.822176361083984
20170308154914789,-0.947843170166016
20170308154914790,-2.78652725219727
20170308154914791,0.852693939208984
20170308154914792,-1.09280166625977
20170308154914793,-2.71023330688477
20170308154914794,0.913729095458984
20170308154914795,-1.42086563110352
20170308154914796,-2.56527481079102
20170308154914797,1.05868759155273
20170308154914798,-1.42849502563477
20170308154914799,-2.56527481079102
20170308154914800,1.02054061889648
20170308154914801,-1.42849502563477
20170308154914802,-2.65682754516602
20170308154914803,0.837435150146484
20170308154914804,-1.43612442016602
20170308154914805,-2.48135147094727
20170308154914806,0.539888763427734
20170308154914807,-1.42086563110352
20170308154914808,-2.58053359985352
20170308154914809,0.837435150146484
20170308154914810,-1.53530654907227
20170308154914811,-2.44320449829102
20170308154914812,0.867952728271484
20170308154914813,-1.70315322875977
20170308154914814,-2.31350479125977
20170308154914815,0.700106048583984
20170308154914816,-1.82522354125977
20170308154914817,-2.06936416625977
20170308154914818,0.730623626708984
20170308154914819,-2.10751113891602
20170308154914820,-2.08462295532227
20170308154914821,0.867952728271484
20170308154914822,-2.16091690063477
20170308154914823,-1.90151748657227
20170308154914824,0.753511810302734
20170308154914825,-2.17617568969727
20170308154914826,-1.88625869750977
20170308154914827,0.654329681396484
20170308154914828,-2.22958145141602
20170308154914829,-1.80996475219727
20170308154914830,0.837435150146484
20170308154914831,-2.25246963500977
20170308154914832,-1.98544082641602
20170308154914833,0.730623626708984
20170308154914834,-2.29061660766602
20170308154914835,-1.84048233032227
20170308154914836,0.593294525146484
20170308154914837,-2.23721084594727
20170308154914838,-1.88625869750977
20170308154914839,0.677217864990234
20170308154914840,-2.29061660766602
20170308154914841,-1.87862930297852
20170308154914842,0.822176361083984
20170308154914843,-2.24484024047852
20170308154914844,-1.80996475219727
20170308154914845,0.753511810302734
20170308154914846,-2.29824600219727
20170308154914847,-1.74130020141602
20170308154914848,0.608553314208984
20170308154914849,-2.22195205688477
20170308154914850,-1.77944717407227
20170308154914851,0.547518157958984
20170308154914852,-2.35165176391602
20170308154914853,-1.64974746704102
20170308154914854,0.700106048583984
20170308154914855,-2.62630996704102
20170308154914856,-1.39797744750977
20170308154914857,0.593294525146484
20170308154914858,-2.70260391235352
20170308154914859,-1.33694229125977
20170308154914860,0.700106048583984
20170308154914861,-2.80178604125977
20170308154914862,-1.23776016235352
20170308154914863,0.532259368896484
20170308154914864,-2.81704483032227
20170308154914865,-1.16146621704102
20170308154914866,0.539888763427734
20170308154914867,-2.81704483032227
20170308154914868,-1.17672500610352
20170308154914869,0.585665130615234
20170308154914870,-2.81704483032227
20170308154914871,-1.22250137329102
20170308154914872,0.494112396240234
20170308154914873,-2.84756240844727
20170308154914874,-1.22250137329102
20170308154914875,0.707735443115234
20170308154914876,-2.96200332641602
20170308154914877,-0.955472564697266
20170308154914878,0.478853607177734
20170308154914879,-2.93911514282227
20170308154914880,-0.619779205322266
20170308154914881,0.249971771240234
20170308154914882,-2.94674453735352
20170308154914883,-0.558744049072266
20170308154914884,0.311006927490234
20170308154914885,-2.96200332641602
20170308154914886,-0.390897369384766
20170308154914887,0.127901458740234
20170308154914888,-2.95437393188477
20170308154914889,-0.390897369384766
20170308154914890,-0.0323158264160156
20170308154914891,-3.01540908813477
20170308154914892,-0.261197662353516
20170308154914893,-0.131497955322266
20170308154914894,-2.88570938110352
20170308154914895,0.0287193298339844
20170308154914896,-0.329862213134766
20170308154914897,-2.85519180297852
20170308154914898,0.211824798583984
20170308154914899,-0.482450103759766
20170308154914900,-2.83230361938477
20170308154914901,0.333895111083984
20170308154914902,-0.718961334228516
20170308154914903,-2.91622695922852
20170308154914904,0.608553314208984
20170308154914905,-0.932584381103516
20170308154914906,-2.79415664672852
20170308154914907,0.738253021240234
20170308154914908,-1.11568984985352
20170308154914909,-2.77126846313477
20170308154914910,0.791658782958984
20170308154914911,-1.12331924438477
20170308154914912,-2.69497451782227
20170308154914913,0.883211517333984
20170308154914914,-1.05465469360352
20170308154914915,-2.57290420532227
20170308154914916,0.883211517333984
20170308154914917,-1.61922988891602
20170308154914918,-2.23721084594727
20170308154914919,0.730623626708984
20170308154914920,-1.93203506469727
20170308154914921,-2.19906387329102
20170308154914922,0.745882415771484
20170308154914923,-2.17617568969727
20170308154914924,-1.69552383422852
20170308154914925,0.776399993896484
20170308154914926,-2.55764541625977
20170308154914927,-1.39797744750977
20170308154914928,0.555147552490234
20170308154914929,-2.76363906860352
20170308154914930,-1.42086563110352
20170308154914931,0.623812103271484
20170308154914932,-2.78652725219727
20170308154914933,-1.27590713500977
20170308154914934,0.478853607177734
20170308154914935,-2.93148574829102
20170308154914936,-1.13094863891602
20170308154914937,0.585665130615234
20170308154914938,-2.93911514282227
20170308154914939,-0.932584381103516
20170308154914940,0.455965423583984
20170308154914941,-2.93911514282227
20170308154914942,-0.825772857666016
20170308154914943,0.501741790771484
20170308154914944,-2.98489151000977
20170308154914945,-0.482450103759766
20170308154914946,0.204195404052734
20170308154914947,-2.93911514282227
20170308154914948,-0.505338287353516
20170308154914949,0.112642669677734
20170308154914950,-2.91622695922852
20170308154914951,-0.245938873291016
20170308154914952,-0.0017982482910156
20170308154914953,-2.95437393188477
20170308154914954,-0.284085845947266
20170308154914955,-0.0246864318847656
20170308154914956,-2.90096817016602
20170308154914957,-0.474820709228516
20170308154914958,0.0516075134277344
20170308154914959,-2.90096817016602
20170308154914960,-0.467191314697266
20170308154914961,0.127901458740234
20170308154914962,-2.87807998657227
20170308154914963,-0.253568267822266
20170308154914964,-0.0704627990722656
20170308154914965,-2.93148574829102
20170308154914966,-0.306974029541016
20170308154914967,-0.100980377197266
20170308154914968,-3.02303848266602
20170308154914969,0.120272064208984
20170308154914970,-0.368009185791016
20170308154914971,-2.83230361938477
20170308154914972,0.311006927490234
20170308154914973,-0.490079498291016
20170308154914974,-2.91622695922852
20170308154914975,0.639070892333984
20170308154914976,-0.841031646728516
20170308154914977,-2.88570938110352
20170308154914978,0.562776947021484
20170308154914979,-0.863919830322266
20170308154914980,-2.88570938110352
20170308154914981,0.677217864990234
20170308154914982,-0.650296783447266
20170308154914983,-2.75600967407227
20170308154914984,0.562776947021484
20170308154914985,-0.833402252197266
20170308154914986,-2.80178604125977
20170308154914987,0.471224212646484
20170308154914988,-0.749478912353516
20170308154914989,-2.79415664672852
20170308154914990,0.600923919677734
20170308154914991,-0.947843170166016
20170308154914992,-2.78652725219727
20170308154914993,0.654329681396484
20170308154914994,-0.993619537353516
20170308154914995,-2.76363906860352
20170308154914996,0.814546966552734
20170308154914997,-1.02413711547852
20170308154914998,-2.72549209594727
20170308154914999,0.684847259521484
20170308154915000,-1.09280166625977
20170308154915001,-2.81704483032227
20170308154915002,0.883211517333984
20170308154915003,-1.15383682250977
20170308154915004,-2.65682754516602
20170308154915005,0.753511810302734
20170308154915006,-1.06991348266602
20170308154915007,-2.68734512329102
20170308154915008,0.959505462646484
20170308154915009,-1.02413711547852
20170308154915010,-2.74075088500977
20170308154915011,0.661959075927734
20170308154915012,-1.02413711547852
20170308154915013,-2.82467422485352
20170308154915014,0.631441497802734
20170308154915015,-0.909696197509766
20170308154915016,-2.86282119750977
20170308154915017,0.761141204833984
20170308154915018,-0.963101959228516
20170308154915019,-2.77889785766602
20170308154915020,0.616182708740234
20170308154915021,-1.01650772094727
20170308154915022,-2.81704483032227
20170308154915023,0.822176361083984
20170308154915024,-1.26064834594727
20170308154915025,-2.69497451782227
20170308154915026,0.806917572021484
20170308154915027,-1.26827774047852
20170308154915028,-2.68734512329102
20170308154915029,0.845064544677734
20170308154915030,-1.29116592407227
20170308154915031,-2.58816299438477
20170308154915032,0.814546966552734
20170308154915033,-1.56582412719727
20170308154915034,-2.45083389282227
20170308154915035,0.722994232177734
20170308154915036,-1.72604141235352
20170308154915037,-2.46609268188477
20170308154915038,0.707735443115234
20170308154915039,-1.58871231079102
20170308154915040,-2.33639297485352
20170308154915041,0.806917572021484
20170308154915042,-1.80233535766602
20170308154915043,-2.16091690063477
20170308154915044,0.814546966552734
20170308154915045,-1.93203506469727
20170308154915046,-2.18380508422852
20170308154915047,0.654329681396484
20170308154915048,-2.02358779907227
20170308154915049,-2.07699356079102
20170308154915050,0.700106048583984
20170308154915051,-2.31350479125977
20170308154915052,-1.71078262329102
20170308154915053,0.722994232177734
20170308154915054,-2.38979873657227
20170308154915055,-1.45901260375977
20170308154915056,0.799288177490234
20170308154915057,-2.83230361938477
20170308154915058,-1.28353652954102
20170308154915059,0.608553314208984
20170308154915060,-2.87807998657227
20170308154915061,-1.12331924438477
20170308154915062,0.593294525146484
20170308154915063,-2.97726211547852
20170308154915064,-0.932584381103516
20170308154915065,0.455965423583984
20170308154915066,-2.96963272094727
20170308154915067,-0.902066802978516
20170308154915068,0.440706634521484
20170308154915069,-2.94674453735352
20170308154915070,-0.512967681884766
20170308154915071,0.272859954833984
20170308154915072,-2.88570938110352
20170308154915073,-0.505338287353516
20170308154915074,0.143160247802734
20170308154915075,-2.93148574829102
20170308154915076,-0.322232818603516
20170308154915077,0.0210899353027344
20170308154915078,-2.88570938110352
20170308154915079,-0.360379791259766
20170308154915080,-0.0475746154785156
20170308154915081,-2.93148574829102
20170308154915082,-0.100980377197266
20170308154915083,-0.162015533447266
20170308154915084,-2.85519180297852
20170308154915085,-0.0857215881347656
20170308154915086,-0.322232818603516
20170308154915087,-2.87807998657227
20170308154915088,-0.0857215881347656
20170308154915089,-0.383267974853516
20170308154915090,-2.99252090454102
20170308154915091,-0.0628334045410156
20170308154915092,-0.253568267822266
20170308154915093,-2.96963272094727
20170308154915094,-0.200162506103516
20170308154915095,-0.245938873291016
20170308154915096,-2.91622695922852
20170308154915097,-0.0933509826660156
20170308154915098,-0.368009185791016
20170308154915099,-2.87045059204102
20170308154915100,0.0744956970214844
20170308154915101,-0.383267974853516
20170308154915102,-2.87807998657227
20170308154915103,0.509371185302734
20170308154915104,-0.520597076416016
20170308154915105,-2.80178604125977
20170308154915106,0.135530853271484
20170308154915107,-0.482450103759766
20170308154915108,-2.80178604125977
20170308154915109,0.219454193115234
20170308154915110,-0.543485260009766
20170308154915111,-2.80941543579102
20170308154915112,0.524629974365234
20170308154915113,-0.688443756103516
20170308154915114,-2.84756240844727
20170308154915115,0.555147552490234
20170308154915116,-0.863919830322266
20170308154915117,-2.86282119750977
20170308154915118,0.562776947021484
20170308154915119,-1.06991348266602
20170308154915120,-2.83230361938477
20170308154915121,0.700106048583984
20170308154915122,-1.13094863891602
20170308154915123,-2.73312149047852
20170308154915124,0.700106048583984
20170308154915125,-0.970731353759766
20170308154915126,-2.72549209594727
20170308154915127,0.761141204833984
20170308154915128,-1.14620742797852
20170308154915129,-2.77889785766602
20170308154915130,0.646700286865234
20170308154915131,-1.24538955688477
20170308154915132,-2.72549209594727
20170308154915133,0.913729095458984
20170308154915134,-1.18435440063477
20170308154915135,-2.72549209594727
20170308154915136,0.669588470458984
20170308154915137,-1.00124893188477
20170308154915138,-2.67208633422852
20170308154915139,0.738253021240234
20170308154915140,-1.19198379516602
20170308154915141,-2.66445693969727
20170308154915142,0.860323333740234
20170308154915143,-1.45901260375977
20170308154915144,-2.54238662719727
20170308154915145,0.791658782958984
20170308154915146,-1.56582412719727
20170308154915147,-2.55001602172852
20170308154915148,0.730623626708984
20170308154915149,-1.68026504516602
20170308154915150,-2.48135147094727
20170308154915151,0.669588470458984
20170308154915152,-1.58108291625977
20170308154915153,-2.40505752563477
20170308154915154,0.875582122802734
20170308154915155,-1.68026504516602
20170308154915156,-2.34402236938477
20170308154915157,0.753511810302734
20170308154915158,-1.64974746704102
20170308154915159,-2.23721084594727
20170308154915160,0.753511810302734
20170308154915161,-1.69552383422852
20170308154915162,-2.21432266235352
20170308154915163,0.745882415771484
20170308154915164,-1.80996475219727
20170308154915165,-2.12276992797852
20170308154915166,0.608553314208984
20170308154915167,-2.10751113891602
20170308154915168,-1.99307022094727
20170308154915169,0.631441497802734
20170308154915170,-2.25246963500977
20170308154915171,-1.93203506469727
20170308154915172,0.707735443115234
20170308154915173,-2.19906387329102
20170308154915174,-1.75655899047852
20170308154915175,0.661959075927734
20170308154915176,-2.22195205688477
20170308154915177,-1.74892959594727
20170308154915178,0.738253021240234
20170308154915179,-2.38216934204102
20170308154915180,-1.72604141235352
20170308154915181,0.600923919677734
20170308154915182,-2.34402236938477
20170308154915183,-1.68026504516602
20170308154915184,0.631441497802734
20170308154915185,-2.55764541625977
20170308154915186,-1.47427139282227
20170308154915187,0.570406341552734
20170308154915188,-2.60342178344727
20170308154915189,-1.42849502563477
20170308154915190,0.517000579833984
20170308154915191,-2.78652725219727
20170308154915192,-1.28353652954102
20170308154915193,0.501741790771484
20170308154915194,-2.90859756469727
20170308154915195,-1.08517227172852
20170308154915196,0.654329681396484
20170308154915197,-2.96963272094727
20170308154915198,-1.01650772094727
20170308154915199,0.532259368896484
20170308154915200,-3.02303848266602
20170308154915201,-0.818143463134766
20170308154915202,0.265230560302734
20170308154915203,-2.98489151000977
20170308154915204,-0.711331939697266
20170308154915205,0.311006927490234
20170308154915206,-2.95437393188477
20170308154915207,-0.459561920166016
20170308154915208,-0.0094276428222656
20170308154915209,-3.00015029907227
20170308154915210,-0.352750396728516
20170308154915211,-0.0628334045410156
20170308154915212,-2.93148574829102
20170308154915213,-0.0399452209472656
20170308154915214,-0.337491607666016
20170308154915215,-2.88570938110352
20170308154915216,0.280489349365234
20170308154915217,-0.612149810791016
20170308154915218,-2.93148574829102
20170308154915219,0.539888763427734
20170308154915220,-0.879178619384766
20170308154915221,-2.84756240844727
20170308154915222,0.806917572021484
20170308154915223,-1.18435440063477
20170308154915224,-2.71786270141602
20170308154915225,0.837435150146484
20170308154915226,-1.38271865844727
20170308154915227,-2.55764541625977
20170308154915228,0.921358489990234
20170308154915229,-1.85574111938477
20170308154915230,-2.31350479125977
20170308154915231,0.715364837646484
20170308154915232,-1.77944717407227
20170308154915233,-2.38216934204102
20170308154915234,0.600923919677734
20170308154915235,-1.77944717407227
20170308154915236,-2.22958145141602
20170308154915237,0.860323333740234
20170308154915238,-1.90151748657227
20170308154915239,-2.05410537719727
20170308154915240,0.753511810302734
20170308154915241,-2.08462295532227
20170308154915242,-1.89388809204102
20170308154915243,0.715364837646484
20170308154915244,-2.09225234985352
20170308154915245,-1.95492324829102
20170308154915246,0.761141204833984
20170308154915247,-2.22195205688477
20170308154915248,-1.90151748657227
20170308154915249,0.768770599365234
20170308154915250,-2.28298721313477
20170308154915251,-1.80996475219727
20170308154915252,0.608553314208984
20170308154915253,-2.24484024047852
20170308154915254,-1.86337051391602
20170308154915255,0.692476654052734
20170308154915256,-2.30587539672852
20170308154915257,-1.72604141235352
20170308154915258,0.600923919677734
20170308154915259,-2.30587539672852
20170308154915260,-1.74892959594727
20170308154915261,0.669588470458984
20170308154915262,-2.47372207641602
20170308154915263,-1.74892959594727
20170308154915264,0.684847259521484
20170308154915265,-2.47372207641602
20170308154915266,-1.50478897094727
20170308154915267,0.600923919677734
20170308154915268,-2.60342178344727
20170308154915269,-1.39034805297852
20170308154915270,0.623812103271484
20170308154915271,-2.60342178344727
20170308154915272,-1.37508926391602
20170308154915273,0.646700286865234
20170308154915274,-2.67208633422852
20170308154915275,-1.32931289672852
20170308154915276,0.791658782958984
20170308154915277,-2.84756240844727
20170308154915278,-1.25301895141602
20170308154915279,0.707735443115234
20170308154915280,-2.75600967407227
20170308154915281,-1.12331924438477
20170308154915282,0.532259368896484
20170308154915283,-2.90859756469727
20170308154915284,-1.10806045532227
20170308154915285,0.654329681396484
20170308154915286,-2.88570938110352
20170308154915287,-1.03939590454102
20170308154915288,0.494112396240234
20170308154915289,-3.00015029907227
20170308154915290,-1.03176651000977
20170308154915291,0.486483001708984
20170308154915292,-2.93911514282227
20170308154915293,-0.909696197509766
20170308154915294,0.425447845458984
20170308154915295,-2.98489151000977
20170308154915296,-1.01650772094727
20170308154915297,0.417818450927734
20170308154915298,-2.93148574829102
20170308154915299,-1.06228408813477
20170308154915300,0.372042083740234
20170308154915301,-2.97726211547852
20170308154915302,-1.10806045532227
20170308154915303,0.333895111083984
20170308154915304,-2.90859756469727
20170308154915305,-1.20724258422852
20170308154915306,0.547518157958984
20170308154915307,-3.00015029907227
20170308154915308,-0.970731353759766
20170308154915309,0.486483001708984
20170308154915310,-2.96963272094727
20170308154915311,-1.03939590454102
20170308154915312,0.478853607177734
20170308154915313,-3.04592666625977
20170308154915314,-1.13094863891602
20170308154915315,0.501741790771484
20170308154915316,-2.92385635375977
20170308154915317,-1.14620742797852
20170308154915318,0.494112396240234
20170308154915319,-2.92385635375977
20170308154915320,-0.993619537353516
20170308154915321,0.394930267333984
20170308154915322,-2.90859756469727
20170308154915323,-1.00887832641602
20170308154915324,0.646700286865234
20170308154915325,-2.91622695922852
20170308154915326,-1.03939590454102
20170308154915327,0.501741790771484
20170308154915328,-2.99252090454102
20170308154915329,-0.955472564697266
20170308154915330,0.410189056396484
20170308154915331,-2.96200332641602
20170308154915332,-0.635037994384766
20170308154915333,0.204195404052734
20170308154915334,-3.01540908813477
20170308154915335,-0.383267974853516
20170308154915336,0.0973838806152344
20170308154915337,-2.97726211547852
20170308154915338,-0.505338287353516
20170308154915339,-0.0170570373535156
20170308154915340,-3.01540908813477
20170308154915341,-0.284085845947266
20170308154915342,-0.154386138916016
20170308154915343,-2.93911514282227
20170308154915344,-0.0170570373535156
20170308154915345,-0.383267974853516
20170308154915346,-2.94674453735352
20170308154915347,0.326265716552734
20170308154915348,-0.596891021728516
20170308154915349,-2.93911514282227
20170308154915350,0.570406341552734
20170308154915351,-0.680814361572266
20170308154915352,-2.89333877563477
20170308154915353,0.532259368896484
20170308154915354,-0.863919830322266
20170308154915355,-2.88570938110352
20170308154915356,0.761141204833984
20170308154915357,-1.06228408813477
20170308154915358,-2.75600967407227
20170308154915359,0.837435150146484
20170308154915360,-1.21487197875977
20170308154915361,-2.73312149047852
20170308154915362,0.753511810302734
20170308154915363,-1.11568984985352
20170308154915364,-2.64919815063477
20170308154915365,1.08920516967773
20170308154915366,-1.29116592407227
20170308154915367,-2.59579238891602
20170308154915368,0.898470306396484
20170308154915369,-1.43612442016602
20170308154915370,-2.51949844360352
20170308154915371,0.867952728271484
20170308154915372,-1.65737686157227
20170308154915373,-2.28298721313477
20170308154915374,0.738253021240234
20170308154915375,-1.97018203735352
20170308154915376,-2.12276992797852
20170308154915377,0.738253021240234
20170308154915378,-2.10751113891602
20170308154915379,-2.03884658813477
20170308154915380,0.700106048583984
20170308154915381,-2.31350479125977
20170308154915382,-1.87099990844727
20170308154915383,0.631441497802734
20170308154915384,-2.29824600219727
20170308154915385,-1.84811172485352
20170308154915386,0.616182708740234
20170308154915387,-2.26009902954102
20170308154915388,-1.82522354125977
20170308154915389,0.738253021240234
20170308154915390,-2.38216934204102
20170308154915391,-1.73367080688477
20170308154915392,0.776399993896484
20170308154915393,-2.55764541625977
20170308154915394,-1.51241836547852
20170308154915395,0.730623626708984
20170308154915396,-2.76363906860352
20170308154915397,-1.42086563110352
20170308154915398,0.646700286865234
20170308154915399,-2.87045059204102
20170308154915400,-1.18435440063477
20170308154915401,0.494112396240234
20170308154915402,-2.94674453735352
20170308154915403,-1.10043106079102
20170308154915404,0.547518157958984
20170308154915405,-2.85519180297852
20170308154915406,-1.15383682250977
20170308154915407,0.585665130615234
20170308154915408,-2.88570938110352
20170308154915409,-1.10806045532227
20170308154915410,0.509371185302734
20170308154915411,-2.87807998657227
20170308154915412,-1.16909561157227
20170308154915413,0.715364837646484
20170308154915414,-2.83993301391602
20170308154915415,-1.21487197875977
20170308154915416,0.562776947021484
20170308154915417,-2.90859756469727
20170308154915418,-1.16146621704102
20170308154915419,0.410189056396484
20170308154915420,-2.78652725219727
20170308154915421,-1.20724258422852
20170308154915422,0.616182708740234
20170308154915423,-2.97726211547852
20170308154915424,-1.09280166625977
20170308154915425,0.417818450927734
20170308154915426,-2.92385635375977
20170308154915427,-1.10806045532227
20170308154915428,0.249971771240234
20170308154915429,-2.92385635375977
20170308154915430,-1.28353652954102
20170308154915431,0.539888763427734
20170308154915432,-2.88570938110352
20170308154915433,-1.06991348266602
20170308154915434,0.463594818115234
20170308154915435,-2.98489151000977
20170308154915436,-1.14620742797852
20170308154915437,0.539888763427734
20170308154915438,-2.94674453735352
20170308154915439,-0.978360748291016
20170308154915440,0.425447845458984
20170308154915441,-3.03066787719727
20170308154915442,-0.970731353759766
20170308154915443,0.517000579833984
20170308154915444,-3.00777969360352
20170308154915445,-0.535855865478516
20170308154915446,0.341524505615234
20170308154915447,-3.05355606079102
20170308154915448,-0.421414947509766
20170308154915449,0.0897544860839844
20170308154915450,-2.96963272094727
20170308154915451,-0.337491607666016
20170308154915452,-0.0628334045410156
20170308154915453,-2.98489151000977
20170308154915454,-0.100980377197266
20170308154915455,-0.223050689697266
20170308154915456,-2.95437393188477
20170308154915457,-0.0399452209472656
20170308154915458,-0.261197662353516
20170308154915459,-2.87807998657227
20170308154915460,-0.177274322509766
20170308154915461,-0.261197662353516
20170308154915462,-2.93911514282227
20170308154915463,-0.0857215881347656
20170308154915464,-0.131497955322266
20170308154915465,-2.91622695922852
20170308154915466,0.0516075134277344
20170308154915467,-0.345121002197266
20170308154915468,-3.00015029907227
20170308154915469,-0.146756744384766
20170308154915470,-0.169644927978516
20170308154915471,-2.97726211547852
20170308154915472,-0.108609771728516
20170308154915473,-0.268827056884766
20170308154915474,-2.95437393188477
20170308154915475,-0.345121002197266
20170308154915476,-0.238309478759766
20170308154915477,-2.93911514282227
20170308154915478,-0.131497955322266
20170308154915479,-0.0704627990722656
20170308154915480,-2.93911514282227
20170308154915481,-0.192533111572266
20170308154915482,-0.200162506103516
20170308154915483,-3.03066787719727
20170308154915484,-0.253568267822266
20170308154915485,-0.230680084228516
20170308154915486,-2.97726211547852
20170308154915487,-0.192533111572266
20170308154915488,-0.200162506103516
20170308154915489,-2.97726211547852
20170308154915490,0.0058311462402344
20170308154915491,-0.406156158447266
20170308154915492,-2.87045059204102
20170308154915493,0.181307220458984
20170308154915494,-0.459561920166016
20170308154915495,-2.78652725219727
20170308154915496,0.166048431396484
20170308154915497,-0.535855865478516
20170308154915498,-2.78652725219727
20170308154915499,0.364412689208984
20170308154915500,-0.657926177978516
20170308154915501,-2.92385635375977
20170308154915502,0.494112396240234
20170308154915503,-0.779996490478516
20170308154915504,-2.82467422485352
20170308154915505,0.547518157958984
20170308154915506,-0.879178619384766
20170308154915507,-2.85519180297852
20170308154915508,0.799288177490234
20170308154915509,-1.15383682250977
20170308154915510,-2.75600967407227
20170308154915511,0.730623626708984
20170308154915512,-1.26827774047852
20170308154915513,-2.65682754516602
20170308154915514,0.791658782958984
20170308154915515,-1.43612442016602
20170308154915516,-2.56527481079102
20170308154915517,0.753511810302734
20170308154915518,-1.42849502563477
20170308154915519,-2.52712783813477
20170308154915520,0.730623626708984
20170308154915521,-1.64974746704102
20170308154915522,-2.34402236938477
20170308154915523,0.715364837646484
20170308154915524,-2.10751113891602
20170308154915525,-2.06936416625977
20170308154915526,0.639070892333984
20170308154915527,-2.03884658813477
20170308154915528,-2.13039932250977
20170308154915529,0.944246673583984
20170308154915530,-2.05410537719727
20170308154915531,-1.90914688110352
20170308154915532,0.745882415771484
20170308154915533,-2.42031631469727
20170308154915534,-1.66500625610352
20170308154915535,0.646700286865234
20170308154915536,-2.32876358032227
20170308154915537,-1.76418838500977
20170308154915538,0.707735443115234
20170308154915539,-2.45846328735352
20170308154915540,-1.39797744750977
20170308154915541,0.570406341552734
20170308154915542,-2.80178604125977
20170308154915543,-1.19198379516602
20170308154915544,0.593294525146484
20170308154915545,-2.76363906860352
20170308154915546,-1.14620742797852
20170308154915547,0.639070892333984
20170308154915548,-2.86282119750977
20170308154915549,-1.02413711547852
20170308154915550,0.478853607177734
20170308154915551,-2.95437393188477
20170308154915552,-1.03939590454102
20170308154915553,0.501741790771484
20170308154915554,-3.03829727172852
20170308154915555,-1.07754287719727
20170308154915556,0.478853607177734
20170308154915557,-2.92385635375977
20170308154915558,-1.05465469360352
20170308154915559,0.478853607177734
20170308154915560,-2.92385635375977
20170308154915561,-1.06991348266602
20170308154915562,0.448336029052734
20170308154915563,-2.96963272094727
20170308154915564,-0.985990142822266
20170308154915565,0.448336029052734
20170308154915566,-2.98489151000977
20170308154915567,-0.635037994384766
20170308154915568,0.219454193115234
20170308154915569,-3.00015029907227
20170308154915570,-0.528226470947266
20170308154915571,0.166048431396484
20170308154915572,-2.98489151000977
20170308154915573,-0.383267974853516
20170308154915574,0.105013275146484
20170308154915575,-2.90096817016602
20170308154915576,-0.406156158447266
20170308154915577,0.242342376708984
20170308154915578,-2.87045059204102
20170308154915579,-0.558744049072266
20170308154915580,0.181307220458984
20170308154915581,-2.95437393188477
20170308154915582,-0.459561920166016
20170308154915583,0.249971771240234
20170308154915584,-2.90096817016602
20170308154915585,-0.512967681884766
20170308154915586,0.127901458740234
20170308154915587,-3.01540908813477
20170308154915588,-0.276456451416016
20170308154915589,0.0287193298339844
20170308154915590,-2.90859756469727
20170308154915591,-0.291715240478516
20170308154915592,-0.162015533447266
20170308154915593,-3.03829727172852
20170308154915594,-0.100980377197266
20170308154915595,-0.215421295166016
20170308154915596,-2.95437393188477
20170308154915597,-0.276456451416016
20170308154915598,-0.0246864318847656
20170308154915599,-2.95437393188477
20170308154915600,-0.276456451416016
20170308154915601,-0.0933509826660156
20170308154915602,-3.03066787719727
20170308154915603,-0.444303131103516
20170308154915604,0.105013275146484
20170308154915605,-2.94674453735352
20170308154915606,-0.322232818603516
20170308154915607,-0.0246864318847656
20170308154915608,-2.87807998657227
20170308154915609,-0.398526763916016
20170308154915610,0.112642669677734
20170308154915611,-2.95437393188477
20170308154915612,-0.612149810791016
20170308154915613,0.227083587646484
20170308154915614,-2.96963272094727
20170308154915615,-0.322232818603516
20170308154915616,0.181307220458984
20170308154915617,-2.88570938110352
20170308154915618,-0.612149810791016
20170308154915619,0.181307220458984
20170308154915620,-2.92385635375977
20170308154915621,-0.383267974853516
20170308154915622,0.204195404052734
20170308154915623,-2.92385635375977
20170308154915624,-0.429044342041016
20170308154915625,0.272859954833984
20170308154915626,-2.94674453735352
20170308154915627,-0.398526763916016
20170308154915628,0.143160247802734
20170308154915629,-2.87807998657227
20170308154915630,-0.413785552978516
20170308154915631,0.112642669677734
20170308154915632,-2.89333877563477
20170308154915633,-0.551114654541016
20170308154915634,0.196566009521484
20170308154915635,-3.02303848266602
20170308154915636,-0.490079498291016
20170308154915637,0.181307220458984
20170308154915638,-2.99252090454102
20170308154915639,-0.467191314697266
20170308154915640,-0.0475746154785156
20170308154915641,-2.95437393188477
20170308154915642,-0.383267974853516
20170308154915643,0.0210899353027344
20170308154915644,-2.94674453735352
20170308154915645,-0.421414947509766
20170308154915646,0.0058311462402344
20170308154915647,-3.01540908813477
20170308154915648,-0.261197662353516
20170308154915649,0.303377532958984
20170308154915650,-2.96200332641602
20170308154915651,-0.436673736572266
20170308154915652,0.295748138427734
20170308154915653,-2.89333877563477
20170308154915654,-0.299344635009766
20170308154915655,-0.0552040100097656
20170308154915656,-2.83230361938477
20170308154915657,-0.398526763916016
20170308154915658,0.0287193298339844
20170308154915659,-2.93911514282227
20170308154915660,-0.436673736572266
20170308154915661,0.242342376708984
20170308154915662,-2.96200332641602
20170308154915663,-0.322232818603516
20170308154915664,-0.0628334045410156
20170308154915665,-3.01540908813477
20170308154915666,-0.169644927978516
20170308154915667,-0.245938873291016
20170308154915668,-2.90096817016602
20170308154915669,0.0363487243652344
20170308154915670,-0.390897369384766
20170308154915671,-2.93911514282227
20170308154915672,0.166048431396484
20170308154915673,-0.368009185791016
20170308154915674,-2.98489151000977
20170308154915675,0.188936614990234
20170308154915676,-0.474820709228516
20170308154915677,-2.85519180297852
20170308154915678,0.433077239990234
20170308154915679,-0.368009185791016
20170308154915680,-2.83230361938477
20170308154915681,0.570406341552734
20170308154915682,-0.818143463134766
20170308154915683,-2.83993301391602
20170308154915684,0.593294525146484
20170308154915685,-1.06228408813477
20170308154915686,-2.82467422485352
20170308154915687,0.822176361083984
20170308154915688,-1.00887832641602
20170308154915689,-2.72549209594727
20170308154915690,0.936617279052734
20170308154915691,-1.26827774047852
20170308154915692,-2.56527481079102
20170308154915693,0.829805755615234
20170308154915694,-1.31405410766602
20170308154915695,-2.47372207641602
20170308154915696,0.845064544677734
20170308154915697,-1.61160049438477
20170308154915698,-2.41268692016602
20170308154915699,0.745882415771484
20170308154915700,-1.78707656860352
20170308154915701,-2.23721084594727
20170308154915702,0.730623626708984
20170308154915703,-1.89388809204102
20170308154915704,-2.12276992797852
20170308154915705,0.867952728271484
20170308154915706,-2.17617568969727
20170308154915707,-1.84811172485352
20170308154915708,0.700106048583984
20170308154915709,-2.35165176391602
20170308154915710,-1.45138320922852
20170308154915711,0.669588470458984
20170308154915712,-2.64919815063477
20170308154915713,-1.35220108032227
20170308154915714,0.745882415771484
20170308154915715,-2.92385635375977
20170308154915716,-1.15383682250977
20170308154915717,0.562776947021484
20170308154915718,-2.96200332641602
20170308154915719,-1.02413711547852
20170308154915720,0.555147552490234
20170308154915721,-3.03829727172852
20170308154915722,-0.985990142822266
20170308154915723,0.425447845458984
20170308154915724,-3.00015029907227
20170308154915725,-0.909696197509766
20170308154915726,0.600923919677734
20170308154915727,-2.92385635375977
20170308154915728,-0.970731353759766
20170308154915729,0.486483001708984
20170308154915730,-3.01540908813477
20170308154915731,-0.848661041259766
20170308154915732,0.478853607177734
20170308154915733,-2.97726211547852
20170308154915734,-0.779996490478516
20170308154915735,0.341524505615234
20170308154915736,-2.90096817016602
20170308154915737,-0.596891021728516
20170308154915738,0.463594818115234
20170308154915739,-2.87807998657227
20170308154915740,-0.650296783447266
20170308154915741,0.280489349365234
20170308154915742,-2.88570938110352
20170308154915743,-0.627408599853516
20170308154915744,0.517000579833984
20170308154915745,-2.94674453735352
20170308154915746,-0.596891021728516
20170308154915747,0.227083587646484
20170308154915748,-2.92385635375977
20170308154915749,-0.375638580322266
20170308154915750,0.0287193298339844
20170308154915751,-2.97726211547852
20170308154915752,-0.490079498291016
20170308154915753,0.0668663024902344
20170308154915754,-2.96963272094727
20170308154915755,-0.421414947509766
20170308154915756,0.0134605407714844
20170308154915757,-2.97726211547852
20170308154915758,-0.314603424072266
20170308154915759,-0.0475746154785156
20170308154915760,-2.96963272094727
20170308154915761,-0.436673736572266
20170308154915762,0.227083587646484
20170308154915763,-2.96963272094727
20170308154915764,-0.390897369384766
20170308154915765,-0.0780921936035156
20170308154915766,-2.96200332641602
20170308154915767,-0.207791900634766
20170308154915768,-0.0933509826660156
20170308154915769,-2.92385635375977
20170308154915770,-0.261197662353516
20170308154915771,-0.0552040100097656
20170308154915772,-2.90096817016602
20170308154915773,-0.230680084228516
20170308154915774,-0.0933509826660156
20170308154915775,-2.92385635375977
20170308154915776,-0.116239166259766
20170308154915777,-0.139127349853516
20170308154915778,-2.94674453735352
20170308154915779,-0.0323158264160156
20170308154915780,-0.0094276428222656
20170308154915781,-2.93148574829102
20170308154915782,-0.177274322509766
20170308154915783,-0.223050689697266
20170308154915784,-2.94674453735352
20170308154915785,-0.100980377197266
20170308154915786,-0.337491607666016
20170308154915787,-2.91622695922852
20170308154915788,-0.116239166259766
20170308154915789,-0.146756744384766
20170308154915790,-2.85519180297852
20170308154915791,-0.192533111572266
20170308154915792,-0.100980377197266
20170308154915793,-2.90096817016602
20170308154915794,0.0897544860839844
20170308154915795,-0.245938873291016
20170308154915796,-2.93911514282227
20170308154915797,0.166048431396484
20170308154915798,-0.413785552978516
20170308154915799,-2.87807998657227
20170308154915800,0.120272064208984
20170308154915801,-0.474820709228516
20170308154915802,-2.83993301391602
20170308154915803,0.150789642333984
20170308154915804,-0.314603424072266
20170308154915805,-2.88570938110352
20170308154915806,0.433077239990234
20170308154915807,-0.528226470947266
20170308154915808,-2.80941543579102
20170308154915809,0.501741790771484
20170308154915810,-0.406156158447266
20170308154915811,-2.75600967407227
20170308154915812,0.570406341552734
20170308154915813,-0.757108306884766
20170308154915814,-2.81704483032227
20170308154915815,0.532259368896484
20170308154915816,-0.856290435791016
20170308154915817,-2.96200332641602
20170308154915818,0.722994232177734
20170308154915819,-1.05465469360352
20170308154915820,-2.82467422485352
20170308154915821,0.814546966552734
20170308154915822,-1.52767715454102
20170308154915823,-2.52712783813477
20170308154915824,0.745882415771484
20170308154915825,-1.71841201782227
20170308154915826,-2.33639297485352
20170308154915827,0.845064544677734
20170308154915828,-1.94729385375977
20170308154915829,-2.18380508422852
20170308154915830,0.730623626708984
20170308154915831,-2.17617568969727
20170308154915832,-1.84811172485352
20170308154915833,0.692476654052734
20170308154915834,-2.36691055297852
20170308154915835,-1.68026504516602
20170308154915836,0.822176361083984
20170308154915837,-2.62630996704102
20170308154915838,-1.32168350219727
20170308154915839,0.700106048583984
20170308154915840,-2.88570938110352
20170308154915841,-1.16909561157227
20170308154915842,0.631441497802734
20170308154915843,-3.02303848266602
20170308154915844,-1.05465469360352
20170308154915845,0.440706634521484
20170308154915846,-3.03829727172852
20170308154915847,-0.757108306884766
20170308154915848,0.402559661865234
20170308154915849,-2.92385635375977
20170308154915850,-0.734220123291016
20170308154915851,0.364412689208984
20170308154915852,-2.96200332641602
20170308154915853,-0.490079498291016
20170308154915854,0.288118743896484
20170308154915855,-2.90096817016602
20170308154915856,-0.383267974853516
20170308154915857,0.127901458740234
20170308154915858,-2.94674453735352
20170308154915859,-0.261197662353516
20170308154915860,0.181307220458984
20170308154915861,-2.90096817016602
20170308154915862,-0.306974029541016
20170308154915863,-0.0857215881347656
20170308154915864,-2.94674453735352
20170308154915865,-0.0475746154785156
20170308154915866,-0.253568267822266
20170308154915867,-3.00015029907227
20170308154915868,0.150789642333984
20170308154915869,-0.383267974853516
20170308154915870,-2.80178604125977
20170308154915871,0.372042083740234
20170308154915872,-0.551114654541016
20170308154915873,-2.82467422485352
20170308154915874,0.715364837646484
20170308154915875,-0.757108306884766
20170308154915876,-2.80941543579102
20170308154915877,0.402559661865234
20170308154915878,-0.787625885009766
20170308154915879,-2.87807998657227
20170308154915880,0.654329681396484
20170308154915881,-0.779996490478516
20170308154915882,-2.86282119750977
20170308154915883,0.814546966552734
20170308154915884,-1.03939590454102
20170308154915885,-2.86282119750977
20170308154915886,0.517000579833984
20170308154915887,-0.970731353759766
20170308154915888,-2.77126846313477
20170308154915889,0.806917572021484
20170308154915890,-0.940213775634766
20170308154915891,-2.71023330688477
20170308154915892,0.867952728271484
20170308154915893,-0.932584381103516
20170308154915894,-2.74075088500977
20170308154915895,0.799288177490234
20170308154915896,-1.13094863891602
20170308154915897,-2.67971572875977
20170308154915898,0.860323333740234
20170308154915899,-1.20724258422852
20170308154915900,-2.63393936157227
20170308154915901,0.806917572021484
20170308154915902,-1.10043106079102
20170308154915903,-2.56527481079102
20170308154915904,0.799288177490234
20170308154915905,-1.19961318969727
20170308154915906,-2.61105117797852
20170308154915907,0.761141204833984
20170308154915908,-1.15383682250977
20170308154915909,-2.65682754516602
20170308154915910,1.01291122436523
20170308154915911,-1.20724258422852
20170308154915912,-2.58816299438477
20170308154915913,0.806917572021484
20170308154915914,-1.24538955688477
20170308154915915,-2.61105117797852
20170308154915916,0.524629974365234
20170308154915917,-1.09280166625977
20170308154915918,-2.67208633422852
20170308154915919,0.852693939208984
20170308154915920,-1.35983047485352
20170308154915921,-2.63393936157227
20170308154915922,0.684847259521484
20170308154915923,-1.42086563110352
20170308154915924,-2.61868057250977
20170308154915925,0.822176361083984
20170308154915926,-1.35220108032227
20170308154915927,-2.54238662719727
20170308154915928,0.677217864990234
20170308154915929,-1.18435440063477
20170308154915930,-2.64919815063477
20170308154915931,0.753511810302734
20170308154915932,-1.50478897094727
20170308154915933,-2.60342178344727
20170308154915934,0.875582122802734
20170308154915935,-1.61922988891602
20170308154915936,-2.41268692016602
20170308154915937,0.722994232177734
20170308154915938,-1.54293594360352
20170308154915939,-2.41268692016602
20170308154915940,0.738253021240234
20170308154915941,-1.48190078735352
20170308154915942,-2.42031631469727
20170308154915943,0.806917572021484
20170308154915944,-1.71841201782227
20170308154915945,-2.19143447875977
20170308154915946,0.639070892333984
20170308154915947,-1.60397109985352
20170308154915948,-2.34402236938477
20170308154915949,0.852693939208984
20170308154915950,-1.68026504516602
20170308154915951,-2.24484024047852
20170308154915952,0.883211517333984
20170308154915953,-1.76418838500977
20170308154915954,-2.28298721313477
20170308154915955,0.715364837646484
20170308154915956,-1.81759414672852
20170308154915957,-2.24484024047852
20170308154915958,0.570406341552734
20170308154915959,-1.89388809204102
20170308154915960,-2.09225234985352
20170308154915961,0.745882415771484
20170308154915962,-2.17617568969727
20170308154915963,-1.84811172485352
20170308154915964,0.761141204833984
20170308154915965,-2.33639297485352
20170308154915966,-1.58871231079102
20170308154915967,0.730623626708984
20170308154915968,-2.65682754516602
20170308154915969,-1.36745986938477
20170308154915970,0.784029388427734
20170308154915971,-2.84756240844727
20170308154915972,-1.25301895141602
20170308154915973,0.570406341552734
20170308154915974,-2.87807998657227
20170308154915975,-1.14620742797852
20170308154915976,0.593294525146484
20170308154915977,-3.00015029907227
20170308154915978,-0.970731353759766
20170308154915979,0.639070892333984
20170308154915980,-2.92385635375977
20170308154915981,-0.932584381103516
20170308154915982,0.509371185302734
20170308154915983,-2.99252090454102
20170308154915984,-0.635037994384766
20170308154915985,0.486483001708984
20170308154915986,-2.90859756469727
20170308154915987,-0.490079498291016
20170308154915988,0.234712982177734
20170308154915989,-2.98489151000977
20170308154915990,-0.383267974853516
20170308154915991,0.0821250915527344
20170308154915992,-2.92385635375977
20170308154915993,-0.261197662353516
20170308154915994,-0.0399452209472656
20170308154915995,-2.89333877563477
20170308154915996,-0.0246864318847656
20170308154915997,0.0058311462402344
20170308154915998,-2.85519180297852
20170308154915999,-0.0475746154785156
20170308154916000,-0.0780921936035156
20170308154916001,-2.88570938110352
20170308154916002,0.0668663024902344
20170308154916003,-0.520597076416016
20170308154916004,-2.79415664672852
20170308154916005,0.349153900146484
20170308154916006,-0.413785552978516
20170308154916007,-2.82467422485352
20170308154916008,0.608553314208984
20170308154916009,-0.680814361572266
20170308154916010,-2.93911514282227
20170308154916011,0.517000579833984
20170308154916012,-0.902066802978516
20170308154916013,-2.89333877563477
20170308154916014,0.837435150146484
20170308154916015,-1.12331924438477
20170308154916016,-2.74075088500977
20170308154916017,0.860323333740234
20170308154916018,-1.43612442016602
20170308154916019,-2.55764541625977
20170308154916020,0.990023040771484
20170308154916021,-1.33694229125977
20170308154916022,-2.53475723266602
20170308154916023,0.944246673583984
20170308154916024,-1.45138320922852
20170308154916025,-2.48135147094727
20170308154916026,0.860323333740234
20170308154916027,-1.45138320922852
20170308154916028,-2.49661026000977
20170308154916029,0.654329681396484
20170308154916030,-1.58108291625977
20170308154916031,-2.43557510375977
20170308154916032,0.730623626708984
20170308154916033,-1.64211807250977
20170308154916034,-2.34402236938477
20170308154916035,0.646700286865234
20170308154916036,-1.70315322875977
20170308154916037,-2.35165176391602
20170308154916038,0.700106048583984
20170308154916039,-1.62685928344727
20170308154916040,-2.27535781860352
20170308154916041,0.730623626708984
20170308154916042,-1.75655899047852
20170308154916043,-2.35928115844727
20170308154916044,0.875582122802734
20170308154916045,-1.84811172485352
20170308154916046,-2.22958145141602
20170308154916047,0.692476654052734
20170308154916048,-1.80233535766602
20170308154916049,-2.27535781860352
20170308154916050,0.646700286865234
20170308154916051,-1.76418838500977
20170308154916052,-2.22958145141602
20170308154916053,0.639070892333984
20170308154916054,-1.84048233032227
20170308154916055,-2.23721084594727
20170308154916056,0.593294525146484
20170308154916057,-1.87862930297852
20170308154916058,-2.32113418579102
20170308154916059,0.784029388427734
20170308154916060,-1.84048233032227
20170308154916061,-2.13039932250977
20170308154916062,0.684847259521484
20170308154916063,-2.13802871704102
20170308154916064,-2.03884658813477
20170308154916065,0.669588470458984
20170308154916066,-2.11514053344727
20170308154916067,-2.14565811157227
20170308154916068,0.631441497802734
20170308154916069,-1.99307022094727
20170308154916070,-2.05410537719727
20170308154916071,0.890840911865234
20170308154916072,-2.08462295532227
20170308154916073,-2.02358779907227
20170308154916074,0.600923919677734
20170308154916075,-1.94729385375977
20170308154916076,-2.11514053344727
20170308154916077,0.936617279052734
20170308154916078,-2.06173477172852
20170308154916079,-2.06936416625977
20170308154916080,0.722994232177734
20170308154916081,-2.19143447875977
20170308154916082,-1.87099990844727
20170308154916083,0.806917572021484
20170308154916084,-2.37453994750977
20170308154916085,-1.69552383422852
20170308154916086,0.654329681396484
20170308154916087,-2.41268692016602
20170308154916088,-1.36745986938477
20170308154916089,0.715364837646484
20170308154916090,-2.77889785766602
20170308154916091,-1.34457168579102
20170308154916092,0.761141204833984
20170308154916093,-2.73312149047852
20170308154916094,-1.23776016235352
20170308154916095,0.646700286865234
20170308154916096,-2.89333877563477
20170308154916097,-1.13857803344727
20170308154916098,0.669588470458984
20170308154916099,-2.84756240844727
20170308154916100,-1.03176651000977
20170308154916101,0.539888763427734
20170308154916102,-2.96200332641602
20170308154916103,-0.963101959228516
20170308154916104,0.539888763427734
20170308154916105,-2.93911514282227
20170308154916106,-0.825772857666016
20170308154916107,0.402559661865234
20170308154916108,-2.92385635375977
20170308154916109,-0.642667388916016
20170308154916110,0.379671478271484
20170308154916111,-2.92385635375977
20170308154916112,-0.444303131103516
20170308154916113,0.188936614990234
20170308154916114,-2.90859756469727
20170308154916115,-0.375638580322266
20170308154916116,0.188936614990234
20170308154916117,-2.89333877563477
20170308154916118,-0.512967681884766
20170308154916119,0.0058311462402344
20170308154916120,-2.95437393188477
20170308154916121,-0.398526763916016
20170308154916122,-0.0628334045410156
20170308154916123,-3.00015029907227
20170308154916124,-0.230680084228516
20170308154916125,-0.192533111572266
20170308154916126,-2.92385635375977
20170308154916127,0.0439781188964844
20170308154916128,-0.337491607666016
20170308154916129,-2.88570938110352
20170308154916130,0.227083587646484
20170308154916131,-0.528226470947266
20170308154916132,-2.87045059204102
20170308154916133,0.578035736083984
20170308154916134,-0.825772857666016
20170308154916135,-2.83993301391602
20170308154916136,0.631441497802734
20170308154916137,-1.00887832641602
20170308154916138,-2.78652725219727
20170308154916139,0.806917572021484
20170308154916140,-1.21487197875977
20170308154916141,-2.71023330688477
20170308154916142,0.974764251708984
20170308154916143,-1.42086563110352
20170308154916144,-2.54238662719727
20170308154916145,0.974764251708984
20170308154916146,-1.64211807250977
20170308154916147,-2.42031631469727
20170308154916148,0.745882415771484
20170308154916149,-1.71841201782227
20170308154916150,-2.35165176391602
20170308154916151,0.806917572021484
20170308154916152,-1.89388809204102
20170308154916153,-2.19143447875977
20170308154916154,0.791658782958984
20170308154916155,-1.96255264282227
20170308154916156,-2.06173477172852
20170308154916157,0.753511810302734
20170308154916158,-2.09225234985352
20170308154916159,-1.93203506469727
20170308154916160,0.700106048583984
20170308154916161,-2.25246963500977
20170308154916162,-1.62685928344727
20170308154916163,0.738253021240234
20170308154916164,-2.52712783813477
20170308154916165,-1.53530654907227
20170308154916166,0.715364837646484
20170308154916167,-2.48898086547852
20170308154916168,-1.65737686157227
20170308154916169,0.646700286865234
20170308154916170,-2.30587539672852
20170308154916171,-1.72604141235352
20170308154916172,0.898470306396484
20170308154916173,-2.29824600219727
20170308154916174,-1.77181777954102
20170308154916175,0.806917572021484
20170308154916176,-2.32113418579102
20170308154916177,-1.71078262329102
20170308154916178,0.654329681396484
20170308154916179,-2.23721084594727
20170308154916180,-1.81759414672852
20170308154916181,0.768770599365234
20170308154916182,-2.22958145141602
20170308154916183,-1.74892959594727
20170308154916184,0.799288177490234
20170308154916185,-2.33639297485352
20170308154916186,-1.58871231079102
20170308154916187,0.738253021240234
20170308154916188,-2.32876358032227
20170308154916189,-1.57345352172852
20170308154916190,0.776399993896484
20170308154916191,-2.43557510375977
20170308154916192,-1.45901260375977
20170308154916193,0.890840911865234
20170308154916194,-2.49661026000977
20170308154916195,-1.38271865844727
20170308154916196,0.768770599365234
20170308154916197,-2.48135147094727
20170308154916198,-1.31405410766602
20170308154916199,0.707735443115234
20170308154916200,-2.78652725219727
20170308154916201,-1.23013076782227
20170308154916202,0.738253021240234
20170308154916203,-2.74838027954102
20170308154916204,-1.26064834594727
20170308154916205,0.829805755615234
20170308154916206,-2.74838027954102
20170308154916207,-1.30642471313477
20170308154916208,0.570406341552734
20170308154916209,-2.66445693969727
20170308154916210,-1.23776016235352
20170308154916211,0.646700286865234
20170308154916212,-2.70260391235352
20170308154916213,-1.25301895141602
20170308154916214,0.677217864990234
20170308154916215,-2.77126846313477
20170308154916216,-1.18435440063477
20170308154916217,0.646700286865234
20170308154916218,-2.91622695922852
20170308154916219,-1.14620742797852
20170308154916220,0.677217864990234
20170308154916221,-2.93911514282227
20170308154916222,-0.779996490478516
20170308154916223,0.417818450927734
20170308154916224,-2.96963272094727
20170308154916225,-0.657926177978516
20170308154916226,0.402559661865234
20170308154916227,-2.98489151000977
20170308154916228,-0.574002838134766
20170308154916229,0.539888763427734
20170308154916230,-2.92385635375977
20170308154916231,-0.551114654541016
20170308154916232,0.242342376708984
20170308154916233,-2.91622695922852
20170308154916234,-0.619779205322266
20170308154916235,0.417818450927734
20170308154916236,-2.97726211547852
20170308154916237,-0.528226470947266
20170308154916238,0.204195404052734
20170308154916239,-2.86282119750977
20170308154916240,-0.192533111572266
20170308154916241,-0.0704627990722656
20170308154916242,-2.87045059204102
20170308154916243,-0.0170570373535156
20170308154916244,-0.299344635009766
20170308154916245,-2.91622695922852
20170308154916246,0.578035736083984
20170308154916247,-0.688443756103516
20170308154916248,-2.82467422485352
20170308154916249,0.463594818115234
20170308154916250,-0.383267974853516
20170308154916251,-2.88570938110352
20170308154916252,0.326265716552734
20170308154916253,-0.696073150634766
20170308154916254,-2.86282119750977
20170308154916255,0.600923919677734
20170308154916256,-0.863919830322266
20170308154916257,-2.83230361938477
20170308154916258,0.707735443115234
20170308154916259,-0.963101959228516
20170308154916260,-2.82467422485352
20170308154916261,0.837435150146484
20170308154916262,-1.20724258422852
20170308154916263,-2.63393936157227
20170308154916264,0.898470306396484
20170308154916265,-1.46664199829102
20170308154916266,-2.43557510375977
20170308154916267,1.05105819702148
20170308154916268,-1.56582412719727
20170308154916269,-2.33639297485352
20170308154916270,0.867952728271484
20170308154916271,-1.64974746704102
20170308154916272,-2.38216934204102
20170308154916273,0.707735443115234
20170308154916274,-1.68789443969727
20170308154916275,-2.22958145141602
20170308154916276,0.913729095458984
20170308154916277,-1.99307022094727
20170308154916278,-2.16854629516602
20170308154916279,0.669588470458984
20170308154916280,-1.92440567016602
20170308154916281,-2.16854629516602
20170308154916282,0.875582122802734
20170308154916283,-2.09225234985352
20170308154916284,-1.91677627563477
20170308154916285,0.722994232177734
20170308154916286,-2.13039932250977
20170308154916287,-1.87099990844727
20170308154916288,0.913729095458984
20170308154916289,-2.36691055297852
20170308154916290,-1.48190078735352
20170308154916291,0.646700286865234
20170308154916292,-2.43557510375977
20170308154916293,-1.32931289672852
20170308154916294,0.791658782958984
20170308154916295,-2.73312149047852
20170308154916296,-1.41323623657227
20170308154916297,0.616182708740234
20170308154916298,-2.77126846313477
20170308154916299,-1.13857803344727
20170308154916300,0.517000579833984
20170308154916301,-2.91622695922852
20170308154916302,-1.34457168579102
20170308154916303,0.509371185302734
20170308154916304,-2.80941543579102
20170308154916305,-1.15383682250977
20170308154916306,0.578035736083984
20170308154916307,-2.76363906860352
20170308154916308,-1.19198379516602
20170308154916309,0.578035736083984
20170308154916310,-2.95437393188477
20170308154916311,-1.00887832641602
20170308154916312,0.539888763427734
20170308154916313,-3.04592666625977
20170308154916314,-0.902066802978516
20170308154916315,0.478853607177734
20170308154916316,-2.96200332641602
20170308154916317,-0.970731353759766
20170308154916318,0.494112396240234
20170308154916319,-2.93148574829102
20170308154916320,-0.879178619384766
20170308154916321,0.494112396240234
20170308154916322,-2.90859756469727
20170308154916323,-0.749478912353516
20170308154916324,0.364412689208984
20170308154916325,-2.88570938110352
20170308154916326,-0.932584381103516
20170308154916327,0.433077239990234
20170308154916328,-2.97726211547852
20170308154916329,-0.764737701416016
20170308154916330,0.509371185302734
20170308154916331,-2.93911514282227
20170308154916332,-0.787625885009766
20170308154916333,0.402559661865234
20170308154916334,-2.91622695922852
20170308154916335,-0.818143463134766
20170308154916336,0.425447845458984
20170308154916337,-2.93911514282227
20170308154916338,-0.985990142822266
20170308154916339,0.669588470458984
20170308154916340,-2.93911514282227
20170308154916341,-1.02413711547852
20170308154916342,0.509371185302734
20170308154916343,-2.95437393188477
20170308154916344,-0.657926177978516
20170308154916345,0.234712982177734
20170308154916346,-2.91622695922852
20170308154916347,-0.512967681884766
20170308154916348,0.318636322021484
20170308154916349,-2.93148574829102
20170308154916350,-0.688443756103516
20170308154916351,0.455965423583984
20170308154916352,-2.98489151000977
20170308154916353,-0.635037994384766
20170308154916354,0.425447845458984
20170308154916355,-2.90859756469727
20170308154916356,-0.528226470947266
20170308154916357,0.356783294677734
20170308154916358,-2.80941543579102
20170308154916359,-0.413785552978516
20170308154916360,0.0592369079589844
20170308154916361,-2.89333877563477
20170308154916362,-0.375638580322266
20170308154916363,-0.0170570373535156
20170308154916364,-2.94674453735352
20170308154916365,-0.146756744384766
20170308154916366,-0.200162506103516
20170308154916367,-2.93911514282227
20170308154916368,-0.0857215881347656
20170308154916369,-0.268827056884766
20170308154916370,-2.93148574829102
20170308154916371,0.0210899353027344
20170308154916372,-0.368009185791016
20170308154916373,-2.83993301391602
20170308154916374,-0.0170570373535156
20170308154916375,-0.261197662353516
20170308154916376,-2.86282119750977
20170308154916377,0.318636322021484
20170308154916378,-0.551114654541016
20170308154916379,-2.87045059204102
20170308154916380,0.311006927490234
20170308154916381,-0.604520416259766
20170308154916382,-2.87045059204102
20170308154916383,0.257601165771484
20170308154916384,-0.535855865478516
20170308154916385,-2.88570938110352
20170308154916386,-0.261197662353516
20170308154916387,-0.299344635009766
20170308154916388,-2.92385635375977
20170308154916389,-0.0017982482910156
20170308154916390,-0.200162506103516
20170308154916391,-2.88570938110352
20170308154916392,0.0897544860839844
20170308154916393,-0.474820709228516
20170308154916394,-2.84756240844727
20170308154916395,0.333895111083984
20170308154916396,-0.711331939697266
20170308154916397,-2.89333877563477
20170308154916398,0.356783294677734
20170308154916399,-0.726590728759766
20170308154916400,-2.88570938110352
20170308154916401,0.639070892333984
20170308154916402,-0.909696197509766
20170308154916403,-2.81704483032227
20170308154916404,0.944246673583984
20170308154916405,-1.13857803344727
20170308154916406,-2.64156875610352
20170308154916407,0.814546966552734
20170308154916408,-1.28353652954102
20170308154916409,-2.49661026000977
20170308154916410,0.799288177490234
20170308154916411,-1.38271865844727
20170308154916412,-2.53475723266602
20170308154916413,1.02817001342773
20170308154916414,-1.55056533813477
20170308154916415,-2.49661026000977
20170308154916416,0.715364837646484
20170308154916417,-1.73367080688477
20170308154916418,-2.27535781860352
20170308154916419,0.890840911865234
20170308154916420,-2.01595840454102
20170308154916421,-2.16854629516602
20170308154916422,0.646700286865234
20170308154916423,-2.12276992797852
20170308154916424,-1.94729385375977
20170308154916425,0.906099700927734
20170308154916426,-2.19906387329102
20170308154916427,-1.82522354125977
20170308154916428,0.677217864990234
20170308154916429,-2.25246963500977
20170308154916430,-1.90151748657227
20170308154916431,0.776399993896484
20170308154916432,-2.38216934204102
20170308154916433,-1.74892959594727
20170308154916434,0.753511810302734
20170308154916435,-2.58816299438477
20170308154916436,-1.39797744750977
20170308154916437,0.837435150146484
20170308154916438,-2.67971572875977
20170308154916439,-1.40560684204102
20170308154916440,0.677217864990234
20170308154916441,-2.89333877563477
20170308154916442,-0.955472564697266
20170308154916443,0.593294525146484
20170308154916444,-2.91622695922852
20170308154916445,-0.909696197509766
20170308154916446,0.517000579833984
20170308154916447,-2.94674453735352
20170308154916448,-0.612149810791016
20170308154916449,0.417818450927734
20170308154916450,-2.89333877563477
20170308154916451,-0.482450103759766
20170308154916452,0.0973838806152344
20170308154916453,-2.96200332641602
20170308154916454,-0.436673736572266
20170308154916455,0.150789642333984
20170308154916456,-2.97726211547852
20170308154916457,-0.306974029541016
20170308154916458,-0.0094276428222656
20170308154916459,-2.96963272094727
20170308154916460,-0.276456451416016
20170308154916461,0.0897544860839844
20170308154916462,-3.00777969360352
20170308154916463,-0.337491607666016
20170308154916464,0.0210899353027344
20170308154916465,-2.93911514282227
20170308154916466,-0.146756744384766
20170308154916467,-0.200162506103516
20170308154916468,-2.93911514282227
20170308154916469,-0.162015533447266
20170308154916470,-0.0780921936035156
20170308154916471,-2.95437393188477
20170308154916472,-0.322232818603516
20170308154916473,-0.200162506103516
20170308154916474,-2.96200332641602
20170308154916475,-0.329862213134766
20170308154916476,0.211824798583984
20170308154916477,-2.96963272094727
20170308154916478,-0.139127349853516
20170308154916479,-0.200162506103516
20170308154916480,-2.89333877563477
20170308154916481,0.0058311462402344
20170308154916482,-0.368009185791016
20170308154916483,-2.82467422485352
20170308154916484,-0.184903717041016
20170308154916485,-0.390897369384766
20170308154916486,-2.91622695922852
20170308154916487,0.303377532958984
20170308154916488,-0.383267974853516
20170308154916489,-2.83993301391602
20170308154916490,0.257601165771484
20170308154916491,-0.436673736572266
20170308154916492,-2.87807998657227
20170308154916493,0.425447845458984
20170308154916494,-0.726590728759766
20170308154916495,-2.86282119750977
20170308154916496,0.417818450927734
20170308154916497,-0.520597076416016
20170308154916498,-2.78652725219727
20170308154916499,0.623812103271484
20170308154916500,-0.757108306884766
20170308154916501,-2.91622695922852
20170308154916502,0.517000579833984
20170308154916503,-0.833402252197266
20170308154916504,-2.86282119750977
20170308154916505,0.532259368896484
20170308154916506,-0.848661041259766
20170308154916507,-2.83230361938477
20170308154916508,0.890840911865234
20170308154916509,-1.00124893188477
20170308154916510,-2.74838027954102
20170308154916511,0.715364837646484
20170308154916512,-0.947843170166016
20170308154916513,-2.75600967407227
20170308154916514,0.501741790771484
20170308154916515,-1.01650772094727
20170308154916516,-2.80178604125977
20170308154916517,0.677217864990234
20170308154916518,-0.688443756103516
20170308154916519,-2.82467422485352
20170308154916520,0.326265716552734
20170308154916521,-0.802884674072266
20170308154916522,-2.78652725219727
20170308154916523,0.288118743896484
20170308154916524,-0.665555572509766
20170308154916525,-2.81704483032227
20170308154916526,0.341524505615234
20170308154916527,-0.543485260009766
20170308154916528,-2.78652725219727
20170308154916529,0.196566009521484
20170308154916530,-0.490079498291016
20170308154916531,-2.78652725219727
20170308154916532,0.593294525146484
20170308154916533,-0.413785552978516
20170308154916534,-2.82467422485352
20170308154916535,0.608553314208984
20170308154916536,-0.581632232666016
20170308154916537,-2.84756240844727
20170308154916538,0.356783294677734
20170308154916539,-0.795255279541016
20170308154916540,-2.84756240844727
20170308154916541,0.501741790771484
20170308154916542,-0.810514068603516
20170308154916543,-2.83230361938477
20170308154916544,0.631441497802734
20170308154916545,-0.917325592041016
20170308154916546,-2.83230361938477
20170308154916547,0.684847259521484
20170308154916548,-1.01650772094727
20170308154916549,-2.77126846313477
20170308154916550,0.806917572021484
20170308154916551,-1.17672500610352
20170308154916552,-2.77889785766602
20170308154916553,0.837435150146484
20170308154916554,-1.18435440063477
20170308154916555,-2.71023330688477
20170308154916556,0.867952728271484
20170308154916557,-1.34457168579102
20170308154916558,-2.50423965454102
20170308154916559,0.967134857177734
20170308154916560,-1.75655899047852
20170308154916561,-2.33639297485352
20170308154916562,0.745882415771484
20170308154916563,-1.90914688110352
20170308154916564,-2.28298721313477
20170308154916565,0.715364837646484
20170308154916566,-1.75655899047852
20170308154916567,-2.24484024047852
20170308154916568,0.799288177490234
20170308154916569,-2.06936416625977
20170308154916570,-1.80996475219727
20170308154916571,0.814546966552734
20170308154916572,-2.24484024047852
20170308154916573,-1.83285293579102
20170308154916574,0.730623626708984
20170308154916575,-2.26009902954102
20170308154916576,-1.68789443969727
20170308154916577,0.944246673583984
20170308154916578,-2.34402236938477
20170308154916579,-1.64974746704102
20170308154916580,0.646700286865234
20170308154916581,-2.66445693969727
20170308154916582,-1.34457168579102
20170308154916583,0.623812103271484
20170308154916584,-2.99252090454102
20170308154916585,-1.19961318969727
20170308154916586,0.623812103271484
20170308154916587,-2.93148574829102
20170308154916588,-1.13094863891602
20170308154916589,0.585665130615234
20170308154916590,-2.90859756469727
20170308154916591,-1.03939590454102
20170308154916592,0.593294525146484
20170308154916593,-2.94674453735352
20170308154916594,-0.863919830322266
20170308154916595,0.394930267333984
20170308154916596,-2.98489151000977
20170308154916597,-0.810514068603516
20170308154916598,0.425447845458984
20170308154916599,-3.02303848266602
20170308154916600,-0.711331939697266
20170308154916601,0.272859954833984
20170308154916602,-3.06118545532227
20170308154916603,-0.398526763916016
20170308154916604,0.333895111083984
20170308154916605,-2.93911514282227
20170308154916606,-0.535855865478516
20170308154916607,0.158419036865234
20170308154916608,-2.87045059204102
20170308154916609,-0.390897369384766
20170308154916610,0.204195404052734
20170308154916611,-2.96200332641602
20170308154916612,-0.223050689697266
20170308154916613,0.105013275146484
20170308154916614,-2.91622695922852
20170308154916615,-0.146756744384766
20170308154916616,-0.169644927978516
20170308154916617,-2.93148574829102
20170308154916618,-0.314603424072266
20170308154916619,-0.169644927978516
20170308154916620,-2.92385635375977
20170308154916621,-0.322232818603516
20170308154916622,-0.184903717041016
20170308154916623,-2.91622695922852
20170308154916624,0.0287193298339844
20170308154916625,-0.337491607666016
20170308154916626,-2.86282119750977
20170308154916627,0.173677825927734
20170308154916628,-0.429044342041016
20170308154916629,-2.85519180297852
20170308154916630,0.120272064208984
20170308154916631,-0.421414947509766
20170308154916632,-2.89333877563477
20170308154916633,0.173677825927734
20170308154916634,-0.635037994384766
20170308154916635,-2.90096817016602
20170308154916636,0.486483001708984
20170308154916637,-0.848661041259766
20170308154916638,-2.87045059204102
20170308154916639,0.585665130615234
20170308154916640,-0.902066802978516
20170308154916641,-2.85519180297852
20170308154916642,0.562776947021484
20170308154916643,-0.696073150634766
20170308154916644,-2.84756240844727
20170308154916645,0.784029388427734
20170308154916646,-0.818143463134766
20170308154916647,-2.84756240844727
20170308154916648,0.623812103271484
20170308154916649,-1.03939590454102
20170308154916650,-2.71023330688477
20170308154916651,0.784029388427734
20170308154916652,-1.26827774047852
20170308154916653,-2.64156875610352
20170308154916654,0.845064544677734
20170308154916655,-1.39034805297852
20170308154916656,-2.57290420532227
20170308154916657,0.722994232177734
20170308154916658,-1.25301895141602
20170308154916659,-2.67971572875977
20170308154916660,0.974764251708984
20170308154916661,-1.23776016235352
20170308154916662,-2.62630996704102
20170308154916663,0.730623626708984
20170308154916664,-1.15383682250977
20170308154916665,-2.73312149047852
20170308154916666,0.822176361083984
20170308154916667,-1.14620742797852
20170308154916668,-2.81704483032227
20170308154916669,0.677217864990234
20170308154916670,-1.01650772094727
20170308154916671,-2.79415664672852
20170308154916672,0.684847259521484
20170308154916673,-0.917325592041016
20170308154916674,-2.83230361938477
20170308154916675,0.745882415771484
20170308154916676,-0.924954986572266
20170308154916677,-2.82467422485352
20170308154916678,0.753511810302734
20170308154916679,-1.08517227172852
20170308154916680,-2.88570938110352
20170308154916681,0.829805755615234
20170308154916682,-1.07754287719727
20170308154916683,-2.86282119750977
20170308154916684,0.524629974365234
20170308154916685,-0.696073150634766
20170308154916686,-2.89333877563477
20170308154916687,0.883211517333984
20170308154916688,-0.833402252197266
20170308154916689,-2.72549209594727
20170308154916690,0.738253021240234
20170308154916691,-1.08517227172852
20170308154916692,-2.62630996704102
20170308154916693,0.951876068115234
20170308154916694,-1.21487197875977
20170308154916695,-2.55764541625977
20170308154916696,0.814546966552734
20170308154916697,-1.44375381469727
20170308154916698,-2.50423965454102
20170308154916699,0.967134857177734
20170308154916700,-1.70315322875977
20170308154916701,-2.36691055297852
20170308154916702,0.700106048583984
20170308154916703,-1.87099990844727
20170308154916704,-2.11514053344727
20170308154916705,0.768770599365234
20170308154916706,-2.00832901000977
20170308154916707,-2.09988174438477
20170308154916708,0.806917572021484
20170308154916709,-2.21432266235352
20170308154916710,-1.88625869750977
20170308154916711,0.730623626708984
20170308154916712,-2.26772842407227
20170308154916713,-1.88625869750977
20170308154916714,0.646700286865234
20170308154916715,-2.14565811157227
20170308154916716,-1.81759414672852
20170308154916717,0.661959075927734
20170308154916718,-2.45083389282227
20170308154916719,-1.55056533813477
20170308154916720,0.661959075927734
20170308154916721,-2.64919815063477
20170308154916722,-1.38271865844727
20170308154916723,0.867952728271484
20170308154916724,-2.74838027954102
20170308154916725,-1.14620742797852
20170308154916726,0.684847259521484
20170308154916727,-2.96200332641602
20170308154916728,-1.06228408813477
20170308154916729,0.494112396240234
20170308154916730,-2.97726211547852
20170308154916731,-0.932584381103516
20170308154916732,0.593294525146484
20170308154916733,-2.89333877563477
20170308154916734,-0.879178619384766
20170308154916735,0.593294525146484
20170308154916736,-2.90096817016602
20170308154916737,-0.665555572509766
20170308154916738,0.341524505615234
20170308154916739,-2.95437393188477
20170308154916740,-0.535855865478516
20170308154916741,0.135530853271484
20170308154916742,-2.98489151000977
20170308154916743,-0.368009185791016
20170308154916744,0.120272064208984
20170308154916745,-2.95437393188477
20170308154916746,-0.337491607666016
20170308154916747,0.0821250915527344
20170308154916748,-2.93148574829102
20170308154916749,-0.238309478759766
20170308154916750,0.0516075134277344
20170308154916751,-2.94674453735352
20170308154916752,-0.200162506103516
20170308154916753,-0.223050689697266
20170308154916754,-2.91622695922852
20170308154916755,-0.0552040100097656
20170308154916756,-0.398526763916016
20170308154916757,-2.88570938110352
20170308154916758,0.410189056396484
20170308154916759,-0.635037994384766
20170308154916760,-2.93911514282227
20170308154916761,0.349153900146484
20170308154916762,-0.665555572509766
20170308154916763,-2.93148574829102
20170308154916764,0.631441497802734
20170308154916765,-0.795255279541016
20170308154916766,-2.83993301391602
20170308154916767,0.532259368896484
20170308154916768,-0.871549224853516
20170308154916769,-2.89333877563477
20170308154916770,0.722994232177734
20170308154916771,-0.978360748291016
20170308154916772,-2.83230361938477
20170308154916773,0.928987884521484
20170308154916774,-0.932584381103516
20170308154916775,-2.77126846313477
20170308154916776,0.799288177490234
20170308154916777,-0.734220123291016
20170308154916778,-2.76363906860352
20170308154916779,0.593294525146484
20170308154916780,-0.787625885009766
20170308154916781,-2.77126846313477
20170308154916782,0.478853607177734
20170308154916783,-0.818143463134766
20170308154916784,-2.86282119750977
20170308154916785,0.593294525146484
20170308154916786,-0.673184967041016
20170308154916787,-2.88570938110352
20170308154916788,0.425447845458984
20170308154916789,-0.833402252197266
20170308154916790,-2.83230361938477
20170308154916791,0.532259368896484
20170308154916792,-0.818143463134766
20170308154916793,-2.84756240844727
20170308154916794,0.562776947021484
20170308154916795,-0.787625885009766
20170308154916796,-2.90859756469727
20170308154916797,0.692476654052734
20170308154916798,-0.779996490478516
20170308154916799,-2.74838027954102
20170308154916800,0.669588470458984
20170308154916801,-0.757108306884766
20170308154916802,-2.79415664672852
20170308154916803,0.608553314208984
20170308154916804,-0.863919830322266
20170308154916805,-2.75600967407227
20170308154916806,0.814546966552734
20170308154916807,-1.10043106079102
20170308154916808,-2.64919815063477
20170308154916809,1.02054061889648
20170308154916810,-1.18435440063477
20170308154916811,-2.76363906860352
20170308154916812,0.906099700927734
20170308154916813,-1.17672500610352
20170308154916814,-2.72549209594727
20170308154916815,0.768770599365234
20170308154916816,-1.22250137329102
20170308154916817,-2.66445693969727
20170308154916818,0.921358489990234
20170308154916819,-1.37508926391602
20170308154916820,-2.55764541625977
20170308154916821,0.845064544677734
20170308154916822,-1.60397109985352
20170308154916823,-2.51186904907227
20170308154916824,0.951876068115234
20170308154916825,-1.71841201782227
20170308154916826,-2.35928115844727
20170308154916827,0.776399993896484
20170308154916828,-1.80233535766602
20170308154916829,-2.32113418579102
20170308154916830,0.715364837646484
20170308154916831,-1.88625869750977
20170308154916832,-2.20669326782227
20170308154916833,0.677217864990234
20170308154916834,-2.16854629516602
20170308154916835,-2.07699356079102
20170308154916836,0.700106048583984
20170308154916837,-2.21432266235352
20170308154916838,-2.14565811157227
20170308154916839,0.768770599365234
20170308154916840,-2.22195205688477
20170308154916841,-1.91677627563477
20170308154916842,0.700106048583984
20170308154916843,-2.32113418579102
20170308154916844,-1.87862930297852
20170308154916845,0.578035736083984
20170308154916846,-2.16854629516602
20170308154916847,-1.95492324829102
20170308154916848,0.745882415771484
20170308154916849,-2.20669326782227
20170308154916850,-1.88625869750977
20170308154916851,0.639070892333984
20170308154916852,-2.34402236938477
20170308154916853,-1.67263565063477
20170308154916854,0.631441497802734
20170308154916855,-2.32876358032227
20170308154916856,-1.38271865844727
20170308154916857,0.677217864990234
20170308154916858,-2.74838027954102
20170308154916859,-1.24538955688477
20170308154916860,0.700106048583984
20170308154916861,-3.04592666625977
20170308154916862,-0.574002838134766
20170308154916863,0.341524505615234
20170308154916864,-2.94674453735352
20170308154916865,-0.322232818603516
20170308154916866,0.0592369079589844
20170308154916867,-3.00777969360352
20170308154916868,-0.276456451416016
20170308154916869,-0.131497955322266
20170308154916870,-2.96963272094727
20170308154916871,0.196566009521484
20170308154916872,-0.490079498291016
20170308154916873,-2.86282119750977
20170308154916874,0.204195404052734
20170308154916875,-0.429044342041016
20170308154916876,-2.90859756469727
20170308154916877,0.364412689208984
20170308154916878,-0.398526763916016
20170308154916879,-2.87045059204102
20170308154916880,0.242342376708984
20170308154916881,-0.581632232666016
20170308154916882,-2.88570938110352
20170308154916883,0.616182708740234
20170308154916884,-0.779996490478516
20170308154916885,-2.90859756469727
20170308154916886,0.639070892333984
20170308154916887,-0.810514068603516
20170308154916888,-2.87807998657227
20170308154916889,0.669588470458984
20170308154916890,-0.863919830322266
20170308154916891,-2.82467422485352
20170308154916892,0.593294525146484
20170308154916893,-0.787625885009766
20170308154916894,-2.83230361938477
20170308154916895,0.707735443115234
20170308154916896,-0.688443756103516
20170308154916897,-2.83993301391602
20170308154916898,0.776399993896484
20170308154916899,-0.787625885009766
20170308154916900,-2.82467422485352
20170308154916901,0.845064544677734
20170308154916902,-1.07754287719727
20170308154916903,-2.75600967407227
20170308154916904,0.776399993896484
20170308154916905,-1.16146621704102
20170308154916906,-2.78652725219727
20170308154916907,0.730623626708984
20170308154916908,-1.04702529907227
20170308154916909,-2.79415664672852
20170308154916910,0.921358489990234
20170308154916911,-1.03939590454102
20170308154916912,-2.80178604125977
20170308154916913,0.761141204833984
20170308154916914,-0.879178619384766
20170308154916915,-2.83230361938477
20170308154916916,0.722994232177734
20170308154916917,-1.03176651000977
20170308154916918,-2.88570938110352
20170308154916919,0.608553314208984
20170308154916920,-1.03939590454102
20170308154916921,-2.81704483032227
20170308154916922,0.837435150146484
20170308154916923,-1.29879531860352
20170308154916924,-2.70260391235352
20170308154916925,0.845064544677734
20170308154916926,-1.13857803344727
20170308154916927,-2.68734512329102
20170308154916928,0.745882415771484
20170308154916929,-1.27590713500977
20170308154916930,-2.61868057250977
20170308154916931,0.768770599365234
20170308154916932,-1.59634170532227
20170308154916933,-2.53475723266602
20170308154916934,0.722994232177734
20170308154916935,-1.62685928344727
20170308154916936,-2.41268692016602
20170308154916937,0.677217864990234
20170308154916938,-1.86337051391602
20170308154916939,-2.19143447875977
20170308154916940,0.608553314208984
20170308154916941,-1.94729385375977
20170308154916942,-2.26772842407227
20170308154916943,0.700106048583984
20170308154916944,-1.85574111938477
20170308154916945,-2.22958145141602
20170308154916946,0.730623626708984
20170308154916947,-2.02358779907227
20170308154916948,-2.10751113891602
20170308154916949,0.700106048583984
20170308154916950,-1.87862930297852
20170308154916951,-2.23721084594727
20170308154916952,0.639070892333984
20170308154916953,-2.06173477172852
20170308154916954,-2.20669326782227
20170308154916955,0.562776947021484
20170308154916956,-1.93966445922852
20170308154916957,-2.18380508422852
20170308154916958,0.661959075927734
20170308154916959,-2.17617568969727
20170308154916960,-2.09988174438477
20170308154916961,0.692476654052734
20170308154916962,-2.09225234985352
20170308154916963,-2.02358779907227
20170308154916964,0.684847259521484
20170308154916965,-2.25246963500977
20170308154916966,-1.89388809204102
20170308154916967,0.860323333740234
20170308154916968,-2.22958145141602
20170308154916969,-1.70315322875977
20170308154916970,0.692476654052734
20170308154916971,-2.44320449829102
20170308154916972,-1.48953018188477
20170308154916973,0.608553314208984
20170308154916974,-2.73312149047852
20170308154916975,-1.39797744750977
20170308154916976,0.745882415771484
20170308154916977,-2.77126846313477
20170308154916978,-1.35983047485352
20170308154916979,0.562776947021484
20170308154916980,-2.85519180297852
20170308154916981,-1.18435440063477
20170308154916982,0.555147552490234
20170308154916983,-2.91622695922852
20170308154916984,-1.16909561157227
20170308154916985,0.661959075927734
20170308154916986,-2.95437393188477
20170308154916987,-0.772367095947266
20170308154916988,0.433077239990234
20170308154916989,-2.97726211547852
20170308154916990,-0.932584381103516
20170308154916991,0.593294525146484
20170308154916992,-2.98489151000977
20170308154916993,-0.871549224853516
20170308154916994,0.402559661865234
20170308154916995,-2.98489151000977
20170308154916996,-0.947843170166016
20170308154916997,0.295748138427734
20170308154916998,-2.93148574829102
20170308154916999,-1.04702529907227
20170308154917000,0.433077239990234
20170308154917001,-2.99252090454102
20170308154917002,-1.17672500610352
20170308154917003,0.463594818115234
20170308154917004,-2.97726211547852
20170308154917005,-1.03176651000977
20170308154917006,0.448336029052734
20170308154917007,-2.96963272094727
20170308154917008,-1.00887832641602
20170308154917009,0.593294525146484
20170308154917010,-2.96200332641602
20170308154917011,-0.879178619384766
20170308154917012,0.463594818115234
20170308154917013,-2.97726211547852
20170308154917014,-0.322232818603516
20170308154917015,0.219454193115234
20170308154917016,-3.00777969360352
20170308154917017,-0.368009185791016
20170308154917018,-0.192533111572266
20170308154917019,-3.00777969360352
20170308154917020,0.0821250915527344
20170308154917021,-0.322232818603516
20170308154917022,-2.97726211547852
20170308154917023,0.524629974365234
20170308154917024,-0.711331939697266
20170308154917025,-2.92385635375977
20170308154917026,0.578035736083984
20170308154917027,-0.848661041259766
20170308154917028,-2.91622695922852
20170308154917029,0.715364837646484
20170308154917030,-1.02413711547852
20170308154917031,-2.83993301391602
20170308154917032,0.875582122802734
20170308154917033,-1.07754287719727
20170308154917034,-2.81704483032227
20170308154917035,0.768770599365234
20170308154917036,-1.00887832641602
20170308154917037,-2.74075088500977
20170308154917038,0.967134857177734
20170308154917039,-1.20724258422852
20170308154917040,-2.77126846313477
20170308154917041,0.784029388427734
20170308154917042,-1.28353652954102
20170308154917043,-2.65682754516602
20170308154917044,0.707735443115234
20170308154917045,-1.30642471313477
20170308154917046,-2.76363906860352
20170308154917047,0.768770599365234
20170308154917048,-1.46664199829102
20170308154917049,-2.58053359985352
20170308154917050,0.669588470458984
20170308154917051,-1.68026504516602
20170308154917052,-2.44320449829102
20170308154917053,0.639070892333984
20170308154917054,-1.84811172485352
20170308154917055,-2.25246963500977
20170308154917056,0.661959075927734
20170308154917057,-2.04647598266602
20170308154917058,-2.01595840454102
20170308154917059,0.776399993896484
20170308154917060,-2.10751113891602
20170308154917061,-1.89388809204102
20170308154917062,0.700106048583984
20170308154917063,-2.31350479125977
20170308154917064,-1.93203506469727
20170308154917065,0.578035736083984
20170308154917066,-2.26772842407227
20170308154917067,-1.92440567016602
20170308154917068,0.654329681396484
20170308154917069,-2.20669326782227
20170308154917070,-2.06173477172852
20170308154917071,0.593294525146484
20170308154917072,-1.99307022094727
20170308154917073,-2.06936416625977
20170308154917074,0.806917572021484
20170308154917075,-2.08462295532227
20170308154917076,-2.11514053344727
20170308154917077,0.768770599365234
20170308154917078,-2.07699356079102
20170308154917079,-2.01595840454102
20170308154917080,0.745882415771484
20170308154917081,-2.16854629516602
20170308154917082,-2.12276992797852
20170308154917083,0.539888763427734
20170308154917084,-2.02358779907227
20170308154917085,-2.03884658813477
20170308154917086,0.692476654052734
20170308154917087,-2.13039932250977
20170308154917088,-2.13039932250977
20170308154917089,0.539888763427734
20170308154917090,-2.03121719360352
20170308154917091,-2.18380508422852
20170308154917092,0.707735443115234
20170308154917093,-2.22958145141602
20170308154917094,-1.71841201782227
20170308154917095,0.585665130615234
20170308154917096,-2.39742813110352
20170308154917097,-1.64974746704102
20170308154917098,0.722994232177734
20170308154917099,-2.59579238891602
20170308154917100,-1.48190078735352
20170308154917101,0.860323333740234
20170308154917102,-2.63393936157227
20170308154917103,-1.48953018188477
20170308154917104,0.707735443115234
20170308154917105,-2.54238662719727
20170308154917106,-1.46664199829102
20170308154917107,0.631441497802734
20170308154917108,-2.84756240844727
20170308154917109,-1.32931289672852
20170308154917110,0.562776947021484
20170308154917111,-2.71786270141602
20170308154917112,-1.30642471313477
20170308154917113,0.707735443115234
20170308154917114,-2.85519180297852
20170308154917115,-1.23776016235352
20170308154917116,0.578035736083984
20170308154917117,-2.88570938110352
20170308154917118,-1.11568984985352
20170308154917119,0.509371185302734
20170308154917120,-2.96963272094727
20170308154917121,-0.795255279541016
20170308154917122,0.402559661865234
20170308154917123,-2.94674453735352
20170308154917124,-0.741849517822266
20170308154917125,0.433077239990234
20170308154917126,-2.98489151000977
20170308154917127,-0.581632232666016
20170308154917128,0.341524505615234
20170308154917129,-2.96200332641602
20170308154917130,-0.444303131103516
20170308154917131,0.120272064208984
20170308154917132,-2.90096817016602
20170308154917133,-0.352750396728516
20170308154917134,0.234712982177734
20170308154917135,-2.92385635375977
20170308154917136,-0.505338287353516
20170308154917137,0.0134605407714844
20170308154917138,-2.91622695922852
20170308154917139,-0.383267974853516
20170308154917140,-0.0552040100097656
20170308154917141,-3.00015029907227
20170308154917142,-0.291715240478516
20170308154917143,-0.0170570373535156
20170308154917144,-2.86282119750977
20170308154917145,-0.230680084228516
20170308154917146,-0.0475746154785156
20170308154917147,-2.94674453735352
20170308154917148,-0.146756744384766
20170308154917149,-0.0399452209472656
20170308154917150,-2.90096817016602
20170308154917151,-0.177274322509766
20170308154917152,-0.261197662353516
20170308154917153,-2.87807998657227
20170308154917154,0.234712982177734
20170308154917155,-0.490079498291016
20170308154917156,-2.87807998657227
20170308154917157,0.0134605407714844
20170308154917158,-0.360379791259766
20170308154917159,-2.90096817016602
20170308154917160,0.0668663024902344
20170308154917161,-0.268827056884766
20170308154917162,-2.92385635375977
20170308154917163,0.326265716552734
20170308154917164,-0.635037994384766
20170308154917165,-2.82467422485352
20170308154917166,0.402559661865234
20170308154917167,-0.604520416259766
20170308154917168,-2.90096817016602
20170308154917169,0.684847259521484
20170308154917170,-0.932584381103516
20170308154917171,-2.81704483032227
20170308154917172,0.730623626708984
20170308154917173,-1.16146621704102
20170308154917174,-2.75600967407227
20170308154917175,0.784029388427734
20170308154917176,-1.53530654907227
20170308154917177,-2.55001602172852
20170308154917178,0.875582122802734
20170308154917179,-1.61160049438477
20170308154917180,-2.51186904907227
20170308154917181,0.837435150146484
20170308154917182,-1.90151748657227
20170308154917183,-2.31350479125977
20170308154917184,0.677217864990234
20170308154917185,-1.95492324829102
20170308154917186,-2.16854629516602
20170308154917187,0.784029388427734
20170308154917188,-2.10751113891602
20170308154917189,-2.03121719360352
20170308154917190,0.761141204833984
20170308154917191,-2.29061660766602
20170308154917192,-1.77944717407227
20170308154917193,0.867952728271484
20170308154917194,-2.30587539672852
20170308154917195,-1.65737686157227
20170308154917196,0.646700286865234
20170308154917197,-2.45846328735352
20170308154917198,-1.43612442016602
20170308154917199,0.700106048583984
20170308154917200,-2.69497451782227
20170308154917201,-1.38271865844727
20170308154917202,0.639070892333984
20170308154917203,-2.87045059204102
20170308154917204,-1.09280166625977
20170308154917205,0.600923919677734
20170308154917206,-2.97726211547852
20170308154917207,-0.963101959228516
20170308154917208,0.440706634521484
20170308154917209,-2.98489151000977
20170308154917210,-0.955472564697266
20170308154917211,0.585665130615234
20170308154917212,-3.00015029907227
20170308154917213,-0.909696197509766
20170308154917214,0.356783294677734
20170308154917215,-2.94674453735352
20170308154917216,-0.444303131103516
20170308154917217,0.379671478271484
20170308154917218,-3.00015029907227
20170308154917219,-0.574002838134766
20170308154917220,0.120272064208984
20170308154917221,-3.03066787719727
20170308154917222,-0.375638580322266
20170308154917223,0.0363487243652344
20170308154917224,-2.91622695922852
20170308154917225,-0.360379791259766
20170308154917226,0.0287193298339844
20170308154917227,-2.97726211547852
20170308154917228,-0.123868560791016
20170308154917229,-0.0780921936035156
20170308154917230,-2.99252090454102
20170308154917231,-0.184903717041016
20170308154917232,-0.0246864318847656
20170308154917233,-2.80941543579102
20170308154917234,-0.543485260009766
20170308154917235,0.127901458740234
20170308154917236,-2.92385635375977
20170308154917237,-0.528226470947266
20170308154917238,0.204195404052734
20170308154917239,-2.91622695922852
20170308154917240,-0.459561920166016
20170308154917241,0.326265716552734
20170308154917242,-2.90096817016602
20170308154917243,-0.383267974853516
20170308154917244,0.112642669677734
20170308154917245,-2.87045059204102
20170308154917246,-0.627408599853516
20170308154917247,0.265230560302734
20170308154917248,-2.97726211547852
20170308154917249,-0.596891021728516
20170308154917250,0.249971771240234
20170308154917251,-2.93148574829102
20170308154917252,-0.680814361572266
20170308154917253,0.333895111083984
20170308154917254,-2.96200332641602
20170308154917255,-0.688443756103516
20170308154917256,0.211824798583984
20170308154917257,-2.95437393188477
20170308154917258,-0.635037994384766
20170308154917259,0.272859954833984
20170308154917260,-2.94674453735352
20170308154917261,-0.543485260009766
20170308154917262,0.349153900146484
20170308154917263,-3.02303848266602
20170308154917264,-0.520597076416016
20170308154917265,0.0363487243652344
20170308154917266,-2.96963272094727
20170308154917267,-0.467191314697266
20170308154917268,0.249971771240234
20170308154917269,-3.01540908813477
20170308154917270,-0.352750396728516
20170308154917271,-0.0857215881347656
20170308154917272,-2.94674453735352
20170308154917273,-0.154386138916016
20170308154917274,-0.245938873291016
20170308154917275,-2.93148574829102
20170308154917276,-0.0628334045410156
20170308154917277,-0.0933509826660156
20170308154917278,-2.87807998657227
20170308154917279,0.0058311462402344
20170308154917280,-0.299344635009766
20170308154917281,-2.86282119750977
20170308154917282,0.0210899353027344
20170308154917283,-0.284085845947266
20170308154917284,-2.90096817016602
20170308154917285,0.120272064208984
20170308154917286,-0.413785552978516
20170308154917287,-2.90096817016602
20170308154917288,0.318636322021484
20170308154917289,-0.345121002197266
20170308154917290,-2.87807998657227
20170308154917291,0.387300872802734
20170308154917292,-0.566373443603516
20170308154917293,-2.83230361938477
20170308154917294,0.433077239990234
20170308154917295,-0.581632232666016
20170308154917296,-2.83993301391602
20170308154917297,0.318636322021484
20170308154917298,-0.474820709228516
20170308154917299,-2.83230361938477
20170308154917300,0.478853607177734
20170308154917301,-0.757108306884766
20170308154917302,-2.83230361938477
20170308154917303,0.661959075927734
20170308154917304,-0.833402252197266
20170308154917305,-2.78652725219727
20170308154917306,0.387300872802734
20170308154917307,-0.635037994384766
20170308154917308,-2.80178604125977
20170308154917309,0.608553314208984
20170308154917310,-0.482450103759766
20170308154917311,-2.83230361938477
20170308154917312,0.532259368896484
20170308154917313,-0.841031646728516
20170308154917314,-2.79415664672852
20170308154917315,0.661959075927734
20170308154917316,-0.993619537353516
20170308154917317,-2.76363906860352
20170308154917318,0.921358489990234
20170308154917319,-0.871549224853516
20170308154917320,-2.80178604125977
20170308154917321,0.715364837646484
20170308154917322,-1.06228408813477
20170308154917323,-2.78652725219727
20170308154917324,0.913729095458984
20170308154917325,-1.19198379516602
20170308154917326,-2.67971572875977
20170308154917327,0.806917572021484
20170308154917328,-1.07754287719727
20170308154917329,-2.64156875610352
20170308154917330,0.768770599365234
20170308154917331,-1.24538955688477
20170308154917332,-2.58053359985352
20170308154917333,0.822176361083984
20170308154917334,-1.36745986938477
20170308154917335,-2.38979873657227
20170308154917336,0.791658782958984
20170308154917337,-1.70315322875977
20170308154917338,-2.19143447875977
20170308154917339,0.722994232177734
20170308154917340,-2.29061660766602
20170308154917341,-1.82522354125977
20170308154917342,0.707735443115234
20170308154917343,-2.39742813110352
20170308154917344,-1.54293594360352
20170308154917345,0.715364837646484
20170308154917346,-2.68734512329102
20170308154917347,-1.27590713500977
20170308154917348,0.600923919677734
20170308154917349,-2.86282119750977
20170308154917350,-1.29116592407227
20170308154917351,0.578035736083984
20170308154917352,-2.74075088500977
20170308154917353,-1.34457168579102
20170308154917354,0.631441497802734
20170308154917355,-2.84756240844727
20170308154917356,-1.24538955688477
20170308154917357,0.532259368896484
20170308154917358,-2.82467422485352
20170308154917359,-1.07754287719727
20170308154917360,0.593294525146484
20170308154917361,-2.94674453735352
20170308154917362,-0.924954986572266
20170308154917363,0.471224212646484
20170308154917364,-3.02303848266602
20170308154917365,-0.543485260009766
20170308154917366,0.257601165771484
20170308154917367,-3.02303848266602
20170308154917368,-0.421414947509766
20170308154917369,0.143160247802734
20170308154917370,-3.01540908813477
20170308154917371,-0.291715240478516
20170308154917372,-0.116239166259766
20170308154917373,-2.93148574829102
20170308154917374,-0.154386138916016
20170308154917375,0.0439781188964844
20170308154917376,-2.86282119750977
20170308154917377,-0.0246864318847656
20170308154917378,-0.261197662353516
20170308154917379,-2.91622695922852
20170308154917380,0.188936614990234
20170308154917381,-0.398526763916016
20170308154917382,-2.92385635375977
20170308154917383,0.242342376708984
20170308154917384,-0.741849517822266
20170308154917385,-2.95437393188477
20170308154917386,0.455965423583984
20170308154917387,-0.810514068603516
20170308154917388,-2.90859756469727
20170308154917389,0.661959075927734
20170308154917390,-1.01650772094727
20170308154917391,-2.82467422485352
20170308154917392,0.768770599365234
20170308154917393,-1.05465469360352
20170308154917394,-2.79415664672852
20170308154917395,0.890840911865234
20170308154917396,-1.14620742797852
20170308154917397,-2.80941543579102
20170308154917398,0.898470306396484
20170308154917399,-1.00124893188477
20170308154917400,-2.81704483032227
20170308154917401,0.745882415771484
20170308154917402,-0.932584381103516
20170308154917403,-2.70260391235352
20170308154917404,0.799288177490234
20170308154917405,-1.13857803344727
20170308154917406,-2.78652725219727
20170308154917407,0.921358489990234
20170308154917408,-0.947843170166016
20170308154917409,-2.71023330688477
20170308154917410,0.578035736083984
20170308154917411,-0.963101959228516
20170308154917412,-2.86282119750977
20170308154917413,0.539888763427734
20170308154917414,-0.879178619384766
20170308154917415,-2.85519180297852
20170308154917416,0.524629974365234
20170308154917417,-0.680814361572266
20170308154917418,-2.89333877563477
20170308154917419,0.372042083740234
20170308154917420,-0.703702545166016
20170308154917421,-2.80178604125977
20170308154917422,0.433077239990234
20170308154917423,-0.612149810791016
20170308154917424,-2.81704483032227
20170308154917425,0.669588470458984
20170308154917426,-0.787625885009766
20170308154917427,-2.82467422485352
20170308154917428,0.684847259521484
20170308154917429,-0.909696197509766
20170308154917430,-2.81704483032227
20170308154917431,0.669588470458984
20170308154917432,-0.993619537353516
20170308154917433,-2.78652725219727
20170308154917434,0.852693939208984
20170308154917435,-1.00124893188477
20170308154917436,-2.76363906860352
20170308154917437,0.898470306396484
20170308154917438,-1.05465469360352
20170308154917439,-2.67971572875977
20170308154917440,0.990023040771484
20170308154917441,-1.44375381469727
20170308154917442,-2.56527481079102
20170308154917443,0.784029388427734
20170308154917444,-1.33694229125977
20170308154917445,-2.58816299438477
20170308154917446,1.01291122436523
20170308154917447,-1.47427139282227
20170308154917448,-2.51186904907227
20170308154917449,0.784029388427734
20170308154917450,-1.52767715454102
20170308154917451,-2.36691055297852
20170308154917452,0.837435150146484
20170308154917453,-1.73367080688477
20170308154917454,-2.42794570922852
20170308154917455,0.715364837646484
20170308154917456,-1.77181777954102
20170308154917457,-2.26009902954102
20170308154917458,0.852693939208984
20170308154917459,-1.95492324829102
20170308154917460,-2.14565811157227
20170308154917461,0.822176361083984
20170308154917462,-2.16854629516602
20170308154917463,-1.80233535766602
20170308154917464,0.883211517333984
20170308154917465,-2.38216934204102
20170308154917466,-1.45138320922852
20170308154917467,0.692476654052734
20170308154917468,-2.61868057250977
20170308154917469,-1.42849502563477
20170308154917470,0.692476654052734
20170308154917471,-2.75600967407227
20170308154917472,-1.28353652954102
20170308154917473,0.623812103271484
20170308154917474,-2.72549209594727
20170308154917475,-1.17672500610352
20170308154917476,0.600923919677734
20170308154917477,-2.83993301391602
20170308154917478,-1.18435440063477
20170308154917479,0.654329681396484
20170308154917480,-3.00015029907227
20170308154917481,-0.772367095947266
20170308154917482,0.387300872802734
20170308154917483,-2.94674453735352
20170308154917484,-0.718961334228516
20170308154917485,0.326265716552734
20170308154917486,-2.95437393188477
20170308154917487,-0.604520416259766
20170308154917488,0.318636322021484
20170308154917489,-2.94674453735352
20170308154917490,-0.436673736572266
20170308154917491,0.234712982177734
20170308154917492,-2.96963272094727
20170308154917493,-0.299344635009766
20170308154917494,-0.0170570373535156
20170308154917495,-2.97726211547852
20170308154917496,0.0210899353027344
20170308154917497,-0.291715240478516
20170308154917498,-2.83993301391602
20170308154917499,0.219454193115234
20170308154917500,-0.482450103759766
20170308154917501,-2.87045059204102
20170308154917502,0.455965423583984
20170308154917503,-0.711331939697266
20170308154917504,-2.87045059204102
20170308154917505,0.753511810302734
20170308154917506,-0.879178619384766
20170308154917507,-2.85519180297852
20170308154917508,0.799288177490234
20170308154917509,-1.00887832641602
20170308154917510,-2.73312149047852
20170308154917511,0.898470306396484
20170308154917512,-1.07754287719727
20170308154917513,-2.75600967407227
20170308154917514,0.784029388427734
20170308154917515,-1.19961318969727
20170308154917516,-2.64919815063477
20170308154917517,0.791658782958984
20170308154917518,-1.41323623657227
20170308154917519,-2.58053359985352
20170308154917520,0.761141204833984
20170308154917521,-1.51241836547852
20170308154917522,-2.31350479125977
20170308154917523,0.776399993896484
20170308154917524,-1.80233535766602
20170308154917525,-2.15328750610352
20170308154917526,0.867952728271484
20170308154917527,-2.06173477172852
20170308154917528,-1.86337051391602
20170308154917529,0.951876068115234
20170308154917530,-2.23721084594727
20170308154917531,-1.87099990844727
20170308154917532,0.532259368896484
20170308154917533,-2.22958145141602
20170308154917534,-1.84811172485352
20170308154917535,0.707735443115234
20170308154917536,-2.33639297485352
20170308154917537,-1.84811172485352
20170308154917538,0.730623626708984
20170308154917539,-2.38979873657227
20170308154917540,-1.58871231079102
20170308154917541,0.883211517333984
20170308154917542,-2.36691055297852
20170308154917543,-1.49715957641602
20170308154917544,0.784029388427734
20170308154917545,-2.61105117797852
20170308154917546,-1.55819473266602
20170308154917547,0.631441497802734
20170308154917548,-2.34402236938477
20170308154917549,-1.66500625610352
20170308154917550,0.646700286865234
20170308154917551,-2.38979873657227
20170308154917552,-1.45901260375977
20170308154917553,0.738253021240234
20170308154917554,-2.61868057250977
20170308154917555,-1.35220108032227
20170308154917556,0.608553314208984
20170308154917557,-2.80178604125977
20170308154917558,-1.23776016235352
20170308154917559,0.593294525146484
20170308154917560,-2.80941543579102
20170308154917561,-1.32931289672852
20170308154917562,0.661959075927734
20170308154917563,-2.90096817016602
20170308154917564,-1.16146621704102
20170308154917565,0.562776947021484
20170308154917566,-2.86282119750977
20170308154917567,-1.13094863891602
20170308154917568,0.570406341552734
20170308154917569,-2.87807998657227
20170308154917570,-1.18435440063477
20170308154917571,0.555147552490234
20170308154917572,-2.74838027954102
20170308154917573,-1.40560684204102
20170308154917574,0.547518157958984
20170308154917575,-2.41268692016602
20170308154917576,-1.60397109985352
20170308154917577,0.738253021240234
20170308154917578,-2.36691055297852
20170308154917579,-1.67263565063477
20170308154917580,0.593294525146484
20170308154917581,-2.23721084594727
20170308154917582,-1.72604141235352
20170308154917583,0.684847259521484
20170308154917584,-2.27535781860352
20170308154917585,-1.78707656860352
20170308154917586,0.639070892333984
20170308154917587,-2.26009902954102
20170308154917588,-1.77181777954102
20170308154917589,0.616182708740234
20170308154917590,-2.17617568969727
20170308154917591,-1.79470596313477
20170308154917592,0.761141204833984
20170308154917593,-2.20669326782227
20170308154917594,-1.84048233032227
20170308154917595,0.677217864990234
20170308154917596,-2.09225234985352
20170308154917597,-1.87099990844727
20170308154917598,0.600923919677734
20170308154917599,-2.15328750610352
20170308154917600,-1.88625869750977
20170308154917601,0.593294525146484
20170308154917602,-2.09225234985352
20170308154917603,-2.08462295532227
20170308154917604,0.669588470458984
20170308154917605,-1.97781143188477
20170308154917606,-2.13039932250977
20170308154917607,0.669588470458984
20170308154917608,-2.03884658813477
20170308154917609,-1.85574111938477
20170308154917610,0.761141204833984
20170308154917611,-2.21432266235352
20170308154917612,-1.83285293579102
20170308154917613,0.730623626708984
20170308154917614,-2.28298721313477
20170308154917615,-1.67263565063477
20170308154917616,0.669588470458984
20170308154917617,-2.29824600219727
20170308154917618,-1.71841201782227
20170308154917619,0.890840911865234
20170308154917620,-2.40505752563477
20170308154917621,-1.61160049438477
20170308154917622,0.814546966552734
20170308154917623,-2.48135147094727
20170308154917624,-1.64974746704102
20170308154917625,0.654329681396484
20170308154917626,-2.29061660766602
20170308154917627,-1.58108291625977
20170308154917628,0.707735443115234
20170308154917629,-2.52712783813477
20170308154917630,-1.52767715454102
20170308154917631,0.593294525146484
20170308154917632,-2.77126846313477
20170308154917633,-1.13094863891602
20170308154917634,0.753511810302734
20170308154917635,-2.92385635375977
20170308154917636,-1.02413711547852
20170308154917637,0.448336029052734
20170308154917638,-2.96963272094727
20170308154917639,-0.848661041259766
20170308154917640,0.425447845458984
20170308154917641,-2.91622695922852
20170308154917642,-0.848661041259766
20170308154917643,0.608553314208984
20170308154917644,-2.93148574829102
20170308154917645,-0.772367095947266
20170308154917646,0.524629974365234
20170308154917647,-2.91622695922852
20170308154917648,-0.787625885009766
20170308154917649,0.448336029052734
20170308154917650,-2.91622695922852
20170308154917651,-0.665555572509766
20170308154917652,0.257601165771484
20170308154917653,-2.98489151000977
20170308154917654,-0.398526763916016
20170308154917655,0.0744956970214844
20170308154917656,-2.85519180297852
20170308154917657,-0.314603424072266
20170308154917658,0.0516075134277344
20170308154917659,-2.89333877563477
20170308154917660,-0.215421295166016
20170308154917661,-0.123868560791016
20170308154917662,-2.90096817016602
20170308154917663,0.0058311462402344
20170308154917664,-0.329862213134766
20170308154917665,-2.80178604125977
20170308154917666,0.227083587646484
20170308154917667,-0.627408599853516
20170308154917668,-2.88570938110352
20170308154917669,0.539888763427734
20170308154917670,-0.863919830322266
20170308154917671,-2.83230361938477
20170308154917672,0.837435150146484
20170308154917673,-1.09280166625977
20170308154917674,-2.75600967407227
20170308154917675,0.959505462646484
20170308154917676,-1.24538955688477
20170308154917677,-2.62630996704102
20170308154917678,0.860323333740234
20170308154917679,-1.52767715454102
20170308154917680,-2.45083389282227
20170308154917681,0.776399993896484
20170308154917682,-1.61160049438477
20170308154917683,-2.40505752563477
20170308154917684,0.890840911865234
20170308154917685,-1.80233535766602
20170308154917686,-2.14565811157227
20170308154917687,0.707735443115234
20170308154917688,-1.81759414672852
20170308154917689,-2.00832901000977
20170308154917690,0.814546966552734
20170308154917691,-2.03121719360352
20170308154917692,-1.82522354125977
20170308154917693,0.822176361083984
20170308154917694,-2.18380508422852
20170308154917695,-1.87099990844727
20170308154917696,0.784029388427734
20170308154917697,-2.22958145141602
20170308154917698,-1.80996475219727
20170308154917699,0.829805755615234
20170308154917700,-2.22195205688477
20170308154917701,-1.79470596313477
20170308154917702,0.814546966552734
20170308154917703,-2.26009902954102
20170308154917704,-1.68026504516602
20170308154917705,0.692476654052734
20170308154917706,-2.32876358032227
20170308154917707,-1.66500625610352
20170308154917708,0.692476654052734
20170308154917709,-2.32876358032227
20170308154917710,-1.67263565063477
20170308154917711,0.715364837646484
20170308154917712,-2.43557510375977
20170308154917713,-1.57345352172852
20170308154917714,0.661959075927734
20170308154917715,-2.55001602172852
20170308154917716,-1.55056533813477
20170308154917717,0.768770599365234
20170308154917718,-2.69497451782227
20170308154917719,-1.40560684204102
20170308154917720,0.639070892333984
20170308154917721,-2.68734512329102
20170308154917722,-1.29116592407227
20170308154917723,0.547518157958984
20170308154917724,-2.83230361938477
20170308154917725,-1.13857803344727
20170308154917726,0.745882415771484
20170308154917727,-2.88570938110352
20170308154917728,-1.16909561157227
20170308154917729,0.631441497802734
20170308154917730,-2.87807998657227
20170308154917731,-1.21487197875977
20170308154917732,0.784029388427734
20170308154917733,-2.71786270141602
20170308154917734,-1.10043106079102
20170308154917735,0.661959075927734
20170308154917736,-2.84756240844727
20170308154917737,-1.22250137329102
20170308154917738,0.631441497802734
20170308154917739,-2.82467422485352
20170308154917740,-1.23776016235352
20170308154917741,0.753511810302734
20170308154917742,-2.72549209594727
20170308154917743,-1.29879531860352
20170308154917744,0.608553314208984
20170308154917745,-2.83993301391602
20170308154917746,-1.28353652954102
20170308154917747,0.692476654052734
20170308154917748,-2.91622695922852
20170308154917749,-1.14620742797852
20170308154917750,0.524629974365234
20170308154917751,-3.00777969360352
20170308154917752,-1.13094863891602
20170308154917753,0.532259368896484
20170308154917754,-2.95437393188477
20170308154917755,-1.12331924438477
20170308154917756,0.494112396240234
20170308154917757,-2.94674453735352
20170308154917758,-1.05465469360352
20170308154917759,0.677217864990234
20170308154917760,-2.92385635375977
20170308154917761,-0.825772857666016
20170308154917762,0.570406341552734
20170308154917763,-3.00015029907227
20170308154917764,-0.932584381103516
20170308154917765,0.372042083740234
20170308154917766,-2.93911514282227
20170308154917767,-0.902066802978516
20170308154917768,0.394930267333984
20170308154917769,-2.90859756469727
20170308154917770,-0.917325592041016
20170308154917771,0.333895111083984
20170308154917772,-2.81704483032227
20170308154917773,-1.03176651000977
20170308154917774,0.478853607177734
20170308154917775,-2.76363906860352
20170308154917776,-1.17672500610352
20170308154917777,0.700106048583984
20170308154917778,-2.82467422485352
20170308154917779,-1.30642471313477
20170308154917780,0.722994232177734
20170308154917781,-2.87045059204102
20170308154917782,-1.23776016235352
20170308154917783,0.494112396240234
20170308154917784,-2.82467422485352
20170308154917785,-1.28353652954102
20170308154917786,0.791658782958984
20170308154917787,-2.89333877563477
20170308154917788,-1.08517227172852
20170308154917789,0.517000579833984
20170308154917790,-2.89333877563477
20170308154917791,-1.11568984985352
20170308154917792,0.494112396240234
20170308154917793,-3.01540908813477
20170308154917794,-1.03939590454102
20170308154917795,0.471224212646484
20170308154917796,-2.83230361938477
20170308154917797,-1.19198379516602
20170308154917798,0.547518157958984
20170308154917799,-2.80941543579102
20170308154917800,-1.22250137329102
20170308154917801,0.585665130615234
20170308154917802,-2.90859756469727
20170308154917803,-1.06991348266602
20170308154917804,0.722994232177734
20170308154917805,-2.80941543579102
20170308154917806,-1.05465469360352
20170308154917807,0.684847259521484
20170308154917808,-2.87045059204102
20170308154917809,-0.947843170166016
20170308154917810,0.494112396240234
20170308154917811,-2.92385635375977
20170308154917812,-0.795255279541016
20170308154917813,0.349153900146484
20170308154917814,-2.91622695922852
20170308154917815,-0.520597076416016
20170308154917816,0.257601165771484
20170308154917817,-2.96963272094727
20170308154917818,-0.604520416259766
20170308154917819,0.143160247802734
20170308154917820,-2.98489151000977
20170308154917821,-0.215421295166016
20170308154917822,-0.0323158264160156
20170308154917823,-2.88570938110352
20170308154917824,-0.207791900634766
20170308154917825,-0.108609771728516
20170308154917826,-2.96963272094727
20170308154917827,0.0439781188964844
20170308154917828,-0.314603424072266
20170308154917829,-2.96200332641602
20170308154917830,0.227083587646484
20170308154917831,-0.497708892822266
20170308154917832,-2.86282119750977
20170308154917833,0.349153900146484
20170308154917834,-0.604520416259766
20170308154917835,-2.87807998657227
20170308154917836,0.486483001708984
20170308154917837,-0.726590728759766
20170308154917838,-2.80178604125977
20170308154917839,0.639070892333984
20170308154917840,-0.909696197509766
20170308154917841,-2.80941543579102
20170308154917842,0.784029388427734
20170308154917843,-1.08517227172852
20170308154917844,-2.69497451782227
20170308154917845,0.852693939208984
20170308154917846,-1.13094863891602
20170308154917847,-2.58816299438477
20170308154917848,0.936617279052734
20170308154917849,-1.35220108032227
20170308154917850,-2.61105117797852
20170308154917851,0.906099700927734
20170308154917852,-1.35983047485352
20170308154917853,-2.48898086547852
20170308154917854,0.959505462646484
20170308154917855,-1.56582412719727
20170308154917856,-2.53475723266602
20170308154917857,0.692476654052734
20170308154917858,-1.42849502563477
20170308154917859,-2.51186904907227
20170308154917860,0.822176361083984
20170308154917861,-1.60397109985352
20170308154917862,-2.22958145141602
20170308154917863,0.707735443115234
20170308154917864,-1.69552383422852
20170308154917865,-2.22958145141602
20170308154917866,0.715364837646484
20170308154917867,-1.83285293579102
20170308154917868,-2.26009902954102
20170308154917869,0.722994232177734
20170308154917870,-1.88625869750977
20170308154917871,-2.01595840454102
20170308154917872,0.761141204833984
20170308154917873,-2.03121719360352
20170308154917874,-2.01595840454102
20170308154917875,0.784029388427734
20170308154917876,-2.04647598266602
20170308154917877,-1.97018203735352
20170308154917878,0.677217864990234
20170308154917879,-2.10751113891602
20170308154917880,-1.89388809204102
20170308154917881,0.928987884521484
20170308154917882,-2.08462295532227
20170308154917883,-1.91677627563477
20170308154917884,0.890840911865234
20170308154917885,-2.17617568969727
20170308154917886,-1.75655899047852
20170308154917887,0.562776947021484
20170308154917888,-2.28298721313477
20170308154917889,-1.71078262329102
20170308154917890,0.738253021240234
20170308154917891,-2.42031631469727
20170308154917892,-1.48953018188477
20170308154917893,0.753511810302734
20170308154917894,-2.66445693969727
20170308154917895,-1.42849502563477
20170308154917896,0.600923919677734
20170308154917897,-2.53475723266602
20170308154917898,-1.45901260375977
20170308154917899,0.715364837646484
20170308154917900,-2.50423965454102
20170308154917901,-1.51241836547852
20170308154917902,0.776399993896484
20170308154917903,-2.41268692016602
20170308154917904,-1.37508926391602
20170308154917905,0.585665130615234
20170308154917906,-2.49661026000977
20170308154917907,-1.50478897094727
20170308154917908,0.753511810302734
20170308154917909,-2.51949844360352
20170308154917910,-1.52767715454102
20170308154917911,0.715364837646484
20170308154917912,-2.56527481079102
20170308154917913,-1.52767715454102
20170308154917914,0.631441497802734
20170308154917915,-2.55764541625977
20170308154917916,-1.42086563110352
20170308154917917,0.692476654052734
20170308154917918,-2.77889785766602
20170308154917919,-1.27590713500977
20170308154917920,0.799288177490234
20170308154917921,-2.72549209594727
20170308154917922,-1.31405410766602
20170308154917923,0.585665130615234
20170308154917924,-2.64156875610352
20170308154917925,-1.43612442016602
20170308154917926,0.707735443115234
20170308154917927,-2.64156875610352
20170308154917928,-1.29879531860352
20170308154917929,0.745882415771484
20170308154917930,-2.70260391235352
20170308154917931,-1.42086563110352
20170308154917932,0.547518157958984
20170308154917933,-2.54238662719727
20170308154917934,-1.52767715454102
20170308154917935,0.829805755615234
20170308154917936,-2.35165176391602
20170308154917937,-1.70315322875977
20170308154917938,0.715364837646484
20170308154917939,-2.29061660766602
20170308154917940,-1.81759414672852
20170308154917941,0.745882415771484
20170308154917942,-2.34402236938477
20170308154917943,-1.62685928344727
20170308154917944,0.692476654052734
20170308154917945,-2.33639297485352
20170308154917946,-1.61160049438477
20170308154917947,0.814546966552734
20170308154917948,-2.42794570922852
20170308154917949,-1.52767715454102
20170308154917950,0.661959075927734
20170308154917951,-2.75600967407227
20170308154917952,-1.45138320922852
20170308154917953,0.837435150146484
20170308154917954,-2.52712783813477
20170308154917955,-1.53530654907227
20170308154917956,0.707735443115234
20170308154917957,-2.51186904907227
20170308154917958,-1.50478897094727
20170308154917959,0.646700286865234
20170308154917960,-2.47372207641602
20170308154917961,-1.52004776000977
20170308154917962,0.806917572021484
20170308154917963,-2.80941543579102
20170308154917964,-1.20724258422852
20170308154917965,0.517000579833984
20170308154917966,-2.68734512329102
20170308154917967,-1.23013076782227
20170308154917968,0.585665130615234
20170308154917969,-2.64156875610352
20170308154917970,-1.42849502563477
20170308154917971,0.860323333740234
20170308154917972,-2.63393936157227
20170308154917973,-1.54293594360352
20170308154917974,0.738253021240234
20170308154917975,-2.64156875610352
20170308154917976,-1.32168350219727
20170308154917977,0.768770599365234
20170308154917978,-2.73312149047852
20170308154917979,-1.25301895141602
20170308154917980,0.646700286865234
20170308154917981,-2.80941543579102
20170308154917982,-1.29116592407227
20170308154917983,0.692476654052734
20170308154917984,-2.87045059204102
20170308154917985,-1.06991348266602
20170308154917986,0.509371185302734
20170308154917987,-2.88570938110352
20170308154917988,-0.985990142822266
20170308154917989,0.593294525146484
20170308154917990,-2.95437393188477
20170308154917991,-1.06228408813477
20170308154917992,0.478853607177734
20170308154917993,-2.95437393188477
20170308154917994,-0.833402252197266
20170308154917995,0.402559661865234
20170308154917996,-2.96963272094727
20170308154917997,-0.924954986572266
20170308154917998,0.440706634521484
20170308154917999,-3.01540908813477
20170308154918000,-0.635037994384766
20170308154918001,0.494112396240234
20170308154918002,-3.00015029907227
20170308154918003,-0.635037994384766
20170308154918004,0.318636322021484
20170308154918005,-2.94674453735352
20170308154918006,-0.505338287353516
20170308154918007,0.105013275146484
20170308154918008,-2.83230361938477
20170308154918009,-0.306974029541016
20170308154918010,0.173677825927734
20170308154918011,-2.83993301391602
20170308154918012,-0.200162506103516
20170308154918013,-0.100980377197266
20170308154918014,-2.88570938110352
20170308154918015,0.0821250915527344
20170308154918016,-0.429044342041016
20170308154918017,-2.87045059204102
20170308154918018,0.158419036865234
20170308154918019,-0.482450103759766
20170308154918020,-2.90096817016602
20170308154918021,0.295748138427734
20170308154918022,-0.520597076416016
20170308154918023,-2.81704483032227
20170308154918024,0.539888763427734
20170308154918025,-0.741849517822266
20170308154918026,-2.82467422485352
20170308154918027,0.898470306396484
20170308154918028,-0.978360748291016
20170308154918029,-2.76363906860352
20170308154918030,0.860323333740234
20170308154918031,-1.01650772094727
20170308154918032,-2.73312149047852
20170308154918033,0.867952728271484
20170308154918034,-1.38271865844727
20170308154918035,-2.61105117797852
20170308154918036,0.928987884521484
20170308154918037,-1.44375381469727
20170308154918038,-2.52712783813477
20170308154918039,0.745882415771484
20170308154918040,-1.61922988891602
20170308154918041,-2.51186904907227
20170308154918042,0.906099700927734
20170308154918043,-1.70315322875977
20170308154918044,-2.16854629516602
20170308154918045,0.776399993896484
20170308154918046,-2.08462295532227
20170308154918047,-2.05410537719727
20170308154918048,0.806917572021484
20170308154918049,-2.10751113891602
20170308154918050,-2.15328750610352
20170308154918051,0.654329681396484
20170308154918052,-2.02358779907227
20170308154918053,-1.94729385375977
20170308154918054,0.776399993896484
20170308154918055,-2.13802871704102
20170308154918056,-1.82522354125977
20170308154918057,0.692476654052734
20170308154918058,-2.18380508422852
20170308154918059,-1.77181777954102
20170308154918060,0.951876068115234
20170308154918061,-2.29824600219727
20170308154918062,-1.55056533813477
20170308154918063,0.692476654052734
20170308154918064,-2.33639297485352
20170308154918065,-1.48953018188477
20170308154918066,0.623812103271484
20170308154918067,-2.34402236938477
20170308154918068,-1.37508926391602
20170308154918069,0.562776947021484
20170308154918070,-2.54238662719727
20170308154918071,-1.39034805297852
20170308154918072,0.753511810302734
20170308154918073,-2.60342178344727
20170308154918074,-1.35983047485352
20170308154918075,0.715364837646484
20170308154918076,-2.88570938110352
20170308154918077,-1.10806045532227
20170308154918078,0.517000579833984
20170308154918079,-2.96963272094727
20170308154918080,-1.35220108032227
20170308154918081,0.616182708740234
20170308154918082,-2.73312149047852
20170308154918083,-1.35220108032227
20170308154918084,0.539888763427734
20170308154918085,-2.71023330688477
20170308154918086,-1.41323623657227
20170308154918087,0.722994232177734
20170308154918088,-2.80941543579102
20170308154918089,-1.15383682250977
20170308154918090,0.768770599365234
20170308154918091,-2.78652725219727
20170308154918092,-1.26064834594727
20170308154918093,0.646700286865234
20170308154918094,-2.73312149047852
20170308154918095,-1.32168350219727
20170308154918096,0.654329681396484
20170308154918097,-2.75600967407227
20170308154918098,-1.18435440063477
20170308154918099,0.646700286865234
20170308154918100,-2.90096817016602
20170308154918101,-1.10806045532227
20170308154918102,0.486483001708984
20170308154918103,-2.95437393188477
20170308154918104,-0.978360748291016
20170308154918105,0.433077239990234
20170308154918106,-2.88570938110352
20170308154918107,-0.879178619384766
20170308154918108,0.501741790771484
20170308154918109,-2.91622695922852
20170308154918110,-0.688443756103516
20170308154918111,0.341524505615234
20170308154918112,-2.90859756469727
20170308154918113,-0.604520416259766
20170308154918114,0.249971771240234
20170308154918115,-2.93148574829102
20170308154918116,-0.474820709228516
20170308154918117,0.0210899353027344
20170308154918118,-2.93911514282227
20170308154918119,-0.329862213134766
20170308154918120,-0.100980377197266
20170308154918121,-2.98489151000977
20170308154918122,-0.406156158447266
20170308154918123,-0.0246864318847656
20170308154918124,-2.98489151000977
20170308154918125,-0.451932525634766
20170308154918126,0.280489349365234
20170308154918127,-2.92385635375977
20170308154918128,-0.551114654541016
20170308154918129,0.120272064208984
20170308154918130,-2.96200332641602
20170308154918131,-0.306974029541016
20170308154918132,0.143160247802734
20170308154918133,-2.88570938110352
20170308154918134,-0.406156158447266
20170308154918135,0.120272064208984
20170308154918136,-2.93148574829102
20170308154918137,-0.0857215881347656
20170308154918138,0.0897544860839844
20170308154918139,-2.83230361938477
20170308154918140,-0.0170570373535156
20170308154918141,-0.230680084228516
20170308154918142,-2.87045059204102
20170308154918143,0.211824798583984
20170308154918144,-0.444303131103516
20170308154918145,-2.82467422485352
20170308154918146,0.578035736083984
20170308154918147,-0.574002838134766
20170308154918148,-2.81704483032227
20170308154918149,0.654329681396484
20170308154918150,-0.642667388916016
20170308154918151,-2.83230361938477
20170308154918152,0.776399993896484
20170308154918153,-1.00887832641602
20170308154918154,-2.78652725219727
20170308154918155,0.951876068115234
20170308154918156,-0.947843170166016
20170308154918157,-2.74838027954102
20170308154918158,0.829805755615234
20170308154918159,-1.16909561157227
20170308154918160,-2.78652725219727
20170308154918161,0.974764251708984
20170308154918162,-1.10806045532227
20170308154918163,-2.61868057250977
20170308154918164,0.776399993896484
20170308154918165,-1.30642471313477
20170308154918166,-2.57290420532227
20170308154918167,0.799288177490234
20170308154918168,-1.41323623657227
20170308154918169,-2.43557510375977
20170308154918170,0.799288177490234
20170308154918171,-1.71078262329102
20170308154918172,-2.11514053344727
20170308154918173,0.837435150146484
20170308154918174,-2.18380508422852
20170308154918175,-1.82522354125977
20170308154918176,0.829805755615234
20170308154918177,-2.34402236938477
20170308154918178,-1.45901260375977
20170308154918179,0.753511810302734
20170308154918180,-2.69497451782227
20170308154918181,-1.26827774047852
20170308154918182,0.669588470458984
20170308154918183,-2.80178604125977
20170308154918184,-1.10806045532227
20170308154918185,0.684847259521484
20170308154918186,-2.90859756469727
20170308154918187,-0.894437408447266
20170308154918188,0.646700286865234
20170308154918189,-2.90859756469727
20170308154918190,-0.696073150634766
20170308154918191,0.341524505615234
20170308154918192,-2.91622695922852
20170308154918193,-0.474820709228516
20170308154918194,0.242342376708984
20170308154918195,-3.00777969360352
20170308154918196,-0.558744049072266
20170308154918197,0.135530853271484
20170308154918198,-3.02303848266602
20170308154918199,-0.390897369384766
20170308154918200,0.135530853271484
20170308154918201,-2.97726211547852
20170308154918202,-0.398526763916016
20170308154918203,0.0210899353027344
20170308154918204,-2.94674453735352
20170308154918205,-0.238309478759766
20170308154918206,-0.131497955322266
20170308154918207,-2.94674453735352
20170308154918208,-0.139127349853516
20170308154918209,-0.131497955322266
20170308154918210,-2.95437393188477
20170308154918211,-0.0857215881347656
20170308154918212,-0.108609771728516
20170308154918213,-2.93148574829102
20170308154918214,0.0821250915527344
20170308154918215,-0.436673736572266
20170308154918216,-2.88570938110352
20170308154918217,0.0287193298339844
20170308154918218,-0.368009185791016
20170308154918219,-2.88570938110352
20170308154918220,0.0592369079589844
20170308154918221,-0.238309478759766
20170308154918222,-2.91622695922852
20170308154918223,-0.146756744384766
20170308154918224,-0.268827056884766
20170308154918225,-2.85519180297852
20170308154918226,0.280489349365234
20170308154918227,-0.184903717041016
20170308154918228,-2.79415664672852
20170308154918229,-0.108609771728516
20170308154918230,-0.0552040100097656
20170308154918231,-2.84756240844727
20170308154918232,-0.398526763916016
20170308154918233,0.143160247802734
20170308154918234,-2.91622695922852
20170308154918235,-0.337491607666016
20170308154918236,0.0821250915527344
20170308154918237,-2.94674453735352
20170308154918238,-0.162015533447266
20170308154918239,-0.215421295166016
20170308154918240,-2.90859756469727
20170308154918241,0.127901458740234
20170308154918242,-0.337491607666016
20170308154918243,-2.85519180297852
20170308154918244,0.318636322021484
20170308154918245,-0.451932525634766
20170308154918246,-2.81704483032227
20170308154918247,0.478853607177734
20170308154918248,-0.512967681884766
20170308154918249,-2.83230361938477
20170308154918250,0.455965423583984
20170308154918251,-0.650296783447266
20170308154918252,-2.83993301391602
20170308154918253,0.547518157958984
20170308154918254,-0.810514068603516
20170308154918255,-2.79415664672852
20170308154918256,0.463594818115234
20170308154918257,-0.718961334228516
20170308154918258,-2.80178604125977
20170308154918259,0.669588470458984
20170308154918260,-0.985990142822266
20170308154918261,-2.78652725219727
20170308154918262,0.654329681396484
20170308154918263,-1.12331924438477
20170308154918264,-2.85519180297852
20170308154918265,0.883211517333984
20170308154918266,-1.31405410766602
20170308154918267,-2.61105117797852
20170308154918268,0.776399993896484
20170308154918269,-1.16146621704102
20170308154918270,-2.66445693969727
20170308154918271,0.860323333740234
20170308154918272,-1.42086563110352
20170308154918273,-2.50423965454102
20170308154918274,0.936617279052734
20170308154918275,-1.69552383422852
20170308154918276,-2.38216934204102
20170308154918277,0.600923919677734
20170308154918278,-1.67263565063477
20170308154918279,-2.32876358032227
20170308154918280,0.700106048583984
20170308154918281,-1.85574111938477
20170308154918282,-2.19906387329102
20170308154918283,0.730623626708984
20170308154918284,-2.04647598266602
20170308154918285,-2.05410537719727
20170308154918286,0.677217864990234
20170308154918287,-2.11514053344727
20170308154918288,-2.18380508422852
20170308154918289,0.753511810302734
20170308154918290,-2.26009902954102
20170308154918291,-1.85574111938477
20170308154918292,0.715364837646484
20170308154918293,-2.41268692016602
20170308154918294,-1.55056533813477
20170308154918295,0.753511810302734
20170308154918296,-2.53475723266602
20170308154918297,-1.29116592407227
20170308154918298,0.616182708740234
20170308154918299,-2.79415664672852
20170308154918300,-1.12331924438477
20170308154918301,0.562776947021484
20170308154918302,-3.00015029907227
20170308154918303,-0.848661041259766
20170308154918304,0.448336029052734
20170308154918305,-2.94674453735352
20170308154918306,-0.841031646728516
20170308154918307,0.654329681396484
20170308154918308,-2.91622695922852
20170308154918309,-0.680814361572266
20170308154918310,0.478853607177734
20170308154918311,-2.87807998657227
20170308154918312,-0.764737701416016
20170308154918313,0.494112396240234
20170308154918314,-2.94674453735352
20170308154918315,-0.474820709228516
20170308154918316,0.196566009521484
20170308154918317,-3.00777969360352
20170308154918318,-0.383267974853516
20170308154918319,-0.0780921936035156
20170308154918320,-2.98489151000977
20170308154918321,0.143160247802734
20170308154918322,-0.459561920166016
20170308154918323,-2.91622695922852
20170308154918324,0.425447845458984
20170308154918325,-0.581632232666016
20170308154918326,-2.95437393188477
20170308154918327,0.669588470458984
20170308154918328,-0.642667388916016
20170308154918329,-2.82467422485352
20170308154918330,0.761141204833984
20170308154918331,-0.764737701416016
20170308154918332,-2.82467422485352
20170308154918333,0.753511810302734
20170308154918334,-1.12331924438477
20170308154918335,-2.76363906860352
20170308154918336,0.883211517333984
20170308154918337,-1.14620742797852
20170308154918338,-2.73312149047852
20170308154918339,0.791658782958984
20170308154918340,-1.30642471313477
20170308154918341,-2.64919815063477
20170308154918342,0.753511810302734
20170308154918343,-1.18435440063477
20170308154918344,-2.59579238891602
20170308154918345,0.784029388427734
20170308154918346,-1.20724258422852
20170308154918347,-2.61868057250977
20170308154918348,0.936617279052734
20170308154918349,-1.63448867797852
20170308154918350,-2.38979873657227
20170308154918351,0.669588470458984
20170308154918352,-1.74892959594727
20170308154918353,-2.33639297485352
20170308154918354,0.761141204833984
20170308154918355,-1.64974746704102
20170308154918356,-2.40505752563477
20170308154918357,0.799288177490234
20170308154918358,-1.55819473266602
20170308154918359,-2.28298721313477
20170308154918360,0.738253021240234
20170308154918361,-1.81759414672852
20170308154918362,-2.27535781860352
20170308154918363,0.867952728271484
20170308154918364,-1.83285293579102
20170308154918365,-2.22958145141602
20170308154918366,0.639070892333984
20170308154918367,-1.74130020141602
20170308154918368,-2.33639297485352
20170308154918369,0.784029388427734
20170308154918370,-1.82522354125977
20170308154918371,-2.21432266235352
20170308154918372,0.684847259521484
20170308154918373,-1.76418838500977
20170308154918374,-2.26772842407227
20170308154918375,0.761141204833984
20170308154918376,-1.90914688110352
20170308154918377,-2.19906387329102
20170308154918378,0.745882415771484
20170308154918379,-2.00832901000977
20170308154918380,-1.95492324829102
20170308154918381,0.722994232177734
20170308154918382,-2.11514053344727
20170308154918383,-2.00069961547852
20170308154918384,0.730623626708984
20170308154918385,-2.12276992797852
20170308154918386,-1.99307022094727
20170308154918387,0.631441497802734
20170308154918388,-2.00832901000977
20170308154918389,-2.05410537719727
20170308154918390,0.661959075927734
20170308154918391,-1.87099990844727
20170308154918392,-2.19143447875977
20170308154918393,0.814546966552734
20170308154918394,-1.98544082641602
20170308154918395,-2.04647598266602
20170308154918396,0.593294525146484
20170308154918397,-2.06936416625977
20170308154918398,-1.84048233032227
20170308154918399,0.692476654052734
20170308154918400,-2.23721084594727
20170308154918401,-1.85574111938477
20170308154918402,0.707735443115234
20170308154918403,-2.39742813110352
20170308154918404,-1.74130020141602
20170308154918405,0.745882415771484
20170308154918406,-2.26772842407227
20170308154918407,-1.63448867797852
20170308154918408,0.814546966552734
20170308154918409,-2.63393936157227
20170308154918410,-1.33694229125977
20170308154918411,0.806917572021484
20170308154918412,-2.78652725219727
20170308154918413,-1.32168350219727
20170308154918414,0.677217864990234
20170308154918415,-2.93911514282227
20170308154918416,-1.01650772094727
20170308154918417,0.410189056396484
20170308154918418,-2.94674453735352
20170308154918419,-1.00124893188477
20170308154918420,0.509371185302734
20170308154918421,-2.96963272094727
20170308154918422,-0.673184967041016
20170308154918423,0.532259368896484
20170308154918424,-3.00777969360352
20170308154918425,-0.749478912353516
20170308154918426,0.333895111083984
20170308154918427,-2.94674453735352
20170308154918428,-0.856290435791016
20170308154918429,0.417818450927734
20170308154918430,-2.93911514282227
20170308154918431,-0.985990142822266
20170308154918432,0.410189056396484
20170308154918433,-2.96200332641602
20170308154918434,-0.627408599853516
20170308154918435,0.501741790771484
20170308154918436,-2.95437393188477
20170308154918437,-0.574002838134766
20170308154918438,0.433077239990234
20170308154918439,-2.94674453735352
20170308154918440,-0.444303131103516
20170308154918441,0.0592369079589844
20170308154918442,-2.93911514282227
20170308154918443,-0.245938873291016
20170308154918444,-0.200162506103516
20170308154918445,-2.93911514282227
20170308154918446,0.0973838806152344
20170308154918447,-0.421414947509766
20170308154918448,-2.93148574829102
20170308154918449,0.524629974365234
20170308154918450,-0.757108306884766
20170308154918451,-2.83230361938477
20170308154918452,0.639070892333984
20170308154918453,-0.802884674072266
20170308154918454,-2.85519180297852
20170308154918455,0.646700286865234
20170308154918456,-0.932584381103516
20170308154918457,-2.87807998657227
20170308154918458,0.906099700927734
20170308154918459,-1.06991348266602
20170308154918460,-2.74075088500977
20170308154918461,0.852693939208984
20170308154918462,-1.31405410766602
20170308154918463,-2.58816299438477
20170308154918464,0.722994232177734
20170308154918465,-1.38271865844727
20170308154918466,-2.63393936157227
20170308154918467,0.890840911865234
20170308154918468,-1.40560684204102
20170308154918469,-2.59579238891602
20170308154918470,0.776399993896484
20170308154918471,-1.44375381469727
20170308154918472,-2.48135147094727
20170308154918473,0.837435150146484
20170308154918474,-1.67263565063477
20170308154918475,-2.37453994750977
20170308154918476,0.799288177490234
20170308154918477,-1.75655899047852
20170308154918478,-2.23721084594727
20170308154918479,0.768770599365234
20170308154918480,-1.98544082641602
20170308154918481,-2.00832901000977
20170308154918482,0.867952728271484
20170308154918483,-2.09225234985352
20170308154918484,-1.91677627563477
20170308154918485,0.738253021240234
20170308154918486,-2.29061660766602
20170308154918487,-1.51241836547852
20170308154918488,0.791658782958984
20170308154918489,-2.48898086547852
20170308154918490,-1.63448867797852
20170308154918491,0.639070892333984
20170308154918492,-2.55001602172852
20170308154918493,-1.41323623657227
20170308154918494,0.600923919677734
20170308154918495,-2.73312149047852
20170308154918496,-1.13857803344727
20170308154918497,0.570406341552734
20170308154918498,-2.84756240844727
20170308154918499,-1.22250137329102
20170308154918500,0.539888763427734
20170308154918501,-3.01540908813477
20170308154918502,-1.18435440063477
20170308154918503,0.661959075927734
20170308154918504,-2.98489151000977
20170308154918505,-1.08517227172852
20170308154918506,0.433077239990234
20170308154918507,-2.90859756469727
20170308154918508,-1.00124893188477
20170308154918509,0.585665130615234
20170308154918510,-2.95437393188477
20170308154918511,-1.01650772094727
20170308154918512,0.455965423583984
20170308154918513,-3.02303848266602
20170308154918514,-0.902066802978516
20170308154918515,0.410189056396484
20170308154918516,-3.00015029907227
20170308154918517,-0.604520416259766
20170308154918518,0.249971771240234
20170308154918519,-2.93911514282227
20170308154918520,-0.429044342041016
20170308154918521,0.143160247802734
20170308154918522,-3.05355606079102
20170308154918523,-0.535855865478516
20170308154918524,0.105013275146484
20170308154918525,-2.93148574829102
20170308154918526,-0.345121002197266
20170308154918527,0.0744956970214844
20170308154918528,-2.87807998657227
20170308154918529,-0.451932525634766
20170308154918530,0.219454193115234
20170308154918531,-2.89333877563477
20170308154918532,-0.635037994384766
20170308154918533,0.173677825927734
20170308154918534,-2.97726211547852
20170308154918535,-0.467191314697266
20170308154918536,0.0439781188964844
20170308154918537,-2.96963272094727
20170308154918538,-0.390897369384766
20170308154918539,-0.0017982482910156
20170308154918540,-2.94674453735352
20170308154918541,-0.360379791259766
20170308154918542,-0.100980377197266
20170308154918543,-3.05355606079102
20170308154918544,-0.329862213134766
20170308154918545,-0.100980377197266
20170308154918546,-2.97726211547852
20170308154918547,-0.459561920166016
20170308154918548,0.0287193298339844
20170308154918549,-3.04592666625977
20170308154918550,-0.383267974853516
20170308154918551,0.0439781188964844
20170308154918552,-3.01540908813477
20170308154918553,-0.390897369384766
20170308154918554,-0.0170570373535156
20170308154918555,-2.97726211547852
20170308154918556,-0.230680084228516
20170308154918557,-0.169644927978516
20170308154918558,-2.94674453735352
20170308154918559,-0.0170570373535156
20170308154918560,-0.108609771728516
20170308154918561,-2.93148574829102
20170308154918562,-0.0094276428222656
20170308154918563,-0.245938873291016
20170308154918564,-2.89333877563477
20170308154918565,-0.139127349853516
20170308154918566,-0.299344635009766
20170308154918567,-2.90859756469727
20170308154918568,-0.192533111572266
20170308154918569,-0.314603424072266
20170308154918570,-2.91622695922852
20170308154918571,-0.345121002197266
20170308154918572,0.0363487243652344
20170308154918573,-2.86282119750977
20170308154918574,-0.520597076416016
20170308154918575,0.0973838806152344
20170308154918576,-2.91622695922852
20170308154918577,-0.436673736572266
20170308154918578,0.211824798583984
20170308154918579,-2.91622695922852
20170308154918580,-0.612149810791016
20170308154918581,0.265230560302734
20170308154918582,-2.98489151000977
20170308154918583,-0.787625885009766
20170308154918584,0.379671478271484
20170308154918585,-2.94674453735352
20170308154918586,-0.734220123291016
20170308154918587,0.570406341552734
20170308154918588,-2.92385635375977
20170308154918589,-0.589261627197266
20170308154918590,0.211824798583984
20170308154918591,-2.93911514282227
20170308154918592,-0.459561920166016
20170308154918593,0.0973838806152344
20170308154918594,-3.00015029907227
20170308154918595,-0.421414947509766
20170308154918596,0.181307220458984
20170308154918597,-2.95437393188477
20170308154918598,-0.215421295166016
20170308154918599,-0.0170570373535156
20170308154918600,-2.98489151000977
20170308154918601,-0.154386138916016
20170308154918602,-0.200162506103516
20170308154918603,-2.96200332641602
20170308154918604,-0.352750396728516
20170308154918605,-0.177274322509766
20170308154918606,-3.00015029907227
20170308154918607,-0.268827056884766
20170308154918608,0.0134605407714844
20170308154918609,-2.81704483032227
20170308154918610,-0.345121002197266
20170308154918611,-0.0246864318847656
20170308154918612,-2.89333877563477
20170308154918613,-0.314603424072266
20170308154918614,0.0973838806152344
20170308154918615,-2.93148574829102
20170308154918616,-0.436673736572266
20170308154918617,-0.123868560791016
20170308154918618,-2.98489151000977
20170308154918619,-0.429044342041016
20170308154918620,-0.0704627990722656
20170308154918621,-2.92385635375977
20170308154918622,-0.223050689697266
20170308154918623,0.135530853271484
20170308154918624,-2.98489151000977
20170308154918625,-0.184903717041016
20170308154918626,-0.192533111572266
20170308154918627,-2.92385635375977
20170308154918628,0.0973838806152344
20170308154918629,-0.337491607666016
20170308154918630,-2.96963272094727
20170308154918631,-0.0094276428222656
20170308154918632,-0.306974029541016
20170308154918633,-2.95437393188477
20170308154918634,0.150789642333984
20170308154918635,-0.406156158447266
20170308154918636,-2.90859756469727
20170308154918637,0.0439781188964844
20170308154918638,-0.108609771728516
20170308154918639,-2.93148574829102
20170308154918640,0.0973838806152344
20170308154918641,-0.429044342041016
20170308154918642,-2.83993301391602
20170308154918643,0.486483001708984
20170308154918644,-0.680814361572266
20170308154918645,-2.83230361938477
20170308154918646,0.616182708740234
20170308154918647,-0.871549224853516
20170308154918648,-2.83993301391602
20170308154918649,0.890840911865234
20170308154918650,-1.23776016235352
20170308154918651,-2.71023330688477
20170308154918652,0.845064544677734
20170308154918653,-1.39034805297852
20170308154918654,-2.52712783813477
20170308154918655,0.684847259521484
20170308154918656,-1.67263565063477
20170308154918657,-2.45083389282227
20170308154918658,0.707735443115234
20170308154918659,-1.80233535766602
20170308154918660,-2.06173477172852
20170308154918661,0.875582122802734
20170308154918662,-2.15328750610352
20170308154918663,-2.03121719360352
20170308154918664,0.501741790771484
20170308154918665,-1.97781143188477
20170308154918666,-2.11514053344727
20170308154918667,0.837435150146484
20170308154918668,-2.11514053344727
20170308154918669,-1.96255264282227
20170308154918670,0.608553314208984
20170308154918671,-2.00832901000977
20170308154918672,-2.09225234985352
20170308154918673,0.761141204833984
20170308154918674,-2.19143447875977
20170308154918675,-1.87099990844727
20170308154918676,0.761141204833984
20170308154918677,-2.24484024047852
20170308154918678,-1.63448867797852
20170308154918679,0.791658782958984
20170308154918680,-2.39742813110352
20170308154918681,-1.61160049438477
20170308154918682,0.730623626708984
20170308154918683,-2.40505752563477
20170308154918684,-1.59634170532227
20170308154918685,0.593294525146484
20170308154918686,-2.32876358032227
20170308154918687,-1.69552383422852
20170308154918688,0.806917572021484
20170308154918689,-2.61105117797852
20170308154918690,-1.37508926391602
20170308154918691,0.654329681396484
20170308154918692,-2.72549209594727
20170308154918693,-1.32931289672852
20170308154918694,0.639070892333984
20170308154918695,-2.79415664672852
20170308154918696,-1.22250137329102
20170308154918697,0.539888763427734
20170308154918698,-2.76363906860352
20170308154918699,-1.23776016235352
20170308154918700,0.478853607177734
20170308154918701,-2.81704483032227
20170308154918702,-1.23013076782227
20170308154918703,0.547518157958984
20170308154918704,-2.90859756469727
20170308154918705,-1.03939590454102
20170308154918706,0.555147552490234
20170308154918707,-2.98489151000977
20170308154918708,-0.924954986572266
20170308154918709,0.303377532958984
20170308154918710,-3.01540908813477
20170308154918711,-0.856290435791016
20170308154918712,0.425447845458984
20170308154918713,-3.00777969360352
20170308154918714,-1.06228408813477
20170308154918715,0.417818450927734
20170308154918716,-2.98489151000977
20170308154918717,-1.03176651000977
20170308154918718,0.440706634521484
20170308154918719,-2.87045059204102
20170308154918720,-1.12331924438477
20170308154918721,0.753511810302734
20170308154918722,-2.96200332641602
20170308154918723,-1.03939590454102
20170308154918724,0.494112396240234
20170308154918725,-2.88570938110352
20170308154918726,-1.09280166625977
20170308154918727,0.639070892333984
20170308154918728,-2.85519180297852
20170308154918729,-1.10043106079102
20170308154918730,0.478853607177734
20170308154918731,-2.77126846313477
20170308154918732,-1.21487197875977
20170308154918733,0.532259368896484
20170308154918734,-2.90096817016602
20170308154918735,-1.10043106079102
20170308154918736,0.684847259521484
20170308154918737,-2.96200332641602
20170308154918738,-1.04702529907227
20170308154918739,0.471224212646484
20170308154918740,-2.97726211547852
20170308154918741,-0.924954986572266
20170308154918742,0.616182708740234
20170308154918743,-2.92385635375977
20170308154918744,-0.932584381103516
20170308154918745,0.600923919677734
20170308154918746,-3.00777969360352
20170308154918747,-0.764737701416016
20170308154918748,0.471224212646484
20170308154918749,-2.95437393188477
20170308154918750,-0.795255279541016
20170308154918751,0.341524505615234
20170308154918752,-3.01540908813477
20170308154918753,-0.825772857666016
20170308154918754,0.501741790771484
20170308154918755,-2.95437393188477
20170308154918756,-0.932584381103516
20170308154918757,0.356783294677734
20170308154918758,-2.93148574829102
20170308154918759,-0.955472564697266
20170308154918760,0.501741790771484
20170308154918761,-3.00015029907227
20170308154918762,-1.10043106079102
20170308154918763,0.494112396240234
20170308154918764,-2.99252090454102
20170308154918765,-0.688443756103516
20170308154918766,0.356783294677734
20170308154918767,-2.96200332641602
20170308154918768,-0.688443756103516
20170308154918769,0.349153900146484
20170308154918770,-2.89333877563477
20170308154918771,-0.596891021728516
20170308154918772,0.448336029052734
20170308154918773,-2.95437393188477
20170308154918774,-0.520597076416016
20170308154918775,0.135530853271484
20170308154918776,-2.86282119750977
20170308154918777,-0.451932525634766
20170308154918778,0.0973838806152344
20170308154918779,-2.99252090454102
20170308154918780,-0.337491607666016
20170308154918781,-0.0933509826660156
20170308154918782,-3.02303848266602
20170308154918783,-0.192533111572266
20170308154918784,-0.184903717041016
20170308154918785,-2.99252090454102
20170308154918786,0.463594818115234
20170308154918787,-0.574002838134766
20170308154918788,-2.80178604125977
20170308154918789,0.631441497802734
20170308154918790,-0.810514068603516
20170308154918791,-2.85519180297852
20170308154918792,0.761141204833984
20170308154918793,-0.924954986572266
20170308154918794,-2.79415664672852
20170308154918795,0.784029388427734
20170308154918796,-1.16146621704102
20170308154918797,-2.72549209594727
20170308154918798,0.928987884521484
20170308154918799,-1.31405410766602
20170308154918800,-2.62630996704102
20170308154918801,0.890840911865234
20170308154918802,-1.44375381469727
20170308154918803,-2.52712783813477
20170308154918804,0.852693939208984
20170308154918805,-1.76418838500977
20170308154918806,-2.21432266235352
20170308154918807,0.661959075927734
20170308154918808,-1.87862930297852
20170308154918809,-2.03121719360352
20170308154918810,0.784029388427734
20170308154918811,-2.22195205688477
20170308154918812,-1.87099990844727
20170308154918813,0.890840911865234
20170308154918814,-2.22958145141602
20170308154918815,-1.66500625610352
20170308154918816,0.730623626708984
20170308154918817,-2.56527481079102
20170308154918818,-1.38271865844727
20170308154918819,0.768770599365234
20170308154918820,-2.84756240844727
20170308154918821,-1.19961318969727
20170308154918822,0.578035736083984
20170308154918823,-2.86282119750977
20170308154918824,-1.00887832641602
20170308154918825,0.532259368896484
20170308154918826,-2.94674453735352
20170308154918827,-1.00124893188477
20170308154918828,0.394930267333984
20170308154918829,-2.94674453735352
20170308154918830,-1.02413711547852
20170308154918831,0.440706634521484
20170308154918832,-3.06118545532227
20170308154918833,-1.00124893188477
20170308154918834,0.387300872802734
20170308154918835,-3.06118545532227
20170308154918836,-0.703702545166016
20170308154918837,0.448336029052734
20170308154918838,-3.01540908813477
20170308154918839,-0.352750396728516
20170308154918840,0.120272064208984
20170308154918841,-3.00015029907227
20170308154918842,-0.230680084228516
20170308154918843,-0.0552040100097656
20170308154918844,-2.96963272094727
20170308154918845,0.135530853271484
20170308154918846,-0.245938873291016
20170308154918847,-2.88570938110352
20170308154918848,0.135530853271484
20170308154918849,-0.421414947509766
20170308154918850,-2.90096817016602
20170308154918851,0.150789642333984
20170308154918852,-0.528226470947266
20170308154918853,-2.90859756469727
20170308154918854,0.265230560302734
20170308154918855,-0.375638580322266
20170308154918856,-2.90096817016602
20170308154918857,0.425447845458984
20170308154918858,-0.680814361572266
20170308154918859,-2.83993301391602
20170308154918860,0.608553314208984
20170308154918861,-0.772367095947266
20170308154918862,-2.84756240844727
20170308154918863,0.600923919677734
20170308154918864,-0.787625885009766
20170308154918865,-2.82467422485352
20170308154918866,0.455965423583984
20170308154918867,-0.711331939697266
20170308154918868,-2.84756240844727
20170308154918869,0.433077239990234
20170308154918870,-0.795255279541016
20170308154918871,-2.86282119750977
20170308154918872,0.364412689208984
20170308154918873,-0.726590728759766
20170308154918874,-2.90096817016602
20170308154918875,0.509371185302734
20170308154918876,-0.795255279541016
20170308154918877,-2.80178604125977
20170308154918878,0.524629974365234
20170308154918879,-0.787625885009766
20170308154918880,-2.83993301391602
20170308154918881,0.578035736083984
20170308154918882,-0.833402252197266
20170308154918883,-2.80178604125977
20170308154918884,0.700106048583984
20170308154918885,-0.825772857666016
20170308154918886,-2.77889785766602
20170308154918887,0.501741790771484
20170308154918888,-0.818143463134766
20170308154918889,-2.89333877563477
20170308154918890,0.410189056396484
20170308154918891,-0.673184967041016
20170308154918892,-2.83993301391602
20170308154918893,0.433077239990234
20170308154918894,-0.467191314697266
20170308154918895,-2.80178604125977
20170308154918896,0.356783294677734
20170308154918897,-0.459561920166016
20170308154918898,-2.83993301391602
20170308154918899,0.455965423583984
20170308154918900,-0.543485260009766
20170308154918901,-2.80941543579102
20170308154918902,0.112642669677734
20170308154918903,-0.436673736572266
20170308154918904,-2.87807998657227
20170308154918905,-0.0475746154785156
20170308154918906,-0.162015533447266
20170308154918907,-2.90859756469727
20170308154918908,0.0134605407714844
20170308154918909,-0.314603424072266
20170308154918910,-2.87807998657227
20170308154918911,0.364412689208984
20170308154918912,-0.398526763916016
20170308154918913,-2.83993301391602
20170308154918914,0.402559661865234
20170308154918915,-0.734220123291016
20170308154918916,-2.89333877563477
20170308154918917,0.532259368896484
20170308154918918,-0.879178619384766
20170308154918919,-2.89333877563477
20170308154918920,0.692476654052734
20170308154918921,-0.848661041259766
20170308154918922,-2.77126846313477
20170308154918923,0.806917572021484
20170308154918924,-1.14620742797852
20170308154918925,-2.68734512329102
20170308154918926,0.982393646240234
20170308154918927,-1.16146621704102
20170308154918928,-2.72549209594727
20170308154918929,0.845064544677734
20170308154918930,-1.01650772094727
20170308154918931,-2.78652725219727
20170308154918932,0.639070892333984
20170308154918933,-0.894437408447266
20170308154918934,-2.81704483032227
20170308154918935,0.494112396240234
20170308154918936,-0.871549224853516
20170308154918937,-2.80941543579102
20170308154918938,0.509371185302734
20170308154918939,-0.940213775634766
20170308154918940,-2.85519180297852
20170308154918941,0.860323333740234
20170308154918942,-1.02413711547852
20170308154918943,-2.62630996704102
20170308154918944,0.761141204833984
20170308154918945,-1.32931289672852
20170308154918946,-2.60342178344727
20170308154918947,0.829805755615234
20170308154918948,-1.53530654907227
20170308154918949,-2.42794570922852
20170308154918950,0.707735443115234
20170308154918951,-1.95492324829102
20170308154918952,-2.15328750610352
20170308154918953,0.722994232177734
20170308154918954,-2.19143447875977
20170308154918955,-1.86337051391602
20170308154918956,0.700106048583984
20170308154918957,-2.23721084594727
20170308154918958,-1.80233535766602
20170308154918959,0.791658782958984
20170308154918960,-2.32876358032227
20170308154918961,-1.65737686157227
20170308154918962,0.791658782958984
20170308154918963,-2.46609268188477
20170308154918964,-1.58108291625977
20170308154918965,0.661959075927734
20170308154918966,-2.80178604125977
20170308154918967,-1.27590713500977
20170308154918968,0.562776947021484
20170308154918969,-2.88570938110352
20170308154918970,-0.879178619384766
20170308154918971,0.440706634521484
20170308154918972,-2.96200332641602
20170308154918973,-0.779996490478516
20170308154918974,0.402559661865234
20170308154918975,-3.02303848266602
20170308154918976,-0.581632232666016
20170308154918977,0.249971771240234
20170308154918978,-3.02303848266602
20170308154918979,-0.398526763916016
20170308154918980,0.204195404052734
20170308154918981,-2.88570938110352
20170308154918982,-0.375638580322266
20170308154918983,0.0516075134277344
20170308154918984,-2.90096817016602
20170308154918985,-0.192533111572266
20170308154918986,-0.0780921936035156
20170308154918987,-2.93148574829102
20170308154918988,-0.0628334045410156
20170308154918989,0.0973838806152344
20170308154918990,-2.96200332641602
20170308154918991,-0.0094276428222656
20170308154918992,-0.261197662353516
20170308154918993,-2.86282119750977
20170308154918994,0.120272064208984
20170308154918995,-0.406156158447266
20170308154918996,-2.90859756469727
20170308154918997,0.188936614990234
20170308154918998,-0.566373443603516
20170308154918999,-2.93148574829102
20170308154919000,0.364412689208984
20170308154919001,-0.711331939697266
20170308154919002,-2.93148574829102
20170308154919003,0.684847259521484
20170308154919004,-0.963101959228516
20170308154919005,-2.80941543579102
20170308154919006,0.745882415771484
20170308154919007,-1.15383682250977
20170308154919008,-2.65682754516602
20170308154919009,0.860323333740234
20170308154919010,-1.32931289672852
20170308154919011,-2.60342178344727
20170308154919012,0.806917572021484
20170308154919013,-1.45138320922852
20170308154919014,-2.57290420532227
20170308154919015,0.738253021240234
20170308154919016,-1.55056533813477
20170308154919017,-2.49661026000977
20170308154919018,0.768770599365234
20170308154919019,-1.63448867797852
20170308154919020,-2.35165176391602
20170308154919021,0.990023040771484
20170308154919022,-1.68026504516602
20170308154919023,-2.38979873657227
20170308154919024,0.791658782958984
20170308154919025,-1.62685928344727
20170308154919026,-2.27535781860352
20170308154919027,0.684847259521484
20170308154919028,-1.68026504516602
20170308154919029,-2.38979873657227
20170308154919030,0.646700286865234
20170308154919031,-1.58871231079102
20170308154919032,-2.45846328735352
20170308154919033,0.852693939208984
20170308154919034,-1.57345352172852
20170308154919035,-2.42031631469727
20170308154919036,0.730623626708984
20170308154919037,-1.79470596313477
20170308154919038,-2.22958145141602
20170308154919039,0.669588470458984
20170308154919040,-2.01595840454102
20170308154919041,-2.11514053344727
20170308154919042,0.700106048583984
20170308154919043,-2.18380508422852
20170308154919044,-1.96255264282227
20170308154919045,0.669588470458984
20170308154919046,-2.13802871704102
20170308154919047,-2.02358779907227
20170308154919048,0.471224212646484
20170308154919049,-1.82522354125977
20170308154919050,-2.19143447875977
20170308154919051,0.867952728271484
20170308154919052,-1.82522354125977
20170308154919053,-2.26772842407227
20170308154919054,0.639070892333984
20170308154919055,-1.67263565063477
20170308154919056,-2.22958145141602
20170308154919057,0.661959075927734
20170308154919058,-1.74130020141602
20170308154919059,-2.18380508422852
20170308154919060,0.715364837646484
20170308154919061,-1.64211807250977
20170308154919062,-2.23721084594727
20170308154919063,0.738253021240234
20170308154919064,-1.97781143188477
20170308154919065,-2.09988174438477
20170308154919066,0.784029388427734
20170308154919067,-2.13039932250977
20170308154919068,-1.91677627563477
20170308154919069,0.631441497802734
20170308154919070,-2.11514053344727
20170308154919071,-1.98544082641602
20170308154919072,0.753511810302734
20170308154919073,-2.29061660766602
20170308154919074,-1.68789443969727
20170308154919075,0.631441497802734
20170308154919076,-2.56527481079102
20170308154919077,-1.48953018188477
20170308154919078,0.822176361083984
20170308154919079,-2.63393936157227
20170308154919080,-1.41323623657227
20170308154919081,0.578035736083984
20170308154919082,-2.61868057250977
20170308154919083,-1.42086563110352
20170308154919084,0.654329681396484
20170308154919085,-2.73312149047852
20170308154919086,-1.43612442016602
20170308154919087,0.654329681396484
20170308154919088,-2.59579238891602
20170308154919089,-1.32168350219727
20170308154919090,0.646700286865234
20170308154919091,-2.75600967407227
20170308154919092,-1.24538955688477
20170308154919093,0.661959075927734
20170308154919094,-2.85519180297852
20170308154919095,-1.01650772094727
20170308154919096,0.562776947021484
20170308154919097,-3.02303848266602
20170308154919098,-0.703702545166016
20170308154919099,0.280489349365234
20170308154919100,-3.00015029907227
20170308154919101,-0.543485260009766
20170308154919102,0.112642669677734
20170308154919103,-3.01540908813477
20170308154919104,-0.268827056884766
20170308154919105,-0.0246864318847656
20170308154919106,-2.98489151000977
20170308154919107,-0.139127349853516
20170308154919108,-0.0552040100097656
20170308154919109,-2.98489151000977
20170308154919110,0.0363487243652344
20170308154919111,-0.291715240478516
20170308154919112,-2.93148574829102
20170308154919113,0.0668663024902344
20170308154919114,-0.406156158447266
20170308154919115,-2.92385635375977
20170308154919116,0.440706634521484
20170308154919117,-0.650296783447266
20170308154919118,-2.87807998657227
20170308154919119,0.196566009521484
20170308154919120,-0.368009185791016
20170308154919121,-2.83230361938477
20170308154919122,0.372042083740234
20170308154919123,-0.635037994384766
20170308154919124,-2.82467422485352
20170308154919125,0.318636322021484
20170308154919126,-0.520597076416016
20170308154919127,-2.89333877563477
20170308154919128,0.600923919677734
20170308154919129,-0.833402252197266
20170308154919130,-2.82467422485352
20170308154919131,0.524629974365234
20170308154919132,-0.619779205322266
20170308154919133,-2.87045059204102
20170308154919134,0.722994232177734
20170308154919135,-0.932584381103516
20170308154919136,-2.80941543579102
20170308154919137,0.677217864990234
20170308154919138,-0.970731353759766
20170308154919139,-2.85519180297852
20170308154919140,0.768770599365234
20170308154919141,-1.16146621704102
20170308154919142,-2.69497451782227
20170308154919143,0.745882415771484
20170308154919144,-1.10043106079102
20170308154919145,-2.67971572875977
20170308154919146,0.768770599365234
20170308154919147,-1.13094863891602
20170308154919148,-2.63393936157227
20170308154919149,1.05105819702148
20170308154919150,-1.51241836547852
20170308154919151,-2.50423965454102
20170308154919152,0.661959075927734
20170308154919153,-1.52767715454102
20170308154919154,-2.49661026000977
20170308154919155,0.692476654052734
20170308154919156,-1.84811172485352
20170308154919157,-2.21432266235352
20170308154919158,0.707735443115234
20170308154919159,-1.99307022094727
20170308154919160,-2.16854629516602
20170308154919161,0.631441497802734
20170308154919162,-1.87862930297852
20170308154919163,-2.17617568969727
20170308154919164,0.715364837646484
20170308154919165,-2.00832901000977
20170308154919166,-2.03121719360352
20170308154919167,0.837435150146484
20170308154919168,-2.29824600219727
20170308154919169,-1.93203506469727
20170308154919170,0.715364837646484
20170308154919171,-2.26009902954102
20170308154919172,-1.58871231079102
20170308154919173,0.654329681396484
20170308154919174,-2.35165176391602
20170308154919175,-1.63448867797852
20170308154919176,0.623812103271484
20170308154919177,-2.32876358032227
20170308154919178,-1.73367080688477
20170308154919179,0.669588470458984
20170308154919180,-2.36691055297852
20170308154919181,-1.65737686157227
20170308154919182,0.669588470458984
20170308154919183,-2.29061660766602
20170308154919184,-1.73367080688477
20170308154919185,0.646700286865234
20170308154919186,-2.35165176391602
20170308154919187,-1.62685928344727
20170308154919188,0.669588470458984
20170308154919189,-2.45083389282227
20170308154919190,-1.58871231079102
20170308154919191,0.631441497802734
20170308154919192,-2.40505752563477
20170308154919193,-1.49715957641602
20170308154919194,0.623812103271484
20170308154919195,-2.55001602172852
20170308154919196,-1.58108291625977
20170308154919197,0.837435150146484
20170308154919198,-2.54238662719727
20170308154919199,-1.47427139282227
20170308154919200,0.639070892333984
20170308154919201,-2.45083389282227
20170308154919202,-1.64211807250977
20170308154919203,0.692476654052734
20170308154919204,-2.29824600219727
20170308154919205,-1.86337051391602
20170308154919206,0.707735443115234
20170308154919207,-2.13039932250977
20170308154919208,-1.87099990844727
20170308154919209,0.761141204833984
20170308154919210,-2.29824600219727
20170308154919211,-1.75655899047852
20170308154919212,0.669588470458984
20170308154919213,-2.29061660766602
20170308154919214,-1.78707656860352
20170308154919215,0.715364837646484
20170308154919216,-2.38979873657227
20170308154919217,-1.69552383422852
20170308154919218,0.661959075927734
20170308154919219,-2.33639297485352
20170308154919220,-1.72604141235352
20170308154919221,0.639070892333984
20170308154919222,-2.25246963500977
20170308154919223,-1.61160049438477
20170308154919224,0.608553314208984
20170308154919225,-2.25246963500977
20170308154919226,-1.80996475219727
20170308154919227,0.837435150146484
20170308154919228,-2.34402236938477
20170308154919229,-1.59634170532227
20170308154919230,0.623812103271484
20170308154919231,-2.42794570922852
20170308154919232,-1.58871231079102
20170308154919233,0.715364837646484
20170308154919234,-2.61105117797852
20170308154919235,-1.44375381469727
20170308154919236,0.654329681396484
20170308154919237,-2.71023330688477
20170308154919238,-1.12331924438477
20170308154919239,0.547518157958984
20170308154919240,-2.87045059204102
20170308154919241,-1.21487197875977
20170308154919242,0.707735443115234
20170308154919243,-2.93148574829102
20170308154919244,-1.03939590454102
20170308154919245,0.524629974365234
20170308154919246,-2.98489151000977
20170308154919247,-1.10806045532227
20170308154919248,0.570406341552734
20170308154919249,-2.92385635375977
20170308154919250,-0.589261627197266
20170308154919251,0.303377532958984
20170308154919252,-2.93148574829102
20170308154919253,-0.429044342041016
20170308154919254,0.196566009521484
20170308154919255,-2.98489151000977
20170308154919256,-0.299344635009766
20170308154919257,-0.0094276428222656
20170308154919258,-2.90859756469727
20170308154919259,-0.0246864318847656
20170308154919260,-0.207791900634766
20170308154919261,-2.90859756469727
20170308154919262,0.181307220458984
20170308154919263,-0.375638580322266
20170308154919264,-2.80941543579102
20170308154919265,0.364412689208984
20170308154919266,-0.436673736572266
20170308154919267,-2.86282119750977
20170308154919268,0.494112396240234
20170308154919269,-0.818143463134766
20170308154919270,-2.90096817016602
20170308154919271,0.906099700927734
20170308154919272,-1.16909561157227
20170308154919273,-2.64919815063477
20170308154919274,0.814546966552734
20170308154919275,-1.48190078735352
20170308154919276,-2.48898086547852
20170308154919277,0.822176361083984
20170308154919278,-1.68026504516602
20170308154919279,-2.30587539672852
20170308154919280,0.799288177490234
20170308154919281,-2.00832901000977
20170308154919282,-1.90914688110352
20170308154919283,0.608553314208984
20170308154919284,-2.26772842407227
20170308154919285,-1.95492324829102
20170308154919286,0.639070892333984
20170308154919287,-2.29061660766602
20170308154919288,-1.82522354125977
20170308154919289,0.768770599365234
20170308154919290,-2.22958145141602
20170308154919291,-1.68026504516602
20170308154919292,0.700106048583984
20170308154919293,-2.29824600219727
20170308154919294,-1.74892959594727
20170308154919295,0.806917572021484
20170308154919296,-2.25246963500977
20170308154919297,-1.66500625610352
20170308154919298,0.898470306396484
20170308154919299,-2.34402236938477
20170308154919300,-1.85574111938477
20170308154919301,0.707735443115234
20170308154919302,-2.16091690063477
20170308154919303,-1.74892959594727
20170308154919304,0.730623626708984
20170308154919305,-2.11514053344727
20170308154919306,-1.85574111938477
20170308154919307,0.593294525146484
20170308154919308,-2.14565811157227
20170308154919309,-1.75655899047852
20170308154919310,0.677217864990234
20170308154919311,-2.21432266235352
20170308154919312,-1.96255264282227
20170308154919313,0.814546966552734
20170308154919314,-2.45846328735352
20170308154919315,-1.69552383422852
20170308154919316,0.753511810302734
20170308154919317,-2.53475723266602
20170308154919318,-1.58871231079102
20170308154919319,0.677217864990234
20170308154919320,-2.52712783813477
20170308154919321,-1.56582412719727
20170308154919322,0.654329681396484
20170308154919323,-2.51949844360352
20170308154919324,-1.76418838500977
20170308154919325,0.646700286865234
20170308154919326,-2.42031631469727
20170308154919327,-1.56582412719727
20170308154919328,0.623812103271484
20170308154919329,-2.48898086547852
20170308154919330,-1.44375381469727
20170308154919331,0.631441497802734
20170308154919332,-2.72549209594727
20170308154919333,-1.48190078735352
20170308154919334,0.639070892333984
20170308154919335,-2.83993301391602
20170308154919336,-1.21487197875977
20170308154919337,0.806917572021484
20170308154919338,-2.80941543579102
20170308154919339,-1.29116592407227
20170308154919340,0.738253021240234
20170308154919341,-2.84756240844727
20170308154919342,-1.10806045532227
20170308154919343,0.555147552490234
20170308154919344,-2.79415664672852
20170308154919345,-1.13094863891602
20170308154919346,0.715364837646484
20170308154919347,-2.90859756469727
20170308154919348,-1.08517227172852
20170308154919349,0.425447845458984
20170308154919350,-2.90859756469727
20170308154919351,-1.12331924438477
20170308154919352,0.494112396240234
20170308154919353,-2.96200332641602
20170308154919354,-0.924954986572266
20170308154919355,0.501741790771484
20170308154919356,-2.93911514282227
20170308154919357,-0.879178619384766
20170308154919358,0.471224212646484
20170308154919359,-2.91622695922852
20170308154919360,-0.718961334228516
20170308154919361,0.532259368896484
20170308154919362,-2.90859756469727
20170308154919363,-0.848661041259766
20170308154919364,0.562776947021484
20170308154919365,-2.91622695922852
20170308154919366,-0.810514068603516
20170308154919367,0.364412689208984
20170308154919368,-3.00777969360352
20170308154919369,-0.749478912353516
20170308154919370,0.356783294677734
20170308154919371,-3.04592666625977
20170308154919372,-0.604520416259766
20170308154919373,0.211824798583984
20170308154919374,-2.96200332641602
20170308154919375,-0.390897369384766
20170308154919376,0.143160247802734
20170308154919377,-2.93911514282227
20170308154919378,-0.184903717041016
20170308154919379,-0.0094276428222656
20170308154919380,-2.91622695922852
20170308154919381,-0.261197662353516
20170308154919382,-0.116239166259766
20170308154919383,-2.95437393188477
20170308154919384,-0.0170570373535156
20170308154919385,-0.352750396728516
20170308154919386,-2.83993301391602
20170308154919387,0.417818450927734
20170308154919388,-0.429044342041016
20170308154919389,-2.79415664672852
20170308154919390,0.356783294677734
20170308154919391,-0.566373443603516
20170308154919392,-2.75600967407227
20170308154919393,0.417818450927734
20170308154919394,-0.612149810791016
20170308154919395,-2.85519180297852
20170308154919396,0.364412689208984
20170308154919397,-0.467191314697266
20170308154919398,-2.85519180297852
20170308154919399,0.608553314208984
20170308154919400,-0.863919830322266
20170308154919401,-2.81704483032227
20170308154919402,0.547518157958984
20170308154919403,-0.924954986572266
20170308154919404,-2.80941543579102
20170308154919405,0.700106048583984
20170308154919406,-1.03176651000977
20170308154919407,-2.71786270141602
20170308154919408,0.829805755615234
20170308154919409,-1.32168350219727
20170308154919410,-2.47372207641602
20170308154919411,0.990023040771484
20170308154919412,-1.45138320922852
20170308154919413,-2.49661026000977
20170308154919414,0.921358489990234
20170308154919415,-1.65737686157227
20170308154919416,-2.40505752563477
20170308154919417,0.707735443115234
20170308154919418,-1.88625869750977
20170308154919419,-2.00069961547852
20170308154919420,0.738253021240234
20170308154919421,-2.21432266235352
20170308154919422,-1.97018203735352
20170308154919423,0.692476654052734
20170308154919424,-2.29061660766602
20170308154919425,-1.69552383422852
20170308154919426,0.883211517333984
20170308154919427,-2.58816299438477
20170308154919428,-1.42086563110352
20170308154919429,0.661959075927734
20170308154919430,-2.73312149047852
20170308154919431,-1.19961318969727
20170308154919432,0.600923919677734
20170308154919433,-2.90096817016602
20170308154919434,-1.12331924438477
20170308154919435,0.532259368896484
20170308154919436,-2.86282119750977
20170308154919437,-1.05465469360352
20170308154919438,0.715364837646484
20170308154919439,-2.94674453735352
20170308154919440,-0.970731353759766
20170308154919441,0.539888763427734
20170308154919442,-2.87807998657227
20170308154919443,-0.818143463134766
20170308154919444,0.417818450927734
20170308154919445,-2.85519180297852
20170308154919446,-0.932584381103516
20170308154919447,0.425447845458984
20170308154919448,-2.91622695922852
20170308154919449,-0.970731353759766
20170308154919450,0.623812103271484
20170308154919451,-3.03829727172852
20170308154919452,-0.848661041259766
20170308154919453,0.448336029052734
20170308154919454,-2.91622695922852
20170308154919455,-0.612149810791016
20170308154919456,0.463594818115234
20170308154919457,-2.90096817016602
20170308154919458,-0.535855865478516
20170308154919459,0.249971771240234
20170308154919460,-2.94674453735352
20170308154919461,-0.276456451416016
20170308154919462,0.0744956970214844
20170308154919463,-2.98489151000977
20170308154919464,-0.352750396728516
20170308154919465,-0.100980377197266
20170308154919466,-2.96963272094727
20170308154919467,-0.299344635009766
20170308154919468,0.0744956970214844
20170308154919469,-2.88570938110352
20170308154919470,-0.238309478759766
20170308154919471,-0.0399452209472656
20170308154919472,-2.78652725219727
20170308154919473,-0.184903717041016
20170308154919474,-0.0933509826660156
20170308154919475,-2.84756240844727
20170308154919476,-0.360379791259766
20170308154919477,-0.0704627990722656
20170308154919478,-2.97726211547852
20170308154919479,-0.162015533447266
20170308154919480,-0.0475746154785156
20170308154919481,-2.93148574829102
20170308154919482,-0.474820709228516
20170308154919483,0.127901458740234
20170308154919484,-2.97726211547852
20170308154919485,-0.177274322509766
20170308154919486,-0.177274322509766
20170308154919487,-2.84756240844727
20170308154919488,-0.0552040100097656
20170308154919489,-0.0017982482910156
20170308154919490,-2.92385635375977
20170308154919491,-0.429044342041016
20170308154919492,-0.0704627990722656
20170308154919493,-2.87807998657227
20170308154919494,-0.398526763916016
20170308154919495,0.0439781188964844
20170308154919496,-3.00777969360352
20170308154919497,-0.306974029541016
20170308154919498,-0.100980377197266
20170308154919499,-2.93148574829102
20170308154919500,0.105013275146484
20170308154919501,-0.345121002197266
20170308154919502,-2.88570938110352
20170308154919503,0.272859954833984
20170308154919504,-0.383267974853516
20170308154919505,-2.85519180297852
20170308154919506,-0.0933509826660156
20170308154919507,-0.268827056884766
20170308154919508,-2.87045059204102
20170308154919509,0.173677825927734
20170308154919510,-0.444303131103516
20170308154919511,-2.74075088500977
20170308154919512,0.288118743896484
20170308154919513,-0.245938873291016
20170308154919514,-2.77889785766602
20170308154919515,0.173677825927734
20170308154919516,-0.467191314697266
20170308154919517,-2.80941543579102
20170308154919518,0.394930267333984
20170308154919519,-0.291715240478516
20170308154919520,-2.83230361938477
20170308154919521,0.394930267333984
20170308154919522,-0.604520416259766
20170308154919523,-2.76363906860352
20170308154919524,0.433077239990234
20170308154919525,-0.619779205322266
20170308154919526,-2.82467422485352
20170308154919527,0.311006927490234
20170308154919528,-0.505338287353516
20170308154919529,-2.79415664672852
20170308154919530,0.173677825927734
20170308154919531,-0.436673736572266
20170308154919532,-2.80178604125977
20170308154919533,0.387300872802734
20170308154919534,-0.558744049072266
20170308154919535,-2.83230361938477
20170308154919536,0.471224212646484
20170308154919537,-0.711331939697266
20170308154919538,-2.75600967407227
20170308154919539,0.547518157958984
20170308154919540,-0.841031646728516
20170308154919541,-2.90096817016602
20170308154919542,0.784029388427734
20170308154919543,-1.15383682250977
20170308154919544,-2.64919815063477
20170308154919545,0.768770599365234
20170308154919546,-1.61160049438477
20170308154919547,-2.42031631469727
20170308154919548,0.860323333740234
20170308154919549,-1.91677627563477
20170308154919550,-2.08462295532227
20170308154919551,0.639070892333984
20170308154919552,-2.00069961547852
20170308154919553,-1.97781143188477
20170308154919554,0.883211517333984
20170308154919555,-2.19906387329102
20170308154919556,-1.87099990844727
20170308154919557,0.707735443115234
20170308154919558,-2.26772842407227
20170308154919559,-1.74130020141602
20170308154919560,0.845064544677734
20170308154919561,-2.51949844360352
20170308154919562,-1.50478897094727
20170308154919563,0.753511810302734
20170308154919564,-2.71786270141602
20170308154919565,-1.26064834594727
20170308154919566,0.692476654052734
20170308154919567,-2.93148574829102
20170308154919568,-1.12331924438477
20170308154919569,0.608553314208984
20170308154919570,-3.00015029907227
20170308154919571,-0.902066802978516
20170308154919572,0.455965423583984
20170308154919573,-2.92385635375977
20170308154919574,-0.734220123291016
20170308154919575,0.379671478271484
20170308154919576,-2.91622695922852
20170308154919577,-0.398526763916016
20170308154919578,0.372042083740234
20170308154919579,-2.92385635375977
20170308154919580,-0.413785552978516
20170308154919581,0.318636322021484
20170308154919582,-2.87045059204102
20170308154919583,-0.505338287353516
20170308154919584,0.105013275146484
20170308154919585,-2.96963272094727
20170308154919586,-0.444303131103516
20170308154919587,-0.0094276428222656
20170308154919588,-2.96963272094727
20170308154919589,-0.245938873291016
20170308154919590,-0.162015533447266
20170308154919591,-3.00015029907227
20170308154919592,-0.215421295166016
20170308154919593,0.0744956970214844
20170308154919594,-2.89333877563477
20170308154919595,-0.146756744384766
20170308154919596,-0.238309478759766
20170308154919597,-2.86282119750977
20170308154919598,0.425447845458984
20170308154919599,-0.635037994384766
20170308154919600,-2.78652725219727
20170308154919601,0.379671478271484
20170308154919602,-0.650296783447266
20170308154919603,-2.86282119750977
20170308154919604,0.501741790771484
20170308154919605,-0.757108306884766
20170308154919606,-2.84756240844727
20170308154919607,0.440706634521484
20170308154919608,-0.718961334228516
20170308154919609,-2.71786270141602
20170308154919610,0.372042083740234
20170308154919611,-0.650296783447266
20170308154919612,-2.80941543579102
20170308154919613,0.463594818115234
20170308154919614,-0.688443756103516
20170308154919615,-2.77889785766602
20170308154919616,0.356783294677734
20170308154919617,-0.779996490478516
20170308154919618,-2.93911514282227
20170308154919619,0.410189056396484
20170308154919620,-0.818143463134766
20170308154919621,-2.89333877563477
20170308154919622,0.745882415771484
20170308154919623,-0.924954986572266
20170308154919624,-2.83993301391602
20170308154919625,0.700106048583984
20170308154919626,-0.894437408447266
20170308154919627,-2.74838027954102
20170308154919628,0.707735443115234
20170308154919629,-0.970731353759766
20170308154919630,-2.78652725219727
20170308154919631,0.593294525146484
20170308154919632,-0.985990142822266
20170308154919633,-2.74075088500977
20170308154919634,0.593294525146484
20170308154919635,-0.711331939697266
20170308154919636,-2.81704483032227
20170308154919637,0.509371185302734
20170308154919638,-0.779996490478516
20170308154919639,-2.86282119750977
20170308154919640,0.730623626708984
20170308154919641,-1.00887832641602
20170308154919642,-2.72549209594727
20170308154919643,0.791658782958984
20170308154919644,-1.13094863891602
20170308154919645,-2.80178604125977
20170308154919646,0.913729095458984
20170308154919647,-1.17672500610352
20170308154919648,-2.71023330688477
20170308154919649,0.967134857177734
20170308154919650,-1.20724258422852
20170308154919651,-2.70260391235352
20170308154919652,0.799288177490234
20170308154919653,-1.17672500610352
20170308154919654,-2.76363906860352
20170308154919655,0.799288177490234
20170308154919656,-1.21487197875977
20170308154919657,-2.66445693969727
20170308154919658,0.837435150146484
20170308154919659,-1.26064834594727
20170308154919660,-2.59579238891602
20170308154919661,1.05868759155273
20170308154919662,-1.20724258422852
20170308154919663,-2.61868057250977
20170308154919664,0.730623626708984
20170308154919665,-1.20724258422852
20170308154919666,-2.71023330688477
20170308154919667,0.677217864990234
20170308154919668,-1.18435440063477
20170308154919669,-2.63393936157227
20170308154919670,0.791658782958984
20170308154919671,-1.26827774047852
20170308154919672,-2.56527481079102
20170308154919673,0.745882415771484
20170308154919674,-1.29116592407227
20170308154919675,-2.66445693969727
20170308154919676,0.837435150146484
20170308154919677,-1.48190078735352
20170308154919678,-2.61105117797852
20170308154919679,0.654329681396484
20170308154919680,-1.29879531860352
20170308154919681,-2.46609268188477
20170308154919682,0.997652435302734
20170308154919683,-1.55819473266602
20170308154919684,-2.44320449829102
20170308154919685,0.936617279052734
20170308154919686,-1.72604141235352
20170308154919687,-2.38216934204102
20170308154919688,0.654329681396484
20170308154919689,-1.69552383422852
20170308154919690,-2.26009902954102
20170308154919691,0.646700286865234
20170308154919692,-1.93966445922852
20170308154919693,-2.00832901000977
20170308154919694,0.753511810302734
20170308154919695,-2.12276992797852
20170308154919696,-1.89388809204102
20170308154919697,0.791658782958984
20170308154919698,-2.28298721313477
20170308154919699,-1.84048233032227
20170308154919700,0.585665130615234
20170308154919701,-2.13802871704102
20170308154919702,-1.93203506469727
20170308154919703,0.799288177490234
20170308154919704,-2.27535781860352
20170308154919705,-1.69552383422852
20170308154919706,0.829805755615234
20170308154919707,-2.53475723266602
20170308154919708,-1.30642471313477
20170308154919709,0.669588470458984
20170308154919710,-2.88570938110352
20170308154919711,-1.13094863891602
20170308154919712,0.646700286865234
20170308154919713,-2.99252090454102
20170308154919714,-0.726590728759766
20170308154919715,0.425447845458984
20170308154919716,-3.04592666625977
20170308154919717,-0.421414947509766
20170308154919718,0.234712982177734
20170308154919719,-2.91622695922852
20170308154919720,-0.360379791259766
20170308154919721,0.0058311462402344
20170308154919722,-2.95437393188477
20170308154919723,-0.192533111572266
20170308154919724,-0.123868560791016
20170308154919725,-2.97726211547852
20170308154919726,0.227083587646484
20170308154919727,-0.413785552978516
20170308154919728,-2.87045059204102
20170308154919729,0.318636322021484
20170308154919730,-0.368009185791016
20170308154919731,-2.87807998657227
20170308154919732,0.570406341552734
20170308154919733,-0.757108306884766
20170308154919734,-2.87807998657227
20170308154919735,0.753511810302734
20170308154919736,-0.985990142822266
20170308154919737,-2.77889785766602
20170308154919738,0.799288177490234
20170308154919739,-1.17672500610352
20170308154919740,-2.72549209594727
20170308154919741,0.883211517333984
20170308154919742,-1.45901260375977
20170308154919743,-2.51949844360352
20170308154919744,0.715364837646484
20170308154919745,-1.62685928344727
20170308154919746,-2.47372207641602
20170308154919747,0.700106048583984
20170308154919748,-1.70315322875977
20170308154919749,-2.42794570922852
20170308154919750,0.806917572021484
20170308154919751,-1.87099990844727
20170308154919752,-2.35165176391602
20170308154919753,0.616182708740234
20170308154919754,-1.75655899047852
20170308154919755,-2.19143447875977
20170308154919756,0.799288177490234
20170308154919757,-1.93203506469727
20170308154919758,-2.08462295532227
20170308154919759,0.730623626708984
20170308154919760,-2.09225234985352
20170308154919761,-2.03121719360352
20170308154919762,0.784029388427734
20170308154919763,-2.23721084594727
20170308154919764,-1.90914688110352
20170308154919765,0.539888763427734
20170308154919766,-2.15328750610352
20170308154919767,-2.02358779907227
20170308154919768,0.753511810302734
20170308154919769,-2.24484024047852
20170308154919770,-1.90914688110352
20170308154919771,0.814546966552734
20170308154919772,-2.35928115844727
20170308154919773,-1.60397109985352
20170308154919774,0.669588470458984
20170308154919775,-2.22195205688477
20170308154919776,-1.79470596313477
20170308154919777,0.700106048583984
20170308154919778,-2.22195205688477
20170308154919779,-1.93203506469727
20170308154919780,0.646700286865234
20170308154919781,-2.09988174438477
20170308154919782,-2.09988174438477
20170308154919783,0.692476654052734
20170308154919784,-2.02358779907227
20170308154919785,-1.99307022094727
20170308154919786,0.837435150146484
20170308154919787,-2.16854629516602
20170308154919788,-1.96255264282227
20170308154919789,0.822176361083984
20170308154919790,-2.13039932250977
20170308154919791,-1.94729385375977
20170308154919792,0.730623626708984
20170308154919793,-2.17617568969727
20170308154919794,-1.92440567016602
20170308154919795,0.692476654052734
20170308154919796,-2.16091690063477
20170308154919797,-1.84811172485352
20170308154919798,0.837435150146484
20170308154919799,-2.21432266235352
20170308154919800,-1.71841201782227
20170308154919801,0.654329681396484
20170308154919802,-2.24484024047852
20170308154919803,-1.84811172485352
20170308154919804,0.776399993896484
20170308154919805,-2.22958145141602
20170308154919806,-1.84811172485352
20170308154919807,0.677217864990234
20170308154919808,-2.26772842407227
20170308154919809,-1.66500625610352
20170308154919810,0.814546966552734
20170308154919811,-2.26009902954102
20170308154919812,-1.84048233032227
20170308154919813,0.608553314208984
20170308154919814,-2.25246963500977
20170308154919815,-1.89388809204102
20170308154919816,0.715364837646484
20170308154919817,-2.16854629516602
20170308154919818,-1.90151748657227
20170308154919819,0.600923919677734
20170308154919820,-2.22195205688477
20170308154919821,-1.86337051391602
20170308154919822,0.669588470458984
20170308154919823,-2.29824600219727
20170308154919824,-1.82522354125977
20170308154919825,0.669588470458984
20170308154919826,-2.37453994750977
20170308154919827,-1.73367080688477
20170308154919828,0.715364837646484
20170308154919829,-2.32113418579102
20170308154919830,-1.70315322875977
20170308154919831,0.669588470458984
20170308154919832,-2.42031631469727
20170308154919833,-1.87099990844727
20170308154919834,0.669588470458984
20170308154919835,-2.62630996704102
20170308154919836,-1.29879531860352
20170308154919837,0.616182708740234
20170308154919838,-2.91622695922852
20170308154919839,-1.09280166625977
20170308154919840,0.684847259521484
20170308154919841,-2.97726211547852
20170308154919842,-0.978360748291016
20170308154919843,0.463594818115234
20170308154919844,-2.94674453735352
20170308154919845,-0.818143463134766
20170308154919846,0.455965423583984
20170308154919847,-2.91622695922852
20170308154919848,-0.688443756103516
20170308154919849,0.364412689208984
20170308154919850,-2.93911514282227
20170308154919851,-0.322232818603516
20170308154919852,-0.0857215881347656
20170308154919853,-2.95437393188477
20170308154919854,-0.398526763916016
20170308154919855,0.0210899353027344
20170308154919856,-3.00015029907227
20170308154919857,-0.0399452209472656
20170308154919858,-0.0628334045410156
20170308154919859,-2.86282119750977
20170308154919860,0.127901458740234
20170308154919861,-0.436673736572266
20170308154919862,-2.89333877563477
20170308154919863,0.280489349365234
20170308154919864,-0.368009185791016
20170308154919865,-2.78652725219727
20170308154919866,0.501741790771484
20170308154919867,-0.741849517822266
20170308154919868,-2.83993301391602
20170308154919869,0.570406341552734
20170308154919870,-0.871549224853516
20170308154919871,-2.84756240844727
20170308154919872,0.707735443115234
20170308154919873,-0.993619537353516
20170308154919874,-2.81704483032227
20170308154919875,0.776399993896484
20170308154919876,-1.00124893188477
20170308154919877,-2.83993301391602
20170308154919878,0.784029388427734
20170308154919879,-1.13857803344727
20170308154919880,-2.71786270141602
20170308154919881,0.845064544677734
20170308154919882,-1.30642471313477
20170308154919883,-2.50423965454102
20170308154919884,0.822176361083984
20170308154919885,-1.64211807250977
20170308154919886,-2.39742813110352
20170308154919887,0.845064544677734
20170308154919888,-1.81759414672852
20170308154919889,-2.04647598266602
20170308154919890,0.936617279052734
20170308154919891,-2.00832901000977
20170308154919892,-1.93966445922852
20170308154919893,0.776399993896484
20170308154919894,-2.19906387329102
20170308154919895,-1.83285293579102
20170308154919896,0.784029388427734
20170308154919897,-2.26772842407227
20170308154919898,-1.72604141235352
20170308154919899,0.753511810302734
20170308154919900,-2.27535781860352
20170308154919901,-1.61922988891602
20170308154919902,0.684847259521484
20170308154919903,-2.26009902954102
20170308154919904,-1.72604141235352
20170308154919905,0.799288177490234
20170308154919906,-2.61105117797852
20170308154919907,-1.42086563110352
20170308154919908,0.646700286865234
20170308154919909,-2.43557510375977
20170308154919910,-1.57345352172852
20170308154919911,0.852693939208984
20170308154919912,-2.37453994750977
20170308154919913,-1.61922988891602
20170308154919914,0.722994232177734
20170308154919915,-2.48135147094727
20170308154919916,-1.60397109985352
20170308154919917,0.722994232177734
20170308154919918,-2.41268692016602
20170308154919919,-1.40560684204102
20170308154919920,0.784029388427734
20170308154919921,-2.56527481079102
20170308154919922,-1.38271865844727
20170308154919923,0.547518157958984
20170308154919924,-2.53475723266602
20170308154919925,-1.48190078735352
20170308154919926,0.753511810302734
20170308154919927,-2.56527481079102
20170308154919928,-1.48953018188477
20170308154919929,0.547518157958984
20170308154919930,-2.43557510375977
20170308154919931,-1.43612442016602
20170308154919932,0.730623626708984
20170308154919933,-2.71786270141602
20170308154919934,-1.42849502563477
20170308154919935,0.616182708740234
20170308154919936,-2.64156875610352
20170308154919937,-1.23013076782227
20170308154919938,0.570406341552734
20170308154919939,-2.67208633422852
20170308154919940,-1.29116592407227
20170308154919941,0.608553314208984
20170308154919942,-2.74838027954102
20170308154919943,-1.35220108032227
20170308154919944,0.646700286865234
20170308154919945,-2.58816299438477
20170308154919946,-1.44375381469727
20170308154919947,0.738253021240234
20170308154919948,-2.70260391235352
20170308154919949,-1.36745986938477
20170308154919950,0.623812103271484
20170308154919951,-2.80941543579102
20170308154919952,-1.24538955688477
20170308154919953,0.555147552490234
20170308154919954,-2.74075088500977
20170308154919955,-1.29116592407227
20170308154919956,0.639070892333984
20170308154919957,-2.97726211547852
20170308154919958,-1.10806045532227
20170308154919959,0.654329681396484
20170308154919960,-2.93148574829102
20170308154919961,-1.11568984985352
20170308154919962,0.448336029052734
20170308154919963,-2.96200332641602
20170308154919964,-1.10806045532227
20170308154919965,0.494112396240234
20170308154919966,-2.93148574829102
20170308154919967,-1.03939590454102
20170308154919968,0.455965423583984
20170308154919969,-2.94674453735352
20170308154919970,-0.764737701416016
20170308154919971,0.311006927490234
20170308154919972,-2.96200332641602
20170308154919973,-0.726590728759766
20170308154919974,0.372042083740234
20170308154919975,-2.92385635375977
20170308154919976,-0.421414947509766
20170308154919977,0.211824798583984
20170308154919978,-2.88570938110352
20170308154919979,-0.581632232666016
20170308154919980,0.272859954833984
20170308154919981,-3.01540908813477
20170308154919982,-0.238309478759766
20170308154919983,0.0516075134277344
20170308154919984,-2.93911514282227
20170308154919985,-0.207791900634766
20170308154919986,-0.169644927978516
20170308154919987,-2.95437393188477
20170308154919988,-0.192533111572266
20170308154919989,0.0744956970214844
20170308154919990,-2.90096817016602
20170308154919991,-0.154386138916016
20170308154919992,-0.0170570373535156
20170308154919993,-2.88570938110352
20170308154919994,-0.0704627990722656
20170308154919995,-0.284085845947266
20170308154919996,-2.93148574829102
20170308154919997,0.318636322021484
20170308154919998,-0.612149810791016
20170308154919999,-2.94674453735352
20170308154920000,0.524629974365234
20170308154920001,-0.741849517822266
20170308154920002,-2.97726211547852
20170308154920003,0.623812103271484
20170308154920004,-0.688443756103516
20170308154920005,-2.77889785766602
20170308154920006,0.684847259521484
20170308154920007,-1.00124893188477
20170308154920008,-2.84756240844727
20170308154920009,0.707735443115234
20170308154920010,-0.932584381103516
20170308154920011,-2.82467422485352
20170308154920012,0.837435150146484
20170308154920013,-0.963101959228516
20170308154920014,-2.74075088500977
20170308154920015,0.860323333740234
20170308154920016,-1.26827774047852
20170308154920017,-2.67208633422852
20170308154920018,0.860323333740234
20170308154920019,-1.55056533813477
20170308154920020,-2.45083389282227
20170308154920021,0.883211517333984
20170308154920022,-1.79470596313477
20170308154920023,-2.24484024047852
20170308154920024,0.707735443115234
20170308154920025,-1.61160049438477
20170308154920026,-2.26009902954102
20170308154920027,0.837435150146484
20170308154920028,-1.83285293579102
20170308154920029,-2.13802871704102
20170308154920030,0.608553314208984
20170308154920031,-1.82522354125977
20170308154920032,-2.16091690063477
20170308154920033,0.730623626708984
20170308154920034,-1.87862930297852
20170308154920035,-2.26009902954102
20170308154920036,0.707735443115234
20170308154920037,-1.97018203735352
20170308154920038,-2.08462295532227
20170308154920039,0.745882415771484
20170308154920040,-2.24484024047852
20170308154920041,-1.83285293579102
20170308154920042,0.677217864990234
20170308154920043,-2.29824600219727
20170308154920044,-1.70315322875977
20170308154920045,0.722994232177734
20170308154920046,-2.47372207641602
20170308154920047,-1.52004776000977
20170308154920048,0.715364837646484
20170308154920049,-2.77126846313477
20170308154920050,-1.32931289672852
20170308154920051,0.814546966552734
20170308154920052,-2.80178604125977
20170308154920053,-1.17672500610352
20170308154920054,0.631441497802734
20170308154920055,-2.93148574829102
20170308154920056,-1.06991348266602
20170308154920057,0.593294525146484
20170308154920058,-2.94674453735352
20170308154920059,-0.978360748291016
20170308154920060,0.517000579833984
20170308154920061,-2.92385635375977
20170308154920062,-0.947843170166016
20170308154920063,0.562776947021484
20170308154920064,-2.93911514282227
20170308154920065,-0.802884674072266
20170308154920066,0.410189056396484
20170308154920067,-3.01540908813477
20170308154920068,-0.703702545166016
20170308154920069,0.333895111083984
20170308154920070,-3.00777969360352
20170308154920071,-0.558744049072266
20170308154920072,0.242342376708984
20170308154920073,-2.92385635375977
20170308154920074,-0.734220123291016
20170308154920075,0.204195404052734
20170308154920076,-2.94674453735352
20170308154920077,-0.703702545166016
20170308154920078,0.471224212646484
20170308154920079,-2.93911514282227
20170308154920080,-0.619779205322266
20170308154920081,0.227083587646484
20170308154920082,-2.94674453735352
20170308154920083,-0.665555572509766
20170308154920084,0.242342376708984
20170308154920085,-3.03066787719727
20170308154920086,-0.444303131103516
20170308154920087,0.204195404052734
20170308154920088,-2.91622695922852
20170308154920089,-0.322232818603516
20170308154920090,-0.0628334045410156
20170308154920091,-2.96963272094727
20170308154920092,-0.223050689697266
20170308154920093,-0.0323158264160156
20170308154920094,-2.94674453735352
20170308154920095,-0.276456451416016
20170308154920096,-0.0628334045410156
20170308154920097,-2.89333877563477
20170308154920098,-0.436673736572266
20170308154920099,0.0439781188964844
20170308154920100,-2.93911514282227
20170308154920101,-0.276456451416016
20170308154920102,0.0821250915527344
20170308154920103,-2.93911514282227
20170308154920104,-0.268827056884766
20170308154920105,-0.139127349853516
20170308154920106,-2.96200332641602
20170308154920107,-0.337491607666016
20170308154920108,-0.100980377197266
20170308154920109,-2.93148574829102
20170308154920110,-0.284085845947266
20170308154920111,0.0516075134277344
20170308154920112,-2.98489151000977
20170308154920113,-0.108609771728516
20170308154920114,-0.299344635009766
20170308154920115,-2.96963272094727
20170308154920116,-0.0552040100097656
20170308154920117,-0.337491607666016
20170308154920118,-2.98489151000977
20170308154920119,-0.139127349853516
20170308154920120,-0.184903717041016
20170308154920121,-2.91622695922852
20170308154920122,-0.0475746154785156
20170308154920123,-0.245938873291016
20170308154920124,-2.87807998657227
20170308154920125,-0.207791900634766
20170308154920126,-0.245938873291016
20170308154920127,-2.99252090454102
20170308154920128,-0.0246864318847656
20170308154920129,-0.360379791259766
20170308154920130,-2.95437393188477
20170308154920131,-0.123868560791016
20170308154920132,-0.314603424072266
20170308154920133,-3.00015029907227
20170308154920134,0.0210899353027344
20170308154920135,-0.245938873291016
20170308154920136,-2.93911514282227
20170308154920137,-0.146756744384766
20170308154920138,-0.261197662353516
20170308154920139,-2.88570938110352
20170308154920140,-0.238309478759766
20170308154920141,0.0210899353027344
20170308154920142,-2.90859756469727
20170308154920143,-0.200162506103516
20170308154920144,-0.207791900634766
20170308154920145,-2.91622695922852
20170308154920146,-0.169644927978516
20170308154920147,-0.0628334045410156
20170308154920148,-2.90096817016602
20170308154920149,-0.192533111572266
20170308154920150,-0.0323158264160156
20170308154920151,-2.96963272094727
20170308154920152,-0.169644927978516
20170308154920153,-0.268827056884766
20170308154920154,-2.94674453735352
20170308154920155,-0.192533111572266
20170308154920156,-0.360379791259766
20170308154920157,-2.90859756469727
20170308154920158,-0.0628334045410156
20170308154920159,-0.314603424072266
20170308154920160,-2.98489151000977
20170308154920161,0.0363487243652344
20170308154920162,-0.337491607666016
20170308154920163,-3.00015029907227
20170308154920164,-0.268827056884766
20170308154920165,-0.253568267822266
20170308154920166,-2.99252090454102
20170308154920167,-0.276456451416016
20170308154920168,-0.207791900634766
20170308154920169,-2.88570938110352
20170308154920170,-0.215421295166016
20170308154920171,-0.245938873291016
20170308154920172,-2.93148574829102
20170308154920173,0.249971771240234
20170308154920174,-0.490079498291016
20170308154920175,-2.90096817016602
20170308154920176,0.379671478271484
20170308154920177,-0.299344635009766
20170308154920178,-2.86282119750977
20170308154920179,0.547518157958984
20170308154920180,-0.848661041259766
20170308154920181,-2.89333877563477
20170308154920182,0.593294525146484
20170308154920183,-0.856290435791016
20170308154920184,-2.87045059204102
20170308154920185,0.539888763427734
20170308154920186,-0.749478912353516
20170308154920187,-2.88570938110352
20170308154920188,0.501741790771484
20170308154920189,-0.833402252197266
20170308154920190,-2.84756240844727
20170308154920191,0.661959075927734
20170308154920192,-0.909696197509766
20170308154920193,-2.88570938110352
20170308154920194,0.761141204833984
20170308154920195,-0.932584381103516
20170308154920196,-2.86282119750977
20170308154920197,0.730623626708984
20170308154920198,-1.13857803344727
20170308154920199,-2.70260391235352
20170308154920200,0.722994232177734
20170308154920201,-1.13094863891602
20170308154920202,-2.74838027954102
20170308154920203,0.822176361083984
20170308154920204,-1.39797744750977
20170308154920205,-2.65682754516602
20170308154920206,0.753511810302734
20170308154920207,-1.61160049438477
20170308154920208,-2.29824600219727
20170308154920209,0.654329681396484
20170308154920210,-1.84811172485352
20170308154920211,-2.19906387329102
20170308154920212,0.784029388427734
20170308154920213,-2.10751113891602
20170308154920214,-1.81759414672852
20170308154920215,0.852693939208984
20170308154920216,-2.42794570922852
20170308154920217,-1.61160049438477
20170308154920218,0.715364837646484
20170308154920219,-2.40505752563477
20170308154920220,-1.60397109985352
20170308154920221,0.669588470458984
20170308154920222,-2.36691055297852
20170308154920223,-1.57345352172852
20170308154920224,0.791658782958984
20170308154920225,-2.48898086547852
20170308154920226,-1.23013076782227
20170308154920227,0.646700286865234
20170308154920228,-2.78652725219727
20170308154920229,-1.21487197875977
20170308154920230,0.669588470458984
20170308154920231,-2.88570938110352
20170308154920232,-1.10806045532227
20170308154920233,0.501741790771484
20170308154920234,-2.79415664672852
20170308154920235,-1.35983047485352
20170308154920236,0.616182708740234
20170308154920237,-2.88570938110352
20170308154920238,-1.31405410766602
20170308154920239,0.578035736083984
20170308154920240,-2.84756240844727
20170308154920241,-1.16146621704102
20170308154920242,0.539888763427734
20170308154920243,-2.91622695922852
20170308154920244,-1.07754287719727
20170308154920245,0.478853607177734
20170308154920246,-3.05355606079102
20170308154920247,-0.909696197509766
20170308154920248,0.608553314208984
20170308154920249,-2.91622695922852
20170308154920250,-0.894437408447266
20170308154920251,0.364412689208984
20170308154920252,-2.98489151000977
20170308154920253,-0.688443756103516
20170308154920254,0.486483001708984
20170308154920255,-2.90859756469727
20170308154920256,-0.596891021728516
20170308154920257,0.173677825927734
20170308154920258,-2.94674453735352
20170308154920259,-0.612149810791016
20170308154920260,0.219454193115234
20170308154920261,-3.00777969360352
20170308154920262,-0.444303131103516
20170308154920263,0.242342376708984
20170308154920264,-2.96963272094727
20170308154920265,-0.459561920166016
20170308154920266,-0.0323158264160156
20170308154920267,-3.02303848266602
20170308154920268,-0.360379791259766
20170308154920269,-0.116239166259766
20170308154920270,-2.97726211547852
20170308154920271,-0.184903717041016
20170308154920272,-0.223050689697266
20170308154920273,-2.93911514282227
20170308154920274,0.272859954833984
20170308154920275,-0.429044342041016
20170308154920276,-2.83993301391602
20170308154920277,0.349153900146484
20170308154920278,-0.596891021728516
20170308154920279,-2.91622695922852
20170308154920280,0.532259368896484
20170308154920281,-0.474820709228516
20170308154920282,-2.91622695922852
20170308154920283,0.417818450927734
20170308154920284,-0.703702545166016
20170308154920285,-2.90859756469727
20170308154920286,0.211824798583984
20170308154920287,-0.627408599853516
20170308154920288,-2.83993301391602
20170308154920289,0.471224212646484
20170308154920290,-0.528226470947266
20170308154920291,-2.74838027954102
20170308154920292,0.455965423583984
20170308154920293,-0.459561920166016
20170308154920294,-2.93148574829102
20170308154920295,0.356783294677734
20170308154920296,-0.703702545166016
20170308154920297,-2.84756240844727
20170308154920298,0.623812103271484
20170308154920299,-0.696073150634766
20170308154920300,-2.83230361938477
20170308154920301,0.478853607177734
20170308154920302,-0.932584381103516
20170308154920303,-2.89333877563477
20170308154920304,0.600923919677734
20170308154920305,-1.03176651000977
20170308154920306,-2.80178604125977
20170308154920307,0.730623626708984
20170308154920308,-0.917325592041016
20170308154920309,-2.79415664672852
20170308154920310,0.722994232177734
20170308154920311,-1.07754287719727
20170308154920312,-2.84756240844727
20170308154920313,0.784029388427734
20170308154920314,-1.22250137329102
20170308154920315,-2.64156875610352
20170308154920316,0.791658782958984
20170308154920317,-1.47427139282227
20170308154920318,-2.51186904907227
20170308154920319,0.784029388427734
20170308154920320,-1.81759414672852
20170308154920321,-2.30587539672852
20170308154920322,0.768770599365234
20170308154920323,-1.97781143188477
20170308154920324,-2.15328750610352
20170308154920325,0.547518157958984
20170308154920326,-1.93203506469727
20170308154920327,-2.11514053344727
20170308154920328,0.829805755615234
20170308154920329,-2.33639297485352
20170308154920330,-1.75655899047852
20170308154920331,0.623812103271484
20170308154920332,-2.47372207641602
20170308154920333,-1.61922988891602
20170308154920334,0.570406341552734
20170308154920335,-2.48135147094727
20170308154920336,-1.53530654907227
20170308154920337,0.761141204833984
20170308154920338,-2.74838027954102
20170308154920339,-1.32168350219727
20170308154920340,0.570406341552734
20170308154920341,-2.98489151000977
20170308154920342,-1.21487197875977
20170308154920343,0.509371185302734
20170308154920344,-2.86282119750977
20170308154920345,-1.11568984985352
20170308154920346,0.661959075927734
20170308154920347,-3.05355606079102
20170308154920348,-1.03176651000977
20170308154920349,0.608553314208984
20170308154920350,-3.02303848266602
20170308154920351,-0.841031646728516
20170308154920352,0.539888763427734
20170308154920353,-2.96963272094727
20170308154920354,-0.711331939697266
20170308154920355,0.326265716552734
20170308154920356,-3.03066787719727
20170308154920357,-0.467191314697266
20170308154920358,0.249971771240234
20170308154920359,-2.93911514282227
20170308154920360,-0.429044342041016
20170308154920361,-0.0094276428222656
20170308154920362,-2.96200332641602
20170308154920363,-0.276456451416016
20170308154920364,0.0821250915527344
20170308154920365,-2.86282119750977
20170308154920366,-0.146756744384766
20170308154920367,-0.0857215881347656
20170308154920368,-3.00777969360352
20170308154920369,-0.238309478759766
20170308154920370,-0.352750396728516
20170308154920371,-2.99252090454102
20170308154920372,0.242342376708984
20170308154920373,-0.543485260009766
20170308154920374,-2.93148574829102
20170308154920375,0.494112396240234
20170308154920376,-0.696073150634766
20170308154920377,-2.88570938110352
20170308154920378,0.318636322021484
20170308154920379,-0.558744049072266
20170308154920380,-2.93148574829102
20170308154920381,0.181307220458984
20170308154920382,-0.368009185791016
20170308154920383,-2.90096817016602
20170308154920384,0.364412689208984
20170308154920385,-0.665555572509766
20170308154920386,-2.87807998657227
20170308154920387,0.608553314208984
20170308154920388,-0.741849517822266
20170308154920389,-2.86282119750977
20170308154920390,0.585665130615234
20170308154920391,-0.833402252197266
20170308154920392,-2.83230361938477
20170308154920393,0.669588470458984
20170308154920394,-0.978360748291016
20170308154920395,-2.76363906860352
20170308154920396,0.669588470458984
20170308154920397,-1.03176651000977
20170308154920398,-2.83230361938477
20170308154920399,0.539888763427734
20170308154920400,-0.863919830322266
20170308154920401,-2.85519180297852
20170308154920402,0.509371185302734
20170308154920403,-0.711331939697266
20170308154920404,-2.84756240844727
20170308154920405,0.372042083740234
20170308154920406,-0.612149810791016
20170308154920407,-2.78652725219727
20170308154920408,0.265230560302734
20170308154920409,-0.589261627197266
20170308154920410,-2.88570938110352
20170308154920411,0.326265716552734
20170308154920412,-0.848661041259766
20170308154920413,-2.91622695922852
20170308154920414,0.700106048583984
20170308154920415,-1.10043106079102
20170308154920416,-2.83993301391602
20170308154920417,0.562776947021484
20170308154920418,-0.886808013916016
20170308154920419,-2.77126846313477
20170308154920420,0.501741790771484
20170308154920421,-0.886808013916016
20170308154920422,-2.83230361938477
20170308154920423,0.768770599365234
20170308154920424,-0.993619537353516
20170308154920425,-2.80941543579102
20170308154920426,0.639070892333984
20170308154920427,-0.947843170166016
20170308154920428,-2.81704483032227
20170308154920429,0.555147552490234
20170308154920430,-0.871549224853516
20170308154920431,-2.88570938110352
20170308154920432,0.501741790771484
20170308154920433,-0.924954986572266
20170308154920434,-2.83993301391602
20170308154920435,0.570406341552734
20170308154920436,-0.963101959228516
20170308154920437,-2.91622695922852
20170308154920438,0.707735443115234
20170308154920439,-1.04702529907227
20170308154920440,-2.82467422485352
20170308154920441,0.715364837646484
20170308154920442,-0.947843170166016
20170308154920443,-2.83993301391602
20170308154920444,0.600923919677734
20170308154920445,-0.947843170166016
20170308154920446,-2.87045059204102
20170308154920447,0.509371185302734
20170308154920448,-0.696073150634766
20170308154920449,-2.78652725219727
20170308154920450,0.585665130615234
20170308154920451,-0.795255279541016
20170308154920452,-2.87045059204102
20170308154920453,0.425447845458984
20170308154920454,-0.841031646728516
20170308154920455,-2.87045059204102
20170308154920456,0.654329681396484
20170308154920457,-0.703702545166016
20170308154920458,-2.77889785766602
20170308154920459,0.692476654052734
20170308154920460,-1.03176651000977
20170308154920461,-2.76363906860352
20170308154920462,0.784029388427734
20170308154920463,-1.01650772094727
20170308154920464,-2.77889785766602
20170308154920465,0.761141204833984
20170308154920466,-1.12331924438477
20170308154920467,-2.72549209594727
20170308154920468,0.852693939208984
20170308154920469,-1.32168350219727
20170308154920470,-2.52712783813477
20170308154920471,0.806917572021484
20170308154920472,-1.46664199829102
20170308154920473,-2.42794570922852
20170308154920474,0.753511810302734
20170308154920475,-1.71841201782227
20170308154920476,-2.38216934204102
20170308154920477,0.646700286865234
20170308154920478,-1.66500625610352
20170308154920479,-2.25246963500977
20170308154920480,0.761141204833984
20170308154920481,-1.97018203735352
20170308154920482,-2.33639297485352
20170308154920483,0.776399993896484
20170308154920484,-1.68789443969727
20170308154920485,-2.27535781860352
20170308154920486,0.700106048583984
20170308154920487,-1.90914688110352
20170308154920488,-2.24484024047852
20170308154920489,0.539888763427734
20170308154920490,-1.97781143188477
20170308154920491,-2.07699356079102
20170308154920492,0.616182708740234
20170308154920493,-2.06173477172852
20170308154920494,-2.08462295532227
20170308154920495,0.616182708740234
20170308154920496,-1.97018203735352
20170308154920497,-2.06936416625977
20170308154920498,0.761141204833984
20170308154920499,-2.26009902954102
20170308154920500,-1.79470596313477
20170308154920501,0.890840911865234
20170308154920502,-2.43557510375977
20170308154920503,-1.50478897094727
20170308154920504,0.669588470458984
20170308154920505,-2.72549209594727
20170308154920506,-1.35983047485352
20170308154920507,0.654329681396484
20170308154920508,-2.89333877563477
20170308154920509,-1.18435440063477
20170308154920510,0.631441497802734
20170308154920511,-2.93148574829102
20170308154920512,-1.10043106079102
20170308154920513,0.570406341552734
20170308154920514,-3.01540908813477
20170308154920515,-0.909696197509766
20170308154920516,0.501741790771484
20170308154920517,-2.99252090454102
20170308154920518,-0.383267974853516
20170308154920519,0.0668663024902344
20170308154920520,-3.03066787719727
20170308154920521,-0.261197662353516
20170308154920522,-0.108609771728516
20170308154920523,-2.90096817016602
20170308154920524,0.105013275146484
20170308154920525,-0.329862213134766
20170308154920526,-2.91622695922852
20170308154920527,0.135530853271484
20170308154920528,-0.566373443603516
20170308154920529,-2.90859756469727
20170308154920530,0.593294525146484
20170308154920531,-0.802884674072266
20170308154920532,-2.83993301391602
20170308154920533,0.562776947021484
20170308154920534,-0.902066802978516
20170308154920535,-2.84756240844727
20170308154920536,0.822176361083984
20170308154920537,-1.09280166625977
20170308154920538,-2.83993301391602
20170308154920539,0.555147552490234
20170308154920540,-1.19961318969727
20170308154920541,-2.78652725219727
20170308154920542,0.875582122802734
20170308154920543,-1.54293594360352
20170308154920544,-2.39742813110352
20170308154920545,0.684847259521484
20170308154920546,-1.73367080688477
20170308154920547,-2.34402236938477
20170308154920548,0.845064544677734
20170308154920549,-2.16091690063477
20170308154920550,-2.03884658813477
20170308154920551,0.837435150146484
20170308154920552,-2.03121719360352
20170308154920553,-2.03121719360352
20170308154920554,0.677217864990234
20170308154920555,-2.03884658813477
20170308154920556,-2.09225234985352
20170308154920557,0.654329681396484
20170308154920558,-2.08462295532227
20170308154920559,-2.00069961547852
20170308154920560,0.692476654052734
20170308154920561,-2.10751113891602
20170308154920562,-1.99307022094727
20170308154920563,0.600923919677734
20170308154920564,-2.11514053344727
20170308154920565,-2.04647598266602
20170308154920566,0.608553314208984
20170308154920567,-2.12276992797852
20170308154920568,-2.08462295532227
20170308154920569,0.600923919677734
20170308154920570,-2.15328750610352
20170308154920571,-1.83285293579102
20170308154920572,0.600923919677734
20170308154920573,-2.22195205688477
20170308154920574,-2.03121719360352
20170308154920575,0.814546966552734
20170308154920576,-2.13802871704102
20170308154920577,-1.92440567016602
20170308154920578,0.814546966552734
20170308154920579,-2.26009902954102
20170308154920580,-1.88625869750977
20170308154920581,0.791658782958984
20170308154920582,-2.27535781860352
20170308154920583,-1.86337051391602
20170308154920584,0.501741790771484
20170308154920585,-2.24484024047852
20170308154920586,-1.75655899047852
20170308154920587,0.646700286865234
20170308154920588,-2.37453994750977
20170308154920589,-1.84048233032227
20170308154920590,0.654329681396484
20170308154920591,-2.16854629516602
20170308154920592,-2.03121719360352
20170308154920593,0.799288177490234
20170308154920594,-2.07699356079102
20170308154920595,-2.11514053344727
20170308154920596,0.799288177490234
20170308154920597,-2.18380508422852
20170308154920598,-2.01595840454102
20170308154920599,0.623812103271484
20170308154920600,-2.17617568969727
20170308154920601,-1.90151748657227
20170308154920602,0.722994232177734
20170308154920603,-2.32113418579102
20170308154920604,-1.72604141235352
20170308154920605,0.936617279052734
20170308154920606,-2.31350479125977
20170308154920607,-1.73367080688477
20170308154920608,0.700106048583984
20170308154920609,-2.30587539672852
20170308154920610,-1.87862930297852
20170308154920611,0.791658782958984
20170308154920612,-2.29824600219727
20170308154920613,-1.77181777954102
20170308154920614,0.707735443115234
20170308154920615,-2.38216934204102
20170308154920616,-1.58108291625977
20170308154920617,0.639070892333984
20170308154920618,-2.38979873657227
20170308154920619,-1.73367080688477
20170308154920620,0.784029388427734
20170308154920621,-2.50423965454102
20170308154920622,-1.42849502563477
20170308154920623,0.722994232177734
20170308154920624,-2.77126846313477
20170308154920625,-1.35983047485352
20170308154920626,0.562776947021484
20170308154920627,-2.70260391235352
20170308154920628,-1.14620742797852
20170308154920629,0.631441497802734
20170308154920630,-2.80178604125977
20170308154920631,-1.21487197875977
20170308154920632,0.753511810302734
20170308154920633,-2.84756240844727
20170308154920634,-1.13857803344727
20170308154920635,0.448336029052734
20170308154920636,-2.87045059204102
20170308154920637,-1.14620742797852
20170308154920638,0.669588470458984
20170308154920639,-2.90096817016602
20170308154920640,-1.06991348266602
20170308154920641,0.616182708740234
20170308154920642,-2.95437393188477
20170308154920643,-1.05465469360352
20170308154920644,0.547518157958984
20170308154920645,-3.00777969360352
20170308154920646,-1.05465469360352
20170308154920647,0.425447845458984
20170308154920648,-2.95437393188477
20170308154920649,-0.932584381103516
20170308154920650,0.471224212646484
20170308154920651,-2.96200332641602
20170308154920652,-0.886808013916016
20170308154920653,0.280489349365234
20170308154920654,-3.03066787719727
20170308154920655,-0.650296783447266
20170308154920656,0.265230560302734
20170308154920657,-2.96963272094727
20170308154920658,-0.718961334228516
20170308154920659,0.234712982177734
20170308154920660,-3.00777969360352
20170308154920661,-0.558744049072266
20170308154920662,0.196566009521484
20170308154920663,-3.08407363891602
20170308154920664,-0.322232818603516
20170308154920665,-0.100980377197266
20170308154920666,-2.98489151000977
20170308154920667,-0.146756744384766
20170308154920668,-0.268827056884766
20170308154920669,-2.94674453735352
20170308154920670,0.112642669677734
20170308154920671,-0.162015533447266
20170308154920672,-2.92385635375977
20170308154920673,0.433077239990234
20170308154920674,-0.642667388916016
20170308154920675,-2.87807998657227
20170308154920676,0.585665130615234
20170308154920677,-0.604520416259766
20170308154920678,-2.84756240844727
20170308154920679,0.677217864990234
20170308154920680,-0.894437408447266
20170308154920681,-2.83993301391602
20170308154920682,0.730623626708984
20170308154920683,-1.06228408813477
20170308154920684,-2.78652725219727
20170308154920685,0.852693939208984
20170308154920686,-1.06228408813477
20170308154920687,-2.64156875610352
20170308154920688,0.936617279052734
20170308154920689,-1.43612442016602
20170308154920690,-2.50423965454102
20170308154920691,0.745882415771484
20170308154920692,-1.71078262329102
20170308154920693,-2.43557510375977
20170308154920694,0.906099700927734
20170308154920695,-1.92440567016602
20170308154920696,-2.03884658813477
20170308154920697,0.768770599365234
20170308154920698,-2.14565811157227
20170308154920699,-1.92440567016602
20170308154920700,0.715364837646484
20170308154920701,-2.37453994750977
20170308154920702,-1.81759414672852
20170308154920703,0.639070892333984
20170308154920704,-2.35928115844727
20170308154920705,-1.79470596313477
20170308154920706,0.616182708740234
20170308154920707,-2.40505752563477
20170308154920708,-1.64974746704102
20170308154920709,0.677217864990234
20170308154920710,-2.42794570922852
20170308154920711,-1.56582412719727
20170308154920712,0.707735443115234
20170308154920713,-2.61868057250977
20170308154920714,-1.55819473266602
20170308154920715,0.600923919677734
20170308154920716,-2.39742813110352
20170308154920717,-1.64974746704102
20170308154920718,0.753511810302734
20170308154920719,-2.70260391235352
20170308154920720,-1.43612442016602
20170308154920721,0.661959075927734
20170308154920722,-2.80178604125977
20170308154920723,-1.29879531860352
20170308154920724,0.722994232177734
20170308154920725,-2.79415664672852
20170308154920726,-1.26064834594727
20170308154920727,0.707735443115234
20170308154920728,-2.89333877563477
20170308154920729,-1.16146621704102
20170308154920730,0.555147552490234
20170308154920731,-2.92385635375977
20170308154920732,-1.06991348266602
20170308154920733,0.616182708740234
20170308154920734,-2.96200332641602
20170308154920735,-1.09280166625977
20170308154920736,0.463594818115234
20170308154920737,-3.01540908813477
20170308154920738,-0.985990142822266
20170308154920739,0.455965423583984
20170308154920740,-2.98489151000977
20170308154920741,-0.841031646728516
20170308154920742,0.364412689208984
20170308154920743,-2.92385635375977
20170308154920744,-0.833402252197266
20170308154920745,0.478853607177734
20170308154920746,-2.93148574829102
20170308154920747,-0.856290435791016
20170308154920748,0.555147552490234
20170308154920749,-2.95437393188477
20170308154920750,-0.947843170166016
20170308154920751,0.356783294677734
20170308154920752,-3.00777969360352
20170308154920753,-0.734220123291016
20170308154920754,0.387300872802734
20170308154920755,-2.93148574829102
20170308154920756,-0.726590728759766
20170308154920757,0.341524505615234
20170308154920758,-2.93148574829102
20170308154920759,-0.741849517822266
20170308154920760,0.562776947021484
20170308154920761,-2.95437393188477
20170308154920762,-0.841031646728516
20170308154920763,0.417818450927734
20170308154920764,-2.95437393188477
20170308154920765,-0.947843170166016
20170308154920766,0.463594818115234
20170308154920767,-2.95437393188477
20170308154920768,-0.810514068603516
20170308154920769,0.372042083740234
20170308154920770,-2.93911514282227
20170308154920771,-0.833402252197266
20170308154920772,0.494112396240234
20170308154920773,-2.96200332641602
20170308154920774,-0.787625885009766
20170308154920775,0.547518157958984
20170308154920776,-2.93911514282227
20170308154920777,-0.596891021728516
20170308154920778,0.219454193115234
20170308154920779,-2.97726211547852
20170308154920780,-0.306974029541016
20170308154920781,0.158419036865234
20170308154920782,-2.88570938110352
20170308154920783,-0.459561920166016
20170308154920784,0.0744956970214844
20170308154920785,-2.90096817016602
20170308154920786,-0.299344635009766
20170308154920787,0.181307220458984
20170308154920788,-2.90096817016602
20170308154920789,-0.459561920166016
20170308154920790,0.0668663024902344
20170308154920791,-2.96200332641602
20170308154920792,-0.162015533447266
20170308154920793,-0.177274322509766
20170308154920794,-2.95437393188477
20170308154920795,-0.108609771728516
20170308154920796,-0.200162506103516
20170308154920797,-2.98489151000977
20170308154920798,-0.245938873291016
20170308154920799,-0.230680084228516
20170308154920800,-2.93911514282227
20170308154920801,-0.0017982482910156
20170308154920802,-0.154386138916016
20170308154920803,-2.85519180297852
20170308154920804,0.0287193298339844
20170308154920805,-0.123868560791016
20170308154920806,-2.92385635375977
20170308154920807,0.326265716552734
20170308154920808,-0.528226470947266
20170308154920809,-2.87045059204102
20170308154920810,0.478853607177734
20170308154920811,-0.718961334228516
20170308154920812,-2.87045059204102
20170308154920813,0.494112396240234
20170308154920814,-0.635037994384766
20170308154920815,-2.85519180297852
20170308154920816,0.600923919677734
20170308154920817,-0.581632232666016
20170308154920818,-2.83230361938477
20170308154920819,0.661959075927734
20170308154920820,-0.894437408447266
20170308154920821,-2.84756240844727
20170308154920822,0.776399993896484
20170308154920823,-1.09280166625977
20170308154920824,-2.77889785766602
20170308154920825,0.761141204833984
20170308154920826,-1.20724258422852
20170308154920827,-2.74075088500977
20170308154920828,0.776399993896484
20170308154920829,-1.35220108032227
20170308154920830,-2.55001602172852
20170308154920831,0.715364837646484
20170308154920832,-1.58108291625977
20170308154920833,-2.49661026000977
20170308154920834,0.715364837646484
20170308154920835,-1.77944717407227
20170308154920836,-2.32876358032227
20170308154920837,0.745882415771484
20170308154920838,-1.85574111938477
20170308154920839,-2.02358779907227
20170308154920840,0.753511810302734
20170308154920841,-2.24484024047852
20170308154920842,-1.88625869750977
20170308154920843,0.707735443115234
20170308154920844,-2.28298721313477
20170308154920845,-1.49715957641602
20170308154920846,0.806917572021484
20170308154920847,-2.80941543579102
20170308154920848,-1.26064834594727
20170308154920849,0.623812103271484
20170308154920850,-2.90096817016602
20170308154920851,-1.10043106079102
20170308154920852,0.654329681396484
20170308154920853,-2.98489151000977
20170308154920854,-0.970731353759766
20170308154920855,0.539888763427734
20170308154920856,-3.00777969360352
20170308154920857,-0.848661041259766
20170308154920858,0.593294525146484
20170308154920859,-2.88570938110352
20170308154920860,-0.612149810791016
20170308154920861,0.295748138427734
20170308154920862,-2.98489151000977
20170308154920863,-0.650296783447266
20170308154920864,0.242342376708984
20170308154920865,-2.96200332641602
20170308154920866,-0.604520416259766
20170308154920867,0.394930267333984
20170308154920868,-2.99252090454102
20170308154920869,-0.627408599853516
20170308154920870,0.234712982177734
20170308154920871,-2.99252090454102
20170308154920872,-0.726590728759766
20170308154920873,0.288118743896484
20170308154920874,-2.94674453735352
20170308154920875,-0.772367095947266
20170308154920876,0.616182708740234
20170308154920877,-2.96200332641602
20170308154920878,-0.787625885009766
20170308154920879,0.394930267333984
20170308154920880,-2.94674453735352
20170308154920881,-0.741849517822266
20170308154920882,0.333895111083984
20170308154920883,-2.95437393188477
20170308154920884,-0.802884674072266
20170308154920885,0.364412689208984
20170308154920886,-2.90096817016602
20170308154920887,-0.726590728759766
20170308154920888,0.448336029052734
20170308154920889,-2.90096817016602
20170308154920890,-0.718961334228516
20170308154920891,0.311006927490234
20170308154920892,-2.87045059204102
20170308154920893,-0.604520416259766
20170308154920894,0.379671478271484
20170308154920895,-2.93911514282227
20170308154920896,-0.734220123291016
20170308154920897,0.311006927490234
20170308154920898,-2.95437393188477
20170308154920899,-0.642667388916016
20170308154920900,0.387300872802734
20170308154920901,-2.98489151000977
20170308154920902,-0.627408599853516
20170308154920903,0.181307220458984
20170308154920904,-2.99252090454102
20170308154920905,-0.779996490478516
20170308154920906,0.494112396240234
20170308154920907,-2.91622695922852
20170308154920908,-0.757108306884766
20170308154920909,0.524629974365234
20170308154920910,-2.93911514282227
20170308154920911,-0.749478912353516
20170308154920912,0.318636322021484
20170308154920913,-2.91622695922852
20170308154920914,-0.734220123291016
20170308154920915,0.394930267333984
20170308154920916,-3.01540908813477
20170308154920917,-0.772367095947266
20170308154920918,0.562776947021484
20170308154920919,-2.90859756469727
20170308154920920,-0.627408599853516
20170308154920921,0.501741790771484
20170308154920922,-2.94674453735352
20170308154920923,-0.474820709228516
20170308154920924,0.0973838806152344
20170308154920925,-2.93148574829102
20170308154920926,-0.337491607666016
20170308154920927,0.0439781188964844
20170308154920928,-2.95437393188477
20170308154920929,-0.520597076416016
20170308154920930,0.326265716552734
20170308154920931,-2.91622695922852
20170308154920932,-0.635037994384766
20170308154920933,0.288118743896484
20170308154920934,-2.96200332641602
20170308154920935,-0.795255279541016
20170308154920936,0.455965423583984
20170308154920937,-2.87045059204102
20170308154920938,-0.696073150634766
20170308154920939,0.517000579833984
20170308154920940,-2.86282119750977
20170308154920941,-0.482450103759766
20170308154920942,0.455965423583984
20170308154920943,-2.87045059204102
20170308154920944,-0.413785552978516
20170308154920945,0.173677825927734
20170308154920946,-2.96200332641602
20170308154920947,-0.421414947509766
20170308154920948,0.0287193298339844
20170308154920949,-2.91622695922852
20170308154920950,-0.230680084228516
20170308154920951,-0.146756744384766
20170308154920952,-2.91622695922852
20170308154920953,-0.123868560791016
20170308154920954,-0.0857215881347656
20170308154920955,-2.96963272094727
20170308154920956,-0.0780921936035156
20170308154920957,-0.223050689697266
20170308154920958,-2.84756240844727
20170308154920959,0.0210899353027344
20170308154920960,-0.253568267822266
20170308154920961,-2.81704483032227
20170308154920962,0.211824798583984
20170308154920963,-0.429044342041016
20170308154920964,-2.77889785766602
20170308154920965,0.349153900146484
20170308154920966,-0.512967681884766
20170308154920967,-2.80941543579102
20170308154920968,0.341524505615234
20170308154920969,-0.574002838134766
20170308154920970,-2.78652725219727
20170308154920971,0.463594818115234
20170308154920972,-0.711331939697266
20170308154920973,-2.74075088500977
20170308154920974,0.616182708740234
20170308154920975,-0.863919830322266
20170308154920976,-2.80941543579102
20170308154920977,0.738253021240234
20170308154920978,-1.03939590454102
20170308154920979,-2.71786270141602
20170308154920980,1.05868759155273
20170308154920981,-1.39034805297852
20170308154920982,-2.55764541625977
20170308154920983,0.822176361083984
20170308154920984,-1.58108291625977
20170308154920985,-2.44320449829102
20170308154920986,0.784029388427734
20170308154920987,-1.74130020141602
20170308154920988,-2.29061660766602
20170308154920989,0.692476654052734
20170308154920990,-1.88625869750977
20170308154920991,-1.95492324829102
20170308154920992,0.829805755615234
20170308154920993,-2.27535781860352
20170308154920994,-1.68789443969727
20170308154920995,0.722994232177734
20170308154920996,-2.43557510375977
20170308154920997,-1.50478897094727
20170308154920998,0.730623626708984
20170308154920999,-2.85519180297852
20170308154921000,-1.31405410766602
20170308154921001,0.532259368896484
20170308154921002,-2.73312149047852
20170308154921003,-1.35983047485352
20170308154921004,0.639070892333984
20170308154921005,-2.79415664672852
20170308154921006,-1.16146621704102
20170308154921007,0.639070892333984
20170308154921008,-2.99252090454102
20170308154921009,-0.787625885009766
20170308154921010,0.417818450927734
20170308154921011,-2.96963272094727
20170308154921012,-0.680814361572266
20170308154921013,0.616182708740234
20170308154921014,-2.90859756469727
20170308154921015,-0.764737701416016
20170308154921016,0.448336029052734
20170308154921017,-2.95437393188477
20170308154921018,-0.825772857666016
20170308154921019,0.425447845458984
20170308154921020,-2.96963272094727
20170308154921021,-0.703702545166016
20170308154921022,0.333895111083984
20170308154921023,-2.88570938110352
20170308154921024,-0.635037994384766
20170308154921025,0.288118743896484
20170308154921026,-2.96200332641602
20170308154921027,-0.467191314697266
20170308154921028,0.166048431396484
20170308154921029,-2.97726211547852
20170308154921030,-0.398526763916016
20170308154921031,0.0516075134277344
20170308154921032,-2.93911514282227
20170308154921033,-0.238309478759766
20170308154921034,-0.261197662353516
20170308154921035,-2.93148574829102
20170308154921036,-0.0628334045410156
20170308154921037,-0.322232818603516
20170308154921038,-2.89333877563477
20170308154921039,-0.0704627990722656
20170308154921040,-0.398526763916016
20170308154921041,-2.89333877563477
20170308154921042,0.196566009521484
20170308154921043,-0.436673736572266
20170308154921044,-2.80941543579102
20170308154921045,0.341524505615234
20170308154921046,-0.490079498291016
20170308154921047,-2.87807998657227
20170308154921048,0.387300872802734
20170308154921049,-0.619779205322266
20170308154921050,-2.85519180297852
20170308154921051,0.227083587646484
20170308154921052,-0.574002838134766
20170308154921053,-2.85519180297852
20170308154921054,0.501741790771484
20170308154921055,-0.711331939697266
20170308154921056,-2.78652725219727
20170308154921057,0.356783294677734
20170308154921058,-0.421414947509766
20170308154921059,-2.74838027954102
20170308154921060,0.478853607177734
20170308154921061,-0.688443756103516
20170308154921062,-2.83230361938477
20170308154921063,0.280489349365234
20170308154921064,-0.726590728759766
20170308154921065,-2.78652725219727
20170308154921066,0.326265716552734
20170308154921067,-0.604520416259766
20170308154921068,-2.87045059204102
20170308154921069,0.356783294677734
20170308154921070,-0.566373443603516
20170308154921071,-2.84756240844727
20170308154921072,0.188936614990234
20170308154921073,-0.413785552978516
20170308154921074,-2.87807998657227
20170308154921075,0.227083587646484
20170308154921076,-0.467191314697266
20170308154921077,-2.80941543579102
20170308154921078,0.288118743896484
20170308154921079,-0.512967681884766
20170308154921080,-2.84756240844727
20170308154921081,0.288118743896484
20170308154921082,-0.429044342041016
20170308154921083,-2.80941543579102
20170308154921084,0.356783294677734
20170308154921085,-0.703702545166016
20170308154921086,-2.78652725219727
20170308154921087,0.501741790771484
20170308154921088,-0.551114654541016
20170308154921089,-2.75600967407227
20170308154921090,0.639070892333984
20170308154921091,-0.779996490478516
20170308154921092,-2.76363906860352
20170308154921093,0.623812103271484
20170308154921094,-0.757108306884766
20170308154921095,-2.78652725219727
20170308154921096,0.547518157958984
20170308154921097,-0.833402252197266
20170308154921098,-2.75600967407227
20170308154921099,0.578035736083984
20170308154921100,-0.795255279541016
20170308154921101,-2.86282119750977
20170308154921102,0.761141204833984
20170308154921103,-1.00124893188477
20170308154921104,-2.77126846313477
20170308154921105,0.890840911865234
20170308154921106,-0.932584381103516
20170308154921107,-2.68734512329102
20170308154921108,0.745882415771484
20170308154921109,-1.13094863891602
20170308154921110,-2.64919815063477
20170308154921111,0.890840911865234
20170308154921112,-1.31405410766602
20170308154921113,-2.62630996704102
20170308154921114,0.837435150146484
20170308154921115,-1.46664199829102
20170308154921116,-2.48135147094727
20170308154921117,0.784029388427734
20170308154921118,-1.65737686157227
20170308154921119,-2.45083389282227
20170308154921120,0.761141204833984
20170308154921121,-1.80233535766602
20170308154921122,-2.13039932250977
20170308154921123,0.707735443115234
20170308154921124,-2.01595840454102
20170308154921125,-1.95492324829102
20170308154921126,0.722994232177734
20170308154921127,-2.06936416625977
20170308154921128,-1.84048233032227
20170308154921129,0.898470306396484
20170308154921130,-2.27535781860352
20170308154921131,-1.83285293579102
20170308154921132,0.722994232177734
20170308154921133,-2.39742813110352
20170308154921134,-1.61922988891602
20170308154921135,0.875582122802734
20170308154921136,-2.45083389282227
20170308154921137,-1.43612442016602
20170308154921138,0.722994232177734
20170308154921139,-2.70260391235352
20170308154921140,-1.45901260375977
20170308154921141,0.578035736083984
20170308154921142,-2.55764541625977
20170308154921143,-1.47427139282227
20170308154921144,0.654329681396484
20170308154921145,-2.62630996704102
20170308154921146,-1.37508926391602
20170308154921147,0.646700286865234
20170308154921148,-2.70260391235352
20170308154921149,-1.26827774047852
20170308154921150,0.616182708740234
20170308154921151,-2.93911514282227
20170308154921152,-1.12331924438477
20170308154921153,0.608553314208984
20170308154921154,-3.03066787719727
20170308154921155,-0.871549224853516
20170308154921156,0.433077239990234
20170308154921157,-2.93911514282227
20170308154921158,-0.833402252197266
20170308154921159,0.593294525146484
20170308154921160,-3.01540908813477
20170308154921161,-0.612149810791016
20170308154921162,0.509371185302734
20170308154921163,-2.95437393188477
20170308154921164,-0.352750396728516
20170308154921165,0.112642669677734
20170308154921166,-3.03829727172852
20170308154921167,-0.322232818603516
20170308154921168,-0.0475746154785156
20170308154921169,-2.98489151000977
20170308154921170,-0.291715240478516
20170308154921171,-0.116239166259766
20170308154921172,-2.91622695922852
20170308154921173,-0.123868560791016
20170308154921174,-0.230680084228516
20170308154921175,-2.88570938110352
20170308154921176,-0.192533111572266
20170308154921177,-0.0704627990722656
20170308154921178,-2.93911514282227
20170308154921179,-0.291715240478516
20170308154921180,0.326265716552734
20170308154921181,-2.87807998657227
20170308154921182,-0.360379791259766
20170308154921183,0.0287193298339844
20170308154921184,-2.91622695922852
20170308154921185,-0.230680084228516
20170308154921186,0.143160247802734
20170308154921187,-2.93148574829102
20170308154921188,-0.253568267822266
20170308154921189,-0.0552040100097656
20170308154921190,-2.87807998657227
20170308154921191,-0.261197662353516
20170308154921192,0.0363487243652344
20170308154921193,-2.85519180297852
20170308154921194,-0.421414947509766
20170308154921195,0.0592369079589844
20170308154921196,-2.93911514282227
20170308154921197,-0.543485260009766
20170308154921198,0.349153900146484
20170308154921199,-2.90096817016602
20170308154921200,-0.268827056884766
20170308154921201,-0.116239166259766
20170308154921202,-2.97726211547852
20170308154921203,-0.444303131103516
20170308154921204,0.0516075134277344
20170308154921205,-2.94674453735352
20170308154921206,0.0439781188964844
20170308154921207,-0.276456451416016
20170308154921208,-2.84756240844727
20170308154921209,0.265230560302734
20170308154921210,-0.306974029541016
20170308154921211,-2.74838027954102
20170308154921212,0.295748138427734
20170308154921213,-0.482450103759766
20170308154921214,-2.81704483032227
20170308154921215,0.417818450927734
20170308154921216,-0.673184967041016
20170308154921217,-2.80178604125977
20170308154921218,0.631441497802734
20170308154921219,-0.741849517822266
20170308154921220,-2.87807998657227
20170308154921221,0.570406341552734
20170308154921222,-0.841031646728516
20170308154921223,-2.84756240844727
20170308154921224,0.677217864990234
20170308154921225,-0.978360748291016
20170308154921226,-2.71023330688477
20170308154921227,0.814546966552734
20170308154921228,-1.06228408813477
20170308154921229,-2.75600967407227
20170308154921230,0.715364837646484
20170308154921231,-1.01650772094727
20170308154921232,-2.75600967407227
20170308154921233,0.715364837646484
20170308154921234,-1.11568984985352
20170308154921235,-2.78652725219727
20170308154921236,0.898470306396484
20170308154921237,-1.06991348266602
20170308154921238,-2.77126846313477
20170308154921239,0.867952728271484
20170308154921240,-1.26064834594727
20170308154921241,-2.64156875610352
20170308154921242,0.959505462646484
20170308154921243,-1.47427139282227
20170308154921244,-2.54238662719727
20170308154921245,0.799288177490234
20170308154921246,-1.46664199829102
20170308154921247,-2.58053359985352
20170308154921248,0.776399993896484
20170308154921249,-1.19961318969727
20170308154921250,-2.67208633422852
20170308154921251,0.707735443115234
20170308154921252,-1.24538955688477
20170308154921253,-2.61105117797852
20170308154921254,0.852693939208984
20170308154921255,-1.42849502563477
20170308154921256,-2.51949844360352
20170308154921257,0.715364837646484
20170308154921258,-1.76418838500977
20170308154921259,-2.20669326782227
20170308154921260,0.806917572021484
20170308154921261,-1.95492324829102
20170308154921262,-2.07699356079102
20170308154921263,0.700106048583984
20170308154921264,-2.08462295532227
20170308154921265,-1.97018203735352
20170308154921266,0.730623626708984
20170308154921267,-2.22195205688477
20170308154921268,-1.76418838500977
20170308154921269,0.745882415771484
20170308154921270,-2.35165176391602
20170308154921271,-1.67263565063477
20170308154921272,0.875582122802734
20170308154921273,-2.42031631469727
20170308154921274,-1.69552383422852
20170308154921275,0.654329681396484
20170308154921276,-2.49661026000977
20170308154921277,-1.49715957641602
20170308154921278,0.738253021240234
20170308154921279,-2.89333877563477
20170308154921280,-1.03939590454102
20170308154921281,0.784029388427734
20170308154921282,-2.90859756469727
20170308154921283,-0.970731353759766
20170308154921284,0.547518157958984
20170308154921285,-3.04592666625977
20170308154921286,-0.368009185791016
20170308154921287,0.173677825927734
20170308154921288,-2.95437393188477
20170308154921289,-0.253568267822266
20170308154921290,-0.169644927978516
20170308154921291,-2.96963272094727
20170308154921292,0.0439781188964844
20170308154921293,-0.322232818603516
20170308154921294,-2.93911514282227
20170308154921295,-0.0246864318847656
20170308154921296,-0.284085845947266
20170308154921297,-2.87807998657227
20170308154921298,0.0668663024902344
20170308154921299,-0.314603424072266
20170308154921300,-2.82467422485352
20170308154921301,0.303377532958984
20170308154921302,-0.528226470947266
20170308154921303,-2.75600967407227
20170308154921304,0.249971771240234
20170308154921305,-0.467191314697266
20170308154921306,-2.83230361938477
20170308154921307,0.341524505615234
20170308154921308,-0.436673736572266
20170308154921309,-2.80941543579102
20170308154921310,0.448336029052734
20170308154921311,-0.581632232666016
20170308154921312,-2.80941543579102
20170308154921313,0.410189056396484
20170308154921314,-0.574002838134766
20170308154921315,-2.77126846313477
20170308154921316,0.517000579833984
20170308154921317,-0.787625885009766
20170308154921318,-2.83993301391602
20170308154921319,0.455965423583984
20170308154921320,-0.848661041259766
20170308154921321,-2.81704483032227
20170308154921322,0.646700286865234
20170308154921323,-0.947843170166016
20170308154921324,-2.82467422485352
20170308154921325,0.883211517333984
20170308154921326,-1.00887832641602
20170308154921327,-2.71023330688477
20170308154921328,0.875582122802734
20170308154921329,-1.14620742797852
20170308154921330,-2.67208633422852
20170308154921331,0.753511810302734
20170308154921332,-1.18435440063477
20170308154921333,-2.64156875610352
20170308154921334,0.753511810302734
20170308154921335,-1.23013076782227
20170308154921336,-2.66445693969727
20170308154921337,1.02817001342773
20170308154921338,-1.31405410766602
20170308154921339,-2.64919815063477
20170308154921340,0.753511810302734
20170308154921341,-1.19198379516602
20170308154921342,-2.62630996704102
20170308154921343,1.02054061889648
20170308154921344,-1.19961318969727
20170308154921345,-2.61868057250977
20170308154921346,0.875582122802734
20170308154921347,-1.22250137329102
20170308154921348,-2.68734512329102
20170308154921349,0.730623626708984
20170308154921350,-1.20724258422852
20170308154921351,-2.70260391235352
20170308154921352,0.761141204833984
20170308154921353,-0.924954986572266
20170308154921354,-2.62630996704102
20170308154921355,0.814546966552734
20170308154921356,-1.12331924438477
20170308154921357,-2.64919815063477
20170308154921358,0.806917572021484
20170308154921359,-1.02413711547852
20170308154921360,-2.78652725219727
20170308154921361,0.753511810302734
20170308154921362,-1.14620742797852
20170308154921363,-2.75600967407227
20170308154921364,0.982393646240234
20170308154921365,-1.18435440063477
20170308154921366,-2.67971572875977
20170308154921367,0.875582122802734
20170308154921368,-1.10806045532227
20170308154921369,-2.58053359985352
20170308154921370,0.837435150146484
20170308154921371,-1.42086563110352
20170308154921372,-2.47372207641602
20170308154921373,0.837435150146484
20170308154921374,-1.50478897094727
20170308154921375,-2.45083389282227
20170308154921376,0.814546966552734
20170308154921377,-1.42086563110352
20170308154921378,-2.55764541625977
20170308154921379,1.01291122436523
20170308154921380,-1.29879531860352
20170308154921381,-2.52712783813477
20170308154921382,0.784029388427734
20170308154921383,-1.71841201782227
20170308154921384,-2.37453994750977
20170308154921385,0.715364837646484
20170308154921386,-1.70315322875977
20170308154921387,-2.29824600219727
20170308154921388,0.730623626708984
20170308154921389,-1.83285293579102
20170308154921390,-2.26009902954102
20170308154921391,0.730623626708984
20170308154921392,-1.79470596313477
20170308154921393,-2.10751113891602
20170308154921394,0.715364837646484
20170308154921395,-1.80233535766602
20170308154921396,-2.20669326782227
20170308154921397,0.669588470458984
20170308154921398,-1.93966445922852
20170308154921399,-2.20669326782227
20170308154921400,0.791658782958984
20170308154921401,-2.26009902954102
20170308154921402,-1.77944717407227
20170308154921403,0.768770599365234
20170308154921404,-2.29824600219727
20170308154921405,-1.69552383422852
20170308154921406,0.829805755615234
20170308154921407,-2.35165176391602
20170308154921408,-1.61160049438477
20170308154921409,0.837435150146484
20170308154921410,-2.57290420532227
20170308154921411,-1.37508926391602
20170308154921412,0.890840911865234
20170308154921413,-2.77126846313477
20170308154921414,-1.28353652954102
20170308154921415,0.730623626708984
20170308154921416,-2.67971572875977
20170308154921417,-1.42086563110352
20170308154921418,0.669588470458984
20170308154921419,-2.81704483032227
20170308154921420,-1.23013076782227
20170308154921421,0.654329681396484
20170308154921422,-2.78652725219727
20170308154921423,-1.23013076782227
20170308154921424,0.646700286865234
20170308154921425,-2.90096817016602
20170308154921426,-1.20724258422852
20170308154921427,0.585665130615234
20170308154921428,-2.90859756469727
20170308154921429,-1.13094863891602
20170308154921430,0.539888763427734
20170308154921431,-2.88570938110352
20170308154921432,-0.596891021728516
20170308154921433,0.326265716552734
20170308154921434,-2.90859756469727
20170308154921435,-0.352750396728516
20170308154921436,-0.0323158264160156
20170308154921437,-2.98489151000977
20170308154921438,-0.0170570373535156
20170308154921439,-0.0780921936035156
20170308154921440,-2.96200332641602
20170308154921441,0.0821250915527344
20170308154921442,-0.230680084228516
20170308154921443,-2.87045059204102
20170308154921444,0.417818450927734
20170308154921445,-0.566373443603516
20170308154921446,-2.83230361938477
20170308154921447,0.501741790771484
20170308154921448,-0.772367095947266
20170308154921449,-2.83993301391602
20170308154921450,0.646700286865234
20170308154921451,-0.924954986572266
20170308154921452,-2.83230361938477
20170308154921453,0.898470306396484
20170308154921454,-1.07754287719727
20170308154921455,-2.71023330688477
20170308154921456,0.829805755615234
20170308154921457,-1.15383682250977
20170308154921458,-2.64919815063477
20170308154921459,0.890840911865234
20170308154921460,-1.23013076782227
20170308154921461,-2.57290420532227
20170308154921462,1.04342880249023
20170308154921463,-1.43612442016602
20170308154921464,-2.45846328735352
20170308154921465,0.875582122802734
20170308154921466,-1.67263565063477
20170308154921467,-2.45846328735352
20170308154921468,0.707735443115234
20170308154921469,-1.60397109985352
20170308154921470,-2.46609268188477
20170308154921471,0.822176361083984
20170308154921472,-1.68026504516602
20170308154921473,-2.22195205688477
20170308154921474,0.928987884521484
20170308154921475,-1.74892959594727
20170308154921476,-2.29824600219727
20170308154921477,0.875582122802734
20170308154921478,-1.73367080688477
20170308154921479,-2.17617568969727
20170308154921480,0.745882415771484
20170308154921481,-2.06173477172852
20170308154921482,-2.04647598266602
20170308154921483,0.745882415771484
20170308154921484,-2.18380508422852
20170308154921485,-1.85574111938477
20170308154921486,0.669588470458984
20170308154921487,-2.18380508422852
20170308154921488,-1.71841201782227
20170308154921489,0.776399993896484
20170308154921490,-2.41268692016602
20170308154921491,-1.60397109985352
20170308154921492,0.837435150146484
20170308154921493,-2.51186904907227
20170308154921494,-1.47427139282227
20170308154921495,0.600923919677734
20170308154921496,-2.56527481079102
20170308154921497,-1.52004776000977
20170308154921498,0.677217864990234
20170308154921499,-2.71023330688477
20170308154921500,-1.42086563110352
20170308154921501,0.539888763427734
20170308154921502,-2.69497451782227
20170308154921503,-1.27590713500977
20170308154921504,0.570406341552734
20170308154921505,-2.93911514282227
20170308154921506,-1.19198379516602
20170308154921507,0.478853607177734
20170308154921508,-2.90859756469727
20170308154921509,-1.18435440063477
20170308154921510,0.608553314208984
20170308154921511,-2.97726211547852
20170308154921512,-0.863919830322266
20170308154921513,0.433077239990234
20170308154921514,-2.90096817016602
20170308154921515,-0.863919830322266
20170308154921516,0.333895111083984
20170308154921517,-2.94674453735352
20170308154921518,-0.596891021728516
20170308154921519,0.341524505615234
20170308154921520,-2.95437393188477
20170308154921521,-0.467191314697266
20170308154921522,0.0744956970214844
20170308154921523,-2.99252090454102
20170308154921524,-0.512967681884766
20170308154921525,0.120272064208984
20170308154921526,-2.98489151000977
20170308154921527,-0.413785552978516
20170308154921528,0.0744956970214844
20170308154921529,-2.98489151000977
20170308154921530,-0.413785552978516
20170308154921531,0.0363487243652344
20170308154921532,-2.90096817016602
20170308154921533,-0.131497955322266
20170308154921534,-0.0475746154785156
20170308154921535,-2.96963272094727
20170308154921536,-0.322232818603516
20170308154921537,-0.0170570373535156
20170308154921538,-2.90096817016602
20170308154921539,-0.230680084228516
20170308154921540,0.173677825927734
20170308154921541,-2.89333877563477
20170308154921542,-0.329862213134766
20170308154921543,0.0363487243652344
20170308154921544,-2.91622695922852
20170308154921545,-0.390897369384766
20170308154921546,0.0516075134277344
20170308154921547,-2.90096817016602
20170308154921548,-0.512967681884766
20170308154921549,0.227083587646484
20170308154921550,-2.96200332641602
20170308154921551,-0.429044342041016
20170308154921552,0.105013275146484
20170308154921553,-2.92385635375977
20170308154921554,-0.177274322509766
20170308154921555,-0.108609771728516
20170308154921556,-2.91622695922852
20170308154921557,-0.306974029541016
20170308154921558,-0.131497955322266
20170308154921559,-2.93148574829102
20170308154921560,-0.139127349853516
20170308154921561,-0.207791900634766
20170308154921562,-2.85519180297852
20170308154921563,0.173677825927734
20170308154921564,-0.276456451416016
20170308154921565,-2.91622695922852
20170308154921566,0.166048431396484
20170308154921567,-0.429044342041016
20170308154921568,-2.90096817016602
20170308154921569,0.410189056396484
20170308154921570,-0.657926177978516
20170308154921571,-2.78652725219727
20170308154921572,0.814546966552734
20170308154921573,-0.886808013916016
20170308154921574,-2.82467422485352
20170308154921575,0.883211517333984
20170308154921576,-0.963101959228516
20170308154921577,-2.81704483032227
20170308154921578,0.959505462646484
20170308154921579,-0.947843170166016
20170308154921580,-2.70260391235352
20170308154921581,0.761141204833984
20170308154921582,-1.18435440063477
20170308154921583,-2.61105117797852
20170308154921584,0.814546966552734
20170308154921585,-1.48190078735352
20170308154921586,-2.54238662719727
20170308154921587,0.684847259521484
20170308154921588,-1.33694229125977
20170308154921589,-2.51949844360352
20170308154921590,0.768770599365234
20170308154921591,-1.64211807250977
20170308154921592,-2.36691055297852
20170308154921593,0.822176361083984
20170308154921594,-1.80996475219727
20170308154921595,-2.27535781860352
20170308154921596,0.570406341552734
20170308154921597,-1.67263565063477
20170308154921598,-2.36691055297852
20170308154921599,0.791658782958984
20170308154921600,-1.91677627563477
20170308154921601,-2.08462295532227
20170308154921602,0.684847259521484
20170308154921603,-2.13802871704102
20170308154921604,-2.06173477172852
20170308154921605,0.875582122802734
20170308154921606,-2.13802871704102
20170308154921607,-1.93966445922852
20170308154921608,0.669588470458984
20170308154921609,-2.19143447875977
20170308154921610,-1.81759414672852
20170308154921611,0.753511810302734
20170308154921612,-2.32876358032227
20170308154921613,-1.88625869750977
20170308154921614,0.715364837646484
20170308154921615,-2.31350479125977
20170308154921616,-1.82522354125977
20170308154921617,0.661959075927734
20170308154921618,-2.32113418579102
20170308154921619,-1.82522354125977
20170308154921620,0.684847259521484
20170308154921621,-2.32876358032227
20170308154921622,-1.64974746704102
20170308154921623,0.639070892333984
20170308154921624,-2.60342178344727
20170308154921625,-1.39797744750977
20170308154921626,0.547518157958984
20170308154921627,-2.64919815063477
20170308154921628,-1.42849502563477
20170308154921629,0.532259368896484
20170308154921630,-2.73312149047852
20170308154921631,-1.36745986938477
20170308154921632,0.631441497802734
20170308154921633,-2.80941543579102
20170308154921634,-1.27590713500977
20170308154921635,0.455965423583984
20170308154921636,-2.79415664672852
20170308154921637,-1.22250137329102
20170308154921638,0.623812103271484
20170308154921639,-2.80941543579102
20170308154921640,-1.16146621704102
20170308154921641,0.501741790771484
20170308154921642,-2.75600967407227
20170308154921643,-1.29879531860352
20170308154921644,0.585665130615234
20170308154921645,-2.88570938110352
20170308154921646,-1.37508926391602
20170308154921647,0.547518157958984
20170308154921648,-2.80941543579102
20170308154921649,-1.20724258422852
20170308154921650,0.501741790771484
20170308154921651,-2.87045059204102
20170308154921652,-1.24538955688477
20170308154921653,0.761141204833984
20170308154921654,-2.77126846313477
20170308154921655,-1.32168350219727
20170308154921656,0.448336029052734
20170308154921657,-2.59579238891602
20170308154921658,-1.41323623657227
20170308154921659,0.661959075927734
20170308154921660,-2.83993301391602
20170308154921661,-1.17672500610352
20170308154921662,0.730623626708984
20170308154921663,-2.88570938110352
20170308154921664,-1.21487197875977
20170308154921665,0.715364837646484
20170308154921666,-2.82467422485352
20170308154921667,-1.13857803344727
20170308154921668,0.677217864990234
20170308154921669,-2.63393936157227
20170308154921670,-1.26827774047852
20170308154921671,0.646700286865234
20170308154921672,-2.80178604125977
20170308154921673,-1.26064834594727
20170308154921674,0.509371185302734
20170308154921675,-2.71786270141602
20170308154921676,-1.11568984985352
20170308154921677,0.501741790771484
20170308154921678,-2.93148574829102
20170308154921679,-1.13857803344727
20170308154921680,0.356783294677734
20170308154921681,-2.68734512329102
20170308154921682,-1.21487197875977
20170308154921683,0.578035736083984
20170308154921684,-2.87807998657227
20170308154921685,-1.06228408813477
20170308154921686,0.517000579833984
20170308154921687,-2.96963272094727
20170308154921688,-1.03176651000977
20170308154921689,0.463594818115234
20170308154921690,-2.97726211547852
20170308154921691,-0.871549224853516
20170308154921692,0.524629974365234
20170308154921693,-2.87807998657227
20170308154921694,-1.02413711547852
20170308154921695,0.394930267333984
20170308154921696,-3.00777969360352
20170308154921697,-0.963101959228516
20170308154921698,0.448336029052734
20170308154921699,-2.99252090454102
20170308154921700,-0.718961334228516
20170308154921701,0.303377532958984
20170308154921702,-2.99252090454102
20170308154921703,-0.451932525634766
20170308154921704,0.333895111083984
20170308154921705,-2.98489151000977
20170308154921706,-0.291715240478516
20170308154921707,-0.108609771728516
20170308154921708,-2.98489151000977
20170308154921709,-0.146756744384766
20170308154921710,-0.192533111572266
20170308154921711,-2.96963272094727
20170308154921712,0.0821250915527344
20170308154921713,-0.368009185791016
20170308154921714,-2.88570938110352
20170308154921715,0.410189056396484
20170308154921716,-0.703702545166016
20170308154921717,-2.84756240844727
20170308154921718,0.509371185302734
20170308154921719,-0.818143463134766
20170308154921720,-2.78652725219727
20170308154921721,0.562776947021484
20170308154921722,-0.650296783447266
20170308154921723,-2.79415664672852
20170308154921724,0.860323333740234
20170308154921725,-1.09280166625977
20170308154921726,-2.74075088500977
20170308154921727,0.913729095458984
20170308154921728,-1.25301895141602
20170308154921729,-2.56527481079102
20170308154921730,0.829805755615234
20170308154921731,-1.40560684204102
20170308154921732,-2.44320449829102
20170308154921733,0.684847259521484
20170308154921734,-1.75655899047852
20170308154921735,-2.35928115844727
20170308154921736,0.776399993896484
20170308154921737,-1.87862930297852
20170308154921738,-2.16091690063477
20170308154921739,0.677217864990234
20170308154921740,-2.13802871704102
20170308154921741,-2.00069961547852
20170308154921742,0.707735443115234
20170308154921743,-2.23721084594727
20170308154921744,-1.64974746704102
20170308154921745,0.707735443115234
20170308154921746,-2.39742813110352
20170308154921747,-1.60397109985352
20170308154921748,0.654329681396484
20170308154921749,-2.55764541625977
20170308154921750,-1.55819473266602
20170308154921751,0.715364837646484
20170308154921752,-2.60342178344727
20170308154921753,-1.48190078735352
20170308154921754,0.730623626708984
20170308154921755,-2.83993301391602
20170308154921756,-1.30642471313477
20170308154921757,0.570406341552734
20170308154921758,-2.86282119750977
20170308154921759,-1.02413711547852
20170308154921760,0.623812103271484
20170308154921761,-2.94674453735352
20170308154921762,-0.917325592041016
20170308154921763,0.494112396240234
20170308154921764,-2.93148574829102
20170308154921765,-1.00124893188477
20170308154921766,0.669588470458984
20170308154921767,-2.79415664672852
20170308154921768,-1.15383682250977
20170308154921769,0.547518157958984
20170308154921770,-2.93148574829102
20170308154921771,-1.07754287719727
20170308154921772,0.509371185302734
20170308154921773,-2.90859756469727
20170308154921774,-1.06991348266602
20170308154921775,0.410189056396484
20170308154921776,-2.92385635375977
20170308154921777,-0.970731353759766
20170308154921778,0.578035736083984
20170308154921779,-2.93148574829102
20170308154921780,-1.09280166625977
20170308154921781,0.639070892333984
20170308154921782,-2.93148574829102
20170308154921783,-1.15383682250977
20170308154921784,0.402559661865234
20170308154921785,-2.85519180297852
20170308154921786,-1.15383682250977
20170308154921787,0.524629974365234
20170308154921788,-2.96963272094727
20170308154921789,-0.902066802978516
20170308154921790,0.448336029052734
20170308154921791,-2.96963272094727
20170308154921792,-0.764737701416016
20170308154921793,0.379671478271484
20170308154921794,-2.96963272094727
20170308154921795,-0.978360748291016
20170308154921796,0.616182708740234
20170308154921797,-2.92385635375977
20170308154921798,-0.909696197509766
20170308154921799,0.402559661865234
20170308154921800,-2.90859756469727
20170308154921801,-0.604520416259766
20170308154921802,0.532259368896484
20170308154921803,-2.83993301391602
20170308154921804,-0.757108306884766
20170308154921805,0.265230560302734
20170308154921806,-2.93911514282227
20170308154921807,-0.711331939697266
20170308154921808,0.333895111083984
20170308154921809,-2.87045059204102
20170308154921810,-0.627408599853516
20170308154921811,0.463594818115234
20170308154921812,-2.93148574829102
20170308154921813,-0.665555572509766
20170308154921814,0.455965423583984
20170308154921815,-2.91622695922852
20170308154921816,-0.665555572509766
20170308154921817,0.188936614990234
20170308154921818,-2.95437393188477
20170308154921819,-0.787625885009766
20170308154921820,0.349153900146484
20170308154921821,-2.95437393188477
20170308154921822,-0.779996490478516
20170308154921823,0.303377532958984
20170308154921824,-2.95437393188477
20170308154921825,-0.467191314697266
20170308154921826,0.265230560302734
20170308154921827,-2.90096817016602
20170308154921828,-0.352750396728516
20170308154921829,0.105013275146484
20170308154921830,-2.97726211547852
20170308154921831,-0.436673736572266
20170308154921832,0.173677825927734
20170308154921833,-2.91622695922852
20170308154921834,-0.535855865478516
20170308154921835,0.204195404052734
20170308154921836,-2.95437393188477
20170308154921837,-0.657926177978516
20170308154921838,0.509371185302734
20170308154921839,-2.90859756469727
20170308154921840,-0.619779205322266
20170308154921841,0.227083587646484
20170308154921842,-2.95437393188477
20170308154921843,-0.627408599853516
20170308154921844,0.288118743896484
20170308154921845,-2.90096817016602
20170308154921846,-0.757108306884766
20170308154921847,0.219454193115234
20170308154921848,-2.93148574829102
20170308154921849,-0.779996490478516
20170308154921850,0.280489349365234
20170308154921851,-2.98489151000977
20170308154921852,-0.856290435791016
20170308154921853,0.486483001708984
20170308154921854,-2.94674453735352
20170308154921855,-0.863919830322266
20170308154921856,0.372042083740234
20170308154921857,-2.93148574829102
20170308154921858,-0.734220123291016
20170308154921859,0.265230560302734
20170308154921860,-2.96963272094727
20170308154921861,-0.680814361572266
20170308154921862,0.425447845458984
20170308154921863,-2.96200332641602
20170308154921864,-0.520597076416016
20170308154921865,0.288118743896484
20170308154921866,-2.97726211547852
20170308154921867,-0.375638580322266
20170308154921868,-0.123868560791016
20170308154921869,-3.06118545532227
20170308154921870,-0.337491607666016
20170308154921871,-0.100980377197266
20170308154921872,-2.96200332641602
20170308154921873,-0.0704627990722656
20170308154921874,-0.0475746154785156
20170308154921875,-2.80941543579102
20170308154921876,-0.0628334045410156
20170308154921877,-0.322232818603516
20170308154921878,-2.84756240844727
20170308154921879,0.242342376708984
20170308154921880,-0.551114654541016
20170308154921881,-2.88570938110352
20170308154921882,0.539888763427734
20170308154921883,-0.795255279541016
20170308154921884,-2.90859756469727
20170308154921885,0.608553314208984
20170308154921886,-1.00124893188477
20170308154921887,-2.83993301391602
20170308154921888,0.646700286865234
20170308154921889,-0.909696197509766
20170308154921890,-2.87807998657227
20170308154921891,0.799288177490234
20170308154921892,-1.03939590454102
20170308154921893,-2.71786270141602
20170308154921894,0.776399993896484
20170308154921895,-0.917325592041016
20170308154921896,-2.68734512329102
20170308154921897,0.951876068115234
20170308154921898,-1.49715957641602
20170308154921899,-2.47372207641602
20170308154921900,0.715364837646484
20170308154921901,-1.72604141235352
20170308154921902,-2.38979873657227
20170308154921903,0.669588470458984
20170308154921904,-1.79470596313477
20170308154921905,-2.23721084594727
20170308154921906,0.692476654052734
20170308154921907,-1.93966445922852
20170308154921908,-2.18380508422852
20170308154921909,0.707735443115234
20170308154921910,-2.07699356079102
20170308154921911,-2.03121719360352
20170308154921912,0.806917572021484
20170308154921913,-2.26009902954102
20170308154921914,-1.71078262329102
20170308154921915,0.768770599365234
20170308154921916,-2.39742813110352
20170308154921917,-1.54293594360352
20170308154921918,0.684847259521484
20170308154921919,-2.64156875610352
20170308154921920,-1.45138320922852
20170308154921921,0.562776947021484
20170308154921922,-2.61105117797852
20170308154921923,-1.35983047485352
20170308154921924,0.570406341552734
20170308154921925,-2.61868057250977
20170308154921926,-1.31405410766602
20170308154921927,0.677217864990234
20170308154921928,-2.85519180297852
20170308154921929,-1.20724258422852
20170308154921930,0.539888763427734
20170308154921931,-2.73312149047852
20170308154921932,-1.30642471313477
20170308154921933,0.707735443115234
20170308154921934,-2.80941543579102
20170308154921935,-1.35983047485352
20170308154921936,0.509371185302734
20170308154921937,-2.81704483032227
20170308154921938,-1.23013076782227
20170308154921939,0.486483001708984
20170308154921940,-2.90096817016602
20170308154921941,-1.16909561157227
20170308154921942,0.433077239990234
20170308154921943,-2.81704483032227
20170308154921944,-1.18435440063477
20170308154921945,0.463594818115234
20170308154921946,-2.98489151000977
20170308154921947,-1.06991348266602
20170308154921948,0.661959075927734
20170308154921949,-3.00777969360352
20170308154921950,-0.963101959228516
20170308154921951,0.387300872802734
20170308154921952,-3.08407363891602
20170308154921953,-0.848661041259766
20170308154921954,0.570406341552734
20170308154921955,-2.94674453735352
20170308154921956,-0.619779205322266
20170308154921957,0.249971771240234
20170308154921958,-2.93911514282227
20170308154921959,-0.497708892822266
20170308154921960,0.204195404052734
20170308154921961,-2.97726211547852
20170308154921962,-0.360379791259766
20170308154921963,0.0439781188964844
20170308154921964,-2.99252090454102
20170308154921965,-0.436673736572266
20170308154921966,-0.0246864318847656
20170308154921967,-2.96963272094727
20170308154921968,-0.345121002197266
20170308154921969,0.0134605407714844
20170308154921970,-2.94674453735352
20170308154921971,-0.360379791259766
20170308154921972,0.341524505615234
20170308154921973,-2.81704483032227
20170308154921974,-0.604520416259766
20170308154921975,0.341524505615234
20170308154921976,-2.93911514282227
20170308154921977,-0.673184967041016
20170308154921978,0.295748138427734
20170308154921979,-2.93911514282227
20170308154921980,-0.902066802978516
20170308154921981,0.349153900146484
20170308154921982,-2.95437393188477
20170308154921983,-0.825772857666016
20170308154921984,0.364412689208984
20170308154921985,-2.95437393188477
20170308154921986,-0.711331939697266
20170308154921987,0.265230560302734
20170308154921988,-2.93911514282227
20170308154921989,-0.657926177978516
20170308154921990,0.433077239990234
20170308154921991,-2.86282119750977
20170308154921992,-0.696073150634766
20170308154921993,0.311006927490234
20170308154921994,-2.95437393188477
20170308154921995,-0.688443756103516
20170308154921996,0.234712982177734
20170308154921997,-2.94674453735352
20170308154921998,-0.459561920166016
20170308154921999,0.272859954833984
20170308154922000,-2.98489151000977
20170308154922001,-0.154386138916016
20170308154922002,-0.131497955322266
20170308154922003,-2.94674453735352
20170308154922004,0.0058311462402344
20170308154922005,-0.368009185791016
20170308154922006,-2.93148574829102
20170308154922007,0.158419036865234
20170308154922008,-0.490079498291016
20170308154922009,-2.92385635375977
20170308154922010,0.501741790771484
20170308154922011,-0.650296783447266
20170308154922012,-2.81704483032227
20170308154922013,0.333895111083984
20170308154922014,-0.535855865478516
20170308154922015,-2.84756240844727
20170308154922016,0.379671478271484
20170308154922017,-0.726590728759766
20170308154922018,-2.83230361938477
20170308154922019,0.478853607177734
20170308154922020,-0.833402252197266
20170308154922021,-2.85519180297852
20170308154922022,0.547518157958984
20170308154922023,-0.886808013916016
20170308154922024,-2.91622695922852
20170308154922025,0.555147552490234
20170308154922026,-0.955472564697266
20170308154922027,-2.87045059204102
20170308154922028,0.478853607177734
20170308154922029,-0.688443756103516
20170308154922030,-2.90096817016602
20170308154922031,0.692476654052734
20170308154922032,-0.940213775634766
20170308154922033,-2.78652725219727
20170308154922034,0.738253021240234
20170308154922035,-1.05465469360352
20170308154922036,-2.73312149047852
20170308154922037,0.822176361083984
20170308154922038,-1.08517227172852
20170308154922039,-2.71023330688477
20170308154922040,0.852693939208984
20170308154922041,-1.29879531860352
20170308154922042,-2.71786270141602
20170308154922043,0.822176361083984
20170308154922044,-1.43612442016602
20170308154922045,-2.48135147094727
20170308154922046,0.753511810302734
20170308154922047,-1.69552383422852
20170308154922048,-2.29061660766602
20170308154922049,0.845064544677734
20170308154922050,-2.04647598266602
20170308154922051,-2.13802871704102
20170308154922052,0.715364837646484
20170308154922053,-2.16854629516602
20170308154922054,-1.93203506469727
20170308154922055,0.883211517333984
20170308154922056,-2.42794570922852
20170308154922057,-1.57345352172852
20170308154922058,0.639070892333984
20170308154922059,-2.35928115844727
20170308154922060,-1.60397109985352
20170308154922061,0.761141204833984
20170308154922062,-2.62630996704102
20170308154922063,-1.43612442016602
20170308154922064,0.593294525146484
20170308154922065,-2.61105117797852
20170308154922066,-1.38271865844727
20170308154922067,0.524629974365234
20170308154922068,-2.79415664672852
20170308154922069,-1.31405410766602
20170308154922070,0.623812103271484
20170308154922071,-2.84756240844727
20170308154922072,-1.14620742797852
20170308154922073,0.394930267333984
20170308154922074,-2.90096817016602
20170308154922075,-1.03939590454102
20170308154922076,0.532259368896484
20170308154922077,-2.97726211547852
20170308154922078,-0.917325592041016
20170308154922079,0.326265716552734
20170308154922080,-3.00777969360352
20170308154922081,-0.810514068603516
20170308154922082,0.410189056396484
20170308154922083,-2.96200332641602
20170308154922084,-0.726590728759766
20170308154922085,0.303377532958984
20170308154922086,-2.99252090454102
20170308154922087,-0.512967681884766
20170308154922088,0.219454193115234
20170308154922089,-3.00777969360352
20170308154922090,-0.413785552978516
20170308154922091,0.0439781188964844
20170308154922092,-2.99252090454102
20170308154922093,-0.451932525634766
20170308154922094,0.0592369079589844
20170308154922095,-2.93911514282227
20170308154922096,-0.116239166259766
20170308154922097,-0.0552040100097656
20170308154922098,-2.85519180297852
20170308154922099,0.0439781188964844
20170308154922100,-0.131497955322266
20170308154922101,-2.91622695922852
20170308154922102,0.211824798583984
20170308154922103,-0.299344635009766
20170308154922104,-2.85519180297852
20170308154922105,0.272859954833984
20170308154922106,-0.535855865478516
20170308154922107,-2.88570938110352
20170308154922108,0.158419036865234
20170308154922109,-0.505338287353516
20170308154922110,-2.91622695922852
20170308154922111,0.433077239990234
20170308154922112,-0.688443756103516
20170308154922113,-2.85519180297852
20170308154922114,0.326265716552734
20170308154922115,-0.596891021728516
20170308154922116,-2.89333877563477
20170308154922117,0.0821250915527344
20170308154922118,-0.566373443603516
20170308154922119,-2.83993301391602
20170308154922120,0.242342376708984
20170308154922121,-0.451932525634766
20170308154922122,-2.85519180297852
20170308154922123,0.0668663024902344
20170308154922124,-0.421414947509766
20170308154922125,-2.87807998657227
20170308154922126,0.600923919677734
20170308154922127,-0.787625885009766
20170308154922128,-2.88570938110352
20170308154922129,0.623812103271484
20170308154922130,-0.886808013916016
20170308154922131,-2.95437393188477
20170308154922132,0.555147552490234
20170308154922133,-0.955472564697266
20170308154922134,-2.87045059204102
20170308154922135,0.669588470458984
20170308154922136,-1.00887832641602
20170308154922137,-2.83993301391602
20170308154922138,0.478853607177734
20170308154922139,-0.825772857666016
20170308154922140,-2.80941543579102
20170308154922141,0.410189056396484
20170308154922142,-0.795255279541016
20170308154922143,-2.82467422485352
20170308154922144,0.509371185302734
20170308154922145,-0.818143463134766
20170308154922146,-2.86282119750977
20170308154922147,0.707735443115234
20170308154922148,-0.802884674072266
20170308154922149,-2.84756240844727
20170308154922150,0.608553314208984
20170308154922151,-1.07754287719727
20170308154922152,-2.82467422485352
20170308154922153,0.547518157958984
20170308154922154,-0.772367095947266
20170308154922155,-2.86282119750977
20170308154922156,0.784029388427734
20170308154922157,-0.779996490478516
20170308154922158,-2.73312149047852
20170308154922159,0.608553314208984
20170308154922160,-1.00124893188477
20170308154922161,-2.79415664672852
20170308154922162,0.799288177490234
20170308154922163,-1.16909561157227
20170308154922164,-2.76363906860352
20170308154922165,0.600923919677734
20170308154922166,-1.09280166625977
20170308154922167,-2.81704483032227
20170308154922168,0.700106048583984
20170308154922169,-1.06991348266602
20170308154922170,-2.82467422485352
20170308154922171,0.936617279052734
20170308154922172,-1.03176651000977
20170308154922173,-2.82467422485352
20170308154922174,0.623812103271484
20170308154922175,-0.894437408447266
20170308154922176,-2.80941543579102
20170308154922177,0.761141204833984
20170308154922178,-0.955472564697266
20170308154922179,-2.77126846313477
20170308154922180,0.707735443115234
20170308154922181,-0.909696197509766
20170308154922182,-2.83230361938477
20170308154922183,0.700106048583984
20170308154922184,-0.863919830322266
20170308154922185,-2.80941543579102
20170308154922186,0.791658782958984
20170308154922187,-1.10043106079102
20170308154922188,-2.77889785766602
20170308154922189,0.715364837646484
20170308154922190,-1.12331924438477
20170308154922191,-2.64919815063477
20170308154922192,0.829805755615234
20170308154922193,-1.32168350219727
20170308154922194,-2.54238662719727
20170308154922195,0.761141204833984
20170308154922196,-1.48190078735352
20170308154922197,-2.49661026000977
20170308154922198,0.738253021240234
20170308154922199,-1.61160049438477
20170308154922200,-2.48135147094727
20170308154922201,0.722994232177734
20170308154922202,-1.40560684204102
20170308154922203,-2.53475723266602
20170308154922204,0.722994232177734
20170308154922205,-1.31405410766602
20170308154922206,-2.48135147094727
20170308154922207,0.661959075927734
20170308154922208,-1.57345352172852
20170308154922209,-2.47372207641602
20170308154922210,0.776399993896484
20170308154922211,-1.45901260375977
20170308154922212,-2.52712783813477
20170308154922213,0.761141204833984
20170308154922214,-1.55056533813477
20170308154922215,-2.46609268188477
20170308154922216,0.761141204833984
20170308154922217,-1.91677627563477
20170308154922218,-2.33639297485352
20170308154922219,0.684847259521484
20170308154922220,-2.06173477172852
20170308154922221,-2.00832901000977
20170308154922222,0.738253021240234
20170308154922223,-2.36691055297852
20170308154922224,-1.80996475219727
20170308154922225,0.623812103271484
20170308154922226,-2.35165176391602
20170308154922227,-1.72604141235352
20170308154922228,0.776399993896484
20170308154922229,-2.67971572875977
20170308154922230,-1.40560684204102
20170308154922231,0.509371185302734
20170308154922232,-2.60342178344727
20170308154922233,-1.28353652954102
20170308154922234,0.608553314208984
20170308154922235,-2.89333877563477
20170308154922236,-1.25301895141602
20170308154922237,0.646700286865234
20170308154922238,-2.95437393188477
20170308154922239,-1.05465469360352
20170308154922240,0.494112396240234
20170308154922241,-3.03066787719727
20170308154922242,-0.482450103759766
20170308154922243,0.234712982177734
20170308154922244,-2.98489151000977
20170308154922245,-0.528226470947266
20170308154922246,0.158419036865234
20170308154922247,-3.09170303344727
20170308154922248,-0.276456451416016
20170308154922249,-0.0552040100097656
20170308154922250,-2.96200332641602
20170308154922251,-0.0475746154785156
20170308154922252,-0.139127349853516
20170308154922253,-2.96963272094727
20170308154922254,0.0363487243652344
20170308154922255,-0.146756744384766
20170308154922256,-2.87807998657227
20170308154922257,0.0592369079589844
20170308154922258,-0.329862213134766
20170308154922259,-2.87807998657227
20170308154922260,0.188936614990234
20170308154922261,-0.169644927978516
20170308154922262,-2.86282119750977
20170308154922263,-0.0780921936035156
20170308154922264,-0.207791900634766
20170308154922265,-2.90096817016602
20170308154922266,0.135530853271484
20170308154922267,-0.490079498291016
20170308154922268,-2.86282119750977
20170308154922269,0.333895111083984
20170308154922270,-0.635037994384766
20170308154922271,-2.89333877563477
20170308154922272,0.517000579833984
20170308154922273,-0.558744049072266
20170308154922274,-2.84756240844727
20170308154922275,0.791658782958984
20170308154922276,-1.03176651000977
20170308154922277,-2.83230361938477
20170308154922278,0.700106048583984
20170308154922279,-0.886808013916016
20170308154922280,-2.79415664672852
20170308154922281,0.745882415771484
20170308154922282,-1.14620742797852
20170308154922283,-2.67971572875977
20170308154922284,0.768770599365234
20170308154922285,-1.20724258422852
20170308154922286,-2.77126846313477
20170308154922287,0.745882415771484
20170308154922288,-1.12331924438477
20170308154922289,-2.67208633422852
20170308154922290,0.784029388427734
20170308154922291,-1.19198379516602
20170308154922292,-2.63393936157227
20170308154922293,0.745882415771484
20170308154922294,-1.45901260375977
20170308154922295,-2.56527481079102
20170308154922296,0.784029388427734
20170308154922297,-1.57345352172852
20170308154922298,-2.36691055297852
20170308154922299,0.799288177490234
20170308154922300,-1.84048233032227
20170308154922301,-2.19143447875977
20170308154922302,0.730623626708984
20170308154922303,-2.12276992797852
20170308154922304,-2.10751113891602
20170308154922305,0.623812103271484
20170308154922306,-2.05410537719727
20170308154922307,-2.17617568969727
20170308154922308,0.730623626708984
20170308154922309,-2.14565811157227
20170308154922310,-2.03121719360352
20170308154922311,0.631441497802734
20170308154922312,-2.01595840454102
20170308154922313,-2.09225234985352
20170308154922314,0.654329681396484
20170308154922315,-1.87862930297852
20170308154922316,-2.16091690063477
20170308154922317,0.883211517333984
20170308154922318,-1.97018203735352
20170308154922319,-2.17617568969727
20170308154922320,0.692476654052734
20170308154922321,-1.87862930297852
20170308154922322,-2.20669326782227
20170308154922323,0.555147552490234
20170308154922324,-1.84811172485352
20170308154922325,-2.16854629516602
20170308154922326,0.814546966552734
20170308154922327,-2.09988174438477
20170308154922328,-2.06173477172852
20170308154922329,0.639070892333984
20170308154922330,-1.96255264282227
20170308154922331,-2.02358779907227
20170308154922332,0.661959075927734
20170308154922333,-2.04647598266602
20170308154922334,-2.06173477172852
20170308154922335,0.738253021240234
20170308154922336,-2.06936416625977
20170308154922337,-1.92440567016602
20170308154922338,0.608553314208984
20170308154922339,-2.07699356079102
20170308154922340,-1.97781143188477
20170308154922341,0.654329681396484
20170308154922342,-2.12276992797852
20170308154922343,-1.88625869750977
20170308154922344,0.715364837646484
20170308154922345,-2.22958145141602
20170308154922346,-1.77181777954102
20170308154922347,0.600923919677734
20170308154922348,-2.19143447875977
20170308154922349,-1.73367080688477
20170308154922350,0.860323333740234
20170308154922351,-2.31350479125977
20170308154922352,-1.72604141235352
20170308154922353,0.539888763427734
20170308154922354,-2.23721084594727
20170308154922355,-1.71078262329102
20170308154922356,0.639070892333984
20170308154922357,-2.26009902954102
20170308154922358,-1.71841201782227
20170308154922359,0.715364837646484
20170308154922360,-2.50423965454102
20170308154922361,-1.51241836547852
20170308154922362,0.684847259521484
20170308154922363,-2.58816299438477
20170308154922364,-1.45138320922852
20170308154922365,0.639070892333984
20170308154922366,-2.64919815063477
20170308154922367,-1.39797744750977
20170308154922368,0.585665130615234
20170308154922369,-2.61868057250977
20170308154922370,-1.31405410766602
20170308154922371,0.715364837646484
20170308154922372,-2.59579238891602
20170308154922373,-1.40560684204102
20170308154922374,0.593294525146484
20170308154922375,-2.72549209594727
20170308154922376,-1.23776016235352
20170308154922377,0.631441497802734
20170308154922378,-2.94674453735352
20170308154922379,-0.871549224853516
20170308154922380,0.387300872802734
20170308154922381,-2.94674453735352
20170308154922382,-0.688443756103516
20170308154922383,0.356783294677734
20170308154922384,-3.04592666625977
20170308154922385,-0.429044342041016
20170308154922386,0.0744956970214844
20170308154922387,-2.95437393188477
20170308154922388,-0.261197662353516
20170308154922389,-0.146756744384766
20170308154922390,-2.95437393188477
20170308154922391,-0.139127349853516
20170308154922392,-0.322232818603516
20170308154922393,-3.03829727172852
20170308154922394,0.227083587646484
20170308154922395,-0.589261627197266
20170308154922396,-2.90859756469727
20170308154922397,0.181307220458984
20170308154922398,-0.566373443603516
20170308154922399,-2.87045059204102
20170308154922400,0.448336029052734
20170308154922401,-0.657926177978516
20170308154922402,-2.78652725219727
20170308154922403,0.684847259521484
20170308154922404,-1.03939590454102
20170308154922405,-2.70260391235352
20170308154922406,0.799288177490234
20170308154922407,-1.29116592407227
20170308154922408,-2.67208633422852
20170308154922409,0.707735443115234
20170308154922410,-1.44375381469727
20170308154922411,-2.56527481079102
20170308154922412,0.692476654052734
20170308154922413,-1.58108291625977
20170308154922414,-2.44320449829102
20170308154922415,0.822176361083984
20170308154922416,-1.74892959594727
20170308154922417,-2.26009902954102
20170308154922418,0.707735443115234
20170308154922419,-1.87099990844727
20170308154922420,-2.35165176391602
20170308154922421,0.669588470458984
20170308154922422,-1.74130020141602
20170308154922423,-2.28298721313477
20170308154922424,0.692476654052734
20170308154922425,-1.71841201782227
20170308154922426,-2.32876358032227
20170308154922427,0.730623626708984
20170308154922428,-1.83285293579102
20170308154922429,-2.16854629516602
20170308154922430,0.631441497802734
20170308154922431,-1.90914688110352
20170308154922432,-2.20669326782227
20170308154922433,0.730623626708984
20170308154922434,-1.90151748657227
20170308154922435,-2.17617568969727
20170308154922436,0.700106048583984
20170308154922437,-2.00069961547852
20170308154922438,-2.09225234985352
20170308154922439,0.684847259521484
20170308154922440,-2.08462295532227
20170308154922441,-1.87099990844727
20170308154922442,0.875582122802734
20170308154922443,-2.46609268188477
20170308154922444,-1.48190078735352
20170308154922445,0.875582122802734
20170308154922446,-2.63393936157227
20170308154922447,-1.44375381469727
20170308154922448,0.654329681396484
20170308154922449,-2.58816299438477
20170308154922450,-1.36745986938477
20170308154922451,0.761141204833984
20170308154922452,-2.81704483032227
20170308154922453,-1.20724258422852
20170308154922454,0.745882415771484
20170308154922455,-2.89333877563477
20170308154922456,-1.10806045532227
20170308154922457,0.547518157958984
20170308154922458,-2.97726211547852
20170308154922459,-1.06228408813477
20170308154922460,0.539888763427734
20170308154922461,-2.90096817016602
20170308154922462,-0.985990142822266
20170308154922463,0.593294525146484
20170308154922464,-2.85519180297852
20170308154922465,-1.06228408813477
20170308154922466,0.654329681396484
20170308154922467,-2.97726211547852
20170308154922468,-1.07754287719727
20170308154922469,0.539888763427734
20170308154922470,-2.88570938110352
20170308154922471,-1.20724258422852
20170308154922472,0.501741790771484
20170308154922473,-2.83230361938477
20170308154922474,-1.19961318969727
20170308154922475,0.463594818115234
20170308154922476,-2.90859756469727
20170308154922477,-1.26827774047852
20170308154922478,0.562776947021484
20170308154922479,-2.92385635375977
20170308154922480,-1.16146621704102
20170308154922481,0.578035736083984
20170308154922482,-2.92385635375977
20170308154922483,-1.11568984985352
20170308154922484,0.684847259521484
20170308154922485,-2.89333877563477
20170308154922486,-1.00887832641602
20170308154922487,0.486483001708984
20170308154922488,-2.96200332641602
20170308154922489,-0.940213775634766
20170308154922490,0.440706634521484
20170308154922491,-3.00777969360352
20170308154922492,-0.635037994384766
20170308154922493,0.372042083740234
20170308154922494,-3.00015029907227
20170308154922495,-0.574002838134766
20170308154922496,0.249971771240234
20170308154922497,-2.93148574829102
20170308154922498,-0.398526763916016
20170308154922499,0.127901458740234
20170308154922500,-2.91622695922852
20170308154922501,-0.497708892822266
20170308154922502,0.0897544860839844
20170308154922503,-2.98489151000977
20170308154922504,-0.238309478759766
20170308154922505,0.0210899353027344
20170308154922506,-2.90096817016602
20170308154922507,-0.238309478759766
20170308154922508,-0.123868560791016
20170308154922509,-2.90096817016602
20170308154922510,-0.0170570373535156
20170308154922511,-0.100980377197266
20170308154922512,-2.90859756469727
20170308154922513,-0.169644927978516
20170308154922514,0.0058311462402344
20170308154922515,-2.84756240844727
20170308154922516,-0.0323158264160156
20170308154922517,-0.306974029541016
20170308154922518,-2.90859756469727
20170308154922519,-0.0017982482910156
20170308154922520,-0.306974029541016
20170308154922521,-2.90096817016602
20170308154922522,0.135530853271484
20170308154922523,-0.436673736572266
20170308154922524,-2.83230361938477
20170308154922525,0.120272064208984
20170308154922526,-0.276456451416016
20170308154922527,-2.90859756469727
20170308154922528,0.341524505615234
20170308154922529,-0.581632232666016
20170308154922530,-2.88570938110352
20170308154922531,0.471224212646484
20170308154922532,-0.734220123291016
20170308154922533,-2.83993301391602
20170308154922534,0.707735443115234
20170308154922535,-1.10806045532227
20170308154922536,-2.80941543579102
20170308154922537,0.898470306396484
20170308154922538,-1.16146621704102
20170308154922539,-2.69497451782227
20170308154922540,0.837435150146484
20170308154922541,-1.05465469360352
20170308154922542,-2.61868057250977
20170308154922543,0.890840911865234
20170308154922544,-1.37508926391602
20170308154922545,-2.50423965454102
20170308154922546,0.845064544677734
20170308154922547,-1.54293594360352
20170308154922548,-2.48898086547852
20170308154922549,0.738253021240234
20170308154922550,-1.72604141235352
20170308154922551,-2.26772842407227
20170308154922552,0.684847259521484
20170308154922553,-1.93966445922852
20170308154922554,-2.24484024047852
20170308154922555,0.837435150146484
20170308154922556,-1.97018203735352
20170308154922557,-2.18380508422852
20170308154922558,0.700106048583984
20170308154922559,-1.97018203735352
20170308154922560,-2.11514053344727
20170308154922561,0.700106048583984
20170308154922562,-2.08462295532227
20170308154922563,-2.02358779907227
20170308154922564,0.829805755615234
20170308154922565,-2.03884658813477
20170308154922566,-2.16091690063477
20170308154922567,0.722994232177734
20170308154922568,-2.09988174438477
20170308154922569,-2.13802871704102
20170308154922570,0.661959075927734
20170308154922571,-2.15328750610352
20170308154922572,-1.84048233032227
20170308154922573,0.814546966552734
20170308154922574,-2.29824600219727
20170308154922575,-1.60397109985352
20170308154922576,0.631441497802734
20170308154922577,-2.36691055297852
20170308154922578,-1.68026504516602
20170308154922579,0.845064544677734
20170308154922580,-2.54238662719727
20170308154922581,-1.44375381469727
20170308154922582,0.722994232177734
20170308154922583,-2.82467422485352
20170308154922584,-1.21487197875977
20170308154922585,0.524629974365234
20170308154922586,-2.77126846313477
20170308154922587,-1.24538955688477
20170308154922588,0.677217864990234
20170308154922589,-2.88570938110352
20170308154922590,-1.15383682250977
20170308154922591,0.639070892333984
20170308154922592,-2.83993301391602
20170308154922593,-1.05465469360352
20170308154922594,0.669588470458984
20170308154922595,-2.94674453735352
20170308154922596,-1.03939590454102
20170308154922597,0.517000579833984
20170308154922598,-2.95437393188477
20170308154922599,-1.04702529907227
20170308154922600,0.455965423583984
20170308154922601,-2.89333877563477
20170308154922602,-1.11568984985352
20170308154922603,0.524629974365234
20170308154922604,-2.96963272094727
20170308154922605,-1.01650772094727
20170308154922606,0.509371185302734
20170308154922607,-2.85519180297852
20170308154922608,-1.09280166625977
20170308154922609,0.539888763427734
20170308154922610,-2.88570938110352
20170308154922611,-1.03176651000977
20170308154922612,0.700106048583984
20170308154922613,-3.02303848266602
20170308154922614,-1.05465469360352
20170308154922615,0.463594818115234
20170308154922616,-3.00777969360352
20170308154922617,-0.924954986572266
20170308154922618,0.425447845458984
20170308154922619,-2.99252090454102
20170308154922620,-1.13857803344727
20170308154922621,0.509371185302734
20170308154922622,-2.80941543579102
20170308154922623,-1.22250137329102
20170308154922624,0.463594818115234
20170308154922625,-2.75600967407227
20170308154922626,-1.16146621704102
20170308154922627,0.814546966552734
20170308154922628,-2.86282119750977
20170308154922629,-1.16909561157227
20170308154922630,0.578035736083984
20170308154922631,-2.90096817016602
20170308154922632,-0.955472564697266
20170308154922633,0.463594818115234
20170308154922634,-2.93911514282227
20170308154922635,-0.856290435791016
20170308154922636,0.433077239990234
20170308154922637,-3.01540908813477
20170308154922638,-0.863919830322266
20170308154922639,0.425447845458984
20170308154922640,-2.96963272094727
20170308154922641,-0.863919830322266
20170308154922642,0.501741790771484
20170308154922643,-3.00015029907227
20170308154922644,-0.909696197509766
20170308154922645,0.272859954833984
20170308154922646,-3.02303848266602
20170308154922647,-1.05465469360352
20170308154922648,0.593294525146484
20170308154922649,-2.96200332641602
20170308154922650,-0.718961334228516
20170308154922651,0.356783294677734
20170308154922652,-3.00777969360352
20170308154922653,-0.749478912353516
20170308154922654,0.455965423583984
20170308154922655,-2.97726211547852
20170308154922656,-0.581632232666016
20170308154922657,0.188936614990234
20170308154922658,-2.95437393188477
20170308154922659,-0.650296783447266
20170308154922660,0.288118743896484
20170308154922661,-2.89333877563477
20170308154922662,-0.314603424072266
20170308154922663,0.0668663024902344
20170308154922664,-2.87807998657227
20170308154922665,-0.207791900634766
20170308154922666,0.0973838806152344
20170308154922667,-2.90096817016602
20170308154922668,-0.154386138916016
20170308154922669,-0.177274322509766
20170308154922670,-2.91622695922852
20170308154922671,-0.177274322509766
20170308154922672,-0.139127349853516
20170308154922673,-2.83993301391602
20170308154922674,0.120272064208984
20170308154922675,-0.421414947509766
20170308154922676,-2.83230361938477
20170308154922677,0.433077239990234
20170308154922678,-0.665555572509766
20170308154922679,-2.84756240844727
20170308154922680,0.684847259521484
20170308154922681,-1.00887832641602
20170308154922682,-2.82467422485352
20170308154922683,0.768770599365234
20170308154922684,-0.955472564697266
20170308154922685,-2.82467422485352
20170308154922686,0.913729095458984
20170308154922687,-1.21487197875977
20170308154922688,-2.62630996704102
20170308154922689,0.921358489990234
20170308154922690,-1.53530654907227
20170308154922691,-2.47372207641602
20170308154922692,0.707735443115234
20170308154922693,-1.74892959594727
20170308154922694,-2.34402236938477
20170308154922695,0.745882415771484
20170308154922696,-1.77944717407227
20170308154922697,-2.22195205688477
20170308154922698,0.722994232177734
20170308154922699,-2.02358779907227
20170308154922700,-1.96255264282227
20170308154922701,0.730623626708984
20170308154922702,-2.32113418579102
20170308154922703,-1.76418838500977
20170308154922704,0.898470306396484
20170308154922705,-2.37453994750977
20170308154922706,-1.61922988891602
20170308154922707,0.677217864990234
20170308154922708,-2.53475723266602
20170308154922709,-1.42086563110352
20170308154922710,0.730623626708984
20170308154922711,-2.51186904907227
20170308154922712,-1.42086563110352
20170308154922713,0.661959075927734
20170308154922714,-2.54238662719727
20170308154922715,-1.58108291625977
20170308154922716,0.745882415771484
20170308154922717,-2.55764541625977
20170308154922718,-1.54293594360352
20170308154922719,0.806917572021484
20170308154922720,-2.45083389282227
20170308154922721,-1.35220108032227
20170308154922722,0.631441497802734
20170308154922723,-2.47372207641602
20170308154922724,-1.47427139282227
20170308154922725,0.692476654052734
20170308154922726,-2.60342178344727
20170308154922727,-1.39797744750977
20170308154922728,0.608553314208984
20170308154922729,-2.65682754516602
20170308154922730,-1.31405410766602
20170308154922731,0.631441497802734
20170308154922732,-2.77126846313477
20170308154922733,-1.16146621704102
20170308154922734,0.600923919677734
20170308154922735,-2.94674453735352
20170308154922736,-1.23776016235352
20170308154922737,0.532259368896484
20170308154922738,-2.84756240844727
20170308154922739,-1.24538955688477
20170308154922740,0.707735443115234
20170308154922741,-2.91622695922852
20170308154922742,-1.16909561157227
20170308154922743,0.600923919677734
20170308154922744,-2.85519180297852
20170308154922745,-1.07754287719727
20170308154922746,0.600923919677734
20170308154922747,-2.90096817016602
20170308154922748,-0.841031646728516
20170308154922749,0.639070892333984
20170308154922750,-2.93911514282227
20170308154922751,-0.703702545166016
20170308154922752,0.425447845458984
20170308154922753,-2.89333877563477
20170308154922754,-0.810514068603516
20170308154922755,0.471224212646484
20170308154922756,-2.92385635375977
20170308154922757,-0.863919830322266
20170308154922758,0.478853607177734
20170308154922759,-2.98489151000977
20170308154922760,-0.635037994384766
20170308154922761,0.288118743896484
20170308154922762,-2.87045059204102
20170308154922763,-0.642667388916016
20170308154922764,0.379671478271484
20170308154922765,-2.96963272094727
20170308154922766,-0.451932525634766
20170308154922767,0.227083587646484
20170308154922768,-2.98489151000977
20170308154922769,-0.390897369384766
20170308154922770,0.0744956970214844
20170308154922771,-2.91622695922852
20170308154922772,-0.337491607666016
20170308154922773,-0.0323158264160156
20170308154922774,-2.96200332641602
20170308154922775,-0.306974029541016
20170308154922776,-0.0628334045410156
20170308154922777,-3.03829727172852
20170308154922778,-0.253568267822266
20170308154922779,-0.238309478759766
20170308154922780,-2.95437393188477
20170308154922781,0.120272064208984
20170308154922782,-0.352750396728516
20170308154922783,-2.84756240844727
20170308154922784,-0.162015533447266
20170308154922785,-0.299344635009766
20170308154922786,-2.93148574829102
20170308154922787,0.364412689208984
20170308154922788,-0.497708892822266
20170308154922789,-2.83993301391602
20170308154922790,0.402559661865234
20170308154922791,-0.635037994384766
20170308154922792,-2.80941543579102
20170308154922793,0.585665130615234
20170308154922794,-0.833402252197266
20170308154922795,-2.80178604125977
20170308154922796,0.562776947021484
20170308154922797,-0.757108306884766
20170308154922798,-2.85519180297852
20170308154922799,0.440706634521484
20170308154922800,-0.696073150634766
20170308154922801,-2.87045059204102
20170308154922802,0.715364837646484
20170308154922803,-0.970731353759766
20170308154922804,-2.83230361938477
20170308154922805,1.01291122436523
20170308154922806,-1.20724258422852
20170308154922807,-2.58816299438477
20170308154922808,0.852693939208984
20170308154922809,-1.36745986938477
20170308154922810,-2.42794570922852
20170308154922811,0.852693939208984
20170308154922812,-1.68789443969727
20170308154922813,-2.27535781860352
20170308154922814,0.776399993896484
20170308154922815,-1.90914688110352
20170308154922816,-2.13039932250977
20170308154922817,0.867952728271484
20170308154922818,-2.17617568969727
20170308154922819,-2.03884658813477
20170308154922820,0.776399993896484
20170308154922821,-2.21432266235352
20170308154922822,-1.80996475219727
20170308154922823,0.806917572021484
20170308154922824,-2.27535781860352
20170308154922825,-1.74892959594727
20170308154922826,0.768770599365234
20170308154922827,-2.42031631469727
20170308154922828,-1.61922988891602
20170308154922829,0.738253021240234
20170308154922830,-2.51186904907227
20170308154922831,-1.52767715454102
20170308154922832,0.677217864990234
20170308154922833,-2.67971572875977
20170308154922834,-1.33694229125977
20170308154922835,0.639070892333984
20170308154922836,-2.84756240844727
20170308154922837,-1.18435440063477
20170308154922838,0.616182708740234
20170308154922839,-2.89333877563477
20170308154922840,-1.19198379516602
20170308154922841,0.539888763427734
20170308154922842,-2.93148574829102
20170308154922843,-1.03939590454102
20170308154922844,0.524629974365234
20170308154922845,-2.92385635375977
20170308154922846,-0.940213775634766
20170308154922847,0.631441497802734
20170308154922848,-2.93148574829102
20170308154922849,-0.726590728759766
20170308154922850,0.387300872802734
20170308154922851,-2.96200332641602
20170308154922852,-0.657926177978516
20170308154922853,0.341524505615234
20170308154922854,-3.03829727172852
20170308154922855,-0.306974029541016
20170308154922856,0.364412689208984
20170308154922857,-2.96200332641602
20170308154922858,-0.459561920166016
20170308154922859,0.173677825927734
20170308154922860,-2.91622695922852
20170308154922861,-0.673184967041016
20170308154922862,0.379671478271484
20170308154922863,-2.90859756469727
20170308154922864,-0.650296783447266
20170308154922865,0.341524505615234
20170308154922866,-2.95437393188477
20170308154922867,-0.680814361572266
20170308154922868,0.303377532958984
20170308154922869,-2.96200332641602
20170308154922870,-0.726590728759766
20170308154922871,0.364412689208984
20170308154922872,-3.01540908813477
20170308154922873,-0.635037994384766
20170308154922874,0.311006927490234
20170308154922875,-2.92385635375977
20170308154922876,-0.558744049072266
20170308154922877,0.272859954833984
20170308154922878,-2.90096817016602
20170308154922879,-0.474820709228516
20170308154922880,0.249971771240234
20170308154922881,-2.93911514282227
20170308154922882,-0.467191314697266
20170308154922883,0.112642669677734
20170308154922884,-2.93911514282227
20170308154922885,-0.512967681884766
20170308154922886,0.143160247802734
20170308154922887,-2.95437393188477
20170308154922888,-0.192533111572266
20170308154922889,0.166048431396484
20170308154922890,-2.89333877563477
20170308154922891,-0.436673736572266
20170308154922892,0.0134605407714844
20170308154922893,-2.87807998657227
20170308154922894,-0.375638580322266
20170308154922895,0.0821250915527344
20170308154922896,-2.94674453735352
20170308154922897,-0.390897369384766
20170308154922898,0.112642669677734
20170308154922899,-2.90096817016602
20170308154922900,-0.459561920166016
20170308154922901,0.265230560302734
20170308154922902,-2.83993301391602
20170308154922903,-0.535855865478516
20170308154922904,0.150789642333984
20170308154922905,-2.87045059204102
20170308154922906,-0.322232818603516
20170308154922907,-0.108609771728516
20170308154922908,-2.94674453735352
20170308154922909,-0.0933509826660156
20170308154922910,-0.0780921936035156
20170308154922911,-2.93148574829102
20170308154922912,-0.0399452209472656
20170308154922913,-0.230680084228516
20170308154922914,-2.87045059204102
20170308154922915,-0.0399452209472656
20170308154922916,-0.245938873291016
20170308154922917,-2.84756240844727
20170308154922918,0.120272064208984
20170308154922919,-0.276456451416016
20170308154922920,-2.79415664672852
20170308154922921,0.372042083740234
20170308154922922,-0.635037994384766
20170308154922923,-2.84756240844727
20170308154922924,0.661959075927734
20170308154922925,-0.635037994384766
20170308154922926,-2.75600967407227
20170308154922927,0.692476654052734
20170308154922928,-0.924954986572266
20170308154922929,-2.77126846313477
20170308154922930,0.860323333740234
20170308154922931,-1.09280166625977
20170308154922932,-2.71786270141602
20170308154922933,0.990023040771484
20170308154922934,-1.16909561157227
20170308154922935,-2.61105117797852
20170308154922936,0.997652435302734
20170308154922937,-1.35220108032227
20170308154922938,-2.57290420532227
20170308154922939,1.02054061889648
20170308154922940,-1.55819473266602
20170308154922941,-2.42794570922852
20170308154922942,0.997652435302734
20170308154922943,-1.67263565063477
20170308154922944,-2.30587539672852
20170308154922945,0.745882415771484
20170308154922946,-1.70315322875977
20170308154922947,-2.32876358032227
20170308154922948,0.784029388427734
20170308154922949,-1.87862930297852
20170308154922950,-2.22958145141602
20170308154922951,0.745882415771484
20170308154922952,-2.09225234985352
20170308154922953,-2.09988174438477
20170308154922954,0.646700286865234
20170308154922955,-1.93203506469727
20170308154922956,-2.16091690063477
20170308154922957,0.677217864990234
20170308154922958,-1.91677627563477
20170308154922959,-2.03121719360352
20170308154922960,0.814546966552734
20170308154922961,-2.26772842407227
20170308154922962,-1.79470596313477
20170308154922963,0.730623626708984
20170308154922964,-2.26772842407227
20170308154922965,-1.75655899047852
20170308154922966,0.738253021240234
20170308154922967,-2.62630996704102
20170308154922968,-1.49715957641602
20170308154922969,0.684847259521484
20170308154922970,-2.83230361938477
20170308154922971,-1.13094863891602
20170308154922972,0.578035736083984
20170308154922973,-2.86282119750977
20170308154922974,-1.12331924438477
20170308154922975,0.661959075927734
20170308154922976,-2.97726211547852
20170308154922977,-0.757108306884766
20170308154922978,0.394930267333984
20170308154922979,-2.98489151000977
20170308154922980,-0.482450103759766
20170308154922981,0.227083587646484
20170308154922982,-2.92385635375977
20170308154922983,-0.482450103759766
20170308154922984,0.0821250915527344
20170308154922985,-2.99252090454102
20170308154922986,-0.383267974853516
20170308154922987,-0.0399452209472656
20170308154922988,-3.00015029907227
20170308154922989,-0.162015533447266
20170308154922990,-0.284085845947266
20170308154922991,-2.93911514282227
20170308154922992,-0.131497955322266
20170308154922993,-0.131497955322266
20170308154922994,-3.02303848266602
20170308154922995,0.0439781188964844
20170308154922996,-0.322232818603516
20170308154922997,-2.92385635375977
20170308154922998,0.0439781188964844
20170308154922999,-0.337491607666016
20170308154923000,-2.90096817016602
20170308154923001,0.326265716552734
20170308154923002,-0.482450103759766
20170308154923003,-2.86282119750977
20170308154923004,0.265230560302734
20170308154923005,-0.512967681884766
20170308154923006,-2.87807998657227
20170308154923007,0.158419036865234
20170308154923008,-0.482450103759766
20170308154923009,-2.86282119750977
20170308154923010,0.471224212646484
20170308154923011,-0.642667388916016
20170308154923012,-2.83230361938477
20170308154923013,0.394930267333984
20170308154923014,-0.619779205322266
20170308154923015,-2.81704483032227
20170308154923016,0.288118743896484
20170308154923017,-0.627408599853516
20170308154923018,-2.95437393188477
20170308154923019,0.623812103271484
20170308154923020,-0.688443756103516
20170308154923021,-2.84756240844727
20170308154923022,0.379671478271484
20170308154923023,-0.650296783447266
20170308154923024,-2.77889785766602
20170308154923025,0.333895111083984
20170308154923026,-0.596891021728516
20170308154923027,-2.89333877563477
20170308154923028,0.272859954833984
20170308154923029,-0.345121002197266
20170308154923030,-2.86282119750977
20170308154923031,0.463594818115234
20170308154923032,-0.551114654541016
20170308154923033,-2.77126846313477
20170308154923034,0.417818450927734
20170308154923035,-0.741849517822266
20170308154923036,-2.80178604125977
20170308154923037,0.509371185302734
20170308154923038,-0.657926177978516
20170308154923039,-2.80941543579102
20170308154923040,0.417818450927734
20170308154923041,-0.688443756103516
20170308154923042,-2.79415664672852
20170308154923043,0.478853607177734
20170308154923044,-0.490079498291016
20170308154923045,-2.78652725219727
20170308154923046,0.295748138427734
20170308154923047,-0.459561920166016
20170308154923048,-2.89333877563477
20170308154923049,-0.0704627990722656
20170308154923050,-0.207791900634766
20170308154923051,-2.92385635375977
20170308154923052,-0.230680084228516
20170308154923053,-0.192533111572266
20170308154923054,-2.87807998657227
20170308154923055,0.227083587646484
20170308154923056,-0.314603424072266
20170308154923057,-2.86282119750977
20170308154923058,0.333895111083984
20170308154923059,-0.490079498291016
20170308154923060,-2.87807998657227
20170308154923061,0.349153900146484
20170308154923062,-0.596891021728516
20170308154923063,-2.89333877563477
20170308154923064,0.318636322021484
20170308154923065,-0.558744049072266
20170308154923066,-2.87045059204102
20170308154923067,0.547518157958984
20170308154923068,-0.795255279541016
20170308154923069,-2.85519180297852
20170308154923070,0.845064544677734
20170308154923071,-0.940213775634766
20170308154923072,-2.82467422485352
20170308154923073,0.852693939208984
20170308154923074,-0.894437408447266
20170308154923075,-2.78652725219727
20170308154923076,0.799288177490234
20170308154923077,-1.13857803344727
20170308154923078,-2.68734512329102
20170308154923079,0.814546966552734
20170308154923080,-1.16909561157227
20170308154923081,-2.66445693969727
20170308154923082,0.906099700927734
20170308154923083,-1.28353652954102
20170308154923084,-2.53475723266602
20170308154923085,0.799288177490234
20170308154923086,-1.48953018188477
20170308154923087,-2.35928115844727
20170308154923088,0.791658782958984
20170308154923089,-1.74130020141602
20170308154923090,-2.34402236938477
20170308154923091,0.913729095458984
20170308154923092,-1.69552383422852
20170308154923093,-2.22958145141602
20170308154923094,0.715364837646484
20170308154923095,-1.89388809204102
20170308154923096,-2.18380508422852
20170308154923097,0.799288177490234
20170308154923098,-1.97781143188477
20170308154923099,-2.05410537719727
20170308154923100,0.913729095458984
20170308154923101,-2.15328750610352
20170308154923102,-1.77944717407227
20170308154923103,0.784029388427734
20170308154923104,-2.32876358032227
20170308154923105,-1.72604141235352
20170308154923106,0.738253021240234
20170308154923107,-2.53475723266602
20170308154923108,-1.52767715454102
20170308154923109,0.684847259521484
20170308154923110,-2.56527481079102
20170308154923111,-1.27590713500977
20170308154923112,0.761141204833984
20170308154923113,-2.87807998657227
20170308154923114,-1.20724258422852
20170308154923115,0.494112396240234
20170308154923116,-2.90859756469727
20170308154923117,-1.11568984985352
20170308154923118,0.532259368896484
20170308154923119,-3.01540908813477
20170308154923120,-0.688443756103516
20170308154923121,0.425447845458984
20170308154923122,-2.98489151000977
20170308154923123,-0.451932525634766
20170308154923124,0.0973838806152344
20170308154923125,-2.98489151000977
20170308154923126,-0.345121002197266
20170308154923127,0.0210899353027344
20170308154923128,-2.94674453735352
20170308154923129,-0.139127349853516
20170308154923130,-0.0323158264160156
20170308154923131,-2.96963272094727
20170308154923132,-0.215421295166016
20170308154923133,-0.177274322509766
20170308154923134,-2.89333877563477
20170308154923135,-0.100980377197266
20170308154923136,-0.306974029541016
20170308154923137,-2.93911514282227
20170308154923138,0.135530853271484
20170308154923139,-0.444303131103516
20170308154923140,-2.85519180297852
20170308154923141,0.417818450927734
20170308154923142,-0.574002838134766
20170308154923143,-2.84756240844727
20170308154923144,0.463594818115234
20170308154923145,-0.696073150634766
20170308154923146,-2.97726211547852
20170308154923147,0.425447845458984
20170308154923148,-0.802884674072266
20170308154923149,-2.85519180297852
20170308154923150,0.455965423583984
20170308154923151,-0.581632232666016
20170308154923152,-2.84756240844727
20170308154923153,0.394930267333984
20170308154923154,-0.543485260009766
20170308154923155,-2.82467422485352
20170308154923156,0.448336029052734
20170308154923157,-0.589261627197266
20170308154923158,-2.77889785766602
20170308154923159,0.463594818115234
20170308154923160,-0.596891021728516
20170308154923161,-2.80941543579102
20170308154923162,0.288118743896484
20170308154923163,-0.490079498291016
20170308154923164,-2.87045059204102
20170308154923165,0.326265716552734
20170308154923166,-0.619779205322266
20170308154923167,-2.87045059204102
20170308154923168,0.517000579833984
20170308154923169,-0.886808013916016
20170308154923170,-2.83993301391602
20170308154923171,0.814546966552734
20170308154923172,-0.856290435791016
20170308154923173,-2.78652725219727
20170308154923174,0.745882415771484
20170308154923175,-0.848661041259766
20170308154923176,-2.74838027954102
20170308154923177,0.791658782958984
20170308154923178,-0.978360748291016
20170308154923179,-2.75600967407227
20170308154923180,0.776399993896484
20170308154923181,-1.15383682250977
20170308154923182,-2.71023330688477
20170308154923183,0.967134857177734
20170308154923184,-0.970731353759766
20170308154923185,-2.74075088500977
20170308154923186,0.745882415771484
20170308154923187,-1.06228408813477
20170308154923188,-2.74838027954102
20170308154923189,1.02054061889648
20170308154923190,-1.18435440063477
20170308154923191,-2.73312149047852
20170308154923192,0.944246673583984
20170308154923193,-1.10806045532227
20170308154923194,-2.79415664672852
20170308154923195,0.867952728271484
20170308154923196,-1.08517227172852
20170308154923197,-2.65682754516602
20170308154923198,0.936617279052734
20170308154923199,-1.17672500610352
20170308154923200,-2.67971572875977
20170308154923201,1.03579940795898
20170308154923202,-1.16909561157227
20170308154923203,-2.65682754516602
20170308154923204,0.806917572021484
20170308154923205,-1.23776016235352
20170308154923206,-2.61868057250977
20170308154923207,0.730623626708984
20170308154923208,-1.19198379516602
20170308154923209,-2.63393936157227
20170308154923210,0.791658782958984
20170308154923211,-1.16146621704102
20170308154923212,-2.64919815063477
20170308154923213,0.784029388427734
20170308154923214,-1.36745986938477
20170308154923215,-2.56527481079102
20170308154923216,0.898470306396484
20170308154923217,-1.61160049438477
20170308154923218,-2.52712783813477
20170308154923219,0.738253021240234
20170308154923220,-1.46664199829102
20170308154923221,-2.58053359985352
20170308154923222,0.982393646240234
20170308154923223,-1.44375381469727
20170308154923224,-2.53475723266602
20170308154923225,0.654329681396484
20170308154923226,-1.55056533813477
20170308154923227,-2.54238662719727
20170308154923228,0.692476654052734
20170308154923229,-1.40560684204102
20170308154923230,-2.58816299438477
20170308154923231,0.761141204833984
20170308154923232,-1.52767715454102
20170308154923233,-2.55001602172852
20170308154923234,0.814546966552734
20170308154923235,-1.48953018188477
20170308154923236,-2.48135147094727
20170308154923237,0.684847259521484
20170308154923238,-1.63448867797852
20170308154923239,-2.51949844360352
20170308154923240,0.745882415771484
20170308154923241,-1.71841201782227
20170308154923242,-2.24484024047852
20170308154923243,0.639070892333984
20170308154923244,-1.71078262329102
20170308154923245,-2.23721084594727
20170308154923246,0.715364837646484
20170308154923247,-1.93966445922852
20170308154923248,-1.99307022094727
20170308154923249,0.867952728271484
20170308154923250,-2.30587539672852
20170308154923251,-1.69552383422852
20170308154923252,0.715364837646484
20170308154923253,-2.42031631469727
20170308154923254,-1.54293594360352
20170308154923255,0.631441497802734
20170308154923256,-2.66445693969727
20170308154923257,-1.39034805297852
20170308154923258,0.600923919677734
20170308154923259,-2.65682754516602
20170308154923260,-1.22250137329102
20170308154923261,0.639070892333984
20170308154923262,-2.91622695922852
20170308154923263,-1.13094863891602
20170308154923264,0.593294525146484
20170308154923265,-2.95437393188477
20170308154923266,-0.802884674072266
20170308154923267,0.402559661865234
20170308154923268,-3.05355606079102
20170308154923269,-0.749478912353516
20170308154923270,0.349153900146484
20170308154923271,-3.07644424438477
20170308154923272,-0.406156158447266
20170308154923273,0.0210899353027344
20170308154923274,-3.03829727172852
20170308154923275,-0.398526763916016
20170308154923276,0.219454193115234
20170308154923277,-2.93148574829102
20170308154923278,-0.314603424072266
20170308154923279,0.0516075134277344
20170308154923280,-2.96963272094727
20170308154923281,-0.0094276428222656
20170308154923282,-0.162015533447266
20170308154923283,-2.97726211547852
20170308154923284,-0.322232818603516
20170308154923285,-0.0933509826660156
20170308154923286,-2.92385635375977
20170308154923287,-0.0933509826660156
20170308154923288,-0.0017982482910156
20170308154923289,-2.83993301391602
20170308154923290,-0.0094276428222656
20170308154923291,-0.223050689697266
20170308154923292,-2.86282119750977
20170308154923293,-0.0704627990722656
20170308154923294,-0.284085845947266
20170308154923295,-2.88570938110352
20170308154923296,0.425447845458984
20170308154923297,-0.459561920166016
20170308154923298,-2.80941543579102
20170308154923299,0.326265716552734
20170308154923300,-0.604520416259766
20170308154923301,-2.86282119750977
20170308154923302,0.402559661865234
20170308154923303,-0.604520416259766
20170308154923304,-2.87807998657227
20170308154923305,0.372042083740234
20170308154923306,-0.497708892822266
20170308154923307,-2.84756240844727
20170308154923308,0.356783294677734
20170308154923309,-0.696073150634766
20170308154923310,-2.85519180297852
20170308154923311,0.562776947021484
20170308154923312,-0.696073150634766
20170308154923313,-2.85519180297852
20170308154923314,0.440706634521484
20170308154923315,-0.726590728759766
20170308154923316,-2.88570938110352
20170308154923317,0.356783294677734
20170308154923318,-0.612149810791016
20170308154923319,-2.87807998657227
20170308154923320,0.539888763427734
20170308154923321,-0.848661041259766
20170308154923322,-2.85519180297852
20170308154923323,0.639070892333984
20170308154923324,-0.879178619384766
20170308154923325,-2.83993301391602
20170308154923326,0.745882415771484
20170308154923327,-1.00124893188477
20170308154923328,-2.75600967407227
20170308154923329,0.753511810302734
20170308154923330,-1.04702529907227
20170308154923331,-2.78652725219727
20170308154923332,0.799288177490234
20170308154923333,-1.18435440063477
20170308154923334,-2.70260391235352
20170308154923335,0.928987884521484
20170308154923336,-1.32168350219727
20170308154923337,-2.57290420532227
20170308154923338,0.799288177490234
20170308154923339,-1.40560684204102
20170308154923340,-2.60342178344727
20170308154923341,0.776399993896484
20170308154923342,-1.32168350219727
20170308154923343,-2.59579238891602
20170308154923344,0.875582122802734
20170308154923345,-1.52004776000977
20170308154923346,-2.51186904907227
20170308154923347,0.944246673583984
20170308154923348,-1.50478897094727
20170308154923349,-2.48135147094727
20170308154923350,0.867952728271484
20170308154923351,-1.38271865844727
20170308154923352,-2.61105117797852
20170308154923353,0.677217864990234
20170308154923354,-1.27590713500977
20170308154923355,-2.60342178344727
20170308154923356,0.974764251708984
20170308154923357,-1.39034805297852
20170308154923358,-2.58816299438477
20170308154923359,0.700106048583984
20170308154923360,-1.24538955688477
20170308154923361,-2.63393936157227
20170308154923362,0.784029388427734
20170308154923363,-1.32168350219727
20170308154923364,-2.63393936157227
20170308154923365,0.806917572021484
20170308154923366,-1.40560684204102
20170308154923367,-2.59579238891602
20170308154923368,0.944246673583984
20170308154923369,-1.35983047485352
20170308154923370,-2.64156875610352
20170308154923371,0.692476654052734
20170308154923372,-1.32168350219727
20170308154923373,-2.67208633422852
20170308154923374,0.822176361083984
20170308154923375,-1.31405410766602
20170308154923376,-2.63393936157227
20170308154923377,0.722994232177734
20170308154923378,-1.45901260375977
20170308154923379,-2.56527481079102
20170308154923380,0.684847259521484
20170308154923381,-1.39797744750977
20170308154923382,-2.52712783813477
20170308154923383,0.829805755615234
20170308154923384,-1.41323623657227
20170308154923385,-2.51949844360352
20170308154923386,0.822176361083984
20170308154923387,-1.65737686157227
20170308154923388,-2.40505752563477
20170308154923389,0.921358489990234
20170308154923390,-1.73367080688477
20170308154923391,-2.40505752563477
20170308154923392,0.669588470458984
20170308154923393,-1.78707656860352
20170308154923394,-2.22195205688477
20170308154923395,0.745882415771484
20170308154923396,-1.87862930297852
20170308154923397,-2.15328750610352
20170308154923398,0.730623626708984
20170308154923399,-1.97018203735352
20170308154923400,-2.19143447875977
20170308154923401,0.829805755615234
20170308154923402,-2.04647598266602
20170308154923403,-2.16854629516602
20170308154923404,0.883211517333984
20170308154923405,-2.06936416625977
20170308154923406,-2.06173477172852
20170308154923407,0.768770599365234
20170308154923408,-2.13039932250977
20170308154923409,-1.97781143188477
20170308154923410,0.715364837646484
20170308154923411,-2.28298721313477
20170308154923412,-1.71841201782227
20170308154923413,0.692476654052734
20170308154923414,-2.48135147094727
20170308154923415,-1.42086563110352
20170308154923416,0.677217864990234
20170308154923417,-2.82467422485352
20170308154923418,-1.26827774047852
20170308154923419,0.692476654052734
20170308154923420,-2.85519180297852
20170308154923421,-1.02413711547852
20170308154923422,0.570406341552734
20170308154923423,-2.95437393188477
20170308154923424,-0.947843170166016
20170308154923425,0.425447845458984
20170308154923426,-3.00777969360352
20170308154923427,-0.696073150634766
20170308154923428,0.333895111083984
20170308154923429,-3.05355606079102
20170308154923430,-0.474820709228516
20170308154923431,0.135530853271484
20170308154923432,-2.97726211547852
20170308154923433,-0.184903717041016
20170308154923434,-0.123868560791016
20170308154923435,-3.00015029907227
20170308154923436,-0.162015533447266
20170308154923437,-0.245938873291016
20170308154923438,-2.96963272094727
20170308154923439,-0.169644927978516
20170308154923440,-0.215421295166016
20170308154923441,-2.98489151000977
20170308154923442,0.0668663024902344
20170308154923443,-0.192533111572266
20170308154923444,-2.87045059204102
20170308154923445,0.478853607177734
20170308154923446,-0.619779205322266
20170308154923447,-2.85519180297852
20170308154923448,0.585665130615234
20170308154923449,-0.673184967041016
20170308154923450,-2.82467422485352
20170308154923451,0.440706634521484
20170308154923452,-0.680814361572266
20170308154923453,-2.83230361938477
20170308154923454,0.547518157958984
20170308154923455,-0.825772857666016
20170308154923456,-2.81704483032227
20170308154923457,0.623812103271484
20170308154923458,-0.802884674072266
20170308154923459,-2.76363906860352
20170308154923460,0.501741790771484
20170308154923461,-0.749478912353516
20170308154923462,-2.81704483032227
20170308154923463,0.349153900146484
20170308154923464,-0.779996490478516
20170308154923465,-2.87807998657227
20170308154923466,0.707735443115234
20170308154923467,-1.00124893188477
20170308154923468,-2.87807998657227
20170308154923469,0.578035736083984
20170308154923470,-0.932584381103516
20170308154923471,-2.87807998657227
20170308154923472,0.684847259521484
20170308154923473,-0.818143463134766
20170308154923474,-2.84756240844727
20170308154923475,0.806917572021484
20170308154923476,-0.917325592041016
20170308154923477,-2.83993301391602
20170308154923478,0.806917572021484
20170308154923479,-1.06991348266602
20170308154923480,-2.76363906860352
20170308154923481,0.562776947021484
20170308154923482,-0.863919830322266
20170308154923483,-2.77126846313477
20170308154923484,0.730623626708984
20170308154923485,-1.06991348266602
20170308154923486,-2.72549209594727
20170308154923487,0.669588470458984
20170308154923488,-1.11568984985352
20170308154923489,-2.71786270141602
20170308154923490,0.837435150146484
20170308154923491,-1.29879531860352
20170308154923492,-2.75600967407227
20170308154923493,0.677217864990234
20170308154923494,-0.917325592041016
20170308154923495,-2.74075088500977
20170308154923496,0.692476654052734
20170308154923497,-0.894437408447266
20170308154923498,-2.71023330688477
20170308154923499,0.738253021240234
20170308154923500,-1.23013076782227
20170308154923501,-2.67971572875977
20170308154923502,1.09683456420898
20170308154923503,-1.35220108032227
20170308154923504,-2.60342178344727
20170308154923505,0.860323333740234
20170308154923506,-1.55056533813477
20170308154923507,-2.44320449829102
20170308154923508,0.967134857177734
20170308154923509,-1.65737686157227
20170308154923510,-2.48135147094727
20170308154923511,0.738253021240234
20170308154923512,-1.44375381469727
20170308154923513,-2.45846328735352
20170308154923514,0.906099700927734
20170308154923515,-1.65737686157227
20170308154923516,-2.46609268188477
20170308154923517,0.654329681396484
20170308154923518,-1.51241836547852
20170308154923519,-2.48898086547852
20170308154923520,0.875582122802734
20170308154923521,-1.63448867797852
20170308154923522,-2.41268692016602
20170308154923523,0.707735443115234
20170308154923524,-1.52767715454102
20170308154923525,-2.39742813110352
20170308154923526,0.951876068115234
20170308154923527,-1.54293594360352
20170308154923528,-2.35165176391602
20170308154923529,0.608553314208984
20170308154923530,-1.76418838500977
20170308154923531,-2.36691055297852
20170308154923532,0.761141204833984
20170308154923533,-1.99307022094727
20170308154923534,-2.22195205688477
20170308154923535,0.806917572021484
20170308154923536,-2.06936416625977
20170308154923537,-2.00069961547852
20170308154923538,0.837435150146484
20170308154923539,-2.30587539672852
20170308154923540,-1.74130020141602
20170308154923541,0.715364837646484
20170308154923542,-2.51186904907227
20170308154923543,-1.49715957641602
20170308154923544,0.692476654052734
20170308154923545,-2.58816299438477
20170308154923546,-1.39034805297852
20170308154923547,0.700106048583984
20170308154923548,-2.89333877563477
20170308154923549,-1.17672500610352
20170308154923550,0.578035736083984
20170308154923551,-2.94674453735352
20170308154923552,-1.13857803344727
20170308154923553,0.562776947021484
20170308154923554,-2.96200332641602
20170308154923555,-0.978360748291016
20170308154923556,0.379671478271484
20170308154923557,-2.96200332641602
20170308154923558,-0.635037994384766
20170308154923559,0.249971771240234
20170308154923560,-3.01540908813477
20170308154923561,-0.436673736572266
20170308154923562,0.127901458740234
20170308154923563,-3.06881484985352
20170308154923564,-0.276456451416016
20170308154923565,-0.116239166259766
20170308154923566,-2.93911514282227
20170308154923567,-0.192533111572266
20170308154923568,-0.146756744384766
20170308154923569,-2.96200332641602
20170308154923570,0.0134605407714844
20170308154923571,-0.184903717041016
20170308154923572,-2.90859756469727
20170308154923573,0.204195404052734
20170308154923574,-0.619779205322266
20170308154923575,-2.89333877563477
20170308154923576,0.684847259521484
20170308154923577,-0.963101959228516
20170308154923578,-2.82467422485352
20170308154923579,0.951876068115234
20170308154923580,-1.03939590454102
20170308154923581,-2.79415664672852
20170308154923582,0.700106048583984
20170308154923583,-0.947843170166016
20170308154923584,-2.71786270141602
20170308154923585,0.852693939208984
20170308154923586,-1.05465469360352
20170308154923587,-2.61868057250977
20170308154923588,0.921358489990234
20170308154923589,-1.42849502563477
20170308154923590,-2.49661026000977
20170308154923591,0.822176361083984
20170308154923592,-1.57345352172852
20170308154923593,-2.41268692016602
20170308154923594,0.768770599365234
20170308154923595,-1.74892959594727
20170308154923596,-2.28298721313477
20170308154923597,0.944246673583984
20170308154923598,-1.91677627563477
20170308154923599,-2.13802871704102
20170308154923600,0.639070892333984
20170308154923601,-1.97781143188477
20170308154923602,-2.04647598266602
20170308154923603,0.776399993896484
20170308154923604,-2.14565811157227
20170308154923605,-1.94729385375977
20170308154923606,0.677217864990234
20170308154923607,-2.19143447875977
20170308154923608,-1.87099990844727
20170308154923609,0.639070892333984
20170308154923610,-2.11514053344727
20170308154923611,-2.01595840454102
20170308154923612,0.730623626708984
20170308154923613,-2.16091690063477
20170308154923614,-1.93203506469727
20170308154923615,0.608553314208984
20170308154923616,-2.12276992797852
20170308154923617,-1.94729385375977
20170308154923618,0.700106048583984
20170308154923619,-2.26009902954102
20170308154923620,-1.75655899047852
20170308154923621,0.745882415771484
20170308154923622,-2.29824600219727
20170308154923623,-1.64211807250977
20170308154923624,0.753511810302734
20170308154923625,-2.44320449829102
20170308154923626,-1.34457168579102
20170308154923627,0.852693939208984
20170308154923628,-2.75600967407227
20170308154923629,-1.26064834594727
20170308154923630,0.616182708740234
20170308154923631,-2.68734512329102
20170308154923632,-1.29116592407227
20170308154923633,0.738253021240234
20170308154923634,-2.81704483032227
20170308154923635,-1.25301895141602
20170308154923636,0.578035736083984
20170308154923637,-2.86282119750977
20170308154923638,-1.20724258422852
20170308154923639,0.547518157958984
20170308154923640,-2.84756240844727
20170308154923641,-1.10806045532227
20170308154923642,0.509371185302734
20170308154923643,-2.93911514282227
20170308154923644,-1.10806045532227
20170308154923645,0.677217864990234
20170308154923646,-2.87807998657227
20170308154923647,-1.23013076782227
20170308154923648,0.562776947021484
20170308154923649,-2.94674453735352
20170308154923650,-1.19198379516602
20170308154923651,0.661959075927734
20170308154923652,-2.89333877563477
20170308154923653,-1.21487197875977
20170308154923654,0.555147552490234
20170308154923655,-2.92385635375977
20170308154923656,-1.26064834594727
20170308154923657,0.501741790771484
20170308154923658,-2.87807998657227
20170308154923659,-1.18435440063477
20170308154923660,0.524629974365234
20170308154923661,-2.84756240844727
20170308154923662,-1.15383682250977
20170308154923663,0.524629974365234
20170308154923664,-2.94674453735352
20170308154923665,-1.02413711547852
20170308154923666,0.532259368896484
20170308154923667,-2.94674453735352
20170308154923668,-0.932584381103516
20170308154923669,0.478853607177734
20170308154923670,-2.97726211547852
20170308154923671,-0.947843170166016
20170308154923672,0.494112396240234
20170308154923673,-2.96963272094727
20170308154923674,-0.848661041259766
20170308154923675,0.372042083740234
20170308154923676,-2.95437393188477
20170308154923677,-0.825772857666016
20170308154923678,0.570406341552734
20170308154923679,-2.87807998657227
20170308154923680,-0.673184967041016
20170308154923681,0.547518157958984
20170308154923682,-2.81704483032227
20170308154923683,-0.512967681884766
20170308154923684,0.257601165771484
20170308154923685,-2.97726211547852
20170308154923686,-0.451932525634766
20170308154923687,0.0592369079589844
20170308154923688,-2.90859756469727
20170308154923689,-0.429044342041016
20170308154923690,0.166048431396484
20170308154923691,-2.96200332641602
20170308154923692,-0.352750396728516
20170308154923693,-0.0094276428222656
20170308154923694,-2.97726211547852
20170308154923695,-0.0780921936035156
20170308154923696,-0.0628334045410156
20170308154923697,-2.93911514282227
20170308154923698,-0.0704627990722656
20170308154923699,-0.322232818603516
20170308154923700,-2.96200332641602
20170308154923701,0.349153900146484
20170308154923702,-0.551114654541016
20170308154923703,-2.87807998657227
20170308154923704,0.326265716552734
20170308154923705,-0.337491607666016
20170308154923706,-2.83230361938477
20170308154923707,0.478853607177734
20170308154923708,-0.711331939697266
20170308154923709,-2.78652725219727
20170308154923710,0.791658782958984
20170308154923711,-0.810514068603516
20170308154923712,-2.80178604125977
20170308154923713,0.761141204833984
20170308154923714,-1.06991348266602
20170308154923715,-2.71786270141602
20170308154923716,0.845064544677734
20170308154923717,-1.35220108032227
20170308154923718,-2.63393936157227
20170308154923719,0.738253021240234
20170308154923720,-1.32931289672852
20170308154923721,-2.61868057250977
20170308154923722,0.822176361083984
20170308154923723,-1.43612442016602
20170308154923724,-2.55001602172852
20170308154923725,0.829805755615234
20170308154923726,-1.48953018188477
20170308154923727,-2.51949844360352
20170308154923728,0.799288177490234
20170308154923729,-1.63448867797852
20170308154923730,-2.35928115844727
20170308154923731,0.829805755615234
20170308154923732,-1.81759414672852
20170308154923733,-2.20669326782227
20170308154923734,0.837435150146484
20170308154923735,-1.99307022094727
20170308154923736,-2.16854629516602
20170308154923737,0.791658782958984
20170308154923738,-2.21432266235352
20170308154923739,-1.93203506469727
20170308154923740,0.745882415771484
20170308154923741,-2.33639297485352
20170308154923742,-1.77944717407227
20170308154923743,0.837435150146484
20170308154923744,-2.25246963500977
20170308154923745,-1.77181777954102
20170308154923746,0.745882415771484
20170308154923747,-2.14565811157227
20170308154923748,-1.78707656860352
20170308154923749,0.860323333740234
20170308154923750,-2.26772842407227
20170308154923751,-1.73367080688477
20170308154923752,0.791658782958984
20170308154923753,-2.45846328735352
20170308154923754,-1.55056533813477
20170308154923755,0.654329681396484
20170308154923756,-2.58053359985352
20170308154923757,-1.42849502563477
20170308154923758,0.562776947021484
20170308154923759,-2.61105117797852
20170308154923760,-1.48190078735352
20170308154923761,0.684847259521484
20170308154923762,-2.55001602172852
20170308154923763,-1.45901260375977
20170308154923764,0.646700286865234
20170308154923765,-2.59579238891602
20170308154923766,-1.48190078735352
20170308154923767,0.814546966552734
20170308154923768,-2.64156875610352
20170308154923769,-1.42849502563477
20170308154923770,0.623812103271484
20170308154923771,-2.71023330688477
20170308154923772,-1.32931289672852
20170308154923773,0.532259368896484
20170308154923774,-2.75600967407227
20170308154923775,-1.31405410766602
20170308154923776,0.532259368896484
20170308154923777,-2.65682754516602
20170308154923778,-1.35983047485352
20170308154923779,0.684847259521484
20170308154923780,-2.87807998657227
20170308154923781,-1.16146621704102
20170308154923782,0.562776947021484
20170308154923783,-2.93911514282227
20170308154923784,-1.06991348266602
20170308154923785,0.524629974365234
20170308154923786,-2.87045059204102
20170308154923787,-1.17672500610352
20170308154923788,0.585665130615234
20170308154923789,-2.96200332641602
20170308154923790,-1.10043106079102
20170308154923791,0.654329681396484
20170308154923792,-2.99252090454102
20170308154923793,-1.03176651000977
20170308154923794,0.562776947021484
20170308154923795,-2.96963272094727
20170308154923796,-1.04702529907227
20170308154923797,0.517000579833984
20170308154923798,-2.93911514282227
20170308154923799,-0.879178619384766
20170308154923800,0.486483001708984
20170308154923801,-2.92385635375977
20170308154923802,-0.543485260009766
20170308154923803,0.494112396240234
20170308154923804,-2.96200332641602
20170308154923805,-0.795255279541016
20170308154923806,0.410189056396484
20170308154923807,-2.94674453735352
20170308154923808,-0.703702545166016
20170308154923809,0.524629974365234
20170308154923810,-2.90859756469727
20170308154923811,-0.673184967041016
20170308154923812,0.295748138427734
20170308154923813,-2.95437393188477
20170308154923814,-0.566373443603516
20170308154923815,0.417818450927734
20170308154923816,-2.93148574829102
20170308154923817,-0.612149810791016
20170308154923818,0.372042083740234
20170308154923819,-2.89333877563477
20170308154923820,-0.635037994384766
20170308154923821,0.486483001708984
20170308154923822,-2.93148574829102
20170308154923823,-0.718961334228516
20170308154923824,0.402559661865234
20170308154923825,-2.97726211547852
20170308154923826,-0.680814361572266
20170308154923827,0.311006927490234
20170308154923828,-2.91622695922852
20170308154923829,-0.795255279541016
20170308154923830,0.425447845458984
20170308154923831,-2.93148574829102
20170308154923832,-0.551114654541016
20170308154923833,0.219454193115234
20170308154923834,-2.96963272094727
20170308154923835,-0.451932525634766
20170308154923836,0.257601165771484
20170308154923837,-2.94674453735352
20170308154923838,-0.390897369384766
20170308154923839,0.0821250915527344
20170308154923840,-2.93911514282227
20170308154923841,-0.291715240478516
20170308154923842,0.120272064208984
20170308154923843,-2.93911514282227
20170308154923844,-0.390897369384766
20170308154923845,-0.0475746154785156
20170308154923846,-2.96200332641602
20170308154923847,-0.291715240478516
20170308154923848,-0.108609771728516
20170308154923849,-2.96200332641602
20170308154923850,0.0058311462402344
20170308154923851,-0.253568267822266
20170308154923852,-2.92385635375977
20170308154923853,0.0516075134277344
20170308154923854,-0.253568267822266
20170308154923855,-2.83230361938477
20170308154923856,0.127901458740234
20170308154923857,-0.429044342041016
20170308154923858,-2.88570938110352
20170308154923859,0.539888763427734
20170308154923860,-0.474820709228516
20170308154923861,-2.80941543579102
20170308154923862,0.410189056396484
20170308154923863,-0.429044342041016
20170308154923864,-2.84756240844727
20170308154923865,0.509371185302734
20170308154923866,-0.940213775634766
20170308154923867,-2.83230361938477
20170308154923868,0.578035736083984
20170308154923869,-0.940213775634766
20170308154923870,-2.83230361938477
20170308154923871,0.753511810302734
20170308154923872,-0.940213775634766
20170308154923873,-2.73312149047852
20170308154923874,0.845064544677734
20170308154923875,-1.07754287719727
20170308154923876,-2.51949844360352
20170308154923877,0.814546966552734
20170308154923878,-1.48953018188477
20170308154923879,-2.51949844360352
20170308154923880,0.852693939208984
20170308154923881,-1.70315322875977
20170308154923882,-2.36691055297852
20170308154923883,0.852693939208984
20170308154923884,-1.74130020141602
20170308154923885,-2.40505752563477
20170308154923886,0.646700286865234
20170308154923887,-1.62685928344727
20170308154923888,-2.36691055297852
20170308154923889,0.753511810302734
20170308154923890,-1.60397109985352
20170308154923891,-2.38216934204102
20170308154923892,0.745882415771484
20170308154923893,-1.83285293579102
20170308154923894,-2.22195205688477
20170308154923895,0.669588470458984
20170308154923896,-2.04647598266602
20170308154923897,-2.20669326782227
20170308154923898,0.898470306396484
20170308154923899,-2.13039932250977
20170308154923900,-2.08462295532227
20170308154923901,0.616182708740234
20170308154923902,-2.33639297485352
20170308154923903,-1.64974746704102
20170308154923904,0.867952728271484
20170308154923905,-2.38979873657227
20170308154923906,-1.78707656860352
20170308154923907,0.784029388427734
20170308154923908,-2.38979873657227
20170308154923909,-1.75655899047852
20170308154923910,0.761141204833984
20170308154923911,-2.47372207641602
20170308154923912,-1.47427139282227
20170308154923913,0.799288177490234
20170308154923914,-2.64919815063477
20170308154923915,-1.33694229125977
20170308154923916,0.631441497802734
20170308154923917,-2.83230361938477
20170308154923918,-1.24538955688477
20170308154923919,0.677217864990234
20170308154923920,-2.87045059204102
20170308154923921,-1.15383682250977
20170308154923922,0.494112396240234
20170308154923923,-2.94674453735352
20170308154923924,-0.993619537353516
20170308154923925,0.417818450927734
20170308154923926,-2.90859756469727
20170308154923927,-1.14620742797852
20170308154923928,0.715364837646484
20170308154923929,-2.95437393188477
20170308154923930,-0.985990142822266
20170308154923931,0.349153900146484
20170308154923932,-2.91622695922852
20170308154923933,-0.924954986572266
20170308154923934,0.394930267333984
20170308154923935,-2.97726211547852
20170308154923936,-1.10806045532227
20170308154923937,0.646700286865234
20170308154923938,-2.97726211547852
20170308154923939,-0.978360748291016
20170308154923940,0.425447845458984
20170308154923941,-2.96963272094727
20170308154923942,-0.917325592041016
20170308154923943,0.433077239990234
20170308154923944,-2.96963272094727
20170308154923945,-0.673184967041016
20170308154923946,0.433077239990234
20170308154923947,-2.96200332641602
20170308154923948,-0.665555572509766
20170308154923949,0.402559661865234
20170308154923950,-2.92385635375977
20170308154923951,-0.779996490478516
20170308154923952,0.326265716552734
20170308154923953,-2.93148574829102
20170308154923954,-0.703702545166016
20170308154923955,0.379671478271484
20170308154923956,-2.93148574829102
20170308154923957,-0.574002838134766
20170308154923958,0.158419036865234
20170308154923959,-2.96200332641602
20170308154923960,-0.390897369384766
20170308154923961,0.0821250915527344
20170308154923962,-2.93911514282227
20170308154923963,-0.352750396728516
20170308154923964,0.0210899353027344
20170308154923965,-2.90859756469727
20170308154923966,-0.0933509826660156
20170308154923967,-0.146756744384766
20170308154923968,-2.93148574829102
20170308154923969,-0.192533111572266
20170308154923970,-0.284085845947266
20170308154923971,-2.94674453735352
20170308154923972,-0.177274322509766
20170308154923973,-0.146756744384766
20170308154923974,-2.93911514282227
20170308154923975,-0.131497955322266
20170308154923976,-0.238309478759766
20170308154923977,-2.93911514282227
20170308154923978,-0.177274322509766
20170308154923979,-0.184903717041016
20170308154923980,-2.93148574829102
20170308154923981,-0.0017982482910156
20170308154923982,-0.345121002197266
20170308154923983,-2.93911514282227
20170308154923984,0.0973838806152344
20170308154923985,-0.375638580322266
20170308154923986,-2.93148574829102
20170308154923987,0.112642669677734
20170308154923988,-0.200162506103516
20170308154923989,-2.81704483032227
20170308154923990,0.105013275146484
20170308154923991,-0.207791900634766
20170308154923992,-2.83230361938477
20170308154923993,-0.169644927978516
20170308154923994,0.0210899353027344
20170308154923995,-2.90096817016602
20170308154923996,-0.0170570373535156
20170308154923997,-0.337491607666016
20170308154923998,-2.81704483032227
20170308154923999,0.272859954833984
20170308154924000,-0.383267974853516
20170308154924001,-2.83230361938477
20170308154924002,0.242342376708984
20170308154924003,-0.467191314697266
20170308154924004,-2.85519180297852
20170308154924005,0.349153900146484
20170308154924006,-0.383267974853516
20170308154924007,-2.79415664672852
20170308154924008,0.433077239990234
20170308154924009,-0.619779205322266
20170308154924010,-2.84756240844727
20170308154924011,0.585665130615234
20170308154924012,-0.688443756103516
20170308154924013,-2.84756240844727
20170308154924014,0.608553314208984
20170308154924015,-0.764737701416016
20170308154924016,-2.80178604125977
20170308154924017,0.661959075927734
20170308154924018,-0.886808013916016
20170308154924019,-2.81704483032227
20170308154924020,0.692476654052734
20170308154924021,-1.03176651000977
20170308154924022,-2.78652725219727
20170308154924023,0.875582122802734
20170308154924024,-1.38271865844727
20170308154924025,-2.59579238891602
20170308154924026,0.845064544677734
20170308154924027,-1.67263565063477
20170308154924028,-2.46609268188477
20170308154924029,0.928987884521484
20170308154924030,-1.79470596313477
20170308154924031,-2.33639297485352
20170308154924032,0.623812103271484
20170308154924033,-1.70315322875977
20170308154924034,-2.16854629516602
20170308154924035,0.745882415771484
20170308154924036,-2.13039932250977
20170308154924037,-1.87099990844727
20170308154924038,0.730623626708984
20170308154924039,-2.34402236938477
20170308154924040,-1.84048233032227
20170308154924041,0.692476654052734
20170308154924042,-2.38216934204102
20170308154924043,-1.67263565063477
20170308154924044,0.852693939208984
20170308154924045,-2.65682754516602
20170308154924046,-1.32931289672852
20170308154924047,0.639070892333984
20170308154924048,-2.80178604125977
20170308154924049,-1.26827774047852
20170308154924050,0.562776947021484
20170308154924051,-2.90859756469727
20170308154924052,-1.23013076782227
20170308154924053,0.494112396240234
20170308154924054,-2.95437393188477
20170308154924055,-1.05465469360352
20170308154924056,0.517000579833984
20170308154924057,-2.95437393188477
20170308154924058,-0.924954986572266
20170308154924059,0.440706634521484
20170308154924060,-3.01540908813477
20170308154924061,-0.932584381103516
20170308154924062,0.501741790771484
20170308154924063,-3.02303848266602
20170308154924064,-0.749478912353516
20170308154924065,0.387300872802734
20170308154924066,-2.96963272094727
20170308154924067,-0.642667388916016
20170308154924068,0.272859954833984
20170308154924069,-2.98489151000977
20170308154924070,-0.833402252197266
20170308154924071,0.249971771240234
20170308154924072,-2.94674453735352
20170308154924073,-0.886808013916016
20170308154924074,0.402559661865234
20170308154924075,-2.95437393188477
20170308154924076,-0.657926177978516
20170308154924077,0.486483001708984
20170308154924078,-2.95437393188477
20170308154924079,-0.589261627197266
20170308154924080,0.387300872802734
20170308154924081,-2.90859756469727
20170308154924082,-0.322232818603516
20170308154924083,0.0668663024902344
20170308154924084,-3.01540908813477
20170308154924085,-0.322232818603516
20170308154924086,-0.184903717041016
20170308154924087,-2.96200332641602
20170308154924088,-0.345121002197266
20170308154924089,-0.108609771728516
20170308154924090,-2.95437393188477
20170308154924091,-0.0933509826660156
20170308154924092,-0.238309478759766
20170308154924093,-2.88570938110352
20170308154924094,-0.284085845947266
20170308154924095,-0.0933509826660156
20170308154924096,-2.92385635375977
20170308154924097,-0.230680084228516
20170308154924098,0.0363487243652344
20170308154924099,-2.90859756469727
20170308154924100,-0.245938873291016
20170308154924101,-0.223050689697266
20170308154924102,-2.90859756469727
20170308154924103,-0.0704627990722656
20170308154924104,-0.116239166259766
20170308154924105,-2.88570938110352
20170308154924106,0.158419036865234
20170308154924107,-0.360379791259766
20170308154924108,-2.93911514282227
20170308154924109,-0.207791900634766
20170308154924110,0.0897544860839844
20170308154924111,-2.87045059204102
20170308154924112,-0.337491607666016
20170308154924113,-0.0017982482910156
20170308154924114,-2.95437393188477
20170308154924115,-0.360379791259766
20170308154924116,0.0210899353027344
20170308154924117,-2.92385635375977
20170308154924118,-0.368009185791016
20170308154924119,0.0439781188964844
20170308154924120,-2.94674453735352
20170308154924121,-0.375638580322266
20170308154924122,-0.0399452209472656
20170308154924123,-2.96200332641602
20170308154924124,-0.337491607666016
20170308154924125,0.219454193115234
20170308154924126,-2.94674453735352
20170308154924127,-0.299344635009766
20170308154924128,-0.0399452209472656
20170308154924129,-2.90859756469727
20170308154924130,-0.0780921936035156
20170308154924131,-0.345121002197266
20170308154924132,-2.89333877563477
20170308154924133,0.303377532958984
20170308154924134,-0.505338287353516
20170308154924135,-2.91622695922852
20170308154924136,0.166048431396484
20170308154924137,-0.429044342041016
20170308154924138,-2.89333877563477
20170308154924139,0.532259368896484
20170308154924140,-0.764737701416016
20170308154924141,-2.85519180297852
20170308154924142,0.478853607177734
20170308154924143,-0.436673736572266
20170308154924144,-2.85519180297852
20170308154924145,0.318636322021484
20170308154924146,-0.764737701416016
20170308154924147,-2.77889785766602
20170308154924148,0.486483001708984
20170308154924149,-0.627408599853516
20170308154924150,-2.80178604125977
20170308154924151,0.791658782958984
20170308154924152,-1.00887832641602
20170308154924153,-2.80178604125977
20170308154924154,0.768770599365234
20170308154924155,-1.13094863891602
20170308154924156,-2.75600967407227
20170308154924157,0.936617279052734
20170308154924158,-1.18435440063477
20170308154924159,-2.63393936157227
20170308154924160,0.867952728271484
20170308154924161,-1.34457168579102
20170308154924162,-2.54238662719727
20170308154924163,0.799288177490234
20170308154924164,-1.39797744750977
20170308154924165,-2.55001602172852
20170308154924166,1.05105819702148
20170308154924167,-1.43612442016602
20170308154924168,-2.50423965454102
20170308154924169,0.814546966552734
20170308154924170,-1.68789443969727
20170308154924171,-2.32113418579102
20170308154924172,0.883211517333984
20170308154924173,-1.76418838500977
20170308154924174,-2.14565811157227
20170308154924175,0.776399993896484
20170308154924176,-2.09988174438477
20170308154924177,-1.92440567016602
20170308154924178,0.791658782958984
20170308154924179,-2.32113418579102
20170308154924180,-1.64974746704102
20170308154924181,0.722994232177734
20170308154924182,-2.44320449829102
20170308154924183,-1.58108291625977
20170308154924184,0.722994232177734
20170308154924185,-2.86282119750977
20170308154924186,-1.23013076782227
20170308154924187,0.532259368896484
20170308154924188,-2.83230361938477
20170308154924189,-1.01650772094727
20170308154924190,0.646700286865234
20170308154924191,-2.97726211547852
20170308154924192,-0.932584381103516
20170308154924193,0.501741790771484
20170308154924194,-2.96963272094727
20170308154924195,-0.795255279541016
20170308154924196,0.562776947021484
20170308154924197,-2.93911514282227
20170308154924198,-0.673184967041016
20170308154924199,0.326265716552734
20170308154924200,-2.93911514282227
20170308154924201,-0.551114654541016
20170308154924202,0.433077239990234
20170308154924203,-2.87045059204102
20170308154924204,-0.467191314697266
20170308154924205,0.303377532958984
20170308154924206,-2.97726211547852
20170308154924207,-0.184903717041016
20170308154924208,-0.123868560791016
20170308154924209,-2.95437393188477
20170308154924210,-0.276456451416016
20170308154924211,0.0287193298339844
20170308154924212,-2.90859756469727
20170308154924213,-0.177274322509766
20170308154924214,-0.184903717041016
20170308154924215,-2.91622695922852
20170308154924216,0.135530853271484
20170308154924217,-0.429044342041016
20170308154924218,-2.90859756469727
20170308154924219,0.333895111083984
20170308154924220,-0.505338287353516
20170308154924221,-2.80178604125977
20170308154924222,0.257601165771484
20170308154924223,-0.299344635009766
20170308154924224,-2.78652725219727
20170308154924225,0.0973838806152344
20170308154924226,-0.299344635009766
20170308154924227,-2.74075088500977
20170308154924228,0.173677825927734
20170308154924229,-0.306974029541016
20170308154924230,-2.77889785766602
20170308154924231,0.219454193115234
20170308154924232,-0.535855865478516
20170308154924233,-2.87807998657227
20170308154924234,0.318636322021484
20170308154924235,-0.596891021728516
20170308154924236,-2.83230361938477
20170308154924237,0.440706634521484
20170308154924238,-0.543485260009766
20170308154924239,-2.80178604125977
20170308154924240,0.486483001708984
20170308154924241,-0.764737701416016
20170308154924242,-2.77889785766602
20170308154924243,0.555147552490234
20170308154924244,-0.818143463134766
20170308154924245,-2.80178604125977
20170308154924246,0.555147552490234
20170308154924247,-0.734220123291016
20170308154924248,-2.76363906860352
20170308154924249,0.379671478271484
20170308154924250,-0.596891021728516
20170308154924251,-2.83993301391602
20170308154924252,0.394930267333984
20170308154924253,-0.665555572509766
20170308154924254,-2.81704483032227
20170308154924255,0.578035736083984
20170308154924256,-0.818143463134766
20170308154924257,-2.77126846313477
20170308154924258,0.547518157958984
20170308154924259,-0.802884674072266
20170308154924260,-2.85519180297852
20170308154924261,0.532259368896484
20170308154924262,-0.551114654541016
20170308154924263,-2.80941543579102
20170308154924264,0.661959075927734
20170308154924265,-0.909696197509766
20170308154924266,-2.83993301391602
20170308154924267,0.677217864990234
20170308154924268,-0.657926177978516
20170308154924269,-2.74838027954102
20170308154924270,0.700106048583984
20170308154924271,-0.802884674072266
20170308154924272,-2.80941543579102
20170308154924273,0.852693939208984
20170308154924274,-0.955472564697266
20170308154924275,-2.77126846313477
20170308154924276,0.837435150146484
20170308154924277,-1.10806045532227
20170308154924278,-2.66445693969727
20170308154924279,0.875582122802734
20170308154924280,-1.24538955688477
20170308154924281,-2.61868057250977
20170308154924282,1.06631698608398
20170308154924283,-1.10806045532227
20170308154924284,-2.59579238891602
20170308154924285,0.738253021240234
20170308154924286,-1.00887832641602
20170308154924287,-2.64919815063477
20170308154924288,0.860323333740234
20170308154924289,-1.23013076782227
20170308154924290,-2.54238662719727
20170308154924291,0.959505462646484
20170308154924292,-1.31405410766602
20170308154924293,-2.51949844360352
20170308154924294,0.997652435302734
20170308154924295,-1.40560684204102
20170308154924296,-2.48135147094727
20170308154924297,0.768770599365234
20170308154924298,-1.61160049438477
20170308154924299,-2.46609268188477
20170308154924300,0.883211517333984
20170308154924301,-1.80233535766602
20170308154924302,-2.30587539672852
20170308154924303,0.707735443115234
20170308154924304,-1.88625869750977
20170308154924305,-2.13039932250977
20170308154924306,0.791658782958984
20170308154924307,-1.93966445922852
20170308154924308,-2.01595840454102
20170308154924309,0.883211517333984
20170308154924310,-2.11514053344727
20170308154924311,-2.06936416625977
20170308154924312,0.799288177490234
20170308154924313,-2.28298721313477
20170308154924314,-1.90151748657227
20170308154924315,0.715364837646484
20170308154924316,-2.25246963500977
20170308154924317,-1.82522354125977
20170308154924318,0.753511810302734
20170308154924319,-2.40505752563477
20170308154924320,-1.69552383422852
20170308154924321,0.776399993896484
20170308154924322,-2.46609268188477
20170308154924323,-1.54293594360352
20170308154924324,0.730623626708984
20170308154924325,-2.61868057250977
20170308154924326,-1.48190078735352
20170308154924327,0.700106048583984
20170308154924328,-2.54238662719727
20170308154924329,-1.42849502563477
20170308154924330,0.654329681396484
20170308154924331,-2.49661026000977
20170308154924332,-1.33694229125977
20170308154924333,0.692476654052734
20170308154924334,-2.72549209594727
20170308154924335,-1.28353652954102
20170308154924336,0.539888763427734
20170308154924337,-2.82467422485352
20170308154924338,-1.09280166625977
20170308154924339,0.745882415771484
20170308154924340,-2.87807998657227
20170308154924341,-1.03176651000977
20170308154924342,0.600923919677734
20170308154924343,-2.87807998657227
20170308154924344,-0.932584381103516
20170308154924345,0.509371185302734
20170308154924346,-3.00015029907227
20170308154924347,-0.848661041259766
20170308154924348,0.455965423583984
20170308154924349,-2.93911514282227
20170308154924350,-0.718961334228516
20170308154924351,0.333895111083984
20170308154924352,-2.96963272094727
20170308154924353,-0.696073150634766
20170308154924354,0.280489349365234
20170308154924355,-2.96963272094727
20170308154924356,-0.657926177978516
20170308154924357,0.387300872802734
20170308154924358,-2.93911514282227
20170308154924359,-0.551114654541016
20170308154924360,0.288118743896484
20170308154924361,-2.89333877563477
20170308154924362,-0.543485260009766
20170308154924363,0.303377532958984
20170308154924364,-2.89333877563477
20170308154924365,-0.429044342041016
20170308154924366,0.295748138427734
20170308154924367,-2.92385635375977
20170308154924368,-0.375638580322266
20170308154924369,0.158419036865234
20170308154924370,-2.87807998657227
20170308154924371,-0.467191314697266
20170308154924372,0.234712982177734
20170308154924373,-2.90096817016602
20170308154924374,-0.444303131103516
20170308154924375,0.341524505615234
20170308154924376,-2.86282119750977
20170308154924377,-0.528226470947266
20170308154924378,0.440706634521484
20170308154924379,-2.90859756469727
20170308154924380,-0.467191314697266
20170308154924381,0.181307220458984
20170308154924382,-2.89333877563477
20170308154924383,-0.490079498291016
20170308154924384,0.0744956970214844
20170308154924385,-2.97726211547852
20170308154924386,-0.268827056884766
20170308154924387,-0.0628334045410156
20170308154924388,-2.96963272094727
20170308154924389,-0.322232818603516
20170308154924390,0.0668663024902344
20170308154924391,-2.94674453735352
20170308154924392,-0.200162506103516
20170308154924393,-0.154386138916016
20170308154924394,-2.93148574829102
20170308154924395,0.234712982177734
20170308154924396,-0.512967681884766
20170308154924397,-2.86282119750977
20170308154924398,0.471224212646484
20170308154924399,-0.818143463134766
20170308154924400,-2.80941543579102
20170308154924401,0.433077239990234
20170308154924402,-0.566373443603516
20170308154924403,-2.77889785766602
20170308154924404,0.471224212646484
20170308154924405,-0.787625885009766
20170308154924406,-2.87807998657227
20170308154924407,0.593294525146484
20170308154924408,-0.932584381103516
20170308154924409,-2.73312149047852
20170308154924410,0.761141204833984
20170308154924411,-1.00887832641602
20170308154924412,-2.84756240844727
20170308154924413,0.722994232177734
20170308154924414,-0.963101959228516
20170308154924415,-2.80941543579102
20170308154924416,0.936617279052734
20170308154924417,-0.879178619384766
20170308154924418,-2.70260391235352
20170308154924419,0.692476654052734
20170308154924420,-1.00124893188477
20170308154924421,-2.70260391235352
20170308154924422,0.715364837646484
20170308154924423,-0.909696197509766
20170308154924424,-2.67208633422852
20170308154924425,0.997652435302734
20170308154924426,-1.37508926391602
20170308154924427,-2.59579238891602
20170308154924428,0.822176361083984
20170308154924429,-1.38271865844727
20170308154924430,-2.54238662719727
20170308154924431,0.799288177490234
20170308154924432,-1.51241836547852
20170308154924433,-2.42031631469727
20170308154924434,0.722994232177734
20170308154924435,-1.52004776000977
20170308154924436,-2.50423965454102
20170308154924437,0.776399993896484
20170308154924438,-1.64974746704102
20170308154924439,-2.41268692016602
20170308154924440,0.906099700927734
20170308154924441,-1.70315322875977
20170308154924442,-2.25246963500977
20170308154924443,0.722994232177734
20170308154924444,-1.79470596313477
20170308154924445,-2.14565811157227
20170308154924446,0.707735443115234
20170308154924447,-1.95492324829102
20170308154924448,-2.04647598266602
20170308154924449,0.776399993896484
20170308154924450,-2.17617568969727
20170308154924451,-1.77181777954102
20170308154924452,0.845064544677734
20170308154924453,-2.57290420532227
20170308154924454,-1.45138320922852
20170308154924455,0.791658782958984
20170308154924456,-2.85519180297852
20170308154924457,-1.26064834594727
20170308154924458,0.600923919677734
20170308154924459,-2.75600967407227
20170308154924460,-1.10043106079102
20170308154924461,0.791658782958984
20170308154924462,-2.91622695922852
20170308154924463,-0.978360748291016
20170308154924464,0.600923919677734
20170308154924465,-2.98489151000977
20170308154924466,-0.558744049072266
20170308154924467,0.471224212646484
20170308154924468,-2.89333877563477
20170308154924469,-0.436673736572266
20170308154924470,0.211824798583984
20170308154924471,-2.91622695922852
20170308154924472,-0.352750396728516
20170308154924473,0.0134605407714844
20170308154924474,-2.93911514282227
20170308154924475,-0.146756744384766
20170308154924476,-0.162015533447266
20170308154924477,-2.91622695922852
20170308154924478,-0.0628334045410156
20170308154924479,-0.154386138916016
20170308154924480,-2.85519180297852
20170308154924481,0.112642669677734
20170308154924482,-0.368009185791016
20170308154924483,-2.82467422485352
20170308154924484,0.173677825927734
20170308154924485,-0.497708892822266
20170308154924486,-2.87807998657227
20170308154924487,0.356783294677734
20170308154924488,-0.574002838134766
20170308154924489,-2.86282119750977
20170308154924490,0.539888763427734
20170308154924491,-0.779996490478516
20170308154924492,-2.77889785766602
20170308154924493,0.799288177490234
20170308154924494,-1.05465469360352
20170308154924495,-2.74075088500977
20170308154924496,0.990023040771484
20170308154924497,-1.15383682250977
20170308154924498,-2.63393936157227
20170308154924499,0.784029388427734
20170308154924500,-1.25301895141602
20170308154924501,-2.58816299438477
20170308154924502,0.928987884521484
20170308154924503,-1.56582412719727
20170308154924504,-2.51949844360352
20170308154924505,0.982393646240234
20170308154924506,-1.43612442016602
20170308154924507,-2.51949844360352
20170308154924508,0.784029388427734
20170308154924509,-1.43612442016602
20170308154924510,-2.40505752563477
20170308154924511,0.814546966552734
20170308154924512,-1.71841201782227
20170308154924513,-2.27535781860352
20170308154924514,0.768770599365234
20170308154924515,-1.84811172485352
20170308154924516,-2.16854629516602
20170308154924517,0.661959075927734
20170308154924518,-1.74892959594727
20170308154924519,-2.29824600219727
20170308154924520,0.814546966552734
20170308154924521,-1.86337051391602
20170308154924522,-2.23721084594727
20170308154924523,0.837435150146484
20170308154924524,-2.00832901000977
20170308154924525,-2.21432266235352
20170308154924526,0.692476654052734
20170308154924527,-1.84048233032227
20170308154924528,-2.26772842407227
20170308154924529,0.600923919677734
20170308154924530,-1.68026504516602
20170308154924531,-2.46609268188477
20170308154924532,0.928987884521484
20170308154924533,-1.55056533813477
20170308154924534,-2.45083389282227
20170308154924535,0.745882415771484
20170308154924536,-1.33694229125977
20170308154924537,-2.61868057250977
20170308154924538,0.974764251708984
20170308154924539,-1.21487197875977
20170308154924540,-2.59579238891602
20170308154924541,0.768770599365234
20170308154924542,-1.14620742797852
20170308154924543,-2.62630996704102
20170308154924544,1.05868759155273
20170308154924545,-1.29879531860352
20170308154924546,-2.55764541625977
20170308154924547,0.867952728271484
20170308154924548,-1.33694229125977
20170308154924549,-2.49661026000977
20170308154924550,0.753511810302734
20170308154924551,-1.32931289672852
20170308154924552,-2.55764541625977
20170308154924553,0.951876068115234
20170308154924554,-1.30642471313477
20170308154924555,-2.52712783813477
20170308154924556,1.04342880249023
20170308154924557,-1.43612442016602
20170308154924558,-2.49661026000977
20170308154924559,0.791658782958984
20170308154924560,-1.39034805297852
20170308154924561,-2.45083389282227
20170308154924562,1.01291122436523
20170308154924563,-1.55056533813477
20170308154924564,-2.55001602172852
20170308154924565,0.997652435302734
20170308154924566,-1.42086563110352
20170308154924567,-2.51949844360352
20170308154924568,0.822176361083984
20170308154924569,-1.46664199829102
20170308154924570,-2.54238662719727
20170308154924571,0.852693939208984
20170308154924572,-1.64974746704102
20170308154924573,-2.34402236938477
20170308154924574,0.753511810302734
20170308154924575,-1.60397109985352
20170308154924576,-2.25246963500977
20170308154924577,0.822176361083984
20170308154924578,-1.66500625610352
20170308154924579,-2.21432266235352
20170308154924580,0.959505462646484
20170308154924581,-1.80233535766602
20170308154924582,-1.95492324829102
20170308154924583,0.921358489990234
20170308154924584,-2.29061660766602
20170308154924585,-1.83285293579102
20170308154924586,0.784029388427734
20170308154924587,-2.46609268188477
20170308154924588,-1.39797744750977
20170308154924589,0.776399993896484
20170308154924590,-2.64919815063477
20170308154924591,-1.33694229125977
20170308154924592,0.730623626708984
20170308154924593,-2.86282119750977
20170308154924594,-1.21487197875977
20170308154924595,0.623812103271484
20170308154924596,-2.93911514282227
20170308154924597,-0.802884674072266
20170308154924598,0.562776947021484
20170308154924599,-2.87045059204102
20170308154924600,-0.650296783447266
20170308154924601,0.410189056396484
20170308154924602,-2.93148574829102
20170308154924603,-0.734220123291016
20170308154924604,0.341524505615234
20170308154924605,-2.93911514282227
20170308154924606,-0.429044342041016
20170308154924607,0.433077239990234
20170308154924608,-2.93911514282227
20170308154924609,-0.444303131103516
20170308154924610,0.105013275146484
20170308154924611,-2.95437393188477
20170308154924612,-0.306974029541016
20170308154924613,-0.0399452209472656
20170308154924614,-2.87807998657227
20170308154924615,0.0058311462402344
20170308154924616,-0.139127349853516
20170308154924617,-2.80178604125977
20170308154924618,-0.0170570373535156
20170308154924619,-0.184903717041016
20170308154924620,-2.77126846313477
20170308154924621,0.234712982177734
20170308154924622,-0.474820709228516
20170308154924623,-2.85519180297852
20170308154924624,0.578035736083984
20170308154924625,-0.741849517822266
20170308154924626,-2.78652725219727
20170308154924627,0.738253021240234
20170308154924628,-0.909696197509766
20170308154924629,-2.80941543579102
20170308154924630,0.753511810302734
20170308154924631,-0.940213775634766
20170308154924632,-2.71786270141602
20170308154924633,0.814546966552734
20170308154924634,-1.00887832641602
20170308154924635,-2.73312149047852
20170308154924636,0.951876068115234
20170308154924637,-1.29879531860352
20170308154924638,-2.60342178344727
20170308154924639,0.784029388427734
20170308154924640,-1.23776016235352
20170308154924641,-2.62630996704102
20170308154924642,0.837435150146484
20170308154924643,-1.41323623657227
20170308154924644,-2.42031631469727
20170308154924645,0.806917572021484
20170308154924646,-1.48190078735352
20170308154924647,-2.58816299438477
20170308154924648,0.776399993896484
20170308154924649,-1.29879531860352
20170308154924650,-2.59579238891602
20170308154924651,0.921358489990234
20170308154924652,-1.39797744750977
20170308154924653,-2.57290420532227
20170308154924654,0.799288177490234
20170308154924655,-1.42086563110352
20170308154924656,-2.51949844360352
20170308154924657,0.791658782958984
20170308154924658,-1.60397109985352
20170308154924659,-2.35928115844727
20170308154924660,0.799288177490234
20170308154924661,-1.71078262329102
20170308154924662,-2.37453994750977
20170308154924663,0.631441497802734
20170308154924664,-1.63448867797852
20170308154924665,-2.34402236938477
20170308154924666,0.776399993896484
20170308154924667,-1.74892959594727
20170308154924668,-2.33639297485352
20170308154924669,0.738253021240234
20170308154924670,-1.78707656860352
20170308154924671,-2.15328750610352
20170308154924672,0.631441497802734
20170308154924673,-1.96255264282227
20170308154924674,-2.21432266235352
20170308154924675,0.585665130615234
20170308154924676,-2.03121719360352
20170308154924677,-2.06936416625977
20170308154924678,0.738253021240234
20170308154924679,-2.14565811157227
20170308154924680,-2.06936416625977
20170308154924681,0.623812103271484
20170308154924682,-1.94729385375977
20170308154924683,-2.12276992797852
20170308154924684,0.707735443115234
20170308154924685,-2.12276992797852
20170308154924686,-2.11514053344727
20170308154924687,0.593294525146484
20170308154924688,-2.06936416625977
20170308154924689,-2.15328750610352
20170308154924690,0.829805755615234
20170308154924691,-1.97781143188477
20170308154924692,-2.05410537719727
20170308154924693,0.700106048583984
20170308154924694,-2.19143447875977
20170308154924695,-2.10751113891602
20170308154924696,0.707735443115234
20170308154924697,-2.15328750610352
20170308154924698,-1.95492324829102
20170308154924699,0.639070892333984
20170308154924700,-2.07699356079102
20170308154924701,-2.09225234985352
20170308154924702,0.692476654052734
20170308154924703,-1.93966445922852
20170308154924704,-2.12276992797852
20170308154924705,0.539888763427734
20170308154924706,-2.02358779907227
20170308154924707,-1.98544082641602
20170308154924708,0.722994232177734
20170308154924709,-2.15328750610352
20170308154924710,-1.88625869750977
20170308154924711,0.768770599365234
20170308154924712,-2.29824600219727
20170308154924713,-1.81759414672852
20170308154924714,0.745882415771484
20170308154924715,-2.41268692016602
20170308154924716,-1.68789443969727
20170308154924717,0.890840911865234
20170308154924718,-2.38216934204102
20170308154924719,-1.61160049438477
20170308154924720,0.684847259521484
20170308154924721,-2.55001602172852
20170308154924722,-1.49715957641602
20170308154924723,0.715364837646484
20170308154924724,-2.61105117797852
20170308154924725,-1.32168350219727
20170308154924726,0.669588470458984
20170308154924727,-2.83230361938477
20170308154924728,-1.20724258422852
20170308154924729,0.600923919677734
20170308154924730,-2.96963272094727
20170308154924731,-0.841031646728516
20170308154924732,0.463594818115234
20170308154924733,-2.94674453735352
20170308154924734,-0.657926177978516
20170308154924735,0.326265716552734
20170308154924736,-2.96963272094727
20170308154924737,-0.512967681884766
20170308154924738,0.425447845458984
20170308154924739,-2.90859756469727
20170308154924740,-0.306974029541016
20170308154924741,0.0287193298339844
20170308154924742,-2.84756240844727
20170308154924743,-0.0933509826660156
20170308154924744,-0.192533111572266
20170308154924745,-2.92385635375977
20170308154924746,0.280489349365234
20170308154924747,-0.512967681884766
20170308154924748,-2.85519180297852
20170308154924749,0.555147552490234
20170308154924750,-0.718961334228516
20170308154924751,-2.91622695922852
20170308154924752,0.631441497802734
20170308154924753,-0.879178619384766
20170308154924754,-2.80941543579102
20170308154924755,0.669588470458984
20170308154924756,-1.02413711547852
20170308154924757,-2.76363906860352
20170308154924758,0.928987884521484
20170308154924759,-1.26827774047852
20170308154924760,-2.64919815063477
20170308154924761,0.822176361083984
20170308154924762,-1.37508926391602
20170308154924763,-2.54238662719727
20170308154924764,0.761141204833984
20170308154924765,-1.70315322875977
20170308154924766,-2.44320449829102
20170308154924767,0.768770599365234
20170308154924768,-1.85574111938477
20170308154924769,-2.35928115844727
20170308154924770,0.715364837646484
20170308154924771,-1.88625869750977
20170308154924772,-2.19906387329102
20170308154924773,0.776399993896484
20170308154924774,-1.99307022094727
20170308154924775,-2.06936416625977
20170308154924776,0.677217864990234
20170308154924777,-2.17617568969727
20170308154924778,-1.87862930297852
20170308154924779,0.829805755615234
20170308154924780,-2.30587539672852
20170308154924781,-1.67263565063477
20170308154924782,0.684847259521484
20170308154924783,-2.32876358032227
20170308154924784,-1.77181777954102
20170308154924785,0.799288177490234
20170308154924786,-2.40505752563477
20170308154924787,-1.51241836547852
20170308154924788,0.822176361083984
20170308154924789,-2.51949844360352
20170308154924790,-1.45138320922852
20170308154924791,0.555147552490234
20170308154924792,-2.45846328735352
20170308154924793,-1.53530654907227
20170308154924794,0.677217864990234
20170308154924795,-2.41268692016602
20170308154924796,-1.52004776000977
20170308154924797,0.700106048583984
20170308154924798,-2.61105117797852
20170308154924799,-1.42086563110352
20170308154924800,0.631441497802734
20170308154924801,-2.78652725219727
20170308154924802,-1.38271865844727
20170308154924803,0.600923919677734
20170308154924804,-2.57290420532227
20170308154924805,-1.45901260375977
20170308154924806,0.654329681396484
20170308154924807,-2.69497451782227
20170308154924808,-1.29879531860352
20170308154924809,0.669588470458984
20170308154924810,-2.90096817016602
20170308154924811,-1.25301895141602
20170308154924812,0.700106048583984
20170308154924813,-2.91622695922852
20170308154924814,-1.13094863891602
20170308154924815,0.631441497802734
20170308154924816,-2.87807998657227
20170308154924817,-1.16146621704102
20170308154924818,0.455965423583984
20170308154924819,-2.92385635375977
20170308154924820,-1.24538955688477
20170308154924821,0.578035736083984
20170308154924822,-2.95437393188477
20170308154924823,-1.23776016235352
20170308154924824,0.455965423583984
20170308154924825,-2.88570938110352
20170308154924826,-1.16909561157227
20170308154924827,0.547518157958984
20170308154924828,-2.73312149047852
20170308154924829,-1.32168350219727
20170308154924830,0.623812103271484
20170308154924831,-2.80941543579102
20170308154924832,-1.24538955688477
20170308154924833,0.585665130615234
20170308154924834,-2.85519180297852
20170308154924835,-1.16909561157227
20170308154924836,0.471224212646484
20170308154924837,-2.87045059204102
20170308154924838,-1.06228408813477
20170308154924839,0.570406341552734
20170308154924840,-2.98489151000977
20170308154924841,-0.970731353759766
20170308154924842,0.410189056396484
20170308154924843,-2.93911514282227
20170308154924844,-0.963101959228516
20170308154924845,0.585665130615234
20170308154924846,-2.96963272094727
20170308154924847,-0.978360748291016
20170308154924848,0.387300872802734
20170308154924849,-2.90096817016602
20170308154924850,-0.894437408447266
20170308154924851,0.372042083740234
20170308154924852,-2.97726211547852
20170308154924853,-0.779996490478516
20170308154924854,0.417818450927734
20170308154924855,-2.93911514282227
20170308154924856,-0.894437408447266
20170308154924857,0.600923919677734
20170308154924858,-2.97726211547852
20170308154924859,-0.848661041259766
20170308154924860,0.372042083740234
20170308154924861,-2.93148574829102
20170308154924862,-0.841031646728516
20170308154924863,0.600923919677734
20170308154924864,-2.94674453735352
20170308154924865,-0.795255279541016
20170308154924866,0.379671478271484
20170308154924867,-2.97726211547852
20170308154924868,-0.680814361572266
20170308154924869,0.433077239990234
20170308154924870,-2.99252090454102
20170308154924871,-0.406156158447266
20170308154924872,0.0668663024902344
20170308154924873,-2.93911514282227
20170308154924874,-0.322232818603516
20170308154924875,-0.123868560791016
20170308154924876,-2.96963272094727
20170308154924877,0.105013275146484
20170308154924878,-0.169644927978516
20170308154924879,-2.86282119750977
20170308154924880,0.249971771240234
20170308154924881,-0.566373443603516
20170308154924882,-2.90859756469727
20170308154924883,0.517000579833984
20170308154924884,-0.947843170166016
20170308154924885,-2.93911514282227
20170308154924886,0.448336029052734
20170308154924887,-0.779996490478516
20170308154924888,-2.82467422485352
20170308154924889,0.578035736083984
20170308154924890,-0.894437408447266
20170308154924891,-2.89333877563477
20170308154924892,0.616182708740234
20170308154924893,-0.970731353759766
20170308154924894,-2.83230361938477
20170308154924895,0.898470306396484
20170308154924896,-1.29116592407227
20170308154924897,-2.68734512329102
20170308154924898,1.00528182983398
20170308154924899,-1.42849502563477
20170308154924900,-2.49661026000977
20170308154924901,0.867952728271484
20170308154924902,-1.84811172485352
20170308154924903,-2.20669326782227
20170308154924904,0.898470306396484
20170308154924905,-2.02358779907227
20170308154924906,-2.03121719360352
20170308154924907,0.806917572021484
20170308154924908,-2.32876358032227
20170308154924909,-1.69552383422852
20170308154924910,0.707735443115234
20170308154924911,-2.29061660766602
20170308154924912,-1.69552383422852
20170308154924913,0.860323333740234
20170308154924914,-2.55764541625977
20170308154924915,-1.41323623657227
20170308154924916,0.616182708740234
20170308154924917,-2.74838027954102
20170308154924918,-1.38271865844727
20170308154924919,0.776399993896484
20170308154924920,-2.70260391235352
20170308154924921,-1.41323623657227
20170308154924922,0.631441497802734
20170308154924923,-2.81704483032227
20170308154924924,-1.13857803344727
20170308154924925,0.585665130615234
20170308154924926,-2.94674453735352
20170308154924927,-0.909696197509766
20170308154924928,0.654329681396484
20170308154924929,-2.90859756469727
20170308154924930,-0.940213775634766
20170308154924931,0.517000579833984
20170308154924932,-2.96200332641602
20170308154924933,-0.833402252197266
20170308154924934,0.372042083740234
20170308154924935,-2.99252090454102
20170308154924936,-0.604520416259766
20170308154924937,0.234712982177734
20170308154924938,-2.96963272094727
20170308154924939,-0.429044342041016
20170308154924940,0.112642669677734
20170308154924941,-3.00015029907227
20170308154924942,-0.345121002197266
20170308154924943,0.0134605407714844
20170308154924944,-2.95437393188477
20170308154924945,-0.261197662353516
20170308154924946,0.0287193298339844
20170308154924947,-2.92385635375977
20170308154924948,-0.192533111572266
20170308154924949,-0.207791900634766
20170308154924950,-2.95437393188477
20170308154924951,-0.0933509826660156
20170308154924952,-0.284085845947266
20170308154924953,-2.89333877563477
20170308154924954,-0.230680084228516
20170308154924955,-0.123868560791016
20170308154924956,-2.87045059204102
20170308154924957,-0.215421295166016
20170308154924958,-0.207791900634766
20170308154924959,-2.89333877563477
20170308154924960,-0.0933509826660156
20170308154924961,-0.123868560791016
20170308154924962,-2.88570938110352
20170308154924963,-0.322232818603516
20170308154924964,-0.123868560791016
20170308154924965,-2.92385635375977
20170308154924966,-0.154386138916016
20170308154924967,-0.139127349853516
20170308154924968,-2.93148574829102
20170308154924969,-0.284085845947266
20170308154924970,-0.230680084228516
20170308154924971,-2.92385635375977
20170308154924972,-0.146756744384766
20170308154924973,-0.352750396728516
20170308154924974,-2.95437393188477
20170308154924975,-0.0094276428222656
20170308154924976,-0.177274322509766
20170308154924977,-2.89333877563477
20170308154924978,0.0210899353027344
20170308154924979,-0.413785552978516
20170308154924980,-2.85519180297852
20170308154924981,0.242342376708984
20170308154924982,-0.436673736572266
20170308154924983,-2.85519180297852
20170308154924984,0.356783294677734
20170308154924985,-0.551114654541016
20170308154924986,-2.92385635375977
20170308154924987,0.288118743896484
20170308154924988,-0.444303131103516
20170308154924989,-2.85519180297852
20170308154924990,0.211824798583984
20170308154924991,-0.490079498291016
20170308154924992,-2.87045059204102
20170308154924993,0.333895111083984
20170308154924994,-0.596891021728516
20170308154924995,-2.80941543579102
20170308154924996,0.394930267333984
20170308154924997,-0.520597076416016
20170308154924998,-2.85519180297852
20170308154924999,0.547518157958984
20170308154925000,-0.833402252197266
20170308154925001,-2.80941543579102
20170308154925002,0.364412689208984
20170308154925003,-0.589261627197266
20170308154925004,-2.88570938110352
20170308154925005,0.410189056396484
20170308154925006,-0.474820709228516
20170308154925007,-2.77889785766602
20170308154925008,0.417818450927734
20170308154925009,-0.696073150634766
20170308154925010,-2.73312149047852
20170308154925011,0.455965423583984
20170308154925012,-0.749478912353516
20170308154925013,-2.85519180297852
20170308154925014,0.501741790771484
20170308154925015,-0.497708892822266
20170308154925016,-2.78652725219727
20170308154925017,0.455965423583984
20170308154925018,-0.764737701416016
20170308154925019,-2.90859756469727
20170308154925020,0.425447845458984
20170308154925021,-0.787625885009766
20170308154925022,-2.90096817016602
20170308154925023,0.471224212646484
20170308154925024,-0.810514068603516
20170308154925025,-2.85519180297852
20170308154925026,0.639070892333984
20170308154925027,-0.779996490478516
20170308154925028,-2.82467422485352
20170308154925029,0.425447845458984
20170308154925030,-0.627408599853516
20170308154925031,-2.80178604125977
20170308154925032,0.455965423583984
20170308154925033,-0.566373443603516
20170308154925034,-2.80941543579102
20170308154925035,0.311006927490234
20170308154925036,-0.657926177978516
20170308154925037,-2.87045059204102
20170308154925038,0.692476654052734
20170308154925039,-0.871549224853516
20170308154925040,-2.80941543579102
20170308154925041,0.562776947021484
20170308154925042,-0.940213775634766
20170308154925043,-2.86282119750977
20170308154925044,0.730623626708984
20170308154925045,-0.955472564697266
20170308154925046,-2.79415664672852
20170308154925047,0.913729095458984
20170308154925048,-1.08517227172852
20170308154925049,-2.78652725219727
20170308154925050,0.700106048583984
20170308154925051,-1.00124893188477
20170308154925052,-2.83993301391602
20170308154925053,0.806917572021484
20170308154925054,-1.15383682250977
20170308154925055,-2.63393936157227
20170308154925056,0.784029388427734
20170308154925057,-1.35983047485352
20170308154925058,-2.66445693969727
20170308154925059,0.875582122802734
20170308154925060,-1.57345352172852
20170308154925061,-2.51949844360352
20170308154925062,0.753511810302734
20170308154925063,-1.75655899047852
20170308154925064,-2.29061660766602
20170308154925065,0.722994232177734
20170308154925066,-2.03121719360352
20170308154925067,-1.97018203735352
20170308154925068,0.875582122802734
20170308154925069,-2.11514053344727
20170308154925070,-1.87862930297852
20170308154925071,0.753511810302734
20170308154925072,-2.34402236938477
20170308154925073,-1.55819473266602
20170308154925074,0.875582122802734
20170308154925075,-2.39742813110352
20170308154925076,-1.63448867797852
20170308154925077,0.745882415771484
20170308154925078,-2.37453994750977
20170308154925079,-1.57345352172852
20170308154925080,0.661959075927734
20170308154925081,-2.66445693969727
20170308154925082,-1.29879531860352
20170308154925083,0.661959075927734
20170308154925084,-2.81704483032227
20170308154925085,-1.35220108032227
20170308154925086,0.639070892333984
20170308154925087,-2.72549209594727
20170308154925088,-1.18435440063477
20170308154925089,0.517000579833984
20170308154925090,-2.77889785766602
20170308154925091,-1.07754287719727
20170308154925092,0.555147552490234
20170308154925093,-2.91622695922852
20170308154925094,-0.772367095947266
20170308154925095,0.387300872802734
20170308154925096,-2.94674453735352
20170308154925097,-0.650296783447266
20170308154925098,0.326265716552734
20170308154925099,-2.99252090454102
20170308154925100,-0.497708892822266
20170308154925101,0.105013275146484
20170308154925102,-3.09933242797852
20170308154925103,-0.368009185791016
20170308154925104,-0.0857215881347656
20170308154925105,-3.05355606079102
20170308154925106,-0.223050689697266
20170308154925107,-0.230680084228516
20170308154925108,-2.98489151000977
20170308154925109,-0.177274322509766
20170308154925110,-0.146756744384766
20170308154925111,-2.96963272094727
20170308154925112,-0.253568267822266
20170308154925113,0.0668663024902344
20170308154925114,-2.98489151000977
20170308154925115,-0.261197662353516
20170308154925116,-0.139127349853516
20170308154925117,-2.95437393188477
20170308154925118,-0.0475746154785156
20170308154925119,-0.345121002197266
20170308154925120,-2.95437393188477
20170308154925121,0.196566009521484
20170308154925122,-0.322232818603516
20170308154925123,-2.93911514282227
20170308154925124,-0.0780921936035156
20170308154925125,-0.192533111572266
20170308154925126,-2.96963272094727
20170308154925127,-0.0552040100097656
20170308154925128,-0.108609771728516
20170308154925129,-2.91622695922852
20170308154925130,-0.131497955322266
20170308154925131,-0.0628334045410156
20170308154925132,-2.90859756469727
20170308154925133,0.0363487243652344
20170308154925134,-0.383267974853516
20170308154925135,-2.90096817016602
20170308154925136,0.181307220458984
20170308154925137,-0.490079498291016
20170308154925138,-2.88570938110352
20170308154925139,0.120272064208984
20170308154925140,-0.207791900634766
20170308154925141,-2.86282119750977
20170308154925142,-0.0780921936035156
20170308154925143,-0.261197662353516
20170308154925144,-2.86282119750977
20170308154925145,0.0821250915527344
20170308154925146,-0.329862213134766
20170308154925147,-2.96200332641602
20170308154925148,-0.0475746154785156
20170308154925149,-0.253568267822266
20170308154925150,-2.93148574829102
20170308154925151,0.166048431396484
20170308154925152,-0.0933509826660156
20170308154925153,-2.88570938110352
20170308154925154,-0.0170570373535156
20170308154925155,-0.299344635009766
20170308154925156,-2.89333877563477
20170308154925157,0.0668663024902344
20170308154925158,-0.345121002197266
20170308154925159,-2.87045059204102
20170308154925160,0.135530853271484
20170308154925161,-0.345121002197266
20170308154925162,-2.88570938110352
20170308154925163,0.486483001708984
20170308154925164,-0.535855865478516
20170308154925165,-2.86282119750977
20170308154925166,0.417818450927734
20170308154925167,-0.574002838134766
20170308154925168,-2.87807998657227
20170308154925169,0.341524505615234
20170308154925170,-0.718961334228516
20170308154925171,-2.87045059204102
20170308154925172,0.631441497802734
20170308154925173,-0.841031646728516
20170308154925174,-2.85519180297852
20170308154925175,0.707735443115234
20170308154925176,-0.955472564697266
20170308154925177,-2.83230361938477
20170308154925178,0.539888763427734
20170308154925179,-0.924954986572266
20170308154925180,-2.92385635375977
20170308154925181,0.593294525146484
20170308154925182,-0.985990142822266
20170308154925183,-2.87045059204102
20170308154925184,0.791658782958984
20170308154925185,-1.16909561157227
20170308154925186,-2.59579238891602
20170308154925187,0.990023040771484
20170308154925188,-1.42849502563477
20170308154925189,-2.46609268188477
20170308154925190,0.784029388427734
20170308154925191,-1.63448867797852
20170308154925192,-2.48898086547852
20170308154925193,0.730623626708984
20170308154925194,-1.73367080688477
20170308154925195,-2.46609268188477
20170308154925196,0.722994232177734
20170308154925197,-1.80996475219727
20170308154925198,-2.24484024047852
20170308154925199,0.631441497802734
20170308154925200,-1.96255264282227
20170308154925201,-2.15328750610352
20170308154925202,0.722994232177734
20170308154925203,-2.01595840454102
20170308154925204,-2.09988174438477
20170308154925205,0.814546966552734
20170308154925206,-2.20669326782227
20170308154925207,-1.93203506469727
20170308154925208,0.562776947021484
20170308154925209,-2.06173477172852
20170308154925210,-1.88625869750977
20170308154925211,0.684847259521484
20170308154925212,-2.38216934204102
20170308154925213,-1.61160049438477
20170308154925214,0.730623626708984
20170308154925215,-2.81704483032227
20170308154925216,-1.19961318969727
20170308154925217,0.631441497802734
20170308154925218,-3.00015029907227
20170308154925219,-1.16909561157227
20170308154925220,0.448336029052734
20170308154925221,-3.02303848266602
20170308154925222,-1.09280166625977
20170308154925223,0.433077239990234
20170308154925224,-3.00777969360352
20170308154925225,-1.11568984985352
20170308154925226,0.410189056396484
20170308154925227,-2.96200332641602
20170308154925228,-1.06228408813477
20170308154925229,0.478853607177734
20170308154925230,-2.90859756469727
20170308154925231,-1.06991348266602
20170308154925232,0.410189056396484
20170308154925233,-3.01540908813477
20170308154925234,-0.955472564697266
20170308154925235,0.349153900146484
20170308154925236,-3.02303848266602
20170308154925237,-0.787625885009766
20170308154925238,0.288118743896484
20170308154925239,-2.95437393188477
20170308154925240,-0.688443756103516
20170308154925241,0.341524505615234
20170308154925242,-2.90859756469727
20170308154925243,-0.482450103759766
20170308154925244,0.120272064208984
20170308154925245,-2.95437393188477
20170308154925246,-0.406156158447266
20170308154925247,0.150789642333984
20170308154925248,-2.98489151000977
20170308154925249,-0.299344635009766
20170308154925250,-0.0704627990722656
20170308154925251,-2.93148574829102
20170308154925252,-0.177274322509766
20170308154925253,-0.192533111572266
20170308154925254,-3.03066787719727
20170308154925255,-0.146756744384766
20170308154925256,-0.253568267822266
20170308154925257,-2.95437393188477
20170308154925258,-0.100980377197266
20170308154925259,-0.345121002197266
20170308154925260,-2.89333877563477
20170308154925261,0.181307220458984
20170308154925262,-0.505338287353516
20170308154925263,-2.91622695922852
20170308154925264,0.0821250915527344
20170308154925265,-0.482450103759766
20170308154925266,-2.95437393188477
20170308154925267,0.150789642333984
20170308154925268,-0.665555572509766
20170308154925269,-2.94674453735352
20170308154925270,0.181307220458984
20170308154925271,-0.551114654541016
20170308154925272,-2.88570938110352
20170308154925273,0.303377532958984
20170308154925274,-0.673184967041016
20170308154925275,-2.86282119750977
20170308154925276,0.524629974365234
20170308154925277,-0.856290435791016
20170308154925278,-2.82467422485352
20170308154925279,0.539888763427734
20170308154925280,-0.924954986572266
20170308154925281,-2.89333877563477
20170308154925282,0.532259368896484
20170308154925283,-0.871549224853516
20170308154925284,-2.83230361938477
20170308154925285,0.776399993896484
20170308154925286,-0.886808013916016
20170308154925287,-2.85519180297852
20170308154925288,0.677217864990234
20170308154925289,-1.06991348266602
20170308154925290,-2.77126846313477
20170308154925291,0.814546966552734
20170308154925292,-1.24538955688477
20170308154925293,-2.65682754516602
20170308154925294,0.707735443115234
20170308154925295,-1.31405410766602
20170308154925296,-2.62630996704102
20170308154925297,0.730623626708984
20170308154925298,-1.27590713500977
20170308154925299,-2.55001602172852
20170308154925300,0.936617279052734
20170308154925301,-1.53530654907227
20170308154925302,-2.51186904907227
20170308154925303,0.730623626708984
20170308154925304,-1.69552383422852
20170308154925305,-2.48135147094727
20170308154925306,0.623812103271484
20170308154925307,-1.60397109985352
20170308154925308,-2.39742813110352
20170308154925309,0.829805755615234
20170308154925310,-1.77944717407227
20170308154925311,-2.16854629516602
20170308154925312,0.631441497802734
20170308154925313,-2.06936416625977
20170308154925314,-2.19143447875977
20170308154925315,0.707735443115234
20170308154925316,-2.03884658813477
20170308154925317,-2.06936416625977
20170308154925318,0.692476654052734
20170308154925319,-2.27535781860352
20170308154925320,-1.78707656860352
20170308154925321,0.639070892333984
20170308154925322,-2.35928115844727
20170308154925323,-1.64211807250977
20170308154925324,0.715364837646484
20170308154925325,-2.47372207641602
20170308154925326,-1.46664199829102
20170308154925327,0.761141204833984
20170308154925328,-2.68734512329102
20170308154925329,-1.41323623657227
20170308154925330,0.539888763427734
20170308154925331,-2.46609268188477
20170308154925332,-1.42849502563477
20170308154925333,0.608553314208984
20170308154925334,-2.77889785766602
20170308154925335,-1.37508926391602
20170308154925336,0.478853607177734
20170308154925337,-2.80178604125977
20170308154925338,-1.26064834594727
20170308154925339,0.692476654052734
20170308154925340,-3.00015029907227
20170308154925341,-0.734220123291016
20170308154925342,0.417818450927734
20170308154925343,-2.99252090454102
20170308154925344,-0.497708892822266
20170308154925345,0.143160247802734
20170308154925346,-2.99252090454102
20170308154925347,-0.482450103759766
20170308154925348,0.0363487243652344
20170308154925349,-2.97726211547852
20170308154925350,-0.329862213134766
20170308154925351,-0.146756744384766
20170308154925352,-2.98489151000977
20170308154925353,-0.169644927978516
20170308154925354,-0.337491607666016
20170308154925355,-2.96963272094727
20170308154925356,0.120272064208984
20170308154925357,-0.436673736572266
20170308154925358,-2.86282119750977
20170308154925359,0.593294525146484
20170308154925360,-0.612149810791016
20170308154925361,-2.87807998657227
20170308154925362,0.517000579833984
20170308154925363,-0.879178619384766
20170308154925364,-2.84756240844727
20170308154925365,0.906099700927734
20170308154925366,-1.06991348266602
20170308154925367,-2.85519180297852
20170308154925368,0.677217864990234
20170308154925369,-1.07754287719727
20170308154925370,-2.72549209594727
20170308154925371,0.806917572021484
20170308154925372,-1.09280166625977
20170308154925373,-2.75600967407227
20170308154925374,0.913729095458984
20170308154925375,-1.37508926391602
20170308154925376,-2.58053359985352
20170308154925377,0.829805755615234
20170308154925378,-1.62685928344727
20170308154925379,-2.43557510375977
20170308154925380,0.722994232177734
20170308154925381,-1.65737686157227
20170308154925382,-2.48898086547852
20170308154925383,0.822176361083984
20170308154925384,-1.82522354125977
20170308154925385,-2.32113418579102
20170308154925386,0.654329681396484
20170308154925387,-1.74130020141602
20170308154925388,-2.29824600219727
20170308154925389,0.669588470458984
20170308154925390,-1.81759414672852
20170308154925391,-2.18380508422852
20170308154925392,0.875582122802734
20170308154925393,-2.20669326782227
20170308154925394,-1.94729385375977
20170308154925395,0.722994232177734
20170308154925396,-2.25246963500977
20170308154925397,-1.87099990844727
20170308154925398,0.646700286865234
20170308154925399,-2.23721084594727
20170308154925400,-1.82522354125977
20170308154925401,0.692476654052734
20170308154925402,-2.31350479125977
20170308154925403,-1.81759414672852
20170308154925404,0.646700286865234
20170308154925405,-2.24484024047852
20170308154925406,-1.70315322875977
20170308154925407,0.700106048583984
20170308154925408,-2.27535781860352
20170308154925409,-1.90151748657227
20170308154925410,0.661959075927734
20170308154925411,-2.15328750610352
20170308154925412,-1.94729385375977
20170308154925413,0.623812103271484
20170308154925414,-2.19143447875977
20170308154925415,-1.87862930297852
20170308154925416,0.608553314208984
20170308154925417,-2.08462295532227
20170308154925418,-1.98544082641602
20170308154925419,0.715364837646484
20170308154925420,-2.03884658813477
20170308154925421,-2.03884658813477
20170308154925422,0.585665130615234
20170308154925423,-1.93203506469727
20170308154925424,-2.19906387329102
20170308154925425,0.600923919677734
20170308154925426,-1.96255264282227
20170308154925427,-2.05410537719727
20170308154925428,0.852693939208984
20170308154925429,-2.05410537719727
20170308154925430,-1.99307022094727
20170308154925431,0.600923919677734
20170308154925432,-2.30587539672852
20170308154925433,-1.70315322875977
20170308154925434,0.730623626708984
20170308154925435,-2.47372207641602
20170308154925436,-1.67263565063477
20170308154925437,0.753511810302734
20170308154925438,-2.53475723266602
20170308154925439,-1.60397109985352
20170308154925440,0.684847259521484
20170308154925441,-2.52712783813477
20170308154925442,-1.52767715454102
20170308154925443,0.791658782958984
20170308154925444,-2.52712783813477
20170308154925445,-1.58871231079102
20170308154925446,0.631441497802734
20170308154925447,-2.64919815063477
20170308154925448,-1.45138320922852
20170308154925449,0.669588470458984
20170308154925450,-2.70260391235352
20170308154925451,-1.42086563110352
20170308154925452,0.539888763427734
20170308154925453,-2.76363906860352
20170308154925454,-1.26827774047852
20170308154925455,0.524629974365234
20170308154925456,-2.94674453735352
20170308154925457,-1.03176651000977
20170308154925458,0.539888763427734
20170308154925459,-2.98489151000977
20170308154925460,-0.833402252197266
20170308154925461,0.440706634521484
20170308154925462,-2.92385635375977
20170308154925463,-0.718961334228516
20170308154925464,0.257601165771484
20170308154925465,-3.00015029907227
20170308154925466,-0.787625885009766
20170308154925467,0.372042083740234
20170308154925468,-3.01540908813477
20170308154925469,-0.635037994384766
20170308154925470,0.158419036865234
20170308154925471,-2.93148574829102
20170308154925472,-0.436673736572266
20170308154925473,0.0897544860839844
20170308154925474,-2.96200332641602
20170308154925475,-0.245938873291016
20170308154925476,-0.0704627990722656
20170308154925477,-2.93148574829102
20170308154925478,-0.139127349853516
20170308154925479,-0.299344635009766
20170308154925480,-2.95437393188477
20170308154925481,0.509371185302734
20170308154925482,-0.787625885009766
20170308154925483,-2.93148574829102
20170308154925484,0.425447845458984
20170308154925485,-0.680814361572266
20170308154925486,-2.93911514282227
20170308154925487,0.654329681396484
20170308154925488,-0.947843170166016
20170308154925489,-2.79415664672852
20170308154925490,0.898470306396484
20170308154925491,-1.29116592407227
20170308154925492,-2.61105117797852
20170308154925493,0.890840911865234
20170308154925494,-1.46664199829102
20170308154925495,-2.48135147094727
20170308154925496,0.776399993896484
20170308154925497,-1.71841201782227
20170308154925498,-2.34402236938477
20170308154925499,0.631441497802734
20170308154925500,-1.77944717407227
20170308154925501,-2.41268692016602
20170308154925502,0.753511810302734
20170308154925503,-1.64211807250977
20170308154925504,-2.38216934204102
20170308154925505,0.661959075927734
20170308154925506,-1.79470596313477
20170308154925507,-2.24484024047852
20170308154925508,0.776399993896484
20170308154925509,-1.84811172485352
20170308154925510,-2.14565811157227
20170308154925511,0.669588470458984
20170308154925512,-2.03121719360352
20170308154925513,-2.06173477172852
20170308154925514,0.677217864990234
20170308154925515,-1.90914688110352
20170308154925516,-1.93966445922852
20170308154925517,0.784029388427734
20170308154925518,-2.29824600219727
20170308154925519,-1.72604141235352
20170308154925520,0.814546966552734
20170308154925521,-2.26772842407227
20170308154925522,-1.90151748657227
20170308154925523,0.623812103271484
20170308154925524,-2.24484024047852
20170308154925525,-1.77944717407227
20170308154925526,0.715364837646484
20170308154925527,-2.35165176391602
20170308154925528,-1.64974746704102
20170308154925529,0.616182708740234
20170308154925530,-2.39742813110352
20170308154925531,-1.73367080688477
20170308154925532,0.715364837646484
20170308154925533,-2.48898086547852
20170308154925534,-1.51241836547852
20170308154925535,0.722994232177734
20170308154925536,-2.66445693969727
20170308154925537,-1.38271865844727
20170308154925538,0.570406341552734
20170308154925539,-2.71023330688477
20170308154925540,-1.29879531860352
20170308154925541,0.547518157958984
20170308154925542,-2.63393936157227
20170308154925543,-1.39797744750977
20170308154925544,0.692476654052734
20170308154925545,-2.83230361938477
20170308154925546,-1.24538955688477
20170308154925547,0.478853607177734
20170308154925548,-2.89333877563477
20170308154925549,-1.06991348266602
20170308154925550,0.394930267333984
20170308154925551,-2.96963272094727
20170308154925552,-1.07754287719727
20170308154925553,0.410189056396484
20170308154925554,-2.93148574829102
20170308154925555,-1.16909561157227
20170308154925556,0.509371185302734
20170308154925557,-2.93148574829102
20170308154925558,-1.17672500610352
20170308154925559,0.555147552490234
20170308154925560,-2.86282119750977
20170308154925561,-1.14620742797852
20170308154925562,0.570406341552734
20170308154925563,-3.00777969360352
20170308154925564,-0.871549224853516
20170308154925565,0.356783294677734
20170308154925566,-2.95437393188477
20170308154925567,-0.741849517822266
20170308154925568,0.379671478271484
20170308154925569,-3.00777969360352
20170308154925570,-0.650296783447266
20170308154925571,0.257601165771484
20170308154925572,-2.95437393188477
20170308154925573,-0.566373443603516
20170308154925574,0.158419036865234
20170308154925575,-2.93911514282227
20170308154925576,-0.673184967041016
20170308154925577,0.288118743896484
20170308154925578,-2.92385635375977
20170308154925579,-0.757108306884766
20170308154925580,0.555147552490234
20170308154925581,-2.90096817016602
20170308154925582,-0.619779205322266
20170308154925583,0.341524505615234
20170308154925584,-2.87807998657227
20170308154925585,-0.451932525634766
20170308154925586,0.0439781188964844
20170308154925587,-2.92385635375977
20170308154925588,-0.512967681884766
20170308154925589,0.143160247802734
20170308154925590,-2.94674453735352
20170308154925591,-0.230680084228516
20170308154925592,-0.192533111572266
20170308154925593,-2.93148574829102
20170308154925594,-0.162015533447266
20170308154925595,-0.0552040100097656
20170308154925596,-2.93911514282227
20170308154925597,-0.0628334045410156
20170308154925598,-0.245938873291016
20170308154925599,-2.87807998657227
20170308154925600,0.181307220458984
20170308154925601,-0.154386138916016
20170308154925602,-2.91622695922852
20170308154925603,0.105013275146484
20170308154925604,-0.383267974853516
20170308154925605,-2.89333877563477
20170308154925606,0.295748138427734
20170308154925607,-0.512967681884766
20170308154925608,-2.82467422485352
20170308154925609,0.211824798583984
20170308154925610,-0.299344635009766
20170308154925611,-2.88570938110352
20170308154925612,0.249971771240234
20170308154925613,-0.520597076416016
20170308154925614,-2.83993301391602
20170308154925615,0.455965423583984
20170308154925616,-0.711331939697266
20170308154925617,-2.83230361938477
20170308154925618,0.700106048583984
20170308154925619,-0.970731353759766
20170308154925620,-2.78652725219727
20170308154925621,0.761141204833984
20170308154925622,-1.05465469360352
20170308154925623,-2.71023330688477
20170308154925624,0.867952728271484
20170308154925625,-1.24538955688477
20170308154925626,-2.59579238891602
20170308154925627,0.967134857177734
20170308154925628,-1.58871231079102
20170308154925629,-2.49661026000977
20170308154925630,0.806917572021484
20170308154925631,-1.74892959594727
20170308154925632,-2.23721084594727
20170308154925633,0.883211517333984
20170308154925634,-1.97781143188477
20170308154925635,-1.99307022094727
20170308154925636,0.661959075927734
20170308154925637,-2.18380508422852
20170308154925638,-1.95492324829102
20170308154925639,0.684847259521484
20170308154925640,-2.28298721313477
20170308154925641,-1.74892959594727
20170308154925642,0.753511810302734
20170308154925643,-2.30587539672852
20170308154925644,-1.67263565063477
20170308154925645,0.829805755615234
20170308154925646,-2.48135147094727
20170308154925647,-1.55056533813477
20170308154925648,0.692476654052734
20170308154925649,-2.61105117797852
20170308154925650,-1.52004776000977
20170308154925651,0.623812103271484
20170308154925652,-2.74075088500977
20170308154925653,-1.36745986938477
20170308154925654,0.661959075927734
20170308154925655,-2.83993301391602
20170308154925656,-1.28353652954102
20170308154925657,0.532259368896484
20170308154925658,-2.80941543579102
20170308154925659,-1.21487197875977
20170308154925660,0.578035736083984
20170308154925661,-2.70260391235352
20170308154925662,-1.26827774047852
20170308154925663,0.631441497802734
20170308154925664,-2.60342178344727
20170308154925665,-1.43612442016602
20170308154925666,0.623812103271484
20170308154925667,-2.48898086547852
20170308154925668,-1.41323623657227
20170308154925669,0.661959075927734
20170308154925670,-2.74838027954102
20170308154925671,-1.27590713500977
20170308154925672,0.814546966552734
20170308154925673,-2.66445693969727
20170308154925674,-1.39797744750977
20170308154925675,0.524629974365234
20170308154925676,-2.72549209594727
20170308154925677,-1.19198379516602
20170308154925678,0.639070892333984
20170308154925679,-2.98489151000977
20170308154925680,-1.05465469360352
20170308154925681,0.471224212646484
20170308154925682,-2.89333877563477
20170308154925683,-1.16146621704102
20170308154925684,0.585665130615234
20170308154925685,-3.00777969360352
20170308154925686,-1.13094863891602
20170308154925687,0.463594818115234
20170308154925688,-2.96200332641602
20170308154925689,-1.02413711547852
20170308154925690,0.448336029052734
20170308154925691,-2.87807998657227
20170308154925692,-1.12331924438477
20170308154925693,0.517000579833984
20170308154925694,-2.87045059204102
20170308154925695,-1.11568984985352
20170308154925696,0.463594818115234
20170308154925697,-2.79415664672852
20170308154925698,-1.19961318969727
20170308154925699,0.532259368896484
20170308154925700,-2.79415664672852
20170308154925701,-1.21487197875977
20170308154925702,0.593294525146484
20170308154925703,-2.90859756469727
20170308154925704,-1.23013076782227
20170308154925705,0.448336029052734
20170308154925706,-2.96200332641602
20170308154925707,-0.924954986572266
20170308154925708,0.654329681396484
20170308154925709,-2.90859756469727
20170308154925710,-0.871549224853516
20170308154925711,0.440706634521484
20170308154925712,-2.94674453735352
20170308154925713,-1.02413711547852
20170308154925714,0.669588470458984
20170308154925715,-2.87807998657227
20170308154925716,-1.07754287719727
20170308154925717,0.425447845458984
20170308154925718,-2.90859756469727
20170308154925719,-0.993619537353516
20170308154925720,0.600923919677734
20170308154925721,-2.96963272094727
20170308154925722,-0.894437408447266
20170308154925723,0.455965423583984
20170308154925724,-3.01540908813477
20170308154925725,-0.810514068603516
20170308154925726,0.379671478271484
20170308154925727,-2.96963272094727
20170308154925728,-0.871549224853516
20170308154925729,0.311006927490234
20170308154925730,-3.08407363891602
20170308154925731,-0.619779205322266
20170308154925732,0.394930267333984
20170308154925733,-2.97726211547852
20170308154925734,-0.581632232666016
20170308154925735,0.356783294677734
20170308154925736,-2.98489151000977
20170308154925737,-0.543485260009766
20170308154925738,0.181307220458984
20170308154925739,-2.97726211547852
20170308154925740,-0.520597076416016
20170308154925741,0.135530853271484
20170308154925742,-2.92385635375977
20170308154925743,-0.413785552978516
20170308154925744,0.257601165771484
20170308154925745,-2.85519180297852
20170308154925746,-0.276456451416016
20170308154925747,0.204195404052734
20170308154925748,-2.87807998657227
20170308154925749,-0.360379791259766
20170308154925750,0.0287193298339844
20170308154925751,-2.89333877563477
20170308154925752,-0.291715240478516
20170308154925753,-0.0094276428222656
20170308154925754,-2.95437393188477
20170308154925755,-0.337491607666016
20170308154925756,0.227083587646484
20170308154925757,-2.87807998657227
20170308154925758,-0.306974029541016
20170308154925759,0.0516075134277344
20170308154925760,-2.87045059204102
20170308154925761,-0.322232818603516
20170308154925762,0.0973838806152344
20170308154925763,-2.94674453735352
20170308154925764,-0.200162506103516
20170308154925765,-0.162015533447266
20170308154925766,-2.90096817016602
20170308154925767,-0.215421295166016
20170308154925768,-0.223050689697266
20170308154925769,-2.96963272094727
20170308154925770,-0.0780921936035156
20170308154925771,-0.207791900634766
20170308154925772,-2.94674453735352
20170308154925773,-0.177274322509766
20170308154925774,-0.230680084228516
20170308154925775,-2.89333877563477
20170308154925776,0.135530853271484
20170308154925777,-0.268827056884766
20170308154925778,-2.87807998657227
20170308154925779,-0.261197662353516
20170308154925780,-0.253568267822266
20170308154925781,-2.90096817016602
20170308154925782,-0.0628334045410156
20170308154925783,-0.261197662353516
20170308154925784,-2.79415664672852
20170308154925785,0.0516075134277344
20170308154925786,-0.284085845947266
20170308154925787,-2.84756240844727
20170308154925788,0.372042083740234
20170308154925789,-0.436673736572266
20170308154925790,-2.83993301391602
20170308154925791,0.127901458740234
20170308154925792,-0.276456451416016
20170308154925793,-2.85519180297852
20170308154925794,0.0744956970214844
20170308154925795,-0.314603424072266
20170308154925796,-2.90859756469727
20170308154925797,0.166048431396484
20170308154925798,-0.352750396728516
20170308154925799,-2.80941543579102
20170308154925800,0.570406341552734
20170308154925801,-0.787625885009766
20170308154925802,-2.84756240844727
20170308154925803,0.631441497802734
20170308154925804,-0.947843170166016
20170308154925805,-2.85519180297852
20170308154925806,0.700106048583984
20170308154925807,-1.03939590454102
20170308154925808,-2.74838027954102
20170308154925809,0.829805755615234
20170308154925810,-1.24538955688477
20170308154925811,-2.67208633422852
20170308154925812,0.738253021240234
20170308154925813,-1.16146621704102
20170308154925814,-2.63393936157227
20170308154925815,0.738253021240234
20170308154925816,-1.55819473266602
20170308154925817,-2.46609268188477
20170308154925818,0.768770599365234
20170308154925819,-1.76418838500977
20170308154925820,-2.20669326782227
20170308154925821,0.623812103271484
20170308154925822,-2.03884658813477
20170308154925823,-1.95492324829102
20170308154925824,0.806917572021484
20170308154925825,-2.16854629516602
20170308154925826,-1.84811172485352
20170308154925827,0.730623626708984
20170308154925828,-2.06936416625977
20170308154925829,-1.79470596313477
20170308154925830,0.822176361083984
20170308154925831,-2.29824600219727
20170308154925832,-1.76418838500977
20170308154925833,0.867952728271484
20170308154925834,-2.03121719360352
20170308154925835,-1.89388809204102
20170308154925836,0.715364837646484
20170308154925837,-2.08462295532227
20170308154925838,-1.81759414672852
20170308154925839,0.745882415771484
20170308154925840,-2.25246963500977
20170308154925841,-1.91677627563477
20170308154925842,0.837435150146484
20170308154925843,-2.40505752563477
20170308154925844,-1.58108291625977
20170308154925845,0.677217864990234
20170308154925846,-2.58053359985352
20170308154925847,-1.46664199829102
20170308154925848,0.631441497802734
20170308154925849,-2.69497451782227
20170308154925850,-1.27590713500977
20170308154925851,0.562776947021484
20170308154925852,-2.93911514282227
20170308154925853,-1.22250137329102
20170308154925854,0.593294525146484
20170308154925855,-2.93148574829102
20170308154925856,-0.917325592041016
20170308154925857,0.402559661865234
20170308154925858,-2.94674453735352
20170308154925859,-1.00887832641602
20170308154925860,0.463594818115234
20170308154925861,-2.79415664672852
20170308154925862,-1.04702529907227
20170308154925863,0.433077239990234
20170308154925864,-2.96963272094727
20170308154925865,-0.985990142822266
20170308154925866,0.410189056396484
20170308154925867,-2.94674453735352
20170308154925868,-1.03939590454102
20170308154925869,0.646700286865234
20170308154925870,-2.93148574829102
20170308154925871,-0.993619537353516
20170308154925872,0.517000579833984
20170308154925873,-2.77889785766602
20170308154925874,-0.818143463134766
20170308154925875,0.524629974365234
20170308154925876,-2.90859756469727
20170308154925877,-0.657926177978516
20170308154925878,0.402559661865234
20170308154925879,-3.00777969360352
20170308154925880,-0.574002838134766
20170308154925881,0.204195404052734
20170308154925882,-2.96200332641602
20170308154925883,-0.368009185791016
20170308154925884,0.0668663024902344
20170308154925885,-2.90096817016602
20170308154925886,-0.429044342041016
20170308154925887,-0.0323158264160156
20170308154925888,-2.90096817016602
20170308154925889,-0.268827056884766
20170308154925890,0.0744956970214844
20170308154925891,-2.93148574829102
20170308154925892,0.0134605407714844
20170308154925893,-0.184903717041016
20170308154925894,-2.96963272094727
20170308154925895,-0.146756744384766
20170308154925896,0.0210899353027344
20170308154925897,-2.91622695922852
20170308154925898,-0.139127349853516
20170308154925899,-0.230680084228516
20170308154925900,-2.90859756469727
20170308154925901,-0.0246864318847656
20170308154925902,-0.329862213134766
20170308154925903,-2.90096817016602
20170308154925904,0.0287193298339844
20170308154925905,-0.184903717041016
20170308154925906,-2.80941543579102
20170308154925907,-0.291715240478516
20170308154925908,0.112642669677734
20170308154925909,-2.85519180297852
20170308154925910,-0.123868560791016
20170308154925911,-0.146756744384766
20170308154925912,-2.84756240844727
20170308154925913,-0.383267974853516
20170308154925914,0.127901458740234
20170308154925915,-2.98489151000977
20170308154925916,-0.352750396728516
20170308154925917,-0.0552040100097656
20170308154925918,-2.92385635375977
20170308154925919,-0.390897369384766
20170308154925920,0.0058311462402344
20170308154925921,-2.88570938110352
20170308154925922,-0.291715240478516
20170308154925923,0.181307220458984
20170308154925924,-2.90096817016602
20170308154925925,-0.306974029541016
20170308154925926,-0.0704627990722656
20170308154925927,-2.88570938110352
20170308154925928,-0.368009185791016
20170308154925929,0.0973838806152344
20170308154925930,-2.90096817016602
20170308154925931,-0.429044342041016
20170308154925932,0.0744956970214844
20170308154925933,-2.93148574829102
20170308154925934,-0.497708892822266
20170308154925935,0.150789642333984
20170308154925936,-3.00015029907227
20170308154925937,-0.451932525634766
20170308154925938,0.0668663024902344
20170308154925939,-2.96963272094727
20170308154925940,-0.223050689697266
20170308154925941,-0.0552040100097656
20170308154925942,-2.90859756469727
20170308154925943,-0.0933509826660156
20170308154925944,-0.200162506103516
20170308154925945,-2.80941543579102
20170308154925946,0.0516075134277344
20170308154925947,-0.207791900634766
20170308154925948,-2.83230361938477
20170308154925949,0.158419036865234
20170308154925950,-0.413785552978516
20170308154925951,-2.86282119750977
20170308154925952,0.211824798583984
20170308154925953,-0.497708892822266
20170308154925954,-2.83230361938477
20170308154925955,0.639070892333984
20170308154925956,-0.779996490478516
20170308154925957,-2.82467422485352
20170308154925958,0.722994232177734
20170308154925959,-0.825772857666016
20170308154925960,-2.87807998657227
20170308154925961,0.745882415771484
20170308154925962,-1.01650772094727
20170308154925963,-2.77889785766602
20170308154925964,0.776399993896484
20170308154925965,-1.06228408813477
20170308154925966,-2.77889785766602
20170308154925967,0.822176361083984
20170308154925968,-1.14620742797852
20170308154925969,-2.77889785766602
20170308154925970,0.753511810302734
20170308154925971,-1.23013076782227
20170308154925972,-2.56527481079102
20170308154925973,0.883211517333984
20170308154925974,-1.68789443969727
20170308154925975,-2.33639297485352
20170308154925976,0.738253021240234
20170308154925977,-1.81759414672852
20170308154925978,-2.24484024047852
20170308154925979,0.745882415771484
20170308154925980,-1.78707656860352
20170308154925981,-2.32113418579102
20170308154925982,0.738253021240234
20170308154925983,-1.87862930297852
20170308154925984,-2.19143447875977
20170308154925985,0.623812103271484
20170308154925986,-1.77181777954102
20170308154925987,-2.13802871704102
20170308154925988,0.768770599365234
20170308154925989,-2.02358779907227
20170308154925990,-1.93203506469727
20170308154925991,0.677217864990234
20170308154925992,-2.16854629516602
20170308154925993,-1.82522354125977
20170308154925994,0.867952728271484
20170308154925995,-2.18380508422852
20170308154925996,-1.92440567016602
20170308154925997,0.692476654052734
20170308154925998,-2.29061660766602
20170308154925999,-1.70315322875977
20170308154926000,0.738253021240234
20170308154926001,-2.49661026000977
20170308154926002,-1.50478897094727
20170308154926003,0.654329681396484
20170308154926004,-2.52712783813477
20170308154926005,-1.35983047485352
20170308154926006,0.646700286865234
20170308154926007,-2.74075088500977
20170308154926008,-1.38271865844727
20170308154926009,0.593294525146484
20170308154926010,-2.80178604125977
20170308154926011,-1.22250137329102
20170308154926012,0.585665130615234
20170308154926013,-2.93148574829102
20170308154926014,-1.20724258422852
20170308154926015,0.463594818115234
20170308154926016,-2.98489151000977
20170308154926017,-0.932584381103516
20170308154926018,0.517000579833984
20170308154926019,-3.01540908813477
20170308154926020,-0.787625885009766
20170308154926021,0.547518157958984
20170308154926022,-2.96963272094727
20170308154926023,-0.657926177978516
20170308154926024,0.249971771240234
20170308154926025,-2.91622695922852
20170308154926026,-0.490079498291016
20170308154926027,0.166048431396484
20170308154926028,-2.88570938110352
20170308154926029,-0.574002838134766
20170308154926030,0.448336029052734
20170308154926031,-2.91622695922852
20170308154926032,-0.612149810791016
20170308154926033,0.326265716552734
20170308154926034,-2.92385635375977
20170308154926035,-0.497708892822266
20170308154926036,0.181307220458984
20170308154926037,-2.90096817016602
20170308154926038,-0.680814361572266
20170308154926039,0.303377532958984
20170308154926040,-2.89333877563477
20170308154926041,-0.680814361572266
20170308154926042,0.288118743896484
20170308154926043,-2.88570938110352
20170308154926044,-0.680814361572266
20170308154926045,0.333895111083984
20170308154926046,-2.93148574829102
20170308154926047,-0.703702545166016
20170308154926048,0.311006927490234
20170308154926049,-2.90859756469727
20170308154926050,-0.734220123291016
20170308154926051,0.517000579833984
20170308154926052,-2.91622695922852
20170308154926053,-0.574002838134766
20170308154926054,0.249971771240234
20170308154926055,-2.93911514282227
20170308154926056,-0.528226470947266
20170308154926057,0.379671478271484
20170308154926058,-2.94674453735352
20170308154926059,-0.436673736572266
20170308154926060,0.0516075134277344
20170308154926061,-2.94674453735352
20170308154926062,-0.352750396728516
20170308154926063,-0.0704627990722656
20170308154926064,-2.88570938110352
20170308154926065,-0.284085845947266
20170308154926066,-0.0933509826660156
20170308154926067,-2.91622695922852
20170308154926068,-0.0552040100097656
20170308154926069,-0.253568267822266
20170308154926070,-2.88570938110352
20170308154926071,0.433077239990234
20170308154926072,-0.635037994384766
20170308154926073,-2.74838027954102
20170308154926074,0.379671478271484
20170308154926075,-0.474820709228516
20170308154926076,-2.74075088500977
20170308154926077,0.692476654052734
20170308154926078,-0.841031646728516
20170308154926079,-2.76363906860352
20170308154926080,0.875582122802734
20170308154926081,-1.15383682250977
20170308154926082,-2.62630996704102
20170308154926083,0.867952728271484
20170308154926084,-1.35983047485352
20170308154926085,-2.61105117797852
20170308154926086,0.974764251708984
20170308154926087,-1.62685928344727
20170308154926088,-2.54238662719727
20170308154926089,0.791658782958984
20170308154926090,-1.68026504516602
20170308154926091,-2.22958145141602
20170308154926092,0.677217864990234
20170308154926093,-1.92440567016602
20170308154926094,-2.14565811157227
20170308154926095,0.715364837646484
20170308154926096,-2.00069961547852
20170308154926097,-2.04647598266602
20170308154926098,0.791658782958984
20170308154926099,-2.16091690063477
20170308154926100,-1.80996475219727
20170308154926101,0.684847259521484
20170308154926102,-2.41268692016602
20170308154926103,-1.73367080688477
20170308154926104,0.616182708740234
20170308154926105,-2.24484024047852
20170308154926106,-1.64211807250977
20170308154926107,0.631441497802734
20170308154926108,-2.47372207641602
20170308154926109,-1.61922988891602
20170308154926110,0.715364837646484
20170308154926111,-2.51949844360352
20170308154926112,-1.46664199829102
20170308154926113,0.669588470458984
20170308154926114,-2.61868057250977
20170308154926115,-1.42849502563477
20170308154926116,0.639070892333984
20170308154926117,-2.51186904907227
20170308154926118,-1.48190078735352
20170308154926119,0.669588470458984
20170308154926120,-2.58816299438477
20170308154926121,-1.33694229125977
20170308154926122,0.661959075927734
20170308154926123,-2.70260391235352
20170308154926124,-1.25301895141602
20170308154926125,0.761141204833984
20170308154926126,-2.80178604125977
20170308154926127,-1.11568984985352
20170308154926128,0.692476654052734
20170308154926129,-2.87807998657227
20170308154926130,-1.00124893188477
20170308154926131,0.433077239990234
20170308154926132,-2.90096817016602
20170308154926133,-0.902066802978516
20170308154926134,0.524629974365234
20170308154926135,-2.97726211547852
20170308154926136,-0.642667388916016
20170308154926137,0.295748138427734
20170308154926138,-2.97726211547852
20170308154926139,-0.512967681884766
20170308154926140,0.204195404052734
20170308154926141,-2.95437393188477
20170308154926142,-0.299344635009766
20170308154926143,-0.0704627990722656
20170308154926144,-2.95437393188477
20170308154926145,0.105013275146484
20170308154926146,-0.268827056884766
20170308154926147,-2.87045059204102
20170308154926148,0.227083587646484
20170308154926149,-0.390897369384766
20170308154926150,-2.86282119750977
20170308154926151,-0.207791900634766
20170308154926152,-0.284085845947266
20170308154926153,-2.93911514282227
20170308154926154,0.0897544860839844
20170308154926155,-0.436673736572266
20170308154926156,-2.81704483032227
20170308154926157,0.272859954833984
20170308154926158,-0.627408599853516
20170308154926159,-2.84756240844727
20170308154926160,0.524629974365234
20170308154926161,-0.825772857666016
20170308154926162,-2.82467422485352
20170308154926163,0.318636322021484
20170308154926164,-0.566373443603516
20170308154926165,-2.86282119750977
20170308154926166,0.501741790771484
20170308154926167,-0.795255279541016
20170308154926168,-2.87045059204102
20170308154926169,0.570406341552734
20170308154926170,-0.917325592041016
20170308154926171,-2.77126846313477
20170308154926172,0.692476654052734
20170308154926173,-0.856290435791016
20170308154926174,-2.83230361938477
20170308154926175,0.684847259521484
20170308154926176,-1.03939590454102
20170308154926177,-2.71023330688477
20170308154926178,0.722994232177734
20170308154926179,-1.06991348266602
20170308154926180,-2.87045059204102
20170308154926181,0.661959075927734
20170308154926182,-1.04702529907227
20170308154926183,-2.74838027954102
20170308154926184,0.555147552490234
20170308154926185,-0.688443756103516
20170308154926186,-2.86282119750977
20170308154926187,0.509371185302734
20170308154926188,-0.604520416259766
20170308154926189,-2.72549209594727
20170308154926190,0.509371185302734
20170308154926191,-0.833402252197266
20170308154926192,-2.80941543579102
20170308154926193,0.684847259521484
20170308154926194,-1.01650772094727
20170308154926195,-2.77126846313477
20170308154926196,0.768770599365234
20170308154926197,-0.947843170166016
20170308154926198,-2.71023330688477
20170308154926199,0.776399993896484
20170308154926200,-1.21487197875977
20170308154926201,-2.63393936157227
20170308154926202,0.700106048583984
20170308154926203,-1.29116592407227
20170308154926204,-2.67208633422852
20170308154926205,0.921358489990234
20170308154926206,-1.14620742797852
20170308154926207,-2.62630996704102
20170308154926208,0.791658782958984
20170308154926209,-1.26827774047852
20170308154926210,-2.64919815063477
20170308154926211,0.776399993896484
20170308154926212,-1.13094863891602
20170308154926213,-2.62630996704102
20170308154926214,0.913729095458984
20170308154926215,-1.52767715454102
20170308154926216,-2.49661026000977
20170308154926217,0.631441497802734
20170308154926218,-1.73367080688477
20170308154926219,-2.34402236938477
20170308154926220,0.761141204833984
20170308154926221,-1.90914688110352
20170308154926222,-2.16091690063477
20170308154926223,0.677217864990234
20170308154926224,-1.77181777954102
20170308154926225,-2.30587539672852
20170308154926226,0.661959075927734
20170308154926227,-1.71841201782227
20170308154926228,-2.27535781860352
20170308154926229,0.661959075927734
20170308154926230,-1.94729385375977
20170308154926231,-2.16091690063477
20170308154926232,0.600923919677734
20170308154926233,-1.91677627563477
20170308154926234,-2.09225234985352
20170308154926235,0.753511810302734
20170308154926236,-2.04647598266602
20170308154926237,-1.93203506469727
20170308154926238,0.722994232177734
20170308154926239,-2.03884658813477
20170308154926240,-1.91677627563477
20170308154926241,0.684847259521484
20170308154926242,-2.26009902954102
20170308154926243,-1.71841201782227
20170308154926244,0.906099700927734
20170308154926245,-2.29824600219727
20170308154926246,-1.49715957641602
20170308154926247,0.791658782958984
20170308154926248,-2.72549209594727
20170308154926249,-1.03176651000977
20170308154926250,0.440706634521484
20170308154926251,-2.90859756469727
20170308154926252,-0.886808013916016
20170308154926253,0.524629974365234
20170308154926254,-2.96963272094727
20170308154926255,-0.673184967041016
20170308154926256,0.387300872802734
20170308154926257,-2.93911514282227
20170308154926258,-0.543485260009766
20170308154926259,0.219454193115234
20170308154926260,-2.87807998657227
20170308154926261,-0.520597076416016
20170308154926262,0.120272064208984
20170308154926263,-2.93148574829102
20170308154926264,-0.375638580322266
20170308154926265,-0.0323158264160156
20170308154926266,-2.93911514282227
20170308154926267,-0.268827056884766
20170308154926268,-0.154386138916016
20170308154926269,-2.96200332641602
20170308154926270,0.0210899353027344
20170308154926271,-0.368009185791016
20170308154926272,-2.96963272094727
20170308154926273,-0.0475746154785156
20170308154926274,-0.368009185791016
20170308154926275,-2.92385635375977
20170308154926276,0.143160247802734
20170308154926277,-0.177274322509766
20170308154926278,-2.82467422485352
20170308154926279,0.219454193115234
20170308154926280,-0.505338287353516
20170308154926281,-2.80941543579102
20170308154926282,0.341524505615234
20170308154926283,-0.551114654541016
20170308154926284,-2.80941543579102
20170308154926285,0.326265716552734
20170308154926286,-0.665555572509766
20170308154926287,-2.86282119750977
20170308154926288,0.509371185302734
20170308154926289,-0.726590728759766
20170308154926290,-2.85519180297852
20170308154926291,0.356783294677734
20170308154926292,-0.665555572509766
20170308154926293,-2.81704483032227
20170308154926294,0.593294525146484
20170308154926295,-0.917325592041016
20170308154926296,-2.80941543579102
20170308154926297,0.829805755615234
20170308154926298,-1.06228408813477
20170308154926299,-2.74075088500977
20170308154926300,0.722994232177734
20170308154926301,-1.16909561157227
20170308154926302,-2.75600967407227
20170308154926303,0.829805755615234
20170308154926304,-1.32168350219727
20170308154926305,-2.74075088500977
20170308154926306,0.822176361083984
20170308154926307,-1.25301895141602
20170308154926308,-2.69497451782227
20170308154926309,0.951876068115234
20170308154926310,-1.27590713500977
20170308154926311,-2.61105117797852
20170308154926312,0.745882415771484
20170308154926313,-1.09280166625977
20170308154926314,-2.74075088500977
20170308154926315,0.753511810302734
20170308154926316,-1.27590713500977
20170308154926317,-2.79415664672852
20170308154926318,0.707735443115234
20170308154926319,-1.07754287719727
20170308154926320,-2.77126846313477
20170308154926321,0.677217864990234
20170308154926322,-1.04702529907227
20170308154926323,-2.85519180297852
20170308154926324,0.494112396240234
20170308154926325,-1.00887832641602
20170308154926326,-2.82467422485352
20170308154926327,0.578035736083984
20170308154926328,-0.932584381103516
20170308154926329,-2.80941543579102
20170308154926330,0.814546966552734
20170308154926331,-1.04702529907227
20170308154926332,-2.73312149047852
20170308154926333,0.974764251708984
20170308154926334,-1.33694229125977
20170308154926335,-2.68734512329102
20170308154926336,0.761141204833984
20170308154926337,-1.23013076782227
20170308154926338,-2.67208633422852
20170308154926339,0.951876068115234
20170308154926340,-1.54293594360352
20170308154926341,-2.45083389282227
20170308154926342,0.661959075927734
20170308154926343,-1.61922988891602
20170308154926344,-2.42794570922852
20170308154926345,0.776399993896484
20170308154926346,-1.81759414672852
20170308154926347,-2.41268692016602
20170308154926348,0.692476654052734
20170308154926349,-1.79470596313477
20170308154926350,-2.28298721313477
20170308154926351,0.806917572021484
20170308154926352,-1.69552383422852
20170308154926353,-2.32113418579102
20170308154926354,0.661959075927734
20170308154926355,-1.77944717407227
20170308154926356,-2.30587539672852
20170308154926357,0.616182708740234
20170308154926358,-1.76418838500977
20170308154926359,-2.28298721313477
20170308154926360,0.692476654052734
20170308154926361,-1.80233535766602
20170308154926362,-2.20669326782227
20170308154926363,0.661959075927734
20170308154926364,-2.09225234985352
20170308154926365,-1.97018203735352
20170308154926366,0.692476654052734
20170308154926367,-2.26772842407227
20170308154926368,-1.80996475219727
20170308154926369,0.669588470458984
20170308154926370,-2.48898086547852
20170308154926371,-1.51241836547852
20170308154926372,0.692476654052734
20170308154926373,-2.67971572875977
20170308154926374,-1.32168350219727
20170308154926375,0.654329681396484
20170308154926376,-2.90096817016602
20170308154926377,-0.978360748291016
20170308154926378,0.616182708740234
20170308154926379,-2.97726211547852
20170308154926380,-1.09280166625977
20170308154926381,0.532259368896484
20170308154926382,-3.00777969360352
20170308154926383,-0.947843170166016
20170308154926384,0.394930267333984
20170308154926385,-2.98489151000977
20170308154926386,-0.734220123291016
20170308154926387,0.295748138427734
20170308154926388,-3.00777969360352
20170308154926389,-0.490079498291016
20170308154926390,0.150789642333984
20170308154926391,-2.93911514282227
20170308154926392,-0.284085845947266
20170308154926393,-0.108609771728516
20170308154926394,-3.06118545532227
20170308154926395,-0.314603424072266
20170308154926396,0.0134605407714844
20170308154926397,-3.10696182250977
20170308154926398,-0.100980377197266
20170308154926399,-0.360379791259766
20170308154926400,-2.93148574829102
20170308154926401,0.0516075134277344
20170308154926402,-0.459561920166016
20170308154926403,-2.93148574829102
20170308154926404,0.211824798583984
20170308154926405,-0.451932525634766
20170308154926406,-2.83993301391602
20170308154926407,0.494112396240234
20170308154926408,-0.627408599853516
20170308154926409,-2.79415664672852
20170308154926410,0.448336029052734
20170308154926411,-0.726590728759766
20170308154926412,-2.91622695922852
20170308154926413,0.784029388427734
20170308154926414,-1.07754287719727
20170308154926415,-2.80941543579102
20170308154926416,0.791658782958984
20170308154926417,-1.13094863891602
20170308154926418,-2.80941543579102
20170308154926419,0.784029388427734
20170308154926420,-0.978360748291016
20170308154926421,-2.74075088500977
20170308154926422,0.822176361083984
20170308154926423,-1.22250137329102
20170308154926424,-2.74838027954102
20170308154926425,0.806917572021484
20170308154926426,-1.28353652954102
20170308154926427,-2.74075088500977
20170308154926428,0.822176361083984
20170308154926429,-1.26827774047852
20170308154926430,-2.71023330688477
20170308154926431,0.776399993896484
20170308154926432,-1.39034805297852
20170308154926433,-2.55764541625977
20170308154926434,0.639070892333984
20170308154926435,-1.60397109985352
20170308154926436,-2.58816299438477
20170308154926437,0.730623626708984
20170308154926438,-1.56582412719727
20170308154926439,-2.42031631469727
20170308154926440,0.661959075927734
20170308154926441,-1.69552383422852
20170308154926442,-2.44320449829102
20170308154926443,0.944246673583984
20170308154926444,-1.49715957641602
20170308154926445,-2.51186904907227
20170308154926446,0.883211517333984
20170308154926447,-1.55056533813477
20170308154926448,-2.50423965454102
20170308154926449,0.860323333740234
20170308154926450,-1.64211807250977
20170308154926451,-2.30587539672852
20170308154926452,0.707735443115234
20170308154926453,-1.97018203735352
20170308154926454,-2.06936416625977
20170308154926455,0.845064544677734
20170308154926456,-2.00832901000977
20170308154926457,-2.15328750610352
20170308154926458,0.921358489990234
20170308154926459,-1.87099990844727
20170308154926460,-2.17617568969727
20170308154926461,0.669588470458984
20170308154926462,-1.86337051391602
20170308154926463,-2.15328750610352
20170308154926464,0.547518157958984
20170308154926465,-1.90151748657227
20170308154926466,-2.10751113891602
20170308154926467,0.623812103271484
20170308154926468,-1.87862930297852
20170308154926469,-2.21432266235352
20170308154926470,0.570406341552734
20170308154926471,-1.84811172485352
20170308154926472,-2.21432266235352
20170308154926473,0.631441497802734
20170308154926474,-1.97781143188477
20170308154926475,-2.20669326782227
20170308154926476,0.677217864990234
20170308154926477,-2.05410537719727
20170308154926478,-2.04647598266602
20170308154926479,0.455965423583984
20170308154926480,-2.03884658813477
20170308154926481,-2.21432266235352
20170308154926482,0.547518157958984
20170308154926483,-1.93966445922852
20170308154926484,-2.19906387329102
20170308154926485,0.570406341552734
20170308154926486,-1.99307022094727
20170308154926487,-2.10751113891602
20170308154926488,0.715364837646484
20170308154926489,-2.09225234985352
20170308154926490,-2.06936416625977
20170308154926491,0.669588470458984
20170308154926492,-2.08462295532227
20170308154926493,-1.91677627563477
20170308154926494,0.768770599365234
20170308154926495,-2.07699356079102
20170308154926496,-1.94729385375977
20170308154926497,0.585665130615234
20170308154926498,-2.04647598266602
20170308154926499,-1.96255264282227
20170308154926500,0.776399993896484
20170308154926501,-2.14565811157227
20170308154926502,-1.93203506469727
20170308154926503,0.799288177490234
20170308154926504,-2.28298721313477
20170308154926505,-1.78707656860352
20170308154926506,0.730623626708984
20170308154926507,-2.42794570922852
20170308154926508,-1.54293594360352
20170308154926509,0.669588470458984
20170308154926510,-2.58053359985352
20170308154926511,-1.55056533813477
20170308154926512,0.829805755615234
20170308154926513,-2.58816299438477
20170308154926514,-1.53530654907227
20170308154926515,0.631441497802734
20170308154926516,-2.82467422485352
20170308154926517,-1.21487197875977
20170308154926518,0.517000579833984
20170308154926519,-2.95437393188477
20170308154926520,-1.06991348266602
20170308154926521,0.623812103271484
20170308154926522,-2.95437393188477
20170308154926523,-0.810514068603516
20170308154926524,0.394930267333984
20170308154926525,-3.04592666625977
20170308154926526,-0.474820709228516
20170308154926527,0.372042083740234
20170308154926528,-3.00777969360352
20170308154926529,-0.352750396728516
20170308154926530,0.188936614990234
20170308154926531,-2.94674453735352
20170308154926532,-0.207791900634766
20170308154926533,-0.0857215881347656
20170308154926534,-2.90096817016602
20170308154926535,0.150789642333984
20170308154926536,-0.467191314697266
20170308154926537,-2.82467422485352
20170308154926538,0.433077239990234
20170308154926539,-0.726590728759766
20170308154926540,-2.84756240844727
20170308154926541,0.410189056396484
20170308154926542,-0.741849517822266
20170308154926543,-2.87045059204102
20170308154926544,0.539888763427734
20170308154926545,-0.436673736572266
20170308154926546,-2.82467422485352
20170308154926547,0.669588470458984
20170308154926548,-0.894437408447266
20170308154926549,-2.82467422485352
20170308154926550,0.776399993896484
20170308154926551,-1.03939590454102
20170308154926552,-2.83993301391602
20170308154926553,0.745882415771484
20170308154926554,-0.917325592041016
20170308154926555,-2.83230361938477
20170308154926556,0.906099700927734
20170308154926557,-1.14620742797852
20170308154926558,-2.70260391235352
20170308154926559,0.814546966552734
20170308154926560,-1.38271865844727
20170308154926561,-2.70260391235352
20170308154926562,0.845064544677734
20170308154926563,-1.55819473266602
20170308154926564,-2.56527481079102
20170308154926565,0.700106048583984
20170308154926566,-1.64211807250977
20170308154926567,-2.51186904907227
20170308154926568,0.730623626708984
20170308154926569,-1.68789443969727
20170308154926570,-2.38216934204102
20170308154926571,0.890840911865234
20170308154926572,-1.83285293579102
20170308154926573,-2.16854629516602
20170308154926574,0.692476654052734
20170308154926575,-1.90914688110352
20170308154926576,-2.06173477172852
20170308154926577,0.784029388427734
20170308154926578,-2.04647598266602
20170308154926579,-1.87862930297852
20170308154926580,1.00528182983398
20170308154926581,-2.09988174438477
20170308154926582,-1.75655899047852
20170308154926583,0.730623626708984
20170308154926584,-2.32113418579102
20170308154926585,-1.73367080688477
20170308154926586,0.616182708740234
20170308154926587,-2.29824600219727
20170308154926588,-1.84048233032227
20170308154926589,0.692476654052734
20170308154926590,-2.35165176391602
20170308154926591,-1.67263565063477
20170308154926592,0.669588470458984
20170308154926593,-2.46609268188477
20170308154926594,-1.56582412719727
20170308154926595,0.547518157958984
20170308154926596,-2.49661026000977
20170308154926597,-1.46664199829102
20170308154926598,0.661959075927734
20170308154926599,-2.68734512329102
20170308154926600,-1.44375381469727
20170308154926601,0.585665130615234
20170308154926602,-2.52712783813477
20170308154926603,-1.45901260375977
20170308154926604,0.623812103271484
20170308154926605,-2.45083389282227
20170308154926606,-1.43612442016602
20170308154926607,0.608553314208984
20170308154926608,-2.58053359985352
20170308154926609,-1.67263565063477
20170308154926610,0.715364837646484
20170308154926611,-2.55001602172852
20170308154926612,-1.54293594360352
20170308154926613,0.761141204833984
20170308154926614,-2.42794570922852
20170308154926615,-1.67263565063477
20170308154926616,0.669588470458984
20170308154926617,-2.34402236938477
20170308154926618,-1.64211807250977
20170308154926619,0.623812103271484
20170308154926620,-2.28298721313477
20170308154926621,-1.77944717407227
20170308154926622,0.692476654052734
20170308154926623,-2.46609268188477
20170308154926624,-1.53530654907227
20170308154926625,0.784029388427734
20170308154926626,-2.42031631469727
20170308154926627,-1.55819473266602
20170308154926628,0.738253021240234
20170308154926629,-2.67971572875977
20170308154926630,-1.43612442016602
20170308154926631,0.600923919677734
20170308154926632,-2.69497451782227
20170308154926633,-1.32931289672852
20170308154926634,0.730623626708984
20170308154926635,-2.74075088500977
20170308154926636,-1.39034805297852
20170308154926637,0.555147552490234
20170308154926638,-2.86282119750977
20170308154926639,-1.26064834594727
20170308154926640,0.433077239990234
20170308154926641,-2.69497451782227
20170308154926642,-1.38271865844727
20170308154926643,0.524629974365234
20170308154926644,-2.59579238891602
20170308154926645,-1.48190078735352
20170308154926646,0.600923919677734
20170308154926647,-2.57290420532227
20170308154926648,-1.52004776000977
20170308154926649,0.661959075927734
20170308154926650,-2.68734512329102
20170308154926651,-1.41323623657227
20170308154926652,0.509371185302734
20170308154926653,-2.60342178344727
20170308154926654,-1.48190078735352
20170308154926655,0.532259368896484
20170308154926656,-2.30587539672852
20170308154926657,-1.73367080688477
20170308154926658,0.639070892333984
20170308154926659,-2.22958145141602
20170308154926660,-1.82522354125977
20170308154926661,0.799288177490234
20170308154926662,-2.42031631469727
20170308154926663,-1.58108291625977
20170308154926664,0.639070892333984
20170308154926665,-2.69497451782227
20170308154926666,-1.53530654907227
20170308154926667,0.532259368896484
20170308154926668,-2.63393936157227
20170308154926669,-1.45138320922852
20170308154926670,0.585665130615234
20170308154926671,-2.56527481079102
20170308154926672,-1.44375381469727
20170308154926673,0.379671478271484
20170308154926674,-2.51186904907227
20170308154926675,-1.77181777954102
20170308154926676,0.524629974365234
20170308154926677,-2.33639297485352
20170308154926678,-1.64974746704102
20170308154926679,0.616182708740234
20170308154926680,-2.34402236938477
20170308154926681,-1.89388809204102
20170308154926682,0.509371185302734
20170308154926683,-2.31350479125977
20170308154926684,-1.81759414672852
20170308154926685,0.600923919677734
20170308154926686,-2.45083389282227
20170308154926687,-1.74130020141602
20170308154926688,0.707735443115234
20170308154926689,-2.64919815063477
20170308154926690,-1.67263565063477
20170308154926691,0.608553314208984
20170308154926692,-2.61868057250977
20170308154926693,-1.35220108032227
20170308154926694,0.639070892333984
20170308154926695,-2.58816299438477
20170308154926696,-1.38271865844727
20170308154926697,0.623812103271484
20170308154926698,-2.69497451782227
20170308154926699,-1.41323623657227
20170308154926700,0.608553314208984
20170308154926701,-2.79415664672852
20170308154926702,-1.38271865844727
20170308154926703,0.494112396240234
20170308154926704,-2.79415664672852
20170308154926705,-1.25301895141602
20170308154926706,0.578035736083984
20170308154926707,-2.93911514282227
20170308154926708,-1.16909561157227
20170308154926709,0.501741790771484
20170308154926710,-2.98489151000977
20170308154926711,-0.810514068603516
20170308154926712,0.455965423583984
20170308154926713,-3.02303848266602
20170308154926714,-0.635037994384766
20170308154926715,0.188936614990234
20170308154926716,-3.07644424438477
20170308154926717,-0.474820709228516
20170308154926718,0.0744956970214844
20170308154926719,-2.94674453735352
20170308154926720,-0.429044342041016
20170308154926721,-0.0323158264160156
20170308154926722,-3.01540908813477
20170308154926723,-0.322232818603516
20170308154926724,-0.162015533447266
20170308154926725,-2.93148574829102
20170308154926726,0.0668663024902344
20170308154926727,-0.268827056884766
20170308154926728,-2.91622695922852
20170308154926729,0.0744956970214844
20170308154926730,-0.337491607666016
20170308154926731,-2.96200332641602
20170308154926732,0.188936614990234
20170308154926733,-0.558744049072266
20170308154926734,-2.90859756469727
20170308154926735,0.333895111083984
20170308154926736,-0.718961334228516
20170308154926737,-2.93911514282227
20170308154926738,0.509371185302734
20170308154926739,-0.749478912353516
20170308154926740,-2.91622695922852
20170308154926741,0.761141204833984
20170308154926742,-1.05465469360352
20170308154926743,-2.87807998657227
20170308154926744,0.776399993896484
20170308154926745,-1.12331924438477
20170308154926746,-2.90096817016602
20170308154926747,0.944246673583984
20170308154926748,-1.33694229125977
20170308154926749,-2.64919815063477
20170308154926750,0.951876068115234
20170308154926751,-1.23013076782227
20170308154926752,-2.66445693969727
20170308154926753,0.951876068115234
20170308154926754,-1.40560684204102
20170308154926755,-2.60342178344727
20170308154926756,0.761141204833984
20170308154926757,-1.58871231079102
20170308154926758,-2.43557510375977
20170308154926759,0.631441497802734
20170308154926760,-1.50478897094727
20170308154926761,-2.48898086547852
20170308154926762,0.669588470458984
20170308154926763,-1.68026504516602
20170308154926764,-2.45083389282227
20170308154926765,0.745882415771484
20170308154926766,-1.73367080688477
20170308154926767,-2.27535781860352
20170308154926768,0.623812103271484
20170308154926769,-1.77181777954102
20170308154926770,-2.26772842407227
20170308154926771,0.684847259521484
20170308154926772,-1.90914688110352
20170308154926773,-2.30587539672852
20170308154926774,0.661959075927734
20170308154926775,-1.64974746704102
20170308154926776,-2.26772842407227
20170308154926777,0.776399993896484
20170308154926778,-1.82522354125977
20170308154926779,-2.29824600219727
20170308154926780,0.883211517333984
20170308154926781,-1.87099990844727
20170308154926782,-2.19906387329102
20170308154926783,0.852693939208984
20170308154926784,-1.95492324829102
20170308154926785,-2.19143447875977
20170308154926786,0.555147552490234
20170308154926787,-1.85574111938477
20170308154926788,-2.27535781860352
20170308154926789,0.608553314208984
20170308154926790,-1.93203506469727
20170308154926791,-2.11514053344727
20170308154926792,0.623812103271484
20170308154926793,-2.02358779907227
20170308154926794,-2.21432266235352
20170308154926795,0.661959075927734
20170308154926796,-1.91677627563477
20170308154926797,-2.38216934204102
20170308154926798,0.547518157958984
20170308154926799,-1.77181777954102
20170308154926800,-2.43557510375977
20170308154926801,0.547518157958984
20170308154926802,-1.71841201782227
20170308154926803,-2.53475723266602
20170308154926804,0.646700286865234
20170308154926805,-1.55819473266602
20170308154926806,-2.57290420532227
20170308154926807,0.707735443115234
20170308154926808,-1.64211807250977
20170308154926809,-2.55001602172852
20170308154926810,0.761141204833984
20170308154926811,-1.45901260375977
20170308154926812,-2.42031631469727
20170308154926813,0.578035736083984
20170308154926814,-1.23776016235352
20170308154926815,-2.55764541625977
20170308154926816,0.814546966552734
20170308154926817,-1.34457168579102
20170308154926818,-2.66445693969727
20170308154926819,0.745882415771484
20170308154926820,-1.45901260375977
20170308154926821,-2.64919815063477
20170308154926822,0.799288177490234
20170308154926823,-1.24538955688477
20170308154926824,-2.64919815063477
20170308154926825,0.967134857177734
20170308154926826,-1.06228408813477
20170308154926827,-2.72549209594727
20170308154926828,0.913729095458984
20170308154926829,-1.41323623657227
20170308154926830,-2.60342178344727
20170308154926831,0.669588470458984
20170308154926832,-1.50478897094727
20170308154926833,-2.45083389282227
20170308154926834,0.684847259521484
20170308154926835,-1.61160049438477
20170308154926836,-2.56527481079102
20170308154926837,0.661959075927734
20170308154926838,-1.61160049438477
20170308154926839,-2.55001602172852
20170308154926840,0.883211517333984
20170308154926841,-1.44375381469727
20170308154926842,-2.59579238891602
20170308154926843,0.768770599365234
20170308154926844,-1.50478897094727
20170308154926845,-2.47372207641602
20170308154926846,0.669588470458984
20170308154926847,-1.56582412719727
20170308154926848,-2.52712783813477
20170308154926849,0.707735443115234
20170308154926850,-1.16909561157227
20170308154926851,-2.55764541625977
20170308154926852,0.784029388427734
20170308154926853,-1.35983047485352
20170308154926854,-2.54238662719727
20170308154926855,0.990023040771484
20170308154926856,-1.42086563110352
20170308154926857,-2.48135147094727
20170308154926858,0.730623626708984
20170308154926859,-1.29879531860352
20170308154926860,-2.47372207641602
20170308154926861,0.875582122802734
20170308154926862,-1.61922988891602
20170308154926863,-2.60342178344727
20170308154926864,0.928987884521484
20170308154926865,-1.48953018188477
20170308154926866,-2.50423965454102
20170308154926867,0.677217864990234
20170308154926868,-1.43612442016602
20170308154926869,-2.54238662719727
20170308154926870,0.761141204833984
20170308154926871,-1.71078262329102
20170308154926872,-2.45083389282227
20170308154926873,0.677217864990234
20170308154926874,-1.70315322875977
20170308154926875,-2.39742813110352
20170308154926876,0.837435150146484
20170308154926877,-1.64211807250977
20170308154926878,-2.42031631469727
20170308154926879,0.623812103271484
20170308154926880,-1.67263565063477
20170308154926881,-2.42031631469727
20170308154926882,0.845064544677734
20170308154926883,-1.69552383422852
20170308154926884,-2.34402236938477
20170308154926885,0.661959075927734
20170308154926886,-1.85574111938477
20170308154926887,-2.16854629516602
20170308154926888,0.745882415771484
20170308154926889,-2.00832901000977
20170308154926890,-2.06173477172852
20170308154926891,0.822176361083984
20170308154926892,-1.95492324829102
20170308154926893,-2.09225234985352
20170308154926894,0.738253021240234
20170308154926895,-2.13802871704102
20170308154926896,-1.84048233032227
20170308154926897,0.677217864990234
20170308154926898,-2.32113418579102
20170308154926899,-1.49715957641602
20170308154926900,0.738253021240234
20170308154926901,-2.66445693969727
20170308154926902,-1.45138320922852
20170308154926903,0.669588470458984
20170308154926904,-2.88570938110352
20170308154926905,-1.08517227172852
20170308154926906,0.539888763427734
20170308154926907,-3.00777969360352
20170308154926908,-0.802884674072266
20170308154926909,0.440706634521484
20170308154926910,-2.93148574829102
20170308154926911,-0.604520416259766
20170308154926912,0.288118743896484
20170308154926913,-3.01540908813477
20170308154926914,-0.421414947509766
20170308154926915,0.0058311462402344
20170308154926916,-2.93148574829102
20170308154926917,-0.375638580322266
20170308154926918,-0.0857215881347656
20170308154926919,-2.95437393188477
20170308154926920,0.0516075134277344
20170308154926921,-0.276456451416016
20170308154926922,-2.91622695922852
20170308154926923,0.196566009521484
20170308154926924,-0.512967681884766
20170308154926925,-2.96200332641602
20170308154926926,0.463594818115234
20170308154926927,-0.589261627197266
20170308154926928,-2.77889785766602
20170308154926929,0.715364837646484
20170308154926930,-0.940213775634766
20170308154926931,-2.78652725219727
20170308154926932,0.791658782958984
20170308154926933,-1.16909561157227
20170308154926934,-2.64919815063477
20170308154926935,0.646700286865234
20170308154926936,-1.23013076782227
20170308154926937,-2.71786270141602
20170308154926938,1.11972274780273
20170308154926939,-1.13857803344727
20170308154926940,-2.74075088500977
20170308154926941,0.906099700927734
20170308154926942,-1.00124893188477
20170308154926943,-2.68734512329102
20170308154926944,0.837435150146484
20170308154926945,-1.26064834594727
20170308154926946,-2.60342178344727
20170308154926947,0.814546966552734
20170308154926948,-1.46664199829102
20170308154926949,-2.52712783813477
20170308154926950,0.799288177490234
20170308154926951,-1.77944717407227
20170308154926952,-2.32113418579102
20170308154926953,0.639070892333984
20170308154926954,-1.82522354125977
20170308154926955,-2.29061660766602
20170308154926956,0.646700286865234
20170308154926957,-1.75655899047852
20170308154926958,-2.37453994750977
20170308154926959,0.829805755615234
20170308154926960,-1.71078262329102
20170308154926961,-2.39742813110352
20170308154926962,0.814546966552734
20170308154926963,-1.63448867797852
20170308154926964,-2.40505752563477
20170308154926965,0.661959075927734
20170308154926966,-1.72604141235352
20170308154926967,-2.29061660766602
20170308154926968,0.722994232177734
20170308154926969,-1.90151748657227
20170308154926970,-2.30587539672852
20170308154926971,0.616182708740234
20170308154926972,-1.84048233032227
20170308154926973,-2.29824600219727
20170308154926974,0.646700286865234
20170308154926975,-1.49715957641602
20170308154926976,-2.45083389282227
20170308154926977,0.646700286865234
20170308154926978,-1.68026504516602
20170308154926979,-2.27535781860352
20170308154926980,0.722994232177734
20170308154926981,-1.90914688110352
20170308154926982,-2.31350479125977
20170308154926983,0.745882415771484
20170308154926984,-1.84048233032227
20170308154926985,-2.32113418579102
20170308154926986,0.867952728271484
20170308154926987,-1.72604141235352
20170308154926988,-2.19143447875977
20170308154926989,0.829805755615234
20170308154926990,-1.82522354125977
20170308154926991,-2.13039932250977
20170308154926992,0.829805755615234
20170308154926993,-1.90151748657227
20170308154926994,-2.23721084594727
20170308154926995,0.677217864990234
20170308154926996,-2.06936416625977
20170308154926997,-2.16091690063477
20170308154926998,0.669588470458984
20170308154926999,-2.04647598266602
20170308154927000,-2.03121719360352
20170308154927001,0.570406341552734
20170308154927002,-1.99307022094727
20170308154927003,-2.18380508422852
20170308154927004,0.547518157958984
20170308154927005,-1.92440567016602
20170308154927006,-2.22195205688477
20170308154927007,0.784029388427734
20170308154927008,-1.79470596313477
20170308154927009,-2.32876358032227
20170308154927010,0.822176361083984
20170308154927011,-1.77181777954102
20170308154927012,-2.26009902954102
20170308154927013,0.654329681396484
20170308154927014,-1.66500625610352
20170308154927015,-2.35165176391602
20170308154927016,0.677217864990234
20170308154927017,-1.54293594360352
20170308154927018,-2.52712783813477
20170308154927019,0.677217864990234
20170308154927020,-1.48190078735352
20170308154927021,-2.48898086547852
20170308154927022,0.768770599365234
20170308154927023,-1.29879531860352
20170308154927024,-2.64156875610352
20170308154927025,0.753511810302734
20170308154927026,-1.28353652954102
20170308154927027,-2.74075088500977
20170308154927028,0.967134857177734
20170308154927029,-1.21487197875977
20170308154927030,-2.64919815063477
20170308154927031,0.715364837646484
20170308154927032,-1.29879531860352
20170308154927033,-2.61105117797852
20170308154927034,0.768770599365234
20170308154927035,-1.54293594360352
20170308154927036,-2.51186904907227
20170308154927037,0.692476654052734
20170308154927038,-1.66500625610352
20170308154927039,-2.55001602172852
20170308154927040,0.700106048583984
20170308154927041,-1.72604141235352
20170308154927042,-2.42031631469727
20170308154927043,0.631441497802734
20170308154927044,-1.64211807250977
20170308154927045,-2.35928115844727
20170308154927046,0.722994232177734
20170308154927047,-1.70315322875977
20170308154927048,-2.26772842407227
20170308154927049,0.585665130615234
20170308154927050,-1.75655899047852
20170308154927051,-2.33639297485352
20170308154927052,0.784029388427734
20170308154927053,-1.97018203735352
20170308154927054,-2.11514053344727
20170308154927055,0.814546966552734
20170308154927056,-1.96255264282227
20170308154927057,-2.00832901000977
20170308154927058,0.852693939208984
20170308154927059,-2.09225234985352
20170308154927060,-2.02358779907227
20170308154927061,0.814546966552734
20170308154927062,-2.32113418579102
20170308154927063,-1.76418838500977
20170308154927064,0.593294525146484
20170308154927065,-2.32113418579102
20170308154927066,-1.68789443969727
20170308154927067,0.501741790771484
20170308154927068,-2.35165176391602
20170308154927069,-1.57345352172852
20170308154927070,0.684847259521484
20170308154927071,-2.61868057250977
20170308154927072,-1.53530654907227
20170308154927073,0.623812103271484
20170308154927074,-2.42794570922852
20170308154927075,-1.58871231079102
20170308154927076,0.883211517333984
20170308154927077,-2.43557510375977
20170308154927078,-1.42849502563477
20170308154927079,0.654329681396484
20170308154927080,-2.73312149047852
20170308154927081,-1.32168350219727
20170308154927082,0.738253021240234
20170308154927083,-2.90859756469727
20170308154927084,-1.17672500610352
20170308154927085,0.486483001708984
20170308154927086,-2.93911514282227
20170308154927087,-1.19198379516602
20170308154927088,0.547518157958984
20170308154927089,-2.97726211547852
20170308154927090,-0.894437408447266
20170308154927091,0.585665130615234
20170308154927092,-2.93911514282227
20170308154927093,-0.863919830322266
20170308154927094,0.455965423583984
20170308154927095,-2.96200332641602
20170308154927096,-0.650296783447266
20170308154927097,0.379671478271484
20170308154927098,-2.92385635375977
20170308154927099,-0.474820709228516
20170308154927100,0.0821250915527344
20170308154927101,-2.94674453735352
20170308154927102,-0.459561920166016
20170308154927103,-0.0246864318847656
20170308154927104,-2.96200332641602
20170308154927105,-0.413785552978516
20170308154927106,0.166048431396484
20170308154927107,-3.00777969360352
20170308154927108,-0.238309478759766
20170308154927109,-0.0933509826660156
20170308154927110,-2.88570938110352
20170308154927111,-0.108609771728516
20170308154927112,-0.154386138916016
20170308154927113,-2.92385635375977
20170308154927114,0.0897544860839844
20170308154927115,-0.429044342041016
20170308154927116,-2.83993301391602
20170308154927117,0.379671478271484
20170308154927118,-0.635037994384766
20170308154927119,-2.94674453735352
20170308154927120,0.669588470458984
20170308154927121,-0.825772857666016
20170308154927122,-2.89333877563477
20170308154927123,0.631441497802734
20170308154927124,-0.863919830322266
20170308154927125,-2.86282119750977
20170308154927126,0.570406341552734
20170308154927127,-0.657926177978516
20170308154927128,-2.81704483032227
20170308154927129,0.547518157958984
20170308154927130,-0.917325592041016
20170308154927131,-2.84756240844727
20170308154927132,0.517000579833984
20170308154927133,-0.917325592041016
20170308154927134,-2.90859756469727
20170308154927135,0.768770599365234
20170308154927136,-1.02413711547852
20170308154927137,-2.74075088500977
20170308154927138,0.684847259521484
20170308154927139,-1.02413711547852
20170308154927140,-2.77126846313477
20170308154927141,0.677217864990234
20170308154927142,-1.01650772094727
20170308154927143,-2.76363906860352
20170308154927144,0.867952728271484
20170308154927145,-1.03939590454102
20170308154927146,-2.75600967407227
20170308154927147,0.898470306396484
20170308154927148,-1.03939590454102
20170308154927149,-2.67971572875977
20170308154927150,1.00528182983398
20170308154927151,-1.19198379516602
20170308154927152,-2.71023330688477
20170308154927153,0.814546966552734
20170308154927154,-1.42849502563477
20170308154927155,-2.54238662719727
20170308154927156,0.768770599365234
20170308154927157,-1.72604141235352
20170308154927158,-2.39742813110352
20170308154927159,0.730623626708984
20170308154927160,-1.82522354125977
20170308154927161,-2.19906387329102
20170308154927162,0.677217864990234
20170308154927163,-1.98544082641602
20170308154927164,-2.10751113891602
20170308154927165,0.639070892333984
20170308154927166,-2.12276992797852
20170308154927167,-2.00069961547852
20170308154927168,0.654329681396484
20170308154927169,-2.21432266235352
20170308154927170,-1.90914688110352
20170308154927171,0.738253021240234
20170308154927172,-2.26009902954102
20170308154927173,-1.76418838500977
20170308154927174,0.722994232177734
20170308154927175,-2.36691055297852
20170308154927176,-1.74892959594727
20170308154927177,0.730623626708984
20170308154927178,-2.51949844360352
20170308154927179,-1.58871231079102
20170308154927180,0.867952728271484
20170308154927181,-2.55764541625977
20170308154927182,-1.47427139282227
20170308154927183,0.791658782958984
20170308154927184,-2.63393936157227
20170308154927185,-1.35983047485352
20170308154927186,0.555147552490234
20170308154927187,-2.60342178344727
20170308154927188,-1.52767715454102
20170308154927189,0.738253021240234
20170308154927190,-2.60342178344727
20170308154927191,-1.34457168579102
20170308154927192,0.814546966552734
20170308154927193,-2.70260391235352
20170308154927194,-1.34457168579102
20170308154927195,0.646700286865234
20170308154927196,-2.89333877563477
20170308154927197,-1.13857803344727
20170308154927198,0.600923919677734
20170308154927199,-2.90096817016602
20170308154927200,-1.11568984985352
20170308154927201,0.509371185302734
20170308154927202,-3.00015029907227
20170308154927203,-0.917325592041016
20170308154927204,0.372042083740234
20170308154927205,-2.96200332641602
20170308154927206,-0.894437408447266
20170308154927207,0.455965423583984
20170308154927208,-2.95437393188477
20170308154927209,-0.955472564697266
20170308154927210,0.417818450927734
20170308154927211,-3.00777969360352
20170308154927212,-0.940213775634766
20170308154927213,0.410189056396484
20170308154927214,-2.98489151000977
20170308154927215,-0.947843170166016
20170308154927216,0.593294525146484
20170308154927217,-2.93911514282227
20170308154927218,-1.00124893188477
20170308154927219,0.387300872802734
20170308154927220,-2.93911514282227
20170308154927221,-0.779996490478516
20170308154927222,0.448336029052734
20170308154927223,-2.94674453735352
20170308154927224,-0.764737701416016
20170308154927225,0.562776947021484
20170308154927226,-2.93911514282227
20170308154927227,-0.596891021728516
20170308154927228,0.364412689208984
20170308154927229,-2.90859756469727
20170308154927230,-0.581632232666016
20170308154927231,0.227083587646484
20170308154927232,-2.82467422485352
20170308154927233,-0.314603424072266
20170308154927234,0.0592369079589844
20170308154927235,-2.90859756469727
20170308154927236,-0.352750396728516
20170308154927237,-0.0933509826660156
20170308154927238,-3.00777969360352
20170308154927239,-0.230680084228516
20170308154927240,-0.0552040100097656
20170308154927241,-2.96200332641602
20170308154927242,-0.146756744384766
20170308154927243,-0.139127349853516
20170308154927244,-2.88570938110352
20170308154927245,-0.0017982482910156
20170308154927246,-0.406156158447266
20170308154927247,-2.92385635375977
20170308154927248,0.410189056396484
20170308154927249,-0.665555572509766
20170308154927250,-2.84756240844727
20170308154927251,0.440706634521484
20170308154927252,-0.787625885009766
20170308154927253,-2.90096817016602
20170308154927254,0.608553314208984
20170308154927255,-0.909696197509766
20170308154927256,-2.81704483032227
20170308154927257,0.661959075927734
20170308154927258,-1.01650772094727
20170308154927259,-2.71786270141602
20170308154927260,0.715364837646484
20170308154927261,-1.05465469360352
20170308154927262,-2.68734512329102
20170308154927263,0.715364837646484
20170308154927264,-1.10806045532227
20170308154927265,-2.77889785766602
20170308154927266,0.700106048583984
20170308154927267,-1.06991348266602
20170308154927268,-2.78652725219727
20170308154927269,0.776399993896484
20170308154927270,-1.16909561157227
20170308154927271,-2.67971572875977
20170308154927272,0.761141204833984
20170308154927273,-1.19961318969727
20170308154927274,-2.74838027954102
20170308154927275,0.875582122802734
20170308154927276,-1.29116592407227
20170308154927277,-2.57290420532227
20170308154927278,0.921358489990234
20170308154927279,-1.58871231079102
20170308154927280,-2.58053359985352
20170308154927281,0.768770599365234
20170308154927282,-1.64211807250977
20170308154927283,-2.40505752563477
20170308154927284,0.646700286865234
20170308154927285,-1.87099990844727
20170308154927286,-2.36691055297852
20170308154927287,0.761141204833984
20170308154927288,-1.68026504516602
20170308154927289,-2.48898086547852
20170308154927290,0.913729095458984
20170308154927291,-1.58871231079102
20170308154927292,-2.35928115844727
20170308154927293,0.646700286865234
20170308154927294,-1.66500625610352
20170308154927295,-2.45083389282227
20170308154927296,0.890840911865234
20170308154927297,-1.64211807250977
20170308154927298,-2.38979873657227
20170308154927299,0.707735443115234
20170308154927300,-1.60397109985352
20170308154927301,-2.52712783813477
20170308154927302,0.738253021240234
20170308154927303,-1.35220108032227
20170308154927304,-2.52712783813477
20170308154927305,0.768770599365234
20170308154927306,-1.23776016235352
20170308154927307,-2.58053359985352
20170308154927308,0.700106048583984
20170308154927309,-1.37508926391602
20170308154927310,-2.54238662719727
20170308154927311,0.845064544677734
20170308154927312,-1.41323623657227
20170308154927313,-2.43557510375977
20170308154927314,0.822176361083984
20170308154927315,-1.71841201782227
20170308154927316,-2.31350479125977
20170308154927317,0.639070892333984
20170308154927318,-1.73367080688477
20170308154927319,-2.36691055297852
20170308154927320,0.639070892333984
20170308154927321,-1.72604141235352
20170308154927322,-2.32876358032227
20170308154927323,0.753511810302734
20170308154927324,-1.88625869750977
20170308154927325,-2.23721084594727
20170308154927326,0.631441497802734
20170308154927327,-1.81759414672852
20170308154927328,-2.38216934204102
20170308154927329,0.593294525146484
20170308154927330,-1.82522354125977
20170308154927331,-2.29061660766602
20170308154927332,0.623812103271484
20170308154927333,-1.82522354125977
20170308154927334,-2.30587539672852
20170308154927335,0.852693939208984
20170308154927336,-1.81759414672852
20170308154927337,-2.16091690063477
20170308154927338,0.600923919677734
20170308154927339,-2.06936416625977
20170308154927340,-1.95492324829102
20170308154927341,0.852693939208984
20170308154927342,-2.01595840454102
20170308154927343,-2.14565811157227
20170308154927344,0.616182708740234
20170308154927345,-2.08462295532227
20170308154927346,-2.15328750610352
20170308154927347,0.806917572021484
20170308154927348,-1.92440567016602
20170308154927349,-2.26772842407227
20170308154927350,0.921358489990234
20170308154927351,-1.92440567016602
20170308154927352,-2.11514053344727
20170308154927353,0.791658782958984
20170308154927354,-1.93966445922852
20170308154927355,-2.18380508422852
20170308154927356,0.677217864990234
20170308154927357,-2.03884658813477
20170308154927358,-2.09988174438477
20170308154927359,0.745882415771484
20170308154927360,-2.04647598266602
20170308154927361,-2.03884658813477
20170308154927362,0.806917572021484
20170308154927363,-2.06173477172852
20170308154927364,-1.97781143188477
20170308154927365,0.608553314208984
20170308154927366,-2.11514053344727
20170308154927367,-1.80233535766602
20170308154927368,0.677217864990234
20170308154927369,-2.19906387329102
20170308154927370,-1.84811172485352
20170308154927371,0.730623626708984
20170308154927372,-2.29061660766602
20170308154927373,-1.58871231079102
20170308154927374,0.646700286865234
20170308154927375,-2.35928115844727
20170308154927376,-1.55056533813477
20170308154927377,0.593294525146484
20170308154927378,-2.41268692016602
20170308154927379,-1.68026504516602
20170308154927380,0.730623626708984
20170308154927381,-2.53475723266602
20170308154927382,-1.58108291625977
20170308154927383,0.700106048583984
20170308154927384,-2.69497451782227
20170308154927385,-1.23013076782227
20170308154927386,0.669588470458984
20170308154927387,-2.83993301391602
20170308154927388,-1.13857803344727
20170308154927389,0.570406341552734
20170308154927390,-2.98489151000977
20170308154927391,-0.779996490478516
20170308154927392,0.394930267333984
20170308154927393,-2.90096817016602
20170308154927394,-0.848661041259766
20170308154927395,0.455965423583984
20170308154927396,-3.00777969360352
20170308154927397,-0.581632232666016
20170308154927398,0.265230560302734
20170308154927399,-2.92385635375977
20170308154927400,-0.482450103759766
20170308154927401,0.0973838806152344
20170308154927402,-2.95437393188477
20170308154927403,-0.520597076416016
20170308154927404,0.173677825927734
20170308154927405,-3.00015029907227
20170308154927406,-0.314603424072266
20170308154927407,-0.0628334045410156
20170308154927408,-3.02303848266602
20170308154927409,-0.0628334045410156
20170308154927410,-0.108609771728516
20170308154927411,-3.00777969360352
20170308154927412,-0.116239166259766
20170308154927413,0.105013275146484
20170308154927414,-2.93911514282227
20170308154927415,-0.169644927978516
20170308154927416,-0.162015533447266
20170308154927417,-2.90096817016602
20170308154927418,0.204195404052734
20170308154927419,-0.543485260009766
20170308154927420,-2.85519180297852
20170308154927421,0.463594818115234
20170308154927422,-0.680814361572266
20170308154927423,-2.85519180297852
20170308154927424,0.860323333740234
20170308154927425,-1.13094863891602
20170308154927426,-2.65682754516602
20170308154927427,0.913729095458984
20170308154927428,-1.39034805297852
20170308154927429,-2.54238662719727
20170308154927430,0.990023040771484
20170308154927431,-1.65737686157227
20170308154927432,-2.22195205688477
20170308154927433,0.776399993896484
20170308154927434,-1.93966445922852
20170308154927435,-2.12276992797852
20170308154927436,0.578035736083984
20170308154927437,-1.95492324829102
20170308154927438,-2.10751113891602
20170308154927439,0.860323333740234
20170308154927440,-2.23721084594727
20170308154927441,-1.77181777954102
20170308154927442,0.753511810302734
20170308154927443,-2.32876358032227
20170308154927444,-1.74130020141602
20170308154927445,0.707735443115234
20170308154927446,-2.39742813110352
20170308154927447,-1.74130020141602
20170308154927448,0.730623626708984
20170308154927449,-2.45083389282227
20170308154927450,-1.56582412719727
20170308154927451,0.829805755615234
20170308154927452,-2.55001602172852
20170308154927453,-1.45138320922852
20170308154927454,0.646700286865234
20170308154927455,-2.95437393188477
20170308154927456,-1.29116592407227
20170308154927457,0.517000579833984
20170308154927458,-2.79415664672852
20170308154927459,-1.30642471313477
20170308154927460,0.600923919677734
20170308154927461,-2.83993301391602
20170308154927462,-1.13094863891602
20170308154927463,0.547518157958984
20170308154927464,-2.93911514282227
20170308154927465,-1.17672500610352
20170308154927466,0.555147552490234
20170308154927467,-2.79415664672852
20170308154927468,-1.21487197875977
20170308154927469,0.661959075927734
20170308154927470,-2.84756240844727
20170308154927471,-1.09280166625977
20170308154927472,0.578035736083984
20170308154927473,-2.93911514282227
20170308154927474,-1.01650772094727
20170308154927475,0.486483001708984
20170308154927476,-2.86282119750977
20170308154927477,-0.947843170166016
20170308154927478,0.509371185302734
20170308154927479,-2.93911514282227
20170308154927480,-0.825772857666016
20170308154927481,0.631441497802734
20170308154927482,-2.95437393188477
20170308154927483,-1.09280166625977
20170308154927484,0.707735443115234
20170308154927485,-2.94674453735352
20170308154927486,-1.05465469360352
20170308154927487,0.471224212646484
20170308154927488,-2.78652725219727
20170308154927489,-1.07754287719727
20170308154927490,0.394930267333984
20170308154927491,-2.90096817016602
20170308154927492,-0.940213775634766
20170308154927493,0.593294525146484
20170308154927494,-3.00015029907227
20170308154927495,-0.825772857666016
20170308154927496,0.608553314208984
20170308154927497,-2.96200332641602
20170308154927498,-0.932584381103516
20170308154927499,0.402559661865234
20170308154927500,-2.96200332641602
20170308154927501,-0.917325592041016
20170308154927502,0.486483001708984
20170308154927503,-2.97726211547852
20170308154927504,-0.886808013916016
20170308154927505,0.372042083740234
20170308154927506,-2.99252090454102
20170308154927507,-0.856290435791016
20170308154927508,0.433077239990234
20170308154927509,-2.90859756469727
20170308154927510,-0.833402252197266
20170308154927511,0.410189056396484
20170308154927512,-2.93911514282227
20170308154927513,-0.764737701416016
20170308154927514,0.379671478271484
20170308154927515,-2.91622695922852
20170308154927516,-0.909696197509766
20170308154927517,0.417818450927734
20170308154927518,-2.93911514282227
20170308154927519,-1.02413711547852
20170308154927520,0.547518157958984
20170308154927521,-2.98489151000977
20170308154927522,-0.940213775634766
20170308154927523,0.463594818115234
20170308154927524,-2.96200332641602
20170308154927525,-0.833402252197266
20170308154927526,0.387300872802734
20170308154927527,-2.95437393188477
20170308154927528,-0.848661041259766
20170308154927529,0.440706634521484
20170308154927530,-2.90096817016602
20170308154927531,-1.02413711547852
20170308154927532,0.639070892333984
20170308154927533,-2.83993301391602
20170308154927534,-1.00124893188477
20170308154927535,0.494112396240234
20170308154927536,-2.93911514282227
20170308154927537,-0.779996490478516
20170308154927538,0.402559661865234
20170308154927539,-2.93148574829102
20170308154927540,-0.764737701416016
20170308154927541,0.555147552490234
20170308154927542,-2.92385635375977
20170308154927543,-0.619779205322266
20170308154927544,0.387300872802734
20170308154927545,-2.96963272094727
20170308154927546,-0.413785552978516
20170308154927547,0.0592369079589844
20170308154927548,-2.91622695922852
20170308154927549,-0.268827056884766
20170308154927550,0.150789642333984
20170308154927551,-2.93911514282227
20170308154927552,-0.436673736572266
20170308154927553,0.0516075134277344
20170308154927554,-2.96963272094727
20170308154927555,-0.116239166259766
20170308154927556,-0.0933509826660156
20170308154927557,-2.89333877563477
20170308154927558,-0.0399452209472656
20170308154927559,-0.261197662353516
20170308154927560,-2.88570938110352
20170308154927561,0.0363487243652344
20170308154927562,-0.383267974853516
20170308154927563,-2.89333877563477
20170308154927564,0.204195404052734
20170308154927565,-0.558744049072266
20170308154927566,-2.83230361938477
20170308154927567,0.280489349365234
20170308154927568,-0.543485260009766
20170308154927569,-2.90859756469727
20170308154927570,0.272859954833984
20170308154927571,-0.360379791259766
20170308154927572,-2.86282119750977
20170308154927573,0.402559661865234
20170308154927574,-0.718961334228516
20170308154927575,-2.82467422485352
20170308154927576,0.486483001708984
20170308154927577,-0.863919830322266
20170308154927578,-2.80178604125977
20170308154927579,0.829805755615234
20170308154927580,-0.917325592041016
20170308154927581,-2.82467422485352
20170308154927582,0.761141204833984
20170308154927583,-1.11568984985352
20170308154927584,-2.80941543579102
20170308154927585,1.00528182983398
20170308154927586,-1.29879531860352
20170308154927587,-2.53475723266602
20170308154927588,0.814546966552734
20170308154927589,-1.44375381469727
20170308154927590,-2.45083389282227
20170308154927591,0.928987884521484
20170308154927592,-1.61160049438477
20170308154927593,-2.51949844360352
20170308154927594,0.753511810302734
20170308154927595,-1.63448867797852
20170308154927596,-2.42794570922852
20170308154927597,0.776399993896484
20170308154927598,-1.88625869750977
20170308154927599,-2.32876358032227
20170308154927600,0.684847259521484
20170308154927601,-1.72604141235352
20170308154927602,-2.34402236938477
20170308154927603,0.761141204833984
20170308154927604,-1.82522354125977
20170308154927605,-2.31350479125977
20170308154927606,0.867952728271484
20170308154927607,-1.87862930297852
20170308154927608,-2.21432266235352
20170308154927609,0.608553314208984
20170308154927610,-1.75655899047852
20170308154927611,-2.37453994750977
20170308154927612,0.684847259521484
20170308154927613,-1.74892959594727
20170308154927614,-2.35165176391602
20170308154927615,0.608553314208984
20170308154927616,-1.75655899047852
20170308154927617,-2.34402236938477
20170308154927618,0.677217864990234
20170308154927619,-1.84811172485352
20170308154927620,-2.22958145141602
20170308154927621,0.692476654052734
20170308154927622,-1.88625869750977
20170308154927623,-2.21432266235352
20170308154927624,0.753511810302734
20170308154927625,-1.96255264282227
20170308154927626,-2.03121719360352
20170308154927627,0.791658782958984
20170308154927628,-2.15328750610352
20170308154927629,-1.82522354125977
20170308154927630,0.776399993896484
20170308154927631,-2.48898086547852
20170308154927632,-1.50478897094727
20170308154927633,0.608553314208984
20170308154927634,-2.46609268188477
20170308154927635,-1.48953018188477
20170308154927636,0.700106048583984
20170308154927637,-2.59579238891602
20170308154927638,-1.36745986938477
20170308154927639,0.639070892333984
20170308154927640,-2.87045059204102
20170308154927641,-1.08517227172852
20170308154927642,0.501741790771484
20170308154927643,-2.69497451782227
20170308154927644,-1.22250137329102
20170308154927645,0.669588470458984
20170308154927646,-2.83993301391602
20170308154927647,-1.30642471313477
20170308154927648,0.585665130615234
20170308154927649,-2.80178604125977
20170308154927650,-1.21487197875977
20170308154927651,0.494112396240234
20170308154927652,-2.87807998657227
20170308154927653,-1.09280166625977
20170308154927654,0.578035736083984
20170308154927655,-2.98489151000977
20170308154927656,-0.970731353759766
20170308154927657,0.669588470458984
20170308154927658,-2.86282119750977
20170308154927659,-0.970731353759766
20170308154927660,0.509371185302734
20170308154927661,-2.93911514282227
20170308154927662,-0.902066802978516
20170308154927663,0.608553314208984
20170308154927664,-2.98489151000977
20170308154927665,-1.05465469360352
20170308154927666,0.440706634521484
20170308154927667,-3.03829727172852
20170308154927668,-0.848661041259766
20170308154927669,0.547518157958984
20170308154927670,-2.93148574829102
20170308154927671,-1.07754287719727
20170308154927672,0.478853607177734
20170308154927673,-2.87807998657227
20170308154927674,-1.19198379516602
20170308154927675,0.532259368896484
20170308154927676,-2.83230361938477
20170308154927677,-1.16909561157227
20170308154927678,0.600923919677734
20170308154927679,-2.82467422485352
20170308154927680,-1.26064834594727
20170308154927681,0.440706634521484
20170308154927682,-2.85519180297852
20170308154927683,-1.26064834594727
20170308154927684,0.555147552490234
20170308154927685,-2.86282119750977
20170308154927686,-1.27590713500977
20170308154927687,0.547518157958984
20170308154927688,-2.81704483032227
20170308154927689,-1.14620742797852
20170308154927690,0.532259368896484
20170308154927691,-2.78652725219727
20170308154927692,-1.15383682250977
20170308154927693,0.578035736083984
20170308154927694,-2.83230361938477
20170308154927695,-1.14620742797852
20170308154927696,0.463594818115234
20170308154927697,-2.96963272094727
20170308154927698,-0.970731353759766
20170308154927699,0.494112396240234
20170308154927700,-2.97726211547852
20170308154927701,-0.696073150634766
20170308154927702,0.341524505615234
20170308154927703,-3.01540908813477
20170308154927704,-0.657926177978516
20170308154927705,0.402559661865234
20170308154927706,-2.95437393188477
20170308154927707,-0.558744049072266
20170308154927708,0.402559661865234
20170308154927709,-2.82467422485352
20170308154927710,-0.772367095947266
20170308154927711,0.288118743896484
20170308154927712,-2.96963272094727
20170308154927713,-0.879178619384766
20170308154927714,0.341524505615234
20170308154927715,-2.90859756469727
20170308154927716,-0.909696197509766
20170308154927717,0.471224212646484
20170308154927718,-3.10696182250977
20170308154927719,-0.619779205322266
20170308154927720,0.478853607177734
20170308154927721,-2.95437393188477
20170308154927722,-0.543485260009766
20170308154927723,0.158419036865234
20170308154927724,-2.87045059204102
20170308154927725,-0.398526763916016
20170308154927726,0.112642669677734
20170308154927727,-2.94674453735352
20170308154927728,-0.139127349853516
20170308154927729,-0.154386138916016
20170308154927730,-2.90096817016602
20170308154927731,-0.169644927978516
20170308154927732,-0.154386138916016
20170308154927733,-2.92385635375977
20170308154927734,0.127901458740234
20170308154927735,-0.139127349853516
20170308154927736,-2.90096817016602
20170308154927737,0.150789642333984
20170308154927738,-0.429044342041016
20170308154927739,-2.85519180297852
20170308154927740,0.364412689208984
20170308154927741,-0.680814361572266
20170308154927742,-2.90096817016602
20170308154927743,0.715364837646484
20170308154927744,-0.520597076416016
20170308154927745,-2.78652725219727
20170308154927746,0.600923919677734
20170308154927747,-0.894437408447266
20170308154927748,-2.72549209594727
20170308154927749,0.799288177490234
20170308154927750,-1.15383682250977
20170308154927751,-2.65682754516602
20170308154927752,0.997652435302734
20170308154927753,-1.25301895141602
20170308154927754,-2.58816299438477
20170308154927755,0.921358489990234
20170308154927756,-1.47427139282227
20170308154927757,-2.48898086547852
20170308154927758,0.768770599365234
20170308154927759,-1.82522354125977
20170308154927760,-2.25246963500977
20170308154927761,0.890840911865234
20170308154927762,-1.90914688110352
20170308154927763,-2.10751113891602
20170308154927764,0.898470306396484
20170308154927765,-1.97018203735352
20170308154927766,-1.97018203735352
20170308154927767,0.738253021240234
20170308154927768,-2.11514053344727
20170308154927769,-2.08462295532227
20170308154927770,0.722994232177734
20170308154927771,-2.29824600219727
20170308154927772,-1.83285293579102
20170308154927773,0.814546966552734
20170308154927774,-2.22958145141602
20170308154927775,-1.80233535766602
20170308154927776,0.639070892333984
20170308154927777,-2.37453994750977
20170308154927778,-1.61160049438477
20170308154927779,0.684847259521484
20170308154927780,-2.51949844360352
20170308154927781,-1.48953018188477
20170308154927782,0.608553314208984
20170308154927783,-2.61105117797852
20170308154927784,-1.22250137329102
20170308154927785,0.768770599365234
20170308154927786,-2.93911514282227
20170308154927787,-1.19198379516602
20170308154927788,0.669588470458984
20170308154927789,-2.85519180297852
20170308154927790,-1.06228408813477
20170308154927791,0.593294525146484
20170308154927792,-2.92385635375977
20170308154927793,-0.955472564697266
20170308154927794,0.509371185302734
20170308154927795,-2.90096817016602
20170308154927796,-1.06991348266602
20170308154927797,0.394930267333984
20170308154927798,-2.93148574829102
20170308154927799,-1.00124893188477
20170308154927800,0.517000579833984
20170308154927801,-2.88570938110352
20170308154927802,-0.856290435791016
20170308154927803,0.318636322021484
20170308154927804,-2.97726211547852
20170308154927805,-0.993619537353516
20170308154927806,0.517000579833984
20170308154927807,-3.00777969360352
20170308154927808,-0.734220123291016
20170308154927809,0.326265716552734
20170308154927810,-2.87807998657227
20170308154927811,-0.947843170166016
20170308154927812,0.410189056396484
20170308154927813,-2.90096817016602
20170308154927814,-1.21487197875977
20170308154927815,0.417818450927734
20170308154927816,-2.84756240844727
20170308154927817,-1.11568984985352
20170308154927818,0.692476654052734
20170308154927819,-2.91622695922852
20170308154927820,-1.16909561157227
20170308154927821,0.494112396240234
20170308154927822,-2.87045059204102
20170308154927823,-1.04702529907227
20170308154927824,0.524629974365234
20170308154927825,-2.93148574829102
20170308154927826,-1.05465469360352
20170308154927827,0.448336029052734
20170308154927828,-2.87045059204102
20170308154927829,-1.12331924438477
20170308154927830,0.394930267333984
20170308154927831,-2.74075088500977
20170308154927832,-1.26064834594727
20170308154927833,0.532259368896484
20170308154927834,-2.67208633422852
20170308154927835,-1.38271865844727
20170308154927836,0.478853607177734
20170308154927837,-2.51949844360352
20170308154927838,-1.47427139282227
20170308154927839,0.608553314208984
20170308154927840,-2.59579238891602
20170308154927841,-1.52004776000977
20170308154927842,0.570406341552734
20170308154927843,-2.64919815063477
20170308154927844,-1.47427139282227
20170308154927845,0.616182708740234
20170308154927846,-2.55764541625977
20170308154927847,-1.45138320922852
20170308154927848,0.532259368896484
20170308154927849,-2.42794570922852
20170308154927850,-1.48190078735352
20170308154927851,0.517000579833984
20170308154927852,-2.58816299438477
20170308154927853,-1.42849502563477
20170308154927854,0.661959075927734
20170308154927855,-2.57290420532227
20170308154927856,-1.35983047485352
20170308154927857,0.631441497802734
20170308154927858,-2.77126846313477
20170308154927859,-1.22250137329102
20170308154927860,0.562776947021484
20170308154927861,-2.92385635375977
20170308154927862,-1.04702529907227
20170308154927863,0.570406341552734
20170308154927864,-3.00777969360352
20170308154927865,-0.566373443603516
20170308154927866,0.318636322021484
20170308154927867,-3.00777969360352
20170308154927868,-0.543485260009766
20170308154927869,0.257601165771484
20170308154927870,-3.00015029907227
20170308154927871,-0.474820709228516
20170308154927872,0.112642669677734
20170308154927873,-2.88570938110352
20170308154927874,-0.0857215881347656
20170308154927875,-0.0857215881347656
20170308154927876,-2.83230361938477
20170308154927877,-0.223050689697266
20170308154927878,-0.0704627990722656
20170308154927879,-2.87045059204102
20170308154927880,-0.207791900634766
20170308154927881,0.105013275146484
20170308154927882,-2.90096817016602
20170308154927883,-0.383267974853516
20170308154927884,0.0744956970214844
20170308154927885,-2.90096817016602
20170308154927886,-0.329862213134766
20170308154927887,-0.162015533447266
20170308154927888,-2.99252090454102
20170308154927889,-0.131497955322266
20170308154927890,-0.162015533447266
20170308154927891,-2.86282119750977
20170308154927892,-0.0628334045410156
20170308154927893,-0.268827056884766
20170308154927894,-2.90096817016602
20170308154927895,0.303377532958984
20170308154927896,-0.451932525634766
20170308154927897,-2.88570938110352
20170308154927898,0.265230560302734
20170308154927899,-0.642667388916016
20170308154927900,-2.83230361938477
20170308154927901,0.494112396240234
20170308154927902,-0.772367095947266
20170308154927903,-2.88570938110352
20170308154927904,0.768770599365234
20170308154927905,-0.985990142822266
20170308154927906,-2.81704483032227
20170308154927907,0.722994232177734
20170308154927908,-1.12331924438477
20170308154927909,-2.69497451782227
20170308154927910,0.799288177490234
20170308154927911,-1.48953018188477
20170308154927912,-2.48898086547852
20170308154927913,0.768770599365234
20170308154927914,-1.74130020141602
20170308154927915,-2.28298721313477
20170308154927916,0.722994232177734
20170308154927917,-1.94729385375977
20170308154927918,-2.17617568969727
20170308154927919,0.738253021240234
20170308154927920,-2.10751113891602
20170308154927921,-1.94729385375977
20170308154927922,0.860323333740234
20170308154927923,-2.26772842407227
20170308154927924,-1.96255264282227
20170308154927925,0.715364837646484
20170308154927926,-2.27535781860352
20170308154927927,-1.79470596313477
20170308154927928,0.875582122802734
20170308154927929,-2.45083389282227
20170308154927930,-1.56582412719727
20170308154927931,0.715364837646484
20170308154927932,-2.64156875610352
20170308154927933,-1.48190078735352
20170308154927934,0.639070892333984
20170308154927935,-2.77126846313477
20170308154927936,-1.28353652954102
20170308154927937,0.578035736083984
20170308154927938,-2.95437393188477
20170308154927939,-1.13094863891602
20170308154927940,0.433077239990234
20170308154927941,-2.93911514282227
20170308154927942,-1.02413711547852
20170308154927943,0.486483001708984
20170308154927944,-3.01540908813477
20170308154927945,-0.879178619384766
20170308154927946,0.440706634521484
20170308154927947,-2.94674453735352
20170308154927948,-0.741849517822266
20170308154927949,0.265230560302734
20170308154927950,-2.95437393188477
20170308154927951,-0.795255279541016
20170308154927952,0.272859954833984
20170308154927953,-3.00015029907227
20170308154927954,-0.703702545166016
20170308154927955,0.303377532958984
20170308154927956,-2.96200332641602
20170308154927957,-0.558744049072266
20170308154927958,0.219454193115234
20170308154927959,-2.89333877563477
20170308154927960,-0.429044342041016
20170308154927961,0.158419036865234
20170308154927962,-2.85519180297852
20170308154927963,-0.535855865478516
20170308154927964,0.219454193115234
20170308154927965,-2.98489151000977
20170308154927966,-0.253568267822266
20170308154927967,0.0287193298339844
20170308154927968,-2.84756240844727
20170308154927969,-0.306974029541016
20170308154927970,0.0134605407714844
20170308154927971,-2.93911514282227
20170308154927972,-0.406156158447266
20170308154927973,0.0973838806152344
20170308154927974,-2.96200332641602
20170308154927975,-0.177274322509766
20170308154927976,0.150789642333984
20170308154927977,-2.96963272094727
20170308154927978,0.0134605407714844
20170308154927979,-0.299344635009766
20170308154927980,-2.99252090454102
20170308154927981,0.196566009521484
20170308154927982,-0.413785552978516
20170308154927983,-2.87045059204102
20170308154927984,0.120272064208984
20170308154927985,-0.268827056884766
20170308154927986,-2.87807998657227
20170308154927987,0.0134605407714844
20170308154927988,-0.398526763916016
20170308154927989,-2.82467422485352
20170308154927990,0.120272064208984
20170308154927991,-0.375638580322266
20170308154927992,-2.86282119750977
20170308154927993,0.0592369079589844
20170308154927994,-0.268827056884766
20170308154927995,-2.83993301391602
20170308154927996,0.280489349365234
20170308154927997,-0.200162506103516
20170308154927998,-2.79415664672852
20170308154927999,-0.177274322509766
20170308154928000,-0.284085845947266
20170308154928001,-2.84756240844727
20170308154928002,-0.131497955322266
20170308154928003,-0.276456451416016
20170308154928004,-2.86282119750977
20170308154928005,-0.177274322509766
20170308154928006,-0.230680084228516
20170308154928007,-2.90096817016602
20170308154928008,0.0287193298339844
20170308154928009,-0.230680084228516
20170308154928010,-2.80941543579102
20170308154928011,-0.268827056884766
20170308154928012,-0.268827056884766
20170308154928013,-2.85519180297852
20170308154928014,-0.0552040100097656
20170308154928015,-0.291715240478516
20170308154928016,-2.83993301391602
20170308154928017,-0.0628334045410156
20170308154928018,-0.337491607666016
20170308154928019,-2.83993301391602
20170308154928020,0.211824798583984
20170308154928021,-0.482450103759766
20170308154928022,-2.90859756469727
20170308154928023,0.402559661865234
20170308154928024,-0.657926177978516
20170308154928025,-2.81704483032227
20170308154928026,0.455965423583984
20170308154928027,-0.718961334228516
20170308154928028,-2.90859756469727
20170308154928029,0.547518157958984
20170308154928030,-0.810514068603516
20170308154928031,-2.85519180297852
20170308154928032,0.730623626708984
20170308154928033,-0.871549224853516
20170308154928034,-2.86282119750977
20170308154928035,0.829805755615234
20170308154928036,-1.10043106079102
20170308154928037,-2.64919815063477
20170308154928038,0.837435150146484
20170308154928039,-1.48953018188477
20170308154928040,-2.50423965454102
20170308154928041,0.730623626708984
20170308154928042,-1.71078262329102
20170308154928043,-2.25246963500977
20170308154928044,0.845064544677734
20170308154928045,-1.77944717407227
20170308154928046,-2.16091690063477
20170308154928047,0.661959075927734
20170308154928048,-1.96255264282227
20170308154928049,-2.09988174438477
20170308154928050,0.822176361083984
20170308154928051,-2.09988174438477
20170308154928052,-1.87862930297852
20170308154928053,0.700106048583984
20170308154928054,-2.17617568969727
20170308154928055,-1.73367080688477
20170308154928056,0.761141204833984
20170308154928057,-2.46609268188477
20170308154928058,-1.50478897094727
20170308154928059,0.692476654052734
20170308154928060,-2.68734512329102
20170308154928061,-1.35983047485352
20170308154928062,0.585665130615234
20170308154928063,-2.68734512329102
20170308154928064,-1.25301895141602
20170308154928065,0.608553314208984
20170308154928066,-2.90859756469727
20170308154928067,-1.04702529907227
20170308154928068,0.494112396240234
20170308154928069,-2.99252090454102
20170308154928070,-0.978360748291016
20170308154928071,0.410189056396484
20170308154928072,-3.02303848266602
20170308154928073,-0.902066802978516
20170308154928074,0.356783294677734
20170308154928075,-3.01540908813477
20170308154928076,-0.757108306884766
20170308154928077,0.364412689208984
20170308154928078,-2.99252090454102
20170308154928079,-0.574002838134766
20170308154928080,0.303377532958984
20170308154928081,-2.90096817016602
20170308154928082,-0.772367095947266
20170308154928083,0.356783294677734
20170308154928084,-3.06118545532227
20170308154928085,-0.902066802978516
20170308154928086,0.387300872802734
20170308154928087,-2.92385635375977
20170308154928088,-1.00124893188477
20170308154928089,0.631441497802734
20170308154928090,-2.87045059204102
20170308154928091,-0.909696197509766
20170308154928092,0.387300872802734
20170308154928093,-2.97726211547852
20170308154928094,-0.932584381103516
20170308154928095,0.463594818115234
20170308154928096,-2.96200332641602
20170308154928097,-0.818143463134766
20170308154928098,0.517000579833984
20170308154928099,-2.87045059204102
20170308154928100,-0.543485260009766
20170308154928101,0.265230560302734
20170308154928102,-2.96963272094727
20170308154928103,-0.543485260009766
20170308154928104,0.143160247802734
20170308154928105,-3.03066787719727
20170308154928106,-0.558744049072266
20170308154928107,0.181307220458984
20170308154928108,-2.93148574829102
20170308154928109,-0.467191314697266
20170308154928110,0.188936614990234
20170308154928111,-2.99252090454102
20170308154928112,-0.413785552978516
20170308154928113,0.0134605407714844
20170308154928114,-2.97726211547852
20170308154928115,-0.291715240478516
20170308154928116,0.0744956970214844
20170308154928117,-2.93148574829102
20170308154928118,-0.413785552978516
20170308154928119,0.0210899353027344
20170308154928120,-2.90859756469727
20170308154928121,-0.314603424072266
20170308154928122,-0.0475746154785156
20170308154928123,-2.86282119750977
20170308154928124,-0.291715240478516
20170308154928125,0.0973838806152344
20170308154928126,-2.88570938110352
20170308154928127,-0.284085845947266
20170308154928128,0.211824798583984
20170308154928129,-2.84756240844727
20170308154928130,-0.352750396728516
20170308154928131,-0.0094276428222656
20170308154928132,-2.93911514282227
20170308154928133,-0.299344635009766
20170308154928134,-0.0246864318847656
20170308154928135,-3.00015029907227
20170308154928136,-0.192533111572266
20170308154928137,-0.0704627990722656
20170308154928138,-2.97726211547852
20170308154928139,-0.314603424072266
20170308154928140,-0.0780921936035156
20170308154928141,-2.92385635375977
20170308154928142,-0.352750396728516
20170308154928143,0.0134605407714844
20170308154928144,-2.92385635375977
20170308154928145,-0.505338287353516
20170308154928146,0.0439781188964844
20170308154928147,-2.99252090454102
20170308154928148,-0.200162506103516
20170308154928149,-0.0246864318847656
20170308154928150,-2.87807998657227
20170308154928151,-0.406156158447266
20170308154928152,0.242342376708984
20170308154928153,-2.98489151000977
20170308154928154,-0.650296783447266
20170308154928155,0.211824798583984
20170308154928156,-2.95437393188477
20170308154928157,-0.566373443603516
20170308154928158,0.105013275146484
20170308154928159,-2.93148574829102
20170308154928160,-0.352750396728516
20170308154928161,0.0973838806152344
20170308154928162,-2.95437393188477
20170308154928163,-0.444303131103516
20170308154928164,0.112642669677734
20170308154928165,-2.99252090454102
20170308154928166,-0.345121002197266
20170308154928167,-0.0475746154785156
20170308154928168,-2.87807998657227
20170308154928169,-0.314603424072266
20170308154928170,-0.0552040100097656
20170308154928171,-2.93148574829102
20170308154928172,0.0058311462402344
20170308154928173,-0.253568267822266
20170308154928174,-2.90859756469727
20170308154928175,-0.0017982482910156
20170308154928176,-0.314603424072266
20170308154928177,-2.79415664672852
20170308154928178,0.0134605407714844
20170308154928179,-0.306974029541016
20170308154928180,-2.95437393188477
20170308154928181,-0.0780921936035156
20170308154928182,-0.299344635009766
20170308154928183,-2.96963272094727
20170308154928184,-0.0246864318847656
20170308154928185,-0.253568267822266
20170308154928186,-2.93148574829102
20170308154928187,0.0363487243652344
20170308154928188,-0.306974029541016
20170308154928189,-2.90859756469727
20170308154928190,0.288118743896484
20170308154928191,-0.528226470947266
20170308154928192,-2.91622695922852
20170308154928193,0.524629974365234
20170308154928194,-0.764737701416016
20170308154928195,-2.90859756469727
20170308154928196,0.593294525146484
20170308154928197,-0.940213775634766
20170308154928198,-2.82467422485352
20170308154928199,0.967134857177734
20170308154928200,-1.26827774047852
20170308154928201,-2.58053359985352
20170308154928202,0.814546966552734
20170308154928203,-1.63448867797852
20170308154928204,-2.39742813110352
20170308154928205,0.761141204833984
20170308154928206,-1.72604141235352
20170308154928207,-2.29061660766602
20170308154928208,0.867952728271484
20170308154928209,-1.78707656860352
20170308154928210,-2.31350479125977
20170308154928211,0.776399993896484
20170308154928212,-1.90914688110352
20170308154928213,-2.26009902954102
20170308154928214,0.753511810302734
20170308154928215,-1.95492324829102
20170308154928216,-2.07699356079102
20170308154928217,0.539888763427734
20170308154928218,-2.10751113891602
20170308154928219,-1.84048233032227
20170308154928220,0.707735443115234
20170308154928221,-2.43557510375977
20170308154928222,-1.69552383422852
20170308154928223,0.822176361083984
20170308154928224,-2.76363906860352
20170308154928225,-1.31405410766602
20170308154928226,0.677217864990234
20170308154928227,-2.82467422485352
20170308154928228,-1.14620742797852
20170308154928229,0.692476654052734
20170308154928230,-2.90859756469727
20170308154928231,-0.825772857666016
20170308154928232,0.478853607177734
20170308154928233,-2.90859756469727
20170308154928234,-1.11568984985352
20170308154928235,0.494112396240234
20170308154928236,-3.09933242797852
20170308154928237,-0.680814361572266
20170308154928238,0.311006927490234
20170308154928239,-2.96963272094727
20170308154928240,-0.741849517822266
20170308154928241,0.372042083740234
20170308154928242,-3.00015029907227
20170308154928243,-0.696073150634766
20170308154928244,0.402559661865234
20170308154928245,-2.99252090454102
20170308154928246,-0.627408599853516
20170308154928247,0.349153900146484
20170308154928248,-2.87807998657227
20170308154928249,-0.345121002197266
20170308154928250,0.127901458740234
20170308154928251,-2.92385635375977
20170308154928252,-0.352750396728516
20170308154928253,0.0821250915527344
20170308154928254,-2.92385635375977
20170308154928255,-0.337491607666016
20170308154928256,0.0210899353027344
20170308154928257,-2.88570938110352
20170308154928258,-0.421414947509766
20170308154928259,-0.0399452209472656
20170308154928260,-2.92385635375977
20170308154928261,-0.383267974853516
20170308154928262,-0.0170570373535156
20170308154928263,-2.96200332641602
20170308154928264,-0.284085845947266
20170308154928265,-0.0552040100097656
20170308154928266,-2.80941543579102
20170308154928267,-0.352750396728516
20170308154928268,0.0058311462402344
20170308154928269,-2.90096817016602
20170308154928270,-0.345121002197266
20170308154928271,-0.100980377197266
20170308154928272,-3.02303848266602
20170308154928273,-0.215421295166016
20170308154928274,-0.200162506103516
20170308154928275,-2.93911514282227
20170308154928276,-0.0628334045410156
20170308154928277,-0.154386138916016
20170308154928278,-2.94674453735352
20170308154928279,0.105013275146484
20170308154928280,-0.337491607666016
20170308154928281,-2.90096817016602
20170308154928282,-0.0094276428222656
20170308154928283,-0.162015533447266
20170308154928284,-2.95437393188477
20170308154928285,0.0363487243652344
20170308154928286,-0.352750396728516
20170308154928287,-2.89333877563477
20170308154928288,0.0668663024902344
20170308154928289,-0.406156158447266
20170308154928290,-2.93911514282227
20170308154928291,0.417818450927734
20170308154928292,-0.558744049072266
20170308154928293,-2.86282119750977
20170308154928294,0.333895111083984
20170308154928295,-0.696073150634766
20170308154928296,-2.86282119750977
20170308154928297,0.509371185302734
20170308154928298,-0.757108306884766
20170308154928299,-2.81704483032227
20170308154928300,0.539888763427734
20170308154928301,-0.833402252197266
20170308154928302,-2.90859756469727
20170308154928303,0.555147552490234
20170308154928304,-0.970731353759766
20170308154928305,-2.87045059204102
20170308154928306,0.593294525146484
20170308154928307,-1.03176651000977
20170308154928308,-2.80178604125977
20170308154928309,0.852693939208984
20170308154928310,-1.05465469360352
20170308154928311,-2.81704483032227
20170308154928312,0.715364837646484
20170308154928313,-0.970731353759766
20170308154928314,-2.76363906860352
20170308154928315,0.623812103271484
20170308154928316,-1.06228408813477
20170308154928317,-2.84756240844727
20170308154928318,0.585665130615234
20170308154928319,-0.924954986572266
20170308154928320,-2.86282119750977
20170308154928321,0.539888763427734
20170308154928322,-0.963101959228516
20170308154928323,-2.81704483032227
20170308154928324,0.661959075927734
20170308154928325,-1.03176651000977
20170308154928326,-2.80178604125977
20170308154928327,0.837435150146484
20170308154928328,-0.955472564697266
20170308154928329,-2.84756240844727
20170308154928330,0.921358489990234
20170308154928331,-1.07754287719727
20170308154928332,-2.80941543579102
20170308154928333,0.753511810302734
20170308154928334,-1.15383682250977
20170308154928335,-2.70260391235352
20170308154928336,0.837435150146484
20170308154928337,-1.24538955688477
20170308154928338,-2.65682754516602
20170308154928339,0.867952728271484
20170308154928340,-1.32931289672852
20170308154928341,-2.55764541625977
20170308154928342,0.822176361083984
20170308154928343,-1.55819473266602
20170308154928344,-2.49661026000977
20170308154928345,0.776399993896484
20170308154928346,-1.80233535766602
20170308154928347,-2.26009902954102
20170308154928348,0.829805755615234
20170308154928349,-2.22195205688477
20170308154928350,-1.93203506469727
20170308154928351,0.623812103271484
20170308154928352,-2.28298721313477
20170308154928353,-1.84811172485352
20170308154928354,0.677217864990234
20170308154928355,-2.35165176391602
20170308154928356,-1.78707656860352
20170308154928357,0.646700286865234
20170308154928358,-2.58816299438477
20170308154928359,-1.58108291625977
20170308154928360,0.722994232177734
20170308154928361,-2.74075088500977
20170308154928362,-1.30642471313477
20170308154928363,0.585665130615234
20170308154928364,-2.77889785766602
20170308154928365,-1.35220108032227
20170308154928366,0.532259368896484
20170308154928367,-2.84756240844727
20170308154928368,-1.25301895141602
20170308154928369,0.471224212646484
20170308154928370,-2.87807998657227
20170308154928371,-1.21487197875977
20170308154928372,0.654329681396484
20170308154928373,-2.96200332641602
20170308154928374,-1.10043106079102
20170308154928375,0.440706634521484
20170308154928376,-2.97726211547852
20170308154928377,-0.696073150634766
20170308154928378,0.440706634521484
20170308154928379,-2.94674453735352
20170308154928380,-0.528226470947266
20170308154928381,0.364412689208984
20170308154928382,-2.95437393188477
20170308154928383,-0.696073150634766
20170308154928384,0.249971771240234
20170308154928385,-2.97726211547852
20170308154928386,-0.581632232666016
20170308154928387,0.349153900146484
20170308154928388,-2.92385635375977
20170308154928389,-0.520597076416016
20170308154928390,0.196566009521484
20170308154928391,-2.89333877563477
20170308154928392,-0.482450103759766
20170308154928393,0.0821250915527344
20170308154928394,-2.96200332641602
20170308154928395,-0.299344635009766
20170308154928396,-0.131497955322266
20170308154928397,-3.00015029907227
20170308154928398,-0.291715240478516
20170308154928399,-0.131497955322266
20170308154928400,-2.95437393188477
20170308154928401,-0.429044342041016
20170308154928402,-0.0704627990722656
20170308154928403,-2.93911514282227
20170308154928404,-0.329862213134766
20170308154928405,-0.0704627990722656
20170308154928406,-2.91622695922852
20170308154928407,-0.268827056884766
20170308154928408,-0.0017982482910156
20170308154928409,-2.96963272094727
20170308154928410,-0.253568267822266
20170308154928411,-0.207791900634766
20170308154928412,-2.90096817016602
20170308154928413,-0.0704627990722656
20170308154928414,-0.329862213134766
20170308154928415,-2.87807998657227
20170308154928416,0.0897544860839844
20170308154928417,-0.329862213134766
20170308154928418,-2.88570938110352
20170308154928419,0.0363487243652344
20170308154928420,-0.268827056884766
20170308154928421,-2.78652725219727
20170308154928422,0.112642669677734
20170308154928423,-0.543485260009766
20170308154928424,-2.80941543579102
20170308154928425,0.280489349365234
20170308154928426,-0.551114654541016
20170308154928427,-2.84756240844727
20170308154928428,0.249971771240234
20170308154928429,-0.467191314697266
20170308154928430,-2.83230361938477
20170308154928431,0.227083587646484
20170308154928432,-0.276456451416016
20170308154928433,-2.82467422485352
20170308154928434,0.0821250915527344
20170308154928435,-0.474820709228516
20170308154928436,-2.87807998657227
20170308154928437,0.211824798583984
20170308154928438,-0.543485260009766
20170308154928439,-2.92385635375977
20170308154928440,0.173677825927734
20170308154928441,-0.314603424072266
20170308154928442,-2.82467422485352
20170308154928443,0.257601165771484
20170308154928444,-0.604520416259766
20170308154928445,-2.82467422485352
20170308154928446,0.509371185302734
20170308154928447,-0.650296783447266
20170308154928448,-2.85519180297852
20170308154928449,0.372042083740234
20170308154928450,-0.711331939697266
20170308154928451,-2.84756240844727
20170308154928452,0.379671478271484
20170308154928453,-0.741849517822266
20170308154928454,-2.89333877563477
20170308154928455,0.539888763427734
20170308154928456,-0.863919830322266
20170308154928457,-2.82467422485352
20170308154928458,0.829805755615234
20170308154928459,-0.863919830322266
20170308154928460,-2.67971572875977
20170308154928461,0.875582122802734
20170308154928462,-1.23776016235352
20170308154928463,-2.67971572875977
20170308154928464,0.776399993896484
20170308154928465,-1.47427139282227
20170308154928466,-2.57290420532227
20170308154928467,0.707735443115234
20170308154928468,-1.41323623657227
20170308154928469,-2.55001602172852
20170308154928470,0.753511810302734
20170308154928471,-1.55819473266602
20170308154928472,-2.38979873657227
20170308154928473,0.883211517333984
20170308154928474,-1.91677627563477
20170308154928475,-2.23721084594727
20170308154928476,0.600923919677734
20170308154928477,-1.90914688110352
20170308154928478,-2.12276992797852
20170308154928479,0.837435150146484
20170308154928480,-2.29061660766602
20170308154928481,-1.77181777954102
20170308154928482,0.608553314208984
20170308154928483,-2.41268692016602
20170308154928484,-1.60397109985352
20170308154928485,0.745882415771484
20170308154928486,-2.53475723266602
20170308154928487,-1.45901260375977
20170308154928488,0.631441497802734
20170308154928489,-2.86282119750977
20170308154928490,-1.30642471313477
20170308154928491,0.494112396240234
20170308154928492,-2.89333877563477
20170308154928493,-1.16909561157227
20170308154928494,0.684847259521484
20170308154928495,-2.94674453735352
20170308154928496,-1.04702529907227
20170308154928497,0.349153900146484
20170308154928498,-3.00777969360352
20170308154928499,-0.718961334228516
20170308154928500,0.501741790771484
20170308154928501,-2.98489151000977
20170308154928502,-0.894437408447266
20170308154928503,0.455965423583984
20170308154928504,-3.00777969360352
20170308154928505,-0.581632232666016
20170308154928506,0.105013275146484
20170308154928507,-2.92385635375977
20170308154928508,-0.383267974853516
20170308154928509,0.234712982177734
20170308154928510,-2.92385635375977
20170308154928511,-0.413785552978516
20170308154928512,0.0821250915527344
20170308154928513,-2.90096817016602
20170308154928514,-0.451932525634766
20170308154928515,0.0287193298339844
20170308154928516,-3.02303848266602
20170308154928517,-0.184903717041016
20170308154928518,0.0134605407714844
20170308154928519,-2.94674453735352
20170308154928520,0.135530853271484
20170308154928521,-0.299344635009766
20170308154928522,-2.92385635375977
20170308154928523,0.127901458740234
20170308154928524,-0.398526763916016
20170308154928525,-2.92385635375977
20170308154928526,0.166048431396484
20170308154928527,-0.444303131103516
20170308154928528,-2.90096817016602
20170308154928529,0.303377532958984
20170308154928530,-0.467191314697266
20170308154928531,-2.88570938110352
20170308154928532,0.288118743896484
20170308154928533,-0.520597076416016
20170308154928534,-2.82467422485352
20170308154928535,0.364412689208984
20170308154928536,-0.520597076416016
20170308154928537,-2.93911514282227
20170308154928538,0.0744956970214844
20170308154928539,-0.390897369384766
20170308154928540,-2.92385635375977
20170308154928541,0.242342376708984
20170308154928542,-0.574002838134766
20170308154928543,-2.83230361938477
20170308154928544,0.234712982177734
20170308154928545,-0.398526763916016
20170308154928546,-2.93148574829102
20170308154928547,0.387300872802734
20170308154928548,-0.787625885009766
20170308154928549,-2.82467422485352
20170308154928550,0.417818450927734
20170308154928551,-0.825772857666016
20170308154928552,-2.83230361938477
20170308154928553,0.677217864990234
20170308154928554,-1.03176651000977
20170308154928555,-2.91622695922852
20170308154928556,0.608553314208984
20170308154928557,-0.970731353759766
20170308154928558,-2.82467422485352
20170308154928559,0.791658782958984
20170308154928560,-1.03176651000977
20170308154928561,-2.74838027954102
20170308154928562,0.669588470458984
20170308154928563,-1.10806045532227
20170308154928564,-2.75600967407227
20170308154928565,0.722994232177734
20170308154928566,-1.17672500610352
20170308154928567,-2.64919815063477
20170308154928568,0.845064544677734
20170308154928569,-1.10806045532227
20170308154928570,-2.80941543579102
20170308154928571,0.593294525146484
20170308154928572,-1.01650772094727
20170308154928573,-2.76363906860352
20170308154928574,0.616182708740234
20170308154928575,-0.924954986572266
20170308154928576,-2.80178604125977
20170308154928577,0.646700286865234
20170308154928578,-0.825772857666016
20170308154928579,-2.73312149047852
20170308154928580,0.761141204833984
20170308154928581,-0.955472564697266
20170308154928582,-2.70260391235352
20170308154928583,0.982393646240234
20170308154928584,-1.18435440063477
20170308154928585,-2.62630996704102
20170308154928586,0.806917572021484
20170308154928587,-1.59634170532227
20170308154928588,-2.53475723266602
20170308154928589,0.593294525146484
20170308154928590,-1.63448867797852
20170308154928591,-2.49661026000977
20170308154928592,0.814546966552734
20170308154928593,-1.51241836547852
20170308154928594,-2.38216934204102
20170308154928595,0.791658782958984
20170308154928596,-1.82522354125977
20170308154928597,-2.33639297485352
20170308154928598,0.608553314208984
20170308154928599,-1.87862930297852
20170308154928600,-2.07699356079102
20170308154928601,0.684847259521484
20170308154928602,-2.23721084594727
20170308154928603,-1.99307022094727
20170308154928604,0.661959075927734
20170308154928605,-2.30587539672852
20170308154928606,-1.84048233032227
20170308154928607,0.600923919677734
20170308154928608,-2.34402236938477
20170308154928609,-1.61160049438477
20170308154928610,0.768770599365234
20170308154928611,-2.47372207641602
20170308154928612,-1.59634170532227
20170308154928613,0.700106048583984
20170308154928614,-2.61105117797852
20170308154928615,-1.27590713500977
20170308154928616,0.631441497802734
20170308154928617,-2.80178604125977
20170308154928618,-1.11568984985352
20170308154928619,0.570406341552734
20170308154928620,-3.01540908813477
20170308154928621,-0.718961334228516
20170308154928622,0.379671478271484
20170308154928623,-2.95437393188477
20170308154928624,-0.520597076416016
20170308154928625,0.227083587646484
20170308154928626,-2.98489151000977
20170308154928627,-0.398526763916016
20170308154928628,0.120272064208984
20170308154928629,-2.94674453735352
20170308154928630,-0.291715240478516
20170308154928631,-0.0628334045410156
20170308154928632,-2.97726211547852
20170308154928633,-0.123868560791016
20170308154928634,-0.0017982482910156
20170308154928635,-2.99252090454102
20170308154928636,0.0058311462402344
20170308154928637,-0.291715240478516
20170308154928638,-2.88570938110352
20170308154928639,0.0668663024902344
20170308154928640,-0.413785552978516
20170308154928641,-2.77889785766602
20170308154928642,0.486483001708984
20170308154928643,-0.810514068603516
20170308154928644,-2.90096817016602
20170308154928645,0.883211517333984
20170308154928646,-0.985990142822266
20170308154928647,-2.77126846313477
20170308154928648,0.921358489990234
20170308154928649,-1.26064834594727
20170308154928650,-2.69497451782227
20170308154928651,0.890840911865234
20170308154928652,-1.31405410766602
20170308154928653,-2.68734512329102
20170308154928654,0.799288177490234
20170308154928655,-1.29116592407227
20170308154928656,-2.62630996704102
20170308154928657,0.623812103271484
20170308154928658,-1.56582412719727
20170308154928659,-2.30587539672852
20170308154928660,0.623812103271484
20170308154928661,-1.78707656860352
20170308154928662,-2.40505752563477
20170308154928663,0.730623626708984
20170308154928664,-1.82522354125977
20170308154928665,-2.40505752563477
20170308154928666,0.646700286865234
20170308154928667,-1.64211807250977
20170308154928668,-2.43557510375977
20170308154928669,0.684847259521484
20170308154928670,-1.63448867797852
20170308154928671,-2.35165176391602
20170308154928672,0.654329681396484
20170308154928673,-1.72604141235352
20170308154928674,-2.30587539672852
20170308154928675,0.768770599365234
20170308154928676,-1.95492324829102
20170308154928677,-2.16854629516602
20170308154928678,0.661959075927734
20170308154928679,-1.96255264282227
20170308154928680,-2.17617568969727
20170308154928681,0.654329681396484
20170308154928682,-2.18380508422852
20170308154928683,-1.91677627563477
20170308154928684,0.608553314208984
20170308154928685,-2.05410537719727
20170308154928686,-1.92440567016602
20170308154928687,0.761141204833984
20170308154928688,-2.25246963500977
20170308154928689,-2.05410537719727
20170308154928690,0.661959075927734
20170308154928691,-2.16091690063477
20170308154928692,-1.99307022094727
20170308154928693,0.616182708740234
20170308154928694,-2.16091690063477
20170308154928695,-1.89388809204102
20170308154928696,0.715364837646484
20170308154928697,-2.20669326782227
20170308154928698,-1.83285293579102
20170308154928699,0.814546966552734
20170308154928700,-2.30587539672852
20170308154928701,-1.89388809204102
20170308154928702,0.707735443115234
20170308154928703,-2.24484024047852
20170308154928704,-1.85574111938477
20170308154928705,0.715364837646484
20170308154928706,-2.29061660766602
20170308154928707,-1.80996475219727
20170308154928708,0.555147552490234
20170308154928709,-2.40505752563477
20170308154928710,-1.58108291625977
20170308154928711,0.616182708740234
20170308154928712,-2.64156875610352
20170308154928713,-1.29879531860352
20170308154928714,0.677217864990234
20170308154928715,-2.77889785766602
20170308154928716,-1.22250137329102
20170308154928717,0.761141204833984
20170308154928718,-2.91622695922852
20170308154928719,-1.08517227172852
20170308154928720,0.639070892333984
20170308154928721,-2.87045059204102
20170308154928722,-1.10043106079102
20170308154928723,0.532259368896484
20170308154928724,-2.96200332641602
20170308154928725,-1.00887832641602
20170308154928726,0.517000579833984
20170308154928727,-2.93911514282227
20170308154928728,-1.00887832641602
20170308154928729,0.646700286865234
20170308154928730,-2.95437393188477
20170308154928731,-1.10806045532227
20170308154928732,0.486483001708984
20170308154928733,-2.84756240844727
20170308154928734,-1.11568984985352
20170308154928735,0.478853607177734
20170308154928736,-2.98489151000977
20170308154928737,-1.01650772094727
20170308154928738,0.494112396240234
20170308154928739,-2.96963272094727
20170308154928740,-0.711331939697266
20170308154928741,0.539888763427734
20170308154928742,-2.96963272094727
20170308154928743,-0.726590728759766
20170308154928744,0.593294525146484
20170308154928745,-2.99252090454102
20170308154928746,-0.665555572509766
20170308154928747,0.356783294677734
20170308154928748,-2.97726211547852
20170308154928749,-0.741849517822266
20170308154928750,0.440706634521484
20170308154928751,-2.94674453735352
20170308154928752,-0.688443756103516
20170308154928753,0.326265716552734
20170308154928754,-2.92385635375977
20170308154928755,-0.619779205322266
20170308154928756,0.249971771240234
20170308154928757,-3.00777969360352
20170308154928758,-0.0475746154785156
20170308154928759,0.0592369079589844
20170308154928760,-2.86282119750977
20170308154928761,-0.0323158264160156
20170308154928762,-0.291715240478516
20170308154928763,-2.93148574829102
20170308154928764,0.0439781188964844
20170308154928765,-0.375638580322266
20170308154928766,-2.87807998657227
20170308154928767,0.463594818115234
20170308154928768,-0.436673736572266
20170308154928769,-2.89333877563477
20170308154928770,0.677217864990234
20170308154928771,-0.856290435791016
20170308154928772,-2.93911514282227
20170308154928773,0.585665130615234
20170308154928774,-0.963101959228516
20170308154928775,-2.84756240844727
20170308154928776,0.684847259521484
20170308154928777,-1.09280166625977
20170308154928778,-2.74075088500977
20170308154928779,0.784029388427734
20170308154928780,-1.07754287719727
20170308154928781,-2.73312149047852
20170308154928782,0.852693939208984
20170308154928783,-1.23776016235352
20170308154928784,-2.59579238891602
20170308154928785,0.707735443115234
20170308154928786,-1.13857803344727
20170308154928787,-2.54238662719727
20170308154928788,0.928987884521484
20170308154928789,-1.64974746704102
20170308154928790,-2.42794570922852
20170308154928791,0.700106048583984
20170308154928792,-1.74892959594727
20170308154928793,-2.23721084594727
20170308154928794,0.806917572021484
20170308154928795,-2.13802871704102
20170308154928796,-2.03121719360352
20170308154928797,0.532259368896484
20170308154928798,-2.08462295532227
20170308154928799,-2.06936416625977
20170308154928800,0.967134857177734
20170308154928801,-2.03121719360352
20170308154928802,-2.03121719360352
20170308154928803,0.799288177490234
20170308154928804,-2.06173477172852
20170308154928805,-1.99307022094727
20170308154928806,0.860323333740234
20170308154928807,-2.01595840454102
20170308154928808,-2.05410537719727
20170308154928809,0.661959075927734
20170308154928810,-2.17617568969727
20170308154928811,-1.94729385375977
20170308154928812,0.532259368896484
20170308154928813,-2.22958145141602
20170308154928814,-1.98544082641602
20170308154928815,0.585665130615234
20170308154928816,-2.15328750610352
20170308154928817,-1.97781143188477
20170308154928818,0.692476654052734
20170308154928819,-2.25246963500977
20170308154928820,-1.82522354125977
20170308154928821,0.570406341552734
20170308154928822,-2.37453994750977
20170308154928823,-1.80996475219727
20170308154928824,0.684847259521484
20170308154928825,-2.26772842407227
20170308154928826,-1.74892959594727
20170308154928827,0.753511810302734
20170308154928828,-2.37453994750977
20170308154928829,-1.52767715454102
20170308154928830,0.555147552490234
20170308154928831,-2.67971572875977
20170308154928832,-1.39797744750977
20170308154928833,0.593294525146484
20170308154928834,-2.58053359985352
20170308154928835,-1.59634170532227
20170308154928836,0.646700286865234
20170308154928837,-2.40505752563477
20170308154928838,-1.56582412719727
20170308154928839,0.600923919677734
20170308154928840,-2.21432266235352
20170308154928841,-1.74892959594727
20170308154928842,0.753511810302734
20170308154928843,-2.31350479125977
20170308154928844,-1.74130020141602
20170308154928845,0.707735443115234
20170308154928846,-2.50423965454102
20170308154928847,-1.55056533813477
20170308154928848,0.753511810302734
20170308154928849,-2.51186904907227
20170308154928850,-1.47427139282227
20170308154928851,0.692476654052734
20170308154928852,-2.63393936157227
20170308154928853,-1.40560684204102
20170308154928854,0.654329681396484
20170308154928855,-2.72549209594727
20170308154928856,-1.29116592407227
20170308154928857,0.547518157958984
20170308154928858,-2.82467422485352
20170308154928859,-1.12331924438477
20170308154928860,0.578035736083984
20170308154928861,-2.99252090454102
20170308154928862,-0.848661041259766
20170308154928863,0.471224212646484
20170308154928864,-2.94674453735352
20170308154928865,-0.757108306884766
20170308154928866,0.410189056396484
20170308154928867,-2.99252090454102
20170308154928868,-0.825772857666016
20170308154928869,0.341524505615234
20170308154928870,-2.97726211547852
20170308154928871,-0.619779205322266
20170308154928872,0.318636322021484
20170308154928873,-2.94674453735352
20170308154928874,-0.413785552978516
20170308154928875,0.181307220458984
20170308154928876,-2.94674453735352
20170308154928877,-0.375638580322266
20170308154928878,0.143160247802734
20170308154928879,-2.90859756469727
20170308154928880,-0.451932525634766
20170308154928881,0.0897544860839844
20170308154928882,-2.91622695922852
20170308154928883,-0.589261627197266
20170308154928884,0.196566009521484
20170308154928885,-2.91622695922852
20170308154928886,-0.490079498291016
20170308154928887,0.242342376708984
20170308154928888,-2.93911514282227
20170308154928889,-0.398526763916016
20170308154928890,0.0134605407714844
20170308154928891,-2.89333877563477
20170308154928892,-0.268827056884766
20170308154928893,-0.116239166259766
20170308154928894,-3.00777969360352
20170308154928895,-0.276456451416016
20170308154928896,0.0210899353027344
20170308154928897,-2.95437393188477
20170308154928898,-0.444303131103516
20170308154928899,-0.0857215881347656
20170308154928900,-2.91622695922852
20170308154928901,-0.345121002197266
20170308154928902,-0.116239166259766
20170308154928903,-3.01540908813477
20170308154928904,0.0668663024902344
20170308154928905,-0.291715240478516
20170308154928906,-2.90859756469727
20170308154928907,0.105013275146484
20170308154928908,-0.223050689697266
20170308154928909,-2.85519180297852
20170308154928910,0.562776947021484
20170308154928911,-0.436673736572266
20170308154928912,-2.84756240844727
20170308154928913,0.440706634521484
20170308154928914,-0.879178619384766
20170308154928915,-2.87045059204102
20170308154928916,0.730623626708984
20170308154928917,-1.03939590454102
20170308154928918,-2.81704483032227
20170308154928919,0.997652435302734
20170308154928920,-1.39797744750977
20170308154928921,-2.45083389282227
20170308154928922,0.738253021240234
20170308154928923,-1.74130020141602
20170308154928924,-2.32876358032227
20170308154928925,0.799288177490234
20170308154928926,-1.88625869750977
20170308154928927,-2.22958145141602
20170308154928928,0.822176361083984
20170308154928929,-1.98544082641602
20170308154928930,-2.05410537719727
20170308154928931,0.738253021240234
20170308154928932,-2.19906387329102
20170308154928933,-1.90914688110352
20170308154928934,0.730623626708984
20170308154928935,-2.35165176391602
20170308154928936,-1.56582412719727
20170308154928937,0.715364837646484
20170308154928938,-2.53475723266602
20170308154928939,-1.31405410766602
20170308154928940,0.661959075927734
20170308154928941,-2.67971572875977
20170308154928942,-1.33694229125977
20170308154928943,0.799288177490234
20170308154928944,-2.64156875610352
20170308154928945,-1.13857803344727
20170308154928946,0.547518157958984
20170308154928947,-2.89333877563477
20170308154928948,-1.13857803344727
20170308154928949,0.501741790771484
20170308154928950,-2.91622695922852
20170308154928951,-1.14620742797852
20170308154928952,0.684847259521484
20170308154928953,-3.02303848266602
20170308154928954,-1.16909561157227
20170308154928955,0.517000579833984
20170308154928956,-2.75600967407227
20170308154928957,-1.23013076782227
20170308154928958,0.600923919677734
20170308154928959,-2.77889785766602
20170308154928960,-1.22250137329102
20170308154928961,0.623812103271484
20170308154928962,-2.93148574829102
20170308154928963,-1.06991348266602
20170308154928964,0.555147552490234
20170308154928965,-2.96200332641602
20170308154928966,-0.947843170166016
20170308154928967,0.524629974365234
20170308154928968,-2.93148574829102
20170308154928969,-0.825772857666016
20170308154928970,0.623812103271484
20170308154928971,-2.93911514282227
20170308154928972,-0.871549224853516
20170308154928973,0.547518157958984
20170308154928974,-2.96200332641602
20170308154928975,-0.558744049072266
20170308154928976,0.425447845458984
20170308154928977,-2.93148574829102
20170308154928978,-0.497708892822266
20170308154928979,0.120272064208984
20170308154928980,-2.96963272094727
20170308154928981,-0.0475746154785156
20170308154928982,-0.100980377197266
20170308154928983,-2.93911514282227
20170308154928984,-0.154386138916016
20170308154928985,-0.169644927978516
20170308154928986,-3.03829727172852
20170308154928987,-0.0857215881347656
20170308154928988,-0.276456451416016
20170308154928989,-2.91622695922852
20170308154928990,0.0363487243652344
20170308154928991,-0.451932525634766
20170308154928992,-2.82467422485352
20170308154928993,0.326265716552734
20170308154928994,-0.429044342041016
20170308154928995,-2.81704483032227
20170308154928996,0.295748138427734
20170308154928997,-0.650296783447266
20170308154928998,-2.90859756469727
20170308154928999,0.272859954833984
20170308154929000,-0.535855865478516
20170308154929001,-2.81704483032227
20170308154929002,0.295748138427734
20170308154929003,-0.528226470947266
20170308154929004,-2.80941543579102
20170308154929005,0.242342376708984
20170308154929006,-0.467191314697266
20170308154929007,-2.87045059204102
20170308154929008,0.173677825927734
20170308154929009,-0.512967681884766
20170308154929010,-2.87807998657227
20170308154929011,0.211824798583984
20170308154929012,-0.474820709228516
20170308154929013,-2.87045059204102
20170308154929014,0.158419036865234
20170308154929015,-0.474820709228516
20170308154929016,-2.83993301391602
20170308154929017,0.539888763427734
20170308154929018,-0.551114654541016
20170308154929019,-2.82467422485352
20170308154929020,0.608553314208984
20170308154929021,-0.802884674072266
20170308154929022,-2.84756240844727
20170308154929023,0.784029388427734
20170308154929024,-0.871549224853516
20170308154929025,-2.86282119750977
20170308154929026,0.814546966552734
20170308154929027,-0.818143463134766
20170308154929028,-2.84756240844727
20170308154929029,0.463594818115234
20170308154929030,-0.734220123291016
20170308154929031,-2.81704483032227
20170308154929032,0.433077239990234
20170308154929033,-0.833402252197266
20170308154929034,-2.90096817016602
20170308154929035,0.410189056396484
20170308154929036,-0.627408599853516
20170308154929037,-2.83230361938477
20170308154929038,0.471224212646484
20170308154929039,-0.764737701416016
20170308154929040,-2.85519180297852
20170308154929041,0.639070892333984
20170308154929042,-0.955472564697266
20170308154929043,-2.74075088500977
20170308154929044,0.745882415771484
20170308154929045,-0.787625885009766
20170308154929046,-2.76363906860352
20170308154929047,0.684847259521484
20170308154929048,-0.985990142822266
20170308154929049,-2.77889785766602
20170308154929050,0.745882415771484
20170308154929051,-1.09280166625977
20170308154929052,-2.78652725219727
20170308154929053,0.867952728271484
20170308154929054,-1.27590713500977
20170308154929055,-2.56527481079102
20170308154929056,0.852693939208984
20170308154929057,-1.34457168579102
20170308154929058,-2.55764541625977
20170308154929059,1.00528182983398
20170308154929060,-1.52004776000977
20170308154929061,-2.28298721313477
20170308154929062,0.814546966552734
20170308154929063,-1.82522354125977
20170308154929064,-2.25246963500977
20170308154929065,0.616182708740234
20170308154929066,-1.98544082641602
20170308154929067,-2.06173477172852
20170308154929068,0.921358489990234
20170308154929069,-2.10751113891602
20170308154929070,-2.03121719360352
20170308154929071,0.845064544677734
20170308154929072,-2.24484024047852
20170308154929073,-1.68789443969727
20170308154929074,0.829805755615234
20170308154929075,-2.56527481079102
20170308154929076,-1.43612442016602
20170308154929077,0.722994232177734
20170308154929078,-2.71023330688477
20170308154929079,-1.29116592407227
20170308154929080,0.677217864990234
20170308154929081,-3.03829727172852
20170308154929082,-0.947843170166016
20170308154929083,0.631441497802734
20170308154929084,-2.94674453735352
20170308154929085,-1.04702529907227
20170308154929086,0.600923919677734
20170308154929087,-2.90859756469727
20170308154929088,-1.03939590454102
20170308154929089,0.631441497802734
20170308154929090,-2.87807998657227
20170308154929091,-0.696073150634766
20170308154929092,0.379671478271484
20170308154929093,-2.87045059204102
20170308154929094,-0.680814361572266
20170308154929095,0.379671478271484
20170308154929096,-2.97726211547852
20170308154929097,-0.314603424072266
20170308154929098,0.120272064208984
20170308154929099,-2.90096817016602
20170308154929100,-0.444303131103516
20170308154929101,0.0058311462402344
20170308154929102,-2.93148574829102
20170308154929103,-0.261197662353516
20170308154929104,-0.116239166259766
20170308154929105,-2.90096817016602
20170308154929106,-0.154386138916016
20170308154929107,-0.245938873291016
20170308154929108,-2.89333877563477
20170308154929109,0.127901458740234
20170308154929110,-0.337491607666016
20170308154929111,-2.93911514282227
20170308154929112,0.112642669677734
20170308154929113,-0.299344635009766
20170308154929114,-2.92385635375977
20170308154929115,0.0592369079589844
20170308154929116,-0.268827056884766
20170308154929117,-2.87045059204102
20170308154929118,0.356783294677734
20170308154929119,-0.490079498291016
20170308154929120,-2.80941543579102
20170308154929121,0.341524505615234
20170308154929122,-0.490079498291016
20170308154929123,-2.91622695922852
20170308154929124,0.356783294677734
20170308154929125,-0.505338287353516
20170308154929126,-2.81704483032227
20170308154929127,0.295748138427734
20170308154929128,-0.520597076416016
20170308154929129,-2.74838027954102
20170308154929130,0.524629974365234
20170308154929131,-0.505338287353516
20170308154929132,-2.78652725219727
20170308154929133,0.448336029052734
20170308154929134,-0.726590728759766
20170308154929135,-2.79415664672852
20170308154929136,0.600923919677734
20170308154929137,-0.863919830322266
20170308154929138,-2.79415664672852
20170308154929139,0.738253021240234
20170308154929140,-0.963101959228516
20170308154929141,-2.79415664672852
20170308154929142,0.616182708740234
20170308154929143,-0.879178619384766
20170308154929144,-2.85519180297852
20170308154929145,0.387300872802734
20170308154929146,-0.833402252197266
20170308154929147,-2.72549209594727
20170308154929148,0.532259368896484
20170308154929149,-0.741849517822266
20170308154929150,-2.76363906860352
20170308154929151,0.303377532958984
20170308154929152,-0.574002838134766
20170308154929153,-2.80178604125977
20170308154929154,0.295748138427734
20170308154929155,-0.596891021728516
20170308154929156,-2.86282119750977
20170308154929157,0.341524505615234
20170308154929158,-0.512967681884766
20170308154929159,-2.80178604125977
20170308154929160,0.440706634521484
20170308154929161,-0.490079498291016
20170308154929162,-2.79415664672852
20170308154929163,0.425447845458984
20170308154929164,-0.711331939697266
20170308154929165,-2.75600967407227
20170308154929166,0.349153900146484
20170308154929167,-0.558744049072266
20170308154929168,-2.75600967407227
20170308154929169,0.448336029052734
20170308154929170,-0.535855865478516
20170308154929171,-2.87045059204102
20170308154929172,0.448336029052734
20170308154929173,-0.520597076416016
20170308154929174,-2.74838027954102
20170308154929175,0.372042083740234
20170308154929176,-0.673184967041016
20170308154929177,-2.77126846313477
20170308154929178,0.303377532958984
20170308154929179,-0.429044342041016
20170308154929180,-2.83993301391602
20170308154929181,0.219454193115234
20170308154929182,-0.284085845947266
20170308154929183,-2.79415664672852
20170308154929184,0.349153900146484
20170308154929185,-0.665555572509766
20170308154929186,-2.90859756469727
20170308154929187,0.677217864990234
20170308154929188,-0.879178619384766
20170308154929189,-2.77126846313477
20170308154929190,0.761141204833984
20170308154929191,-1.00887832641602
20170308154929192,-2.77889785766602
20170308154929193,0.738253021240234
20170308154929194,-1.02413711547852
20170308154929195,-2.72549209594727
20170308154929196,0.753511810302734
20170308154929197,-1.00887832641602
20170308154929198,-2.79415664672852
20170308154929199,0.860323333740234
20170308154929200,-1.09280166625977
20170308154929201,-2.67971572875977
20170308154929202,0.730623626708984
20170308154929203,-1.04702529907227
20170308154929204,-2.75600967407227
20170308154929205,0.639070892333984
20170308154929206,-1.04702529907227
20170308154929207,-2.74838027954102
20170308154929208,0.845064544677734
20170308154929209,-1.03176651000977
20170308154929210,-2.71023330688477
20170308154929211,0.578035736083984
20170308154929212,-0.963101959228516
20170308154929213,-2.79415664672852
20170308154929214,0.661959075927734
20170308154929215,-1.17672500610352
20170308154929216,-2.67971572875977
20170308154929217,0.722994232177734
20170308154929218,-1.16146621704102
20170308154929219,-2.71023330688477
20170308154929220,0.677217864990234
20170308154929221,-0.902066802978516
20170308154929222,-2.69497451782227
20170308154929223,0.761141204833984
20170308154929224,-1.07754287719727
20170308154929225,-2.74838027954102
20170308154929226,0.745882415771484
20170308154929227,-1.11568984985352
20170308154929228,-2.78652725219727
20170308154929229,0.646700286865234
20170308154929230,-0.909696197509766
20170308154929231,-2.75600967407227
20170308154929232,0.974764251708984
20170308154929233,-1.08517227172852
20170308154929234,-2.76363906860352
20170308154929235,0.677217864990234
20170308154929236,-1.16146621704102
20170308154929237,-2.60342178344727
20170308154929238,0.883211517333984
20170308154929239,-1.10806045532227
20170308154929240,-2.58816299438477
20170308154929241,0.822176361083984
20170308154929242,-1.23776016235352
20170308154929243,-2.49661026000977
20170308154929244,0.852693939208984
20170308154929245,-1.44375381469727
20170308154929246,-2.51186904907227
20170308154929247,0.791658782958984
20170308154929248,-1.58871231079102
20170308154929249,-2.42794570922852
20170308154929250,0.661959075927734
20170308154929251,-1.48953018188477
20170308154929252,-2.44320449829102
20170308154929253,0.791658782958984
20170308154929254,-1.79470596313477
20170308154929255,-2.25246963500977
20170308154929256,0.707735443115234
20170308154929257,-2.13039932250977
20170308154929258,-1.92440567016602
20170308154929259,0.814546966552734
20170308154929260,-2.26009902954102
20170308154929261,-1.64211807250977
20170308154929262,0.829805755615234
20170308154929263,-2.47372207641602
20170308154929264,-1.46664199829102
20170308154929265,0.639070892333984
20170308154929266,-2.48898086547852
20170308154929267,-1.52004776000977
20170308154929268,0.616182708740234
20170308154929269,-2.51186904907227
20170308154929270,-1.44375381469727
20170308154929271,0.646700286865234
20170308154929272,-2.81704483032227
20170308154929273,-1.19961318969727
20170308154929274,0.585665130615234
20170308154929275,-2.84756240844727
20170308154929276,-1.23013076782227
20170308154929277,0.562776947021484
20170308154929278,-2.81704483032227
20170308154929279,-1.25301895141602
20170308154929280,0.639070892333984
20170308154929281,-2.95437393188477
20170308154929282,-1.05465469360352
20170308154929283,0.539888763427734
20170308154929284,-2.93911514282227
20170308154929285,-0.741849517822266
20170308154929286,0.448336029052734
20170308154929287,-2.91622695922852
20170308154929288,-0.703702545166016
20170308154929289,0.410189056396484
20170308154929290,-2.84756240844727
20170308154929291,-0.589261627197266
20170308154929292,0.372042083740234
20170308154929293,-2.89333877563477
20170308154929294,-0.383267974853516
20170308154929295,0.356783294677734
20170308154929296,-2.85519180297852
20170308154929297,-0.566373443603516
20170308154929298,0.234712982177734
20170308154929299,-2.83230361938477
20170308154929300,-0.406156158447266
20170308154929301,0.0744956970214844
20170308154929302,-2.90859756469727
20170308154929303,-0.276456451416016
20170308154929304,-0.123868560791016
20170308154929305,-2.90859756469727
20170308154929306,0.150789642333984
20170308154929307,-0.398526763916016
20170308154929308,-2.83230361938477
20170308154929309,0.166048431396484
20170308154929310,-0.146756744384766
20170308154929311,-2.92385635375977
20170308154929312,0.127901458740234
20170308154929313,-0.413785552978516
20170308154929314,-2.87807998657227
20170308154929315,0.242342376708984
20170308154929316,-0.482450103759766
20170308154929317,-2.84756240844727
20170308154929318,0.211824798583984
20170308154929319,-0.566373443603516
20170308154929320,-2.81704483032227
20170308154929321,0.539888763427734
20170308154929322,-0.795255279541016
20170308154929323,-2.81704483032227
20170308154929324,0.501741790771484
20170308154929325,-0.833402252197266
20170308154929326,-2.82467422485352
20170308154929327,0.722994232177734
20170308154929328,-0.955472564697266
20170308154929329,-2.70260391235352
20170308154929330,1.05105819702148
20170308154929331,-1.21487197875977
20170308154929332,-2.58816299438477
20170308154929333,0.974764251708984
20170308154929334,-1.49715957641602
20170308154929335,-2.48135147094727
20170308154929336,0.684847259521484
20170308154929337,-1.64211807250977
20170308154929338,-2.45846328735352
20170308154929339,0.684847259521484
20170308154929340,-1.42086563110352
20170308154929341,-2.51186904907227
20170308154929342,0.738253021240234
20170308154929343,-1.31405410766602
20170308154929344,-2.55764541625977
20170308154929345,0.829805755615234
20170308154929346,-1.21487197875977
20170308154929347,-2.54238662719727
20170308154929348,0.745882415771484
20170308154929349,-1.29116592407227
20170308154929350,-2.61868057250977
20170308154929351,0.806917572021484
20170308154929352,-1.26827774047852
20170308154929353,-2.64156875610352
20170308154929354,0.959505462646484
20170308154929355,-1.31405410766602
20170308154929356,-2.66445693969727
20170308154929357,0.684847259521484
20170308154929358,-1.42086563110352
20170308154929359,-2.65682754516602
20170308154929360,0.791658782958984
20170308154929361,-1.54293594360352
20170308154929362,-2.48135147094727
20170308154929363,0.799288177490234
20170308154929364,-1.67263565063477
20170308154929365,-2.46609268188477
20170308154929366,0.692476654052734
20170308154929367,-1.45901260375977
20170308154929368,-2.43557510375977
20170308154929369,0.913729095458984
20170308154929370,-1.64211807250977
20170308154929371,-2.35165176391602
20170308154929372,0.677217864990234
20170308154929373,-1.74130020141602
20170308154929374,-2.27535781860352
20170308154929375,0.829805755615234
20170308154929376,-1.93966445922852
20170308154929377,-2.00832901000977
20170308154929378,0.784029388427734
20170308154929379,-2.07699356079102
20170308154929380,-1.93203506469727
20170308154929381,0.822176361083984
20170308154929382,-2.19143447875977
20170308154929383,-1.85574111938477
20170308154929384,0.631441497802734
20170308154929385,-2.11514053344727
20170308154929386,-2.01595840454102
20170308154929387,0.616182708740234
20170308154929388,-2.00069961547852
20170308154929389,-2.01595840454102
20170308154929390,0.753511810302734
20170308154929391,-2.14565811157227
20170308154929392,-1.93203506469727
20170308154929393,0.745882415771484
20170308154929394,-2.25246963500977
20170308154929395,-1.77944717407227
20170308154929396,0.631441497802734
20170308154929397,-2.32876358032227
20170308154929398,-1.75655899047852
20170308154929399,0.730623626708984
20170308154929400,-2.48898086547852
20170308154929401,-1.59634170532227
20170308154929402,0.578035736083984
20170308154929403,-2.51186904907227
20170308154929404,-1.56582412719727
20170308154929405,0.661959075927734
20170308154929406,-2.43557510375977
20170308154929407,-1.58108291625977
20170308154929408,0.822176361083984
20170308154929409,-2.64919815063477
20170308154929410,-1.26827774047852
20170308154929411,0.776399993896484
20170308154929412,-2.90096817016602
20170308154929413,-1.10806045532227
20170308154929414,0.593294525146484
20170308154929415,-2.91622695922852
20170308154929416,-1.03176651000977
20170308154929417,0.494112396240234
20170308154929418,-2.95437393188477
20170308154929419,-0.879178619384766
20170308154929420,0.433077239990234
20170308154929421,-2.96963272094727
20170308154929422,-0.642667388916016
20170308154929423,0.356783294677734
20170308154929424,-2.98489151000977
20170308154929425,-0.490079498291016
20170308154929426,0.127901458740234
20170308154929427,-3.00015029907227
20170308154929428,-0.314603424072266
20170308154929429,0.135530853271484
20170308154929430,-2.95437393188477
20170308154929431,-0.200162506103516
20170308154929432,-0.223050689697266
20170308154929433,-2.94674453735352
20170308154929434,0.0134605407714844
20170308154929435,-0.459561920166016
20170308154929436,-2.93148574829102
20170308154929437,0.105013275146484
20170308154929438,-0.574002838134766
20170308154929439,-2.92385635375977
20170308154929440,0.341524505615234
20170308154929441,-0.711331939697266
20170308154929442,-2.83230361938477
20170308154929443,0.639070892333984
20170308154929444,-1.00887832641602
20170308154929445,-2.81704483032227
20170308154929446,0.814546966552734
20170308154929447,-1.07754287719727
20170308154929448,-2.79415664672852
20170308154929449,0.806917572021484
20170308154929450,-1.20724258422852
20170308154929451,-2.61868057250977
20170308154929452,0.761141204833984
20170308154929453,-1.41323623657227
20170308154929454,-2.53475723266602
20170308154929455,0.982393646240234
20170308154929456,-1.33694229125977
20170308154929457,-2.56527481079102
20170308154929458,0.867952728271484
20170308154929459,-1.09280166625977
20170308154929460,-2.56527481079102
20170308154929461,0.959505462646484
20170308154929462,-1.32168350219727
20170308154929463,-2.57290420532227
20170308154929464,0.799288177490234
20170308154929465,-1.16909561157227
20170308154929466,-2.53475723266602
20170308154929467,0.738253021240234
20170308154929468,-1.23776016235352
20170308154929469,-2.61105117797852
20170308154929470,0.982393646240234
20170308154929471,-1.29879531860352
20170308154929472,-2.68734512329102
20170308154929473,0.845064544677734
20170308154929474,-1.44375381469727
20170308154929475,-2.52712783813477
20170308154929476,0.806917572021484
20170308154929477,-1.61160049438477
20170308154929478,-2.35165176391602
20170308154929479,0.730623626708984
20170308154929480,-1.84048233032227
20170308154929481,-2.29824600219727
20170308154929482,0.646700286865234
20170308154929483,-1.77181777954102
20170308154929484,-2.27535781860352
20170308154929485,0.654329681396484
20170308154929486,-1.65737686157227
20170308154929487,-2.36691055297852
20170308154929488,0.722994232177734
20170308154929489,-1.74892959594727
20170308154929490,-2.35928115844727
20170308154929491,0.730623626708984
20170308154929492,-1.82522354125977
20170308154929493,-2.26009902954102
20170308154929494,0.684847259521484
20170308154929495,-1.74892959594727
20170308154929496,-2.18380508422852
20170308154929497,0.661959075927734
20170308154929498,-1.84811172485352
20170308154929499,-2.01595840454102
20170308154929500,0.639070892333984
20170308154929501,-1.93203506469727
20170308154929502,-1.98544082641602
20170308154929503,0.860323333740234
20170308154929504,-2.10751113891602
20170308154929505,-2.01595840454102
20170308154929506,0.646700286865234
20170308154929507,-1.94729385375977
20170308154929508,-2.10751113891602
20170308154929509,0.608553314208984
20170308154929510,-1.77181777954102
20170308154929511,-2.18380508422852
20170308154929512,0.677217864990234
20170308154929513,-1.77181777954102
20170308154929514,-2.37453994750977
20170308154929515,0.745882415771484
20170308154929516,-1.90914688110352
20170308154929517,-2.12276992797852
20170308154929518,0.745882415771484
20170308154929519,-1.95492324829102
20170308154929520,-2.12276992797852
20170308154929521,0.738253021240234
20170308154929522,-2.13802871704102
20170308154929523,-2.00069961547852
20170308154929524,0.692476654052734
20170308154929525,-2.22195205688477
20170308154929526,-1.89388809204102
20170308154929527,0.700106048583984
20170308154929528,-2.29824600219727
20170308154929529,-1.71841201782227
20170308154929530,0.928987884521484
20170308154929531,-2.42794570922852
20170308154929532,-1.52004776000977
20170308154929533,0.677217864990234
20170308154929534,-2.42794570922852
20170308154929535,-1.60397109985352
20170308154929536,0.616182708740234
20170308154929537,-2.41268692016602
20170308154929538,-1.67263565063477
20170308154929539,0.631441497802734
20170308154929540,-2.31350479125977
20170308154929541,-1.66500625610352
20170308154929542,0.867952728271484
20170308154929543,-2.22195205688477
20170308154929544,-1.57345352172852
20170308154929545,0.745882415771484
20170308154929546,-2.39742813110352
20170308154929547,-1.71078262329102
20170308154929548,0.715364837646484
20170308154929549,-2.28298721313477
20170308154929550,-1.68026504516602
20170308154929551,0.661959075927734
20170308154929552,-2.20669326782227
20170308154929553,-1.84811172485352
20170308154929554,0.753511810302734
20170308154929555,-2.18380508422852
20170308154929556,-1.77181777954102
20170308154929557,0.684847259521484
20170308154929558,-2.09225234985352
20170308154929559,-1.87862930297852
20170308154929560,0.730623626708984
20170308154929561,-2.03884658813477
20170308154929562,-1.88625869750977
20170308154929563,0.738253021240234
20170308154929564,-2.26009902954102
20170308154929565,-1.64211807250977
20170308154929566,0.753511810302734
20170308154929567,-2.22958145141602
20170308154929568,-1.80996475219727
20170308154929569,0.753511810302734
20170308154929570,-2.23721084594727
20170308154929571,-1.68789443969727
20170308154929572,0.661959075927734
20170308154929573,-2.19143447875977
20170308154929574,-1.77944717407227
20170308154929575,0.639070892333984
20170308154929576,-2.16854629516602
20170308154929577,-1.78707656860352
20170308154929578,0.661959075927734
20170308154929579,-2.24484024047852
20170308154929580,-1.66500625610352
20170308154929581,0.738253021240234
20170308154929582,-2.40505752563477
20170308154929583,-1.49715957641602
20170308154929584,0.715364837646484
20170308154929585,-2.61105117797852
20170308154929586,-1.46664199829102
20170308154929587,0.784029388427734
20170308154929588,-2.82467422485352
20170308154929589,-1.10043106079102
20170308154929590,0.600923919677734
20170308154929591,-2.96963272094727
20170308154929592,-0.909696197509766
20170308154929593,0.524629974365234
20170308154929594,-2.93148574829102
20170308154929595,-0.505338287353516
20170308154929596,0.295748138427734
20170308154929597,-2.90859756469727
20170308154929598,-0.497708892822266
20170308154929599,0.227083587646484
20170308154929600,-2.93911514282227
20170308154929601,-0.337491607666016
20170308154929602,-0.0246864318847656
20170308154929603,-3.00015029907227
20170308154929604,-0.116239166259766
20170308154929605,-0.261197662353516
20170308154929606,-2.88570938110352
20170308154929607,0.303377532958984
20170308154929608,-0.413785552978516
20170308154929609,-2.90859756469727
20170308154929610,0.593294525146484
20170308154929611,-0.535855865478516
20170308154929612,-2.78652725219727
20170308154929613,0.471224212646484
20170308154929614,-0.741849517822266
20170308154929615,-2.84756240844727
20170308154929616,0.578035736083984
20170308154929617,-0.848661041259766
20170308154929618,-2.82467422485352
20170308154929619,0.761141204833984
20170308154929620,-0.924954986572266
20170308154929621,-2.74075088500977
20170308154929622,0.806917572021484
20170308154929623,-1.21487197875977
20170308154929624,-2.63393936157227
20170308154929625,0.867952728271484
20170308154929626,-1.39034805297852
20170308154929627,-2.49661026000977
20170308154929628,1.02054061889648
20170308154929629,-1.35983047485352
20170308154929630,-2.46609268188477
20170308154929631,0.852693939208984
20170308154929632,-1.68789443969727
20170308154929633,-2.20669326782227
20170308154929634,0.776399993896484
20170308154929635,-1.88625869750977
20170308154929636,-2.14565811157227
20170308154929637,0.722994232177734
20170308154929638,-1.90151748657227
20170308154929639,-2.14565811157227
20170308154929640,0.646700286865234
20170308154929641,-2.06936416625977
20170308154929642,-2.12276992797852
20170308154929643,0.837435150146484
20170308154929644,-2.11514053344727
20170308154929645,-1.93203506469727
20170308154929646,0.806917572021484
20170308154929647,-2.17617568969727
20170308154929648,-2.10751113891602
20170308154929649,0.639070892333984
20170308154929650,-1.99307022094727
20170308154929651,-2.14565811157227
20170308154929652,0.654329681396484
20170308154929653,-2.13039932250977
20170308154929654,-1.94729385375977
20170308154929655,0.738253021240234
20170308154929656,-2.21432266235352
20170308154929657,-1.97781143188477
20170308154929658,0.669588470458984
20170308154929659,-2.18380508422852
20170308154929660,-1.98544082641602
20170308154929661,0.608553314208984
20170308154929662,-2.08462295532227
20170308154929663,-1.88625869750977
20170308154929664,0.753511810302734
20170308154929665,-2.11514053344727
20170308154929666,-2.00832901000977
20170308154929667,0.776399993896484
20170308154929668,-2.06936416625977
20170308154929669,-2.15328750610352
20170308154929670,0.768770599365234
20170308154929671,-2.06936416625977
20170308154929672,-2.13802871704102
20170308154929673,0.677217864990234
20170308154929674,-2.09225234985352
20170308154929675,-1.87099990844727
20170308154929676,0.860323333740234
20170308154929677,-1.93966445922852
20170308154929678,-1.97781143188477
20170308154929679,0.631441497802734
20170308154929680,-1.96255264282227
20170308154929681,-2.22958145141602
20170308154929682,0.669588470458984
20170308154929683,-2.06936416625977
20170308154929684,-2.03884658813477
20170308154929685,0.646700286865234
20170308154929686,-2.13039932250977
20170308154929687,-2.08462295532227
20170308154929688,0.806917572021484
20170308154929689,-2.07699356079102
20170308154929690,-2.06936416625977
20170308154929691,0.722994232177734
20170308154929692,-1.98544082641602
20170308154929693,-1.97781143188477
20170308154929694,0.631441497802734
20170308154929695,-2.03121719360352
20170308154929696,-1.81759414672852
20170308154929697,0.814546966552734
20170308154929698,-2.12276992797852
20170308154929699,-2.07699356079102
20170308154929700,0.593294525146484
20170308154929701,-2.09225234985352
20170308154929702,-2.12276992797852
20170308154929703,0.784029388427734
20170308154929704,-1.96255264282227
20170308154929705,-2.04647598266602
20170308154929706,0.639070892333984
20170308154929707,-1.98544082641602
20170308154929708,-2.13802871704102
20170308154929709,0.623812103271484
20170308154929710,-1.83285293579102
20170308154929711,-2.32113418579102
20170308154929712,0.883211517333984
20170308154929713,-1.73367080688477
20170308154929714,-2.35165176391602
20170308154929715,0.669588470458984
20170308154929716,-1.72604141235352
20170308154929717,-2.28298721313477
20170308154929718,0.608553314208984
20170308154929719,-1.65737686157227
20170308154929720,-2.38216934204102
20170308154929721,0.753511810302734
20170308154929722,-1.89388809204102
20170308154929723,-2.22195205688477
20170308154929724,0.860323333740234
20170308154929725,-1.90914688110352
20170308154929726,-2.09225234985352
20170308154929727,0.600923919677734
20170308154929728,-1.92440567016602
20170308154929729,-2.13802871704102
20170308154929730,0.730623626708984
20170308154929731,-2.01595840454102
20170308154929732,-2.03884658813477
20170308154929733,0.845064544677734
20170308154929734,-2.19906387329102
20170308154929735,-1.95492324829102
20170308154929736,0.692476654052734
20170308154929737,-2.21432266235352
20170308154929738,-2.03884658813477
20170308154929739,0.692476654052734
20170308154929740,-2.27535781860352
20170308154929741,-1.80233535766602
20170308154929742,0.738253021240234
20170308154929743,-2.29824600219727
20170308154929744,-1.63448867797852
20170308154929745,0.669588470458984
20170308154929746,-2.31350479125977
20170308154929747,-1.65737686157227
20170308154929748,0.722994232177734
20170308154929749,-2.46609268188477
20170308154929750,-1.47427139282227
20170308154929751,0.791658782958984
20170308154929752,-2.60342178344727
20170308154929753,-1.55056533813477
20170308154929754,0.700106048583984
20170308154929755,-2.65682754516602
20170308154929756,-1.38271865844727
20170308154929757,0.654329681396484
20170308154929758,-2.78652725219727
20170308154929759,-1.23776016235352
20170308154929760,0.578035736083984
20170308154929761,-2.85519180297852
20170308154929762,-1.09280166625977
20170308154929763,0.532259368896484
20170308154929764,-2.93911514282227
20170308154929765,-1.06228408813477
20170308154929766,0.700106048583984
20170308154929767,-2.99252090454102
20170308154929768,-0.947843170166016
20170308154929769,0.455965423583984
20170308154929770,-2.99252090454102
20170308154929771,-0.932584381103516
20170308154929772,0.463594818115234
20170308154929773,-3.00777969360352
20170308154929774,-0.726590728759766
20170308154929775,0.517000579833984
20170308154929776,-2.91622695922852
20170308154929777,-0.543485260009766
20170308154929778,0.158419036865234
20170308154929779,-2.97726211547852
20170308154929780,-0.284085845947266
20170308154929781,-0.0780921936035156
20170308154929782,-2.95437393188477
20170308154929783,-0.245938873291016
20170308154929784,-0.123868560791016
20170308154929785,-2.94674453735352
20170308154929786,0.105013275146484
20170308154929787,-0.467191314697266
20170308154929788,-2.85519180297852
20170308154929789,0.585665130615234
20170308154929790,-0.741849517822266
20170308154929791,-2.87045059204102
20170308154929792,0.486483001708984
20170308154929793,-0.596891021728516
20170308154929794,-2.79415664672852
20170308154929795,0.898470306396484
20170308154929796,-0.863919830322266
20170308154929797,-2.78652725219727
20170308154929798,0.936617279052734
20170308154929799,-1.17672500610352
20170308154929800,-2.59579238891602
20170308154929801,0.867952728271484
20170308154929802,-1.42849502563477
20170308154929803,-2.55001602172852
20170308154929804,0.845064544677734
20170308154929805,-1.63448867797852
20170308154929806,-2.43557510375977
20170308154929807,0.784029388427734
20170308154929808,-1.80233535766602
20170308154929809,-2.43557510375977
20170308154929810,0.738253021240234
20170308154929811,-1.71078262329102
20170308154929812,-2.34402236938477
20170308154929813,0.761141204833984
20170308154929814,-1.74130020141602
20170308154929815,-2.33639297485352
20170308154929816,0.837435150146484
20170308154929817,-1.71841201782227
20170308154929818,-2.36691055297852
20170308154929819,0.707735443115234
20170308154929820,-1.78707656860352
20170308154929821,-2.34402236938477
20170308154929822,0.600923919677734
20170308154929823,-1.74892959594727
20170308154929824,-2.26772842407227
20170308154929825,0.631441497802734
20170308154929826,-1.84048233032227
20170308154929827,-2.26009902954102
20170308154929828,0.730623626708984
20170308154929829,-1.96255264282227
20170308154929830,-2.11514053344727
20170308154929831,0.722994232177734
20170308154929832,-2.09225234985352
20170308154929833,-2.00832901000977
20170308154929834,0.684847259521484
20170308154929835,-2.19143447875977
20170308154929836,-1.97781143188477
20170308154929837,0.814546966552734
20170308154929838,-2.22958145141602
20170308154929839,-1.84048233032227
20170308154929840,0.730623626708984
20170308154929841,-2.30587539672852
20170308154929842,-1.84048233032227
20170308154929843,0.646700286865234
20170308154929844,-2.19906387329102
20170308154929845,-1.81759414672852
20170308154929846,0.738253021240234
20170308154929847,-2.34402236938477
20170308154929848,-1.66500625610352
20170308154929849,0.684847259521484
20170308154929850,-2.27535781860352
20170308154929851,-1.79470596313477
20170308154929852,0.707735443115234
20170308154929853,-2.37453994750977
20170308154929854,-1.64974746704102
20170308154929855,0.555147552490234
20170308154929856,-2.42794570922852
20170308154929857,-1.73367080688477
20170308154929858,0.585665130615234
20170308154929859,-2.45846328735352
20170308154929860,-1.60397109985352
20170308154929861,0.669588470458984
20170308154929862,-2.40505752563477
20170308154929863,-1.52767715454102
20170308154929864,0.913729095458984
20170308154929865,-2.68734512329102
20170308154929866,-1.39034805297852
20170308154929867,0.799288177490234
20170308154929868,-2.61105117797852
20170308154929869,-1.45138320922852
20170308154929870,0.555147552490234
20170308154929871,-2.51186904907227
20170308154929872,-1.51241836547852
20170308154929873,0.646700286865234
20170308154929874,-2.48135147094727
20170308154929875,-1.46664199829102
20170308154929876,0.814546966552734
20170308154929877,-2.55764541625977
20170308154929878,-1.45138320922852
20170308154929879,0.692476654052734
20170308154929880,-2.67971572875977
20170308154929881,-1.59634170532227
20170308154929882,0.684847259521484
20170308154929883,-2.76363906860352
20170308154929884,-1.45901260375977
20170308154929885,0.570406341552734
20170308154929886,-2.80941543579102
20170308154929887,-1.24538955688477
20170308154929888,0.761141204833984
20170308154929889,-2.90096817016602
20170308154929890,-1.13857803344727
20170308154929891,0.501741790771484
20170308154929892,-3.00777969360352
20170308154929893,-1.05465469360352
20170308154929894,0.608553314208984
20170308154929895,-2.98489151000977
20170308154929896,-0.772367095947266
20170308154929897,0.356783294677734
20170308154929898,-2.99252090454102
20170308154929899,-0.520597076416016
20170308154929900,0.143160247802734
20170308154929901,-2.97726211547852
20170308154929902,-0.413785552978516
20170308154929903,0.0210899353027344
20170308154929904,-3.04592666625977
20170308154929905,-0.352750396728516
20170308154929906,-0.0628334045410156
20170308154929907,-2.93911514282227
20170308154929908,-0.368009185791016
20170308154929909,-0.0933509826660156
20170308154929910,-2.95437393188477
20170308154929911,-0.322232818603516
20170308154929912,-0.215421295166016
20170308154929913,-2.92385635375977
20170308154929914,0.349153900146484
20170308154929915,-0.520597076416016
20170308154929916,-2.93911514282227
20170308154929917,0.433077239990234
20170308154929918,-0.680814361572266
20170308154929919,-2.87045059204102
20170308154929920,0.768770599365234
20170308154929921,-0.894437408447266
20170308154929922,-2.82467422485352
20170308154929923,0.913729095458984
20170308154929924,-0.947843170166016
20170308154929925,-2.80178604125977
20170308154929926,0.715364837646484
20170308154929927,-1.10806045532227
20170308154929928,-2.81704483032227
20170308154929929,0.837435150146484
20170308154929930,-1.23013076782227
20170308154929931,-2.70260391235352
20170308154929932,0.768770599365234
20170308154929933,-1.29879531860352
20170308154929934,-2.69497451782227
20170308154929935,0.814546966552734
20170308154929936,-1.48190078735352
20170308154929937,-2.47372207641602
20170308154929938,0.944246673583984
20170308154929939,-1.69552383422852
20170308154929940,-2.30587539672852
20170308154929941,0.700106048583984
20170308154929942,-1.87099990844727
20170308154929943,-2.25246963500977
20170308154929944,0.753511810302734
20170308154929945,-1.94729385375977
20170308154929946,-2.01595840454102
20170308154929947,0.715364837646484
20170308154929948,-2.11514053344727
20170308154929949,-1.85574111938477
20170308154929950,0.722994232177734
20170308154929951,-2.37453994750977
20170308154929952,-1.68789443969727
20170308154929953,0.715364837646484
20170308154929954,-2.54238662719727
20170308154929955,-1.74130020141602
20170308154929956,0.738253021240234
20170308154929957,-2.55764541625977
20170308154929958,-1.46664199829102
20170308154929959,0.608553314208984
20170308154929960,-2.61105117797852
20170308154929961,-1.37508926391602
20170308154929962,0.585665130615234
20170308154929963,-2.63393936157227
20170308154929964,-1.42086563110352
20170308154929965,0.616182708740234
20170308154929966,-2.60342178344727
20170308154929967,-1.55056533813477
20170308154929968,0.616182708740234
20170308154929969,-2.72549209594727
20170308154929970,-1.50478897094727
20170308154929971,0.524629974365234
20170308154929972,-2.64919815063477
20170308154929973,-1.47427139282227
20170308154929974,0.608553314208984
20170308154929975,-2.59579238891602
20170308154929976,-1.60397109985352
20170308154929977,0.623812103271484
20170308154929978,-2.41268692016602
20170308154929979,-1.80233535766602
20170308154929980,0.707735443115234
20170308154929981,-2.37453994750977
20170308154929982,-1.64211807250977
20170308154929983,0.715364837646484
20170308154929984,-2.49661026000977
20170308154929985,-1.64974746704102
20170308154929986,0.623812103271484
20170308154929987,-2.47372207641602
20170308154929988,-1.58871231079102
20170308154929989,0.608553314208984
20170308154929990,-2.36691055297852
20170308154929991,-1.67263565063477
20170308154929992,0.646700286865234
20170308154929993,-2.25246963500977
20170308154929994,-1.90151748657227
20170308154929995,0.814546966552734
20170308154929996,-2.45083389282227
20170308154929997,-1.72604141235352
20170308154929998,0.570406341552734
20170308154929999,-2.42794570922852
20170308154930000,-1.55056533813477
20170308154930001,0.654329681396484
20170308154930002,-2.63393936157227
20170308154930003,-1.52004776000977
20170308154930004,0.570406341552734
20170308154930005,-2.69497451782227
20170308154930006,-1.42849502563477
20170308154930007,0.707735443115234
20170308154930008,-2.52712783813477
20170308154930009,-1.48953018188477
20170308154930010,0.829805755615234
20170308154930011,-2.54238662719727
20170308154930012,-1.34457168579102
20170308154930013,0.692476654052734
20170308154930014,-2.69497451782227
20170308154930015,-1.36745986938477
20170308154930016,0.646700286865234
20170308154930017,-2.91622695922852
20170308154930018,-1.17672500610352
20170308154930019,0.494112396240234
20170308154930020,-2.97726211547852
20170308154930021,-1.16909561157227
20170308154930022,0.722994232177734
20170308154930023,-2.82467422485352
20170308154930024,-1.20724258422852
20170308154930025,0.532259368896484
20170308154930026,-2.81704483032227
20170308154930027,-1.18435440063477
20170308154930028,0.738253021240234
20170308154930029,-2.80178604125977
20170308154930030,-1.32931289672852
20170308154930031,0.677217864990234
20170308154930032,-2.77126846313477
20170308154930033,-1.20724258422852
20170308154930034,0.532259368896484
20170308154930035,-2.83230361938477
20170308154930036,-1.26827774047852
20170308154930037,0.661959075927734
20170308154930038,-2.92385635375977
20170308154930039,-1.23013076782227
20170308154930040,0.646700286865234
20170308154930041,-2.87807998657227
20170308154930042,-1.14620742797852
20170308154930043,0.562776947021484
20170308154930044,-2.92385635375977
20170308154930045,-0.848661041259766
20170308154930046,0.372042083740234
20170308154930047,-2.97726211547852
20170308154930048,-0.932584381103516
20170308154930049,0.417818450927734
20170308154930050,-2.95437393188477
20170308154930051,-1.14620742797852
20170308154930052,0.463594818115234
20170308154930053,-2.83230361938477
20170308154930054,-1.08517227172852
20170308154930055,0.517000579833984
20170308154930056,-2.93911514282227
20170308154930057,-0.894437408447266
20170308154930058,0.410189056396484
20170308154930059,-3.00015029907227
20170308154930060,-0.711331939697266
20170308154930061,0.364412689208984
20170308154930062,-2.98489151000977
20170308154930063,-0.566373443603516
20170308154930064,0.440706634521484
20170308154930065,-3.04592666625977
20170308154930066,-0.360379791259766
20170308154930067,0.0744956970214844
20170308154930068,-3.00777969360352
20170308154930069,-0.207791900634766
20170308154930070,-0.100980377197266
20170308154930071,-2.94674453735352
20170308154930072,-0.291715240478516
20170308154930073,-0.154386138916016
20170308154930074,-2.94674453735352
20170308154930075,0.0210899353027344
20170308154930076,-0.215421295166016
20170308154930077,-2.95437393188477
20170308154930078,-0.0704627990722656
20170308154930079,-0.0933509826660156
20170308154930080,-2.90859756469727
20170308154930081,0.0821250915527344
20170308154930082,-0.276456451416016
20170308154930083,-2.87045059204102
20170308154930084,0.0668663024902344
20170308154930085,-0.467191314697266
20170308154930086,-2.88570938110352
20170308154930087,0.211824798583984
20170308154930088,-0.474820709228516
20170308154930089,-2.90096817016602
20170308154930090,0.433077239990234
20170308154930091,-0.688443756103516
20170308154930092,-2.89333877563477
20170308154930093,0.784029388427734
20170308154930094,-0.757108306884766
20170308154930095,-2.79415664672852
20170308154930096,0.700106048583984
20170308154930097,-1.07754287719727
20170308154930098,-2.83993301391602
20170308154930099,0.936617279052734
20170308154930100,-1.25301895141602
20170308154930101,-2.60342178344727
20170308154930102,0.776399993896484
20170308154930103,-1.40560684204102
20170308154930104,-2.58053359985352
20170308154930105,0.715364837646484
20170308154930106,-1.35220108032227
20170308154930107,-2.62630996704102
20170308154930108,0.776399993896484
20170308154930109,-1.15383682250977
20170308154930110,-2.55764541625977
20170308154930111,0.906099700927734
20170308154930112,-1.56582412719727
20170308154930113,-2.38216934204102
20170308154930114,0.669588470458984
20170308154930115,-1.74892959594727
20170308154930116,-2.41268692016602
20170308154930117,0.616182708740234
20170308154930118,-1.69552383422852
20170308154930119,-2.24484024047852
20170308154930120,0.944246673583984
20170308154930121,-1.74130020141602
20170308154930122,-2.23721084594727
20170308154930123,0.745882415771484
20170308154930124,-1.79470596313477
20170308154930125,-2.30587539672852
20170308154930126,0.707735443115234
20170308154930127,-1.82522354125977
20170308154930128,-2.29061660766602
20170308154930129,0.753511810302734
20170308154930130,-1.82522354125977
20170308154930131,-2.30587539672852
20170308154930132,0.684847259521484
20170308154930133,-1.86337051391602
20170308154930134,-2.23721084594727
20170308154930135,0.784029388427734
20170308154930136,-1.85574111938477
20170308154930137,-2.28298721313477
20170308154930138,0.677217864990234
20170308154930139,-1.81759414672852
20170308154930140,-2.30587539672852
20170308154930141,0.707735443115234
20170308154930142,-1.71078262329102
20170308154930143,-2.32876358032227
20170308154930144,0.791658782958984
20170308154930145,-1.71078262329102
20170308154930146,-2.28298721313477
20170308154930147,0.806917572021484
20170308154930148,-1.84811172485352
20170308154930149,-2.13802871704102
20170308154930150,0.623812103271484
20170308154930151,-1.98544082641602
20170308154930152,-2.25246963500977
20170308154930153,0.684847259521484
20170308154930154,-1.80233535766602
20170308154930155,-2.18380508422852
20170308154930156,0.707735443115234
20170308154930157,-1.84811172485352
20170308154930158,-2.15328750610352
20170308154930159,0.616182708740234
20170308154930160,-1.84811172485352
20170308154930161,-2.13039932250977
20170308154930162,0.692476654052734
20170308154930163,-2.14565811157227
20170308154930164,-1.93966445922852
20170308154930165,0.639070892333984
20170308154930166,-2.00832901000977
20170308154930167,-1.93966445922852
20170308154930168,0.608553314208984
20170308154930169,-2.03121719360352
20170308154930170,-2.05410537719727
20170308154930171,0.661959075927734
20170308154930172,-1.99307022094727
20170308154930173,-1.96255264282227
20170308154930174,0.761141204833984
20170308154930175,-2.16854629516602
20170308154930176,-2.00832901000977
20170308154930177,0.639070892333984
20170308154930178,-1.99307022094727
20170308154930179,-2.11514053344727
20170308154930180,0.623812103271484
20170308154930181,-2.05410537719727
20170308154930182,-2.03884658813477
20170308154930183,0.639070892333984
20170308154930184,-2.18380508422852
20170308154930185,-2.04647598266602
20170308154930186,0.654329681396484
20170308154930187,-2.32876358032227
20170308154930188,-1.91677627563477
20170308154930189,0.669588470458984
20170308154930190,-2.10751113891602
20170308154930191,-2.02358779907227
20170308154930192,0.745882415771484
20170308154930193,-1.95492324829102
20170308154930194,-1.97018203735352
20170308154930195,0.646700286865234
20170308154930196,-2.06936416625977
20170308154930197,-1.88625869750977
20170308154930198,0.761141204833984
20170308154930199,-2.16091690063477
20170308154930200,-2.00069961547852
20170308154930201,0.768770599365234
20170308154930202,-2.09988174438477
20170308154930203,-2.18380508422852
20170308154930204,0.532259368896484
20170308154930205,-1.98544082641602
20170308154930206,-2.11514053344727
20170308154930207,0.753511810302734
20170308154930208,-1.84048233032227
20170308154930209,-2.00832901000977
20170308154930210,0.585665130615234
20170308154930211,-1.92440567016602
20170308154930212,-2.13039932250977
20170308154930213,0.806917572021484
20170308154930214,-2.09225234985352
20170308154930215,-2.11514053344727
20170308154930216,0.639070892333984
20170308154930217,-1.99307022094727
20170308154930218,-2.04647598266602
20170308154930219,0.593294525146484
20170308154930220,-1.95492324829102
20170308154930221,-2.23721084594727
20170308154930222,0.661959075927734
20170308154930223,-2.00069961547852
20170308154930224,-2.00832901000977
20170308154930225,0.646700286865234
20170308154930226,-2.02358779907227
20170308154930227,-2.12276992797852
20170308154930228,0.791658782958984
20170308154930229,-2.08462295532227
20170308154930230,-2.06173477172852
20170308154930231,0.845064544677734
20170308154930232,-2.13039932250977
20170308154930233,-2.09988174438477
20170308154930234,0.593294525146484
20170308154930235,-2.13039932250977
20170308154930236,-1.87862930297852
20170308154930237,0.776399993896484
20170308154930238,-2.17617568969727
20170308154930239,-1.97781143188477
20170308154930240,0.768770599365234
20170308154930241,-2.19906387329102
20170308154930242,-1.80233535766602
20170308154930243,0.829805755615234
20170308154930244,-2.34402236938477
20170308154930245,-1.72604141235352
20170308154930246,0.661959075927734
20170308154930247,-2.27535781860352
20170308154930248,-1.75655899047852
20170308154930249,0.692476654052734
20170308154930250,-2.30587539672852
20170308154930251,-1.72604141235352
20170308154930252,0.837435150146484
20170308154930253,-2.29824600219727
20170308154930254,-1.83285293579102
20170308154930255,0.799288177490234
20170308154930256,-2.36691055297852
20170308154930257,-1.60397109985352
20170308154930258,0.761141204833984
20170308154930259,-2.42031631469727
20170308154930260,-1.61160049438477
20170308154930261,0.829805755615234
20170308154930262,-2.50423965454102
20170308154930263,-1.60397109985352
20170308154930264,0.829805755615234
20170308154930265,-2.59579238891602
20170308154930266,-1.42086563110352
20170308154930267,0.639070892333984
20170308154930268,-2.74075088500977
20170308154930269,-1.29116592407227
20170308154930270,0.684847259521484
20170308154930271,-2.92385635375977
20170308154930272,-1.02413711547852
20170308154930273,0.646700286865234
20170308154930274,-2.90859756469727
20170308154930275,-0.848661041259766
20170308154930276,0.478853607177734
20170308154930277,-2.98489151000977
20170308154930278,-0.604520416259766
20170308154930279,0.196566009521484
20170308154930280,-3.00015029907227
20170308154930281,-0.398526763916016
20170308154930282,0.0516075134277344
20170308154930283,-2.99252090454102
20170308154930284,-0.0399452209472656
20170308154930285,-0.368009185791016
20170308154930286,-2.92385635375977
20170308154930287,0.249971771240234
20170308154930288,-0.718961334228516
20170308154930289,-2.87045059204102
20170308154930290,0.684847259521484
20170308154930291,-0.810514068603516
20170308154930292,-2.87045059204102
20170308154930293,0.425447845458984
20170308154930294,-0.787625885009766
20170308154930295,-2.83993301391602
20170308154930296,0.562776947021484
20170308154930297,-0.909696197509766
20170308154930298,-2.80941543579102
20170308154930299,0.776399993896484
20170308154930300,-1.19198379516602
20170308154930301,-2.74838027954102
20170308154930302,0.761141204833984
20170308154930303,-1.19961318969727
20170308154930304,-2.64919815063477
20170308154930305,0.860323333740234
20170308154930306,-1.47427139282227
20170308154930307,-2.55001602172852
20170308154930308,0.753511810302734
20170308154930309,-1.55819473266602
20170308154930310,-2.36691055297852
20170308154930311,0.753511810302734
20170308154930312,-1.80233535766602
20170308154930313,-2.09988174438477
20170308154930314,0.730623626708984
20170308154930315,-1.97781143188477
20170308154930316,-2.04647598266602
20170308154930317,0.867952728271484
20170308154930318,-2.14565811157227
20170308154930319,-1.92440567016602
20170308154930320,0.661959075927734
20170308154930321,-2.37453994750977
20170308154930322,-1.52767715454102
20170308154930323,0.661959075927734
20170308154930324,-2.73312149047852
20170308154930325,-1.38271865844727
20170308154930326,0.806917572021484
20170308154930327,-2.71786270141602
20170308154930328,-1.46664199829102
20170308154930329,0.555147552490234
20170308154930330,-2.50423965454102
20170308154930331,-1.53530654907227
20170308154930332,0.600923919677734
20170308154930333,-2.34402236938477
20170308154930334,-1.61160049438477
20170308154930335,0.555147552490234
20170308154930336,-2.44320449829102
20170308154930337,-1.59634170532227
20170308154930338,0.722994232177734
20170308154930339,-2.55764541625977
20170308154930340,-1.51241836547852
20170308154930341,0.532259368896484
20170308154930342,-2.35928115844727
20170308154930343,-1.62685928344727
20170308154930344,0.585665130615234
20170308154930345,-2.51186904907227
20170308154930346,-1.52767715454102
20170308154930347,0.738253021240234
20170308154930348,-2.51186904907227
20170308154930349,-1.48190078735352
20170308154930350,0.791658782958984
20170308154930351,-2.64156875610352
20170308154930352,-1.37508926391602
20170308154930353,0.753511810302734
20170308154930354,-2.84756240844727
20170308154930355,-1.26064834594727
20170308154930356,0.562776947021484
20170308154930357,-2.92385635375977
20170308154930358,-1.17672500610352
20170308154930359,0.524629974365234
20170308154930360,-2.98489151000977
20170308154930361,-1.34457168579102
20170308154930362,0.608553314208984
20170308154930363,-2.92385635375977
20170308154930364,-1.20724258422852
20170308154930365,0.417818450927734
20170308154930366,-2.83230361938477
20170308154930367,-1.18435440063477
20170308154930368,0.486483001708984
20170308154930369,-2.86282119750977
20170308154930370,-1.24538955688477
20170308154930371,0.517000579833984
20170308154930372,-2.88570938110352
20170308154930373,-1.19198379516602
20170308154930374,0.486483001708984
20170308154930375,-2.89333877563477
20170308154930376,-1.11568984985352
20170308154930377,0.524629974365234
20170308154930378,-2.83230361938477
20170308154930379,-1.25301895141602
20170308154930380,0.501741790771484
20170308154930381,-2.72549209594727
20170308154930382,-1.38271865844727
20170308154930383,0.562776947021484
20170308154930384,-2.51186904907227
20170308154930385,-1.35983047485352
20170308154930386,0.578035736083984
20170308154930387,-2.74075088500977
20170308154930388,-1.35983047485352
20170308154930389,0.608553314208984
20170308154930390,-2.85519180297852
20170308154930391,-1.22250137329102
20170308154930392,0.616182708740234
20170308154930393,-2.84756240844727
20170308154930394,-1.16146621704102
20170308154930395,0.517000579833984
20170308154930396,-2.67971572875977
20170308154930397,-1.25301895141602
20170308154930398,0.684847259521484
20170308154930399,-2.87045059204102
20170308154930400,-1.19198379516602
20170308154930401,0.524629974365234
20170308154930402,-2.83993301391602
20170308154930403,-0.955472564697266
20170308154930404,0.593294525146484
20170308154930405,-2.94674453735352
20170308154930406,-1.06228408813477
20170308154930407,0.623812103271484
20170308154930408,-2.99252090454102
20170308154930409,-0.978360748291016
20170308154930410,0.661959075927734
20170308154930411,-2.97726211547852
20170308154930412,-0.841031646728516
20170308154930413,0.410189056396484
20170308154930414,-2.96200332641602
20170308154930415,-0.917325592041016
20170308154930416,0.349153900146484
20170308154930417,-2.92385635375977
20170308154930418,-0.978360748291016
20170308154930419,0.379671478271484
20170308154930420,-2.98489151000977
20170308154930421,-1.00887832641602
20170308154930422,0.585665130615234
20170308154930423,-2.96200332641602
20170308154930424,-0.841031646728516
20170308154930425,0.303377532958984
20170308154930426,-3.06118545532227
20170308154930427,-0.543485260009766
20170308154930428,0.234712982177734
20170308154930429,-2.96963272094727
20170308154930430,-0.268827056884766
20170308154930431,-0.0399452209472656
20170308154930432,-3.05355606079102
20170308154930433,-0.238309478759766
20170308154930434,-0.154386138916016
20170308154930435,-3.00015029907227
20170308154930436,0.0668663024902344
20170308154930437,-0.368009185791016
20170308154930438,-2.95437393188477
20170308154930439,0.318636322021484
20170308154930440,-0.444303131103516
20170308154930441,-2.96200332641602
20170308154930442,0.547518157958984
20170308154930443,-0.833402252197266
20170308154930444,-2.76363906860352
20170308154930445,0.822176361083984
20170308154930446,-1.06228408813477
20170308154930447,-2.74075088500977
20170308154930448,0.806917572021484
20170308154930449,-1.24538955688477
20170308154930450,-2.61868057250977
20170308154930451,0.959505462646484
20170308154930452,-1.43612442016602
20170308154930453,-2.42794570922852
20170308154930454,0.852693939208984
20170308154930455,-1.77944717407227
20170308154930456,-2.32113418579102
20170308154930457,0.753511810302734
20170308154930458,-1.88625869750977
20170308154930459,-1.99307022094727
20170308154930460,0.745882415771484
20170308154930461,-2.16854629516602
20170308154930462,-1.89388809204102
20170308154930463,0.768770599365234
20170308154930464,-2.31350479125977
20170308154930465,-1.83285293579102
20170308154930466,0.707735443115234
20170308154930467,-2.58053359985352
20170308154930468,-1.38271865844727
20170308154930469,0.600923919677734
20170308154930470,-2.86282119750977
20170308154930471,-1.31405410766602
20170308154930472,0.448336029052734
20170308154930473,-2.86282119750977
20170308154930474,-1.21487197875977
20170308154930475,0.532259368896484
20170308154930476,-2.77889785766602
20170308154930477,-1.29116592407227
20170308154930478,0.654329681396484
20170308154930479,-2.79415664672852
20170308154930480,-1.13094863891602
20170308154930481,0.570406341552734
20170308154930482,-2.88570938110352
20170308154930483,-0.902066802978516
20170308154930484,0.654329681396484
20170308154930485,-2.97726211547852
20170308154930486,-0.726590728759766
20170308154930487,0.387300872802734
20170308154930488,-2.91622695922852
20170308154930489,-0.566373443603516
20170308154930490,0.326265716552734
20170308154930491,-2.96200332641602
20170308154930492,-0.688443756103516
20170308154930493,0.364412689208984
20170308154930494,-2.94674453735352
20170308154930495,-0.543485260009766
20170308154930496,0.478853607177734
20170308154930497,-2.92385635375977
20170308154930498,-0.650296783447266
20170308154930499,0.227083587646484
20170308154930500,-2.93148574829102
20170308154930501,-0.520597076416016
20170308154930502,0.143160247802734
20170308154930503,-2.98489151000977
20170308154930504,-0.627408599853516
20170308154930505,0.326265716552734
20170308154930506,-2.95437393188477
20170308154930507,-0.741849517822266
20170308154930508,0.227083587646484
20170308154930509,-3.00015029907227
20170308154930510,-0.467191314697266
20170308154930511,0.242342376708984
20170308154930512,-2.93911514282227
20170308154930513,-0.360379791259766
20170308154930514,0.440706634521484
20170308154930515,-2.99252090454102
20170308154930516,-0.574002838134766
20170308154930517,0.204195404052734
20170308154930518,-2.89333877563477
20170308154930519,-0.551114654541016
20170308154930520,0.372042083740234
20170308154930521,-2.95437393188477
20170308154930522,-0.429044342041016
20170308154930523,0.127901458740234
20170308154930524,-2.92385635375977
20170308154930525,-0.505338287353516
20170308154930526,0.173677825927734
20170308154930527,-2.86282119750977
20170308154930528,-0.421414947509766
20170308154930529,0.173677825927734
20170308154930530,-2.84756240844727
20170308154930531,-0.696073150634766
20170308154930532,0.364412689208984
20170308154930533,-2.92385635375977
20170308154930534,-0.818143463134766
20170308154930535,0.494112396240234
20170308154930536,-2.91622695922852
20170308154930537,-0.749478912353516
20170308154930538,0.539888763427734
20170308154930539,-2.93911514282227
20170308154930540,-0.650296783447266
20170308154930541,0.318636322021484
20170308154930542,-2.87807998657227
20170308154930543,-0.673184967041016
20170308154930544,0.463594818115234
20170308154930545,-2.90859756469727
20170308154930546,-0.726590728759766
20170308154930547,0.402559661865234
20170308154930548,-2.93148574829102
20170308154930549,-0.993619537353516
20170308154930550,0.524629974365234
20170308154930551,-3.00777969360352
20170308154930552,-0.856290435791016
20170308154930553,0.532259368896484
20170308154930554,-3.02303848266602
20170308154930555,-0.711331939697266
20170308154930556,0.455965423583984
20170308154930557,-2.97726211547852
20170308154930558,-0.703702545166016
20170308154930559,0.318636322021484
20170308154930560,-2.94674453735352
20170308154930561,-0.467191314697266
20170308154930562,0.257601165771484
20170308154930563,-2.90096817016602
20170308154930564,-0.390897369384766
20170308154930565,0.0821250915527344
20170308154930566,-2.93148574829102
20170308154930567,-0.337491607666016
20170308154930568,0.173677825927734
20170308154930569,-2.87045059204102
20170308154930570,-0.0323158264160156
20170308154930571,-0.223050689697266
20170308154930572,-2.90096817016602
20170308154930573,0.0744956970214844
20170308154930574,-0.268827056884766
20170308154930575,-2.91622695922852
20170308154930576,0.280489349365234
20170308154930577,-0.360379791259766
20170308154930578,-2.77889785766602
20170308154930579,0.356783294677734
20170308154930580,-0.703702545166016
20170308154930581,-2.88570938110352
20170308154930582,0.440706634521484
20170308154930583,-0.589261627197266
20170308154930584,-2.88570938110352
20170308154930585,0.631441497802734
20170308154930586,-0.726590728759766
20170308154930587,-2.83993301391602
20170308154930588,0.784029388427734
20170308154930589,-1.10043106079102
20170308154930590,-2.79415664672852
20170308154930591,0.875582122802734
20170308154930592,-1.19198379516602
20170308154930593,-2.63393936157227
20170308154930594,0.944246673583984
20170308154930595,-1.33694229125977
20170308154930596,-2.46609268188477
20170308154930597,0.768770599365234
20170308154930598,-1.59634170532227
20170308154930599,-2.37453994750977
20170308154930600,0.738253021240234
20170308154930601,-1.81759414672852
20170308154930602,-2.27535781860352
20170308154930603,0.692476654052734
20170308154930604,-1.97781143188477
20170308154930605,-2.00832901000977
20170308154930606,0.791658782958984
20170308154930607,-2.08462295532227
20170308154930608,-1.91677627563477
20170308154930609,0.799288177490234
20170308154930610,-2.26772842407227
20170308154930611,-1.58108291625977
20170308154930612,0.738253021240234
20170308154930613,-2.49661026000977
20170308154930614,-1.53530654907227
20170308154930615,0.776399993896484
20170308154930616,-2.87045059204102
20170308154930617,-1.27590713500977
20170308154930618,0.639070892333984
20170308154930619,-2.97726211547852
20170308154930620,-1.13857803344727
20170308154930621,0.448336029052734
20170308154930622,-2.97726211547852
20170308154930623,-0.856290435791016
20170308154930624,0.654329681396484
20170308154930625,-2.98489151000977
20170308154930626,-0.902066802978516
20170308154930627,0.410189056396484
20170308154930628,-2.93911514282227
20170308154930629,-0.421414947509766
20170308154930630,0.227083587646484
20170308154930631,-3.02303848266602
20170308154930632,-0.322232818603516
20170308154930633,0.0287193298339844
20170308154930634,-2.93148574829102
20170308154930635,-0.0780921936035156
20170308154930636,-0.0704627990722656
20170308154930637,-2.89333877563477
20170308154930638,-0.0246864318847656
20170308154930639,-0.276456451416016
20170308154930640,-2.94674453735352
20170308154930641,0.0363487243652344
20170308154930642,-0.421414947509766
20170308154930643,-2.88570938110352
20170308154930644,0.318636322021484
20170308154930645,-0.512967681884766
20170308154930646,-2.80941543579102
20170308154930647,0.333895111083984
20170308154930648,-0.535855865478516
20170308154930649,-2.79415664672852
20170308154930650,0.219454193115234
20170308154930651,-0.558744049072266
20170308154930652,-2.83230361938477
20170308154930653,0.471224212646484
20170308154930654,-0.505338287353516
20170308154930655,-2.76363906860352
20170308154930656,0.486483001708984
20170308154930657,-0.604520416259766
20170308154930658,-2.80941543579102
20170308154930659,0.547518157958984
20170308154930660,-0.726590728759766
20170308154930661,-2.71786270141602
20170308154930662,0.455965423583984
20170308154930663,-0.596891021728516
20170308154930664,-2.82467422485352
20170308154930665,0.555147552490234
20170308154930666,-0.566373443603516
20170308154930667,-2.80941543579102
20170308154930668,0.249971771240234
20170308154930669,-0.718961334228516
20170308154930670,-2.88570938110352
20170308154930671,0.478853607177734
20170308154930672,-0.551114654541016
20170308154930673,-2.90859756469727
20170308154930674,0.387300872802734
20170308154930675,-0.696073150634766
20170308154930676,-2.77889785766602
20170308154930677,0.555147552490234
20170308154930678,-0.650296783447266
20170308154930679,-2.79415664672852
20170308154930680,0.517000579833984
20170308154930681,-0.749478912353516
20170308154930682,-2.84756240844727
20170308154930683,0.509371185302734
20170308154930684,-0.551114654541016
20170308154930685,-2.83230361938477
20170308154930686,0.585665130615234
20170308154930687,-0.871549224853516
20170308154930688,-2.78652725219727
20170308154930689,0.578035736083984
20170308154930690,-0.696073150634766
20170308154930691,-2.77889785766602
20170308154930692,0.478853607177734
20170308154930693,-0.581632232666016
20170308154930694,-2.82467422485352
20170308154930695,0.539888763427734
20170308154930696,-0.757108306884766
20170308154930697,-2.83230361938477
20170308154930698,0.494112396240234
20170308154930699,-0.459561920166016
20170308154930700,-2.80941543579102
20170308154930701,0.440706634521484
20170308154930702,-0.711331939697266
20170308154930703,-2.80178604125977
20170308154930704,0.387300872802734
20170308154930705,-0.642667388916016
20170308154930706,-2.84756240844727
20170308154930707,0.433077239990234
20170308154930708,-0.551114654541016
20170308154930709,-2.80178604125977
20170308154930710,0.311006927490234
20170308154930711,-0.673184967041016
20170308154930712,-2.85519180297852
20170308154930713,0.425447845458984
20170308154930714,-0.581632232666016
20170308154930715,-2.90859756469727
20170308154930716,0.661959075927734
20170308154930717,-0.909696197509766
20170308154930718,-2.78652725219727
20170308154930719,0.814546966552734
20170308154930720,-0.993619537353516
20170308154930721,-2.75600967407227
20170308154930722,0.837435150146484
20170308154930723,-1.03176651000977
20170308154930724,-2.66445693969727
20170308154930725,0.867952728271484
20170308154930726,-1.02413711547852
20170308154930727,-2.59579238891602
20170308154930728,0.837435150146484
20170308154930729,-1.30642471313477
20170308154930730,-2.61868057250977
20170308154930731,0.822176361083984
20170308154930732,-1.36745986938477
20170308154930733,-2.60342178344727
20170308154930734,0.928987884521484
20170308154930735,-1.55819473266602
20170308154930736,-2.39742813110352
20170308154930737,0.784029388427734
20170308154930738,-1.69552383422852
20170308154930739,-2.03121719360352
20170308154930740,0.761141204833984
20170308154930741,-2.05410537719727
20170308154930742,-1.77944717407227
20170308154930743,0.883211517333984
20170308154930744,-2.47372207641602
20170308154930745,-1.52004776000977
20170308154930746,0.959505462646484
20170308154930747,-2.67208633422852
20170308154930748,-1.24538955688477
20170308154930749,0.837435150146484
20170308154930750,-2.83230361938477
20170308154930751,-1.23013076782227
20170308154930752,0.738253021240234
20170308154930753,-2.83993301391602
20170308154930754,-1.23013076782227
20170308154930755,0.669588470458984
20170308154930756,-2.90859756469727
20170308154930757,-0.970731353759766
20170308154930758,0.623812103271484
20170308154930759,-2.96200332641602
20170308154930760,-1.03176651000977
20170308154930761,0.486483001708984
20170308154930762,-3.00015029907227
20170308154930763,-0.841031646728516
20170308154930764,0.478853607177734
20170308154930765,-2.90859756469727
20170308154930766,-0.711331939697266
20170308154930767,0.372042083740234
20170308154930768,-2.96963272094727
20170308154930769,-0.749478912353516
20170308154930770,0.272859954833984
20170308154930771,-3.00015029907227
20170308154930772,-0.574002838134766
20170308154930773,0.249971771240234
20170308154930774,-2.96200332641602
20170308154930775,-0.368009185791016
20170308154930776,0.0516075134277344
20170308154930777,-2.90096817016602
20170308154930778,-0.284085845947266
20170308154930779,0.0210899353027344
20170308154930780,-2.83993301391602
20170308154930781,-0.184903717041016
20170308154930782,-0.108609771728516
20170308154930783,-2.82467422485352
20170308154930784,-0.169644927978516
20170308154930785,-0.0017982482910156
20170308154930786,-2.86282119750977
20170308154930787,-0.0704627990722656
20170308154930788,-0.223050689697266
20170308154930789,-2.93911514282227
20170308154930790,0.0516075134277344
20170308154930791,-0.291715240478516
20170308154930792,-2.91622695922852
20170308154930793,0.303377532958984
20170308154930794,-0.329862213134766
20170308154930795,-2.80941543579102
20170308154930796,0.295748138427734
20170308154930797,-0.329862213134766
20170308154930798,-2.81704483032227
20170308154930799,0.333895111083984
20170308154930800,-0.665555572509766
20170308154930801,-2.87807998657227
20170308154930802,0.249971771240234
20170308154930803,-0.596891021728516
20170308154930804,-2.87045059204102
20170308154930805,0.494112396240234
20170308154930806,-0.657926177978516
20170308154930807,-2.81704483032227
20170308154930808,0.425447845458984
20170308154930809,-0.688443756103516
20170308154930810,-2.77126846313477
20170308154930811,0.555147552490234
20170308154930812,-0.635037994384766
20170308154930813,-2.83993301391602
20170308154930814,0.509371185302734
20170308154930815,-0.841031646728516
20170308154930816,-2.86282119750977
20170308154930817,0.776399993896484
20170308154930818,-0.711331939697266
20170308154930819,-2.76363906860352
20170308154930820,0.913729095458984
20170308154930821,-1.09280166625977
20170308154930822,-2.71023330688477
20170308154930823,0.791658782958984
20170308154930824,-1.03939590454102
20170308154930825,-2.76363906860352
20170308154930826,0.745882415771484
20170308154930827,-1.02413711547852
20170308154930828,-2.74075088500977
20170308154930829,0.784029388427734
20170308154930830,-0.978360748291016
20170308154930831,-2.86282119750977
20170308154930832,0.539888763427734
20170308154930833,-0.871549224853516
20170308154930834,-2.81704483032227
20170308154930835,0.417818450927734
20170308154930836,-0.581632232666016
20170308154930837,-2.85519180297852
20170308154930838,0.616182708740234
20170308154930839,-0.932584381103516
20170308154930840,-2.87045059204102
20170308154930841,0.814546966552734
20170308154930842,-0.871549224853516
20170308154930843,-2.74838027954102
20170308154930844,0.784029388427734
20170308154930845,-1.26064834594727
20170308154930846,-2.64156875610352
20170308154930847,0.791658782958984
20170308154930848,-1.33694229125977
20170308154930849,-2.60342178344727
20170308154930850,0.784029388427734
20170308154930851,-1.40560684204102
20170308154930852,-2.64156875610352
20170308154930853,0.722994232177734
20170308154930854,-1.29116592407227
20170308154930855,-2.62630996704102
20170308154930856,0.822176361083984
20170308154930857,-1.13857803344727
20170308154930858,-2.58816299438477
20170308154930859,0.944246673583984
20170308154930860,-1.13857803344727
20170308154930861,-2.76363906860352
20170308154930862,0.600923919677734
20170308154930863,-0.879178619384766
20170308154930864,-2.76363906860352
20170308154930865,0.570406341552734
20170308154930866,-0.871549224853516
20170308154930867,-2.72549209594727
20170308154930868,0.753511810302734
20170308154930869,-1.00887832641602
20170308154930870,-2.83230361938477
20170308154930871,0.700106048583984
20170308154930872,-0.802884674072266
20170308154930873,-2.87045059204102
20170308154930874,0.639070892333984
20170308154930875,-0.810514068603516
20170308154930876,-2.71786270141602
20170308154930877,0.578035736083984
20170308154930878,-0.909696197509766
20170308154930879,-2.74075088500977
20170308154930880,0.829805755615234
20170308154930881,-1.07754287719727
20170308154930882,-2.79415664672852
20170308154930883,0.539888763427734
20170308154930884,-0.657926177978516
20170308154930885,-2.83993301391602
20170308154930886,0.501741790771484
20170308154930887,-0.810514068603516
20170308154930888,-2.74838027954102
20170308154930889,0.791658782958984
20170308154930890,-0.749478912353516
20170308154930891,-2.77889785766602
20170308154930892,0.631441497802734
20170308154930893,-0.757108306884766
20170308154930894,-2.69497451782227
20170308154930895,0.913729095458984
20170308154930896,-0.993619537353516
20170308154930897,-2.82467422485352
20170308154930898,0.707735443115234
20170308154930899,-1.04702529907227
20170308154930900,-2.80941543579102
20170308154930901,0.837435150146484
20170308154930902,-1.11568984985352
20170308154930903,-2.66445693969727
20170308154930904,0.875582122802734
20170308154930905,-1.27590713500977
20170308154930906,-2.56527481079102
20170308154930907,0.867952728271484
20170308154930908,-1.43612442016602
20170308154930909,-2.31350479125977
20170308154930910,0.791658782958984
20170308154930911,-1.89388809204102
20170308154930912,-2.09988174438477
20170308154930913,0.890840911865234
20170308154930914,-2.01595840454102
20170308154930915,-2.05410537719727
20170308154930916,0.761141204833984
20170308154930917,-2.16854629516602
20170308154930918,-1.77181777954102
20170308154930919,0.921358489990234
20170308154930920,-2.26772842407227
20170308154930921,-1.71841201782227
20170308154930922,0.829805755615234
20170308154930923,-2.46609268188477
20170308154930924,-1.51241836547852
20170308154930925,0.692476654052734
20170308154930926,-2.71023330688477
20170308154930927,-1.33694229125977
20170308154930928,0.692476654052734
20170308154930929,-2.90096817016602
20170308154930930,-1.16909561157227
20170308154930931,0.722994232177734
20170308154930932,-2.90096817016602
20170308154930933,-1.20724258422852
20170308154930934,0.768770599365234
20170308154930935,-2.75600967407227
20170308154930936,-1.22250137329102
20170308154930937,0.639070892333984
20170308154930938,-2.95437393188477
20170308154930939,-1.00887832641602
20170308154930940,0.524629974365234
20170308154930941,-2.96200332641602
20170308154930942,-0.833402252197266
20170308154930943,0.478853607177734
20170308154930944,-2.92385635375977
20170308154930945,-0.581632232666016
20170308154930946,0.372042083740234
20170308154930947,-2.90859756469727
20170308154930948,-0.459561920166016
20170308154930949,0.112642669677734
20170308154930950,-2.93148574829102
20170308154930951,-0.123868560791016
20170308154930952,-0.177274322509766
20170308154930953,-2.90096817016602
20170308154930954,0.196566009521484
20170308154930955,-0.398526763916016
20170308154930956,-2.85519180297852
20170308154930957,0.173677825927734
20170308154930958,-0.322232818603516
20170308154930959,-2.86282119750977
20170308154930960,0.394930267333984
20170308154930961,-0.566373443603516
20170308154930962,-2.90859756469727
20170308154930963,0.425447845458984
20170308154930964,-0.665555572509766
20170308154930965,-2.91622695922852
20170308154930966,0.341524505615234
20170308154930967,-0.673184967041016
20170308154930968,-2.92385635375977
20170308154930969,0.539888763427734
20170308154930970,-0.841031646728516
20170308154930971,-2.90859756469727
20170308154930972,0.509371185302734
20170308154930973,-0.635037994384766
20170308154930974,-2.83230361938477
20170308154930975,0.501741790771484
20170308154930976,-0.810514068603516
20170308154930977,-2.70260391235352
20170308154930978,0.631441497802734
20170308154930979,-0.779996490478516
20170308154930980,-2.75600967407227
20170308154930981,0.463594818115234
20170308154930982,-0.749478912353516
20170308154930983,-2.81704483032227
20170308154930984,0.593294525146484
20170308154930985,-0.764737701416016
20170308154930986,-2.87807998657227
20170308154930987,0.150789642333984
20170308154930988,-0.528226470947266
20170308154930989,-2.85519180297852
20170308154930990,0.356783294677734
20170308154930991,-0.512967681884766
20170308154930992,-2.83230361938477
20170308154930993,0.272859954833984
20170308154930994,-0.436673736572266
20170308154930995,-2.77126846313477
20170308154930996,0.455965423583984
20170308154930997,-0.635037994384766
20170308154930998,-2.79415664672852
20170308154930999,0.249971771240234
20170308154931000,-0.505338287353516
20170308154931001,-2.84756240844727
20170308154931002,0.387300872802734
20170308154931003,-0.368009185791016
20170308154931004,-2.82467422485352
20170308154931005,0.608553314208984
20170308154931006,-0.749478912353516
20170308154931007,-2.84756240844727
20170308154931008,0.715364837646484
20170308154931009,-0.924954986572266
20170308154931010,-2.83993301391602
20170308154931011,0.471224212646484
20170308154931012,-0.726590728759766
20170308154931013,-2.78652725219727
20170308154931014,0.738253021240234
20170308154931015,-0.993619537353516
20170308154931016,-2.76363906860352
20170308154931017,0.822176361083984
20170308154931018,-1.16909561157227
20170308154931019,-2.74075088500977
20170308154931020,0.730623626708984
20170308154931021,-0.932584381103516
20170308154931022,-2.73312149047852
20170308154931023,0.822176361083984
20170308154931024,-0.909696197509766
20170308154931025,-2.69497451782227
20170308154931026,0.745882415771484
20170308154931027,-0.978360748291016
20170308154931028,-2.71786270141602
20170308154931029,0.692476654052734
20170308154931030,-0.787625885009766
20170308154931031,-2.81704483032227
20170308154931032,0.654329681396484
20170308154931033,-0.955472564697266
20170308154931034,-2.76363906860352
20170308154931035,0.600923919677734
20170308154931036,-1.03176651000977
20170308154931037,-2.85519180297852
20170308154931038,0.799288177490234
20170308154931039,-0.810514068603516
20170308154931040,-2.82467422485352
20170308154931041,0.715364837646484
20170308154931042,-0.894437408447266
20170308154931043,-2.86282119750977
20170308154931044,0.524629974365234
20170308154931045,-0.894437408447266
20170308154931046,-2.74075088500977
20170308154931047,0.639070892333984
20170308154931048,-0.894437408447266
20170308154931049,-2.80941543579102
20170308154931050,0.791658782958984
20170308154931051,-0.825772857666016
20170308154931052,-2.70260391235352
20170308154931053,0.906099700927734
20170308154931054,-1.21487197875977
20170308154931055,-2.73312149047852
20170308154931056,0.860323333740234
20170308154931057,-1.28353652954102
20170308154931058,-2.61868057250977
20170308154931059,0.822176361083984
20170308154931060,-1.35983047485352
20170308154931061,-2.51186904907227
20170308154931062,0.959505462646484
20170308154931063,-1.24538955688477
20170308154931064,-2.62630996704102
20170308154931065,0.990023040771484
20170308154931066,-1.29879531860352
20170308154931067,-2.57290420532227
20170308154931068,0.806917572021484
20170308154931069,-1.36745986938477
20170308154931070,-2.63393936157227
20170308154931071,0.761141204833984
20170308154931072,-1.50478897094727
20170308154931073,-2.35165176391602
20170308154931074,0.700106048583984
20170308154931075,-1.72604141235352
20170308154931076,-2.31350479125977
20170308154931077,0.883211517333984
20170308154931078,-1.74130020141602
20170308154931079,-2.28298721313477
20170308154931080,0.799288177490234
20170308154931081,-1.90151748657227
20170308154931082,-2.09225234985352
20170308154931083,0.654329681396484
20170308154931084,-1.97781143188477
20170308154931085,-2.18380508422852
20170308154931086,0.631441497802734
20170308154931087,-1.96255264282227
20170308154931088,-2.05410537719727
20170308154931089,0.677217864990234
20170308154931090,-2.20669326782227
20170308154931091,-1.68026504516602
20170308154931092,0.623812103271484
20170308154931093,-2.33639297485352
20170308154931094,-1.61160049438477
20170308154931095,0.944246673583984
20170308154931096,-2.48135147094727
20170308154931097,-1.61160049438477
20170308154931098,0.715364837646484
20170308154931099,-2.56527481079102
20170308154931100,-1.37508926391602
20170308154931101,0.669588470458984
20170308154931102,-2.74838027954102
20170308154931103,-1.32168350219727
20170308154931104,0.661959075927734
20170308154931105,-2.76363906860352
20170308154931106,-1.24538955688477
20170308154931107,0.722994232177734
20170308154931108,-2.96963272094727
20170308154931109,-1.16909561157227
20170308154931110,0.570406341552734
20170308154931111,-2.98489151000977
20170308154931112,-0.963101959228516
20170308154931113,0.562776947021484
20170308154931114,-2.93911514282227
20170308154931115,-0.497708892822266
20170308154931116,0.188936614990234
20170308154931117,-2.95437393188477
20170308154931118,-0.291715240478516
20170308154931119,-0.100980377197266
20170308154931120,-3.02303848266602
20170308154931121,0.0363487243652344
20170308154931122,-0.352750396728516
20170308154931123,-2.90096817016602
20170308154931124,0.0821250915527344
20170308154931125,-0.314603424072266
20170308154931126,-2.84756240844727
20170308154931127,-0.162015533447266
20170308154931128,-0.192533111572266
20170308154931129,-2.85519180297852
20170308154931130,0.0058311462402344
20170308154931131,-0.383267974853516
20170308154931132,-2.86282119750977
20170308154931133,0.0210899353027344
20170308154931134,-0.413785552978516
20170308154931135,-2.90096817016602
20170308154931136,0.303377532958984
20170308154931137,-0.528226470947266
20170308154931138,-2.82467422485352
20170308154931139,0.486483001708984
20170308154931140,-0.657926177978516
20170308154931141,-2.76363906860352
20170308154931142,0.555147552490234
20170308154931143,-0.589261627197266
20170308154931144,-2.83993301391602
20170308154931145,0.715364837646484
20170308154931146,-0.924954986572266
20170308154931147,-2.78652725219727
20170308154931148,0.692476654052734
20170308154931149,-0.940213775634766
20170308154931150,-2.79415664672852
20170308154931151,0.906099700927734
20170308154931152,-1.06991348266602
20170308154931153,-2.80178604125977
20170308154931154,0.585665130615234
20170308154931155,-0.924954986572266
20170308154931156,-2.74075088500977
20170308154931157,0.883211517333984
20170308154931158,-0.985990142822266
20170308154931159,-2.69497451782227
20170308154931160,0.837435150146484
20170308154931161,-1.16909561157227
20170308154931162,-2.62630996704102
20170308154931163,0.921358489990234
20170308154931164,-1.11568984985352
20170308154931165,-2.51186904907227
20170308154931166,1.01291122436523
20170308154931167,-1.58108291625977
20170308154931168,-2.33639297485352
20170308154931169,0.875582122802734
20170308154931170,-1.77181777954102
20170308154931171,-2.42794570922852
20170308154931172,0.715364837646484
20170308154931173,-1.67263565063477
20170308154931174,-2.38216934204102
20170308154931175,0.646700286865234
20170308154931176,-1.54293594360352
20170308154931177,-2.40505752563477
20170308154931178,0.867952728271484
20170308154931179,-1.68789443969727
20170308154931180,-2.37453994750977
20170308154931181,0.692476654052734
20170308154931182,-1.86337051391602
20170308154931183,-2.29824600219727
20170308154931184,0.928987884521484
20170308154931185,-1.87862930297852
20170308154931186,-2.26009902954102
20170308154931187,0.646700286865234
20170308154931188,-1.95492324829102
20170308154931189,-2.14565811157227
20170308154931190,0.921358489990234
20170308154931191,-1.87099990844727
20170308154931192,-2.15328750610352
20170308154931193,0.623812103271484
20170308154931194,-2.03884658813477
20170308154931195,-1.98544082641602
20170308154931196,0.768770599365234
20170308154931197,-2.15328750610352
20170308154931198,-1.94729385375977
20170308154931199,0.776399993896484
20170308154931200,-2.19906387329102
20170308154931201,-2.00069961547852
20170308154931202,0.730623626708984
20170308154931203,-2.22195205688477
20170308154931204,-1.90914688110352
20170308154931205,0.661959075927734
20170308154931206,-2.09225234985352
20170308154931207,-2.06173477172852
20170308154931208,0.692476654052734
20170308154931209,-2.04647598266602
20170308154931210,-1.96255264282227
20170308154931211,0.707735443115234
20170308154931212,-2.35928115844727
20170308154931213,-1.80996475219727
20170308154931214,0.776399993896484
20170308154931215,-2.40505752563477
20170308154931216,-1.59634170532227
20170308154931217,0.715364837646484
20170308154931218,-2.61868057250977
20170308154931219,-1.40560684204102
20170308154931220,0.623812103271484
20170308154931221,-2.64156875610352
20170308154931222,-1.37508926391602
20170308154931223,0.639070892333984
20170308154931224,-2.52712783813477
20170308154931225,-1.39797744750977
20170308154931226,0.661959075927734
20170308154931227,-2.70260391235352
20170308154931228,-1.20724258422852
20170308154931229,0.562776947021484
20170308154931230,-2.61105117797852
20170308154931231,-1.35983047485352
20170308154931232,0.692476654052734
20170308154931233,-2.79415664672852
20170308154931234,-1.05465469360352
20170308154931235,0.593294525146484
20170308154931236,-2.93911514282227
20170308154931237,-0.902066802978516
20170308154931238,0.684847259521484
20170308154931239,-2.95437393188477
20170308154931240,-0.841031646728516
20170308154931241,0.463594818115234
20170308154931242,-2.93148574829102
20170308154931243,-0.802884674072266
20170308154931244,0.478853607177734
20170308154931245,-2.89333877563477
20170308154931246,-0.612149810791016
20170308154931247,0.417818450927734
20170308154931248,-2.85519180297852
20170308154931249,-0.673184967041016
20170308154931250,0.280489349365234
20170308154931251,-2.87807998657227
20170308154931252,-0.467191314697266
20170308154931253,-0.0246864318847656
20170308154931254,-2.95437393188477
20170308154931255,0.0287193298339844
20170308154931256,-0.352750396728516
20170308154931257,-2.94674453735352
20170308154931258,0.616182708740234
20170308154931259,-0.688443756103516
20170308154931260,-2.90096817016602
20170308154931261,0.501741790771484
20170308154931262,-0.566373443603516
20170308154931263,-2.83993301391602
20170308154931264,0.654329681396484
20170308154931265,-0.955472564697266
20170308154931266,-2.79415664672852
20170308154931267,0.623812103271484
20170308154931268,-0.802884674072266
20170308154931269,-2.80178604125977
20170308154931270,0.845064544677734
20170308154931271,-1.04702529907227
20170308154931272,-2.76363906860352
20170308154931273,0.722994232177734
20170308154931274,-0.993619537353516
20170308154931275,-2.79415664672852
20170308154931276,0.791658782958984
20170308154931277,-0.947843170166016
20170308154931278,-2.85519180297852
20170308154931279,0.677217864990234
20170308154931280,-0.978360748291016
20170308154931281,-2.80178604125977
20170308154931282,0.906099700927734
20170308154931283,-1.05465469360352
20170308154931284,-2.66445693969727
20170308154931285,0.776399993896484
20170308154931286,-1.21487197875977
20170308154931287,-2.80941543579102
20170308154931288,0.806917572021484
20170308154931289,-1.35220108032227
20170308154931290,-2.63393936157227
20170308154931291,0.951876068115234
20170308154931292,-1.51241836547852
20170308154931293,-2.59579238891602
20170308154931294,0.761141204833984
20170308154931295,-1.16146621704102
20170308154931296,-2.55001602172852
20170308154931297,0.967134857177734
20170308154931298,-1.37508926391602
20170308154931299,-2.55001602172852
20170308154931300,0.982393646240234
20170308154931301,-1.55819473266602
20170308154931302,-2.58053359985352
20170308154931303,0.669588470458984
20170308154931304,-1.61160049438477
20170308154931305,-2.27535781860352
20170308154931306,0.684847259521484
20170308154931307,-1.71841201782227
20170308154931308,-2.22195205688477
20170308154931309,0.700106048583984
20170308154931310,-1.82522354125977
20170308154931311,-2.32876358032227
20170308154931312,0.616182708740234
20170308154931313,-1.65737686157227
20170308154931314,-2.42794570922852
20170308154931315,0.738253021240234
20170308154931316,-1.58871231079102
20170308154931317,-2.55001602172852
20170308154931318,0.639070892333984
20170308154931319,-1.40560684204102
20170308154931320,-2.58816299438477
20170308154931321,0.738253021240234
20170308154931322,-1.30642471313477
20170308154931323,-2.51949844360352
20170308154931324,0.845064544677734
20170308154931325,-1.43612442016602
20170308154931326,-2.58053359985352
20170308154931327,0.822176361083984
20170308154931328,-1.47427139282227
20170308154931329,-2.51186904907227
20170308154931330,0.753511810302734
20170308154931331,-1.58108291625977
20170308154931332,-2.41268692016602
20170308154931333,0.776399993896484
20170308154931334,-1.81759414672852
20170308154931335,-2.36691055297852
20170308154931336,0.700106048583984
20170308154931337,-1.86337051391602
20170308154931338,-2.22958145141602
20170308154931339,0.890840911865234
20170308154931340,-2.01595840454102
20170308154931341,-2.16091690063477
20170308154931342,0.524629974365234
20170308154931343,-2.13802871704102
20170308154931344,-2.01595840454102
20170308154931345,0.692476654052734
20170308154931346,-2.13802871704102
20170308154931347,-1.86337051391602
20170308154931348,0.883211517333984
20170308154931349,-2.24484024047852
20170308154931350,-1.71841201782227
20170308154931351,0.906099700927734
20170308154931352,-2.38979873657227
20170308154931353,-1.56582412719727
20170308154931354,0.845064544677734
20170308154931355,-2.64156875610352
20170308154931356,-1.31405410766602
20170308154931357,0.646700286865234
20170308154931358,-2.80941543579102
20170308154931359,-1.20724258422852
20170308154931360,0.631441497802734
20170308154931361,-2.97726211547852
20170308154931362,-0.726590728759766
20170308154931363,0.402559661865234
20170308154931364,-2.98489151000977
20170308154931365,-0.696073150634766
20170308154931366,0.417818450927734
20170308154931367,-3.01540908813477
20170308154931368,-0.650296783447266
20170308154931369,0.280489349365234
20170308154931370,-2.96200332641602
20170308154931371,-0.474820709228516
20170308154931372,0.173677825927734
20170308154931373,-2.91622695922852
20170308154931374,-0.245938873291016
20170308154931375,0.0058311462402344
20170308154931376,-2.97726211547852
20170308154931377,-0.223050689697266
20170308154931378,-0.215421295166016
20170308154931379,-2.94674453735352
20170308154931380,0.0058311462402344
20170308154931381,-0.100980377197266
20170308154931382,-2.94674453735352
20170308154931383,0.257601165771484
20170308154931384,-0.566373443603516
20170308154931385,-2.83993301391602
20170308154931386,0.311006927490234
20170308154931387,-0.619779205322266
20170308154931388,-2.92385635375977
20170308154931389,0.608553314208984
20170308154931390,-0.650296783447266
20170308154931391,-2.81704483032227
20170308154931392,0.707735443115234
20170308154931393,-0.978360748291016
20170308154931394,-2.75600967407227
20170308154931395,0.951876068115234
20170308154931396,-1.03939590454102
20170308154931397,-2.67971572875977
20170308154931398,0.814546966552734
20170308154931399,-1.19961318969727
20170308154931400,-2.72549209594727
20170308154931401,0.982393646240234
20170308154931402,-1.54293594360352
20170308154931403,-2.46609268188477
20170308154931404,0.684847259521484
20170308154931405,-1.80233535766602
20170308154931406,-2.19906387329102
20170308154931407,0.753511810302734
20170308154931408,-2.03121719360352
20170308154931409,-2.01595840454102
20170308154931410,0.707735443115234
20170308154931411,-2.07699356079102
20170308154931412,-2.06173477172852
20170308154931413,0.707735443115234
20170308154931414,-2.26772842407227
20170308154931415,-1.98544082641602
20170308154931416,0.722994232177734
20170308154931417,-2.32113418579102
20170308154931418,-1.82522354125977
20170308154931419,0.700106048583984
20170308154931420,-2.29824600219727
20170308154931421,-1.93966445922852
20170308154931422,0.639070892333984
20170308154931423,-2.24484024047852
20170308154931424,-1.82522354125977
20170308154931425,0.623812103271484
20170308154931426,-2.26009902954102
20170308154931427,-1.68026504516602
20170308154931428,0.791658782958984
20170308154931429,-2.45846328735352
20170308154931430,-1.57345352172852
20170308154931431,0.646700286865234
20170308154931432,-2.48898086547852
20170308154931433,-1.79470596313477
20170308154931434,0.776399993896484
20170308154931435,-2.13802871704102
20170308154931436,-1.86337051391602
20170308154931437,0.631441497802734
20170308154931438,-2.09225234985352
20170308154931439,-1.81759414672852
20170308154931440,0.700106048583984
20170308154931441,-2.00069961547852
20170308154931442,-2.09225234985352
20170308154931443,0.738253021240234
20170308154931444,-2.03121719360352
20170308154931445,-2.03121719360352
20170308154931446,0.768770599365234
20170308154931447,-2.10751113891602
20170308154931448,-2.00069961547852
20170308154931449,0.669588470458984
20170308154931450,-2.24484024047852
20170308154931451,-1.92440567016602
20170308154931452,0.829805755615234
20170308154931453,-2.27535781860352
20170308154931454,-1.92440567016602
20170308154931455,0.722994232177734
20170308154931456,-2.23721084594727
20170308154931457,-1.71078262329102
20170308154931458,0.539888763427734
20170308154931459,-2.21432266235352
20170308154931460,-2.00069961547852
20170308154931461,0.921358489990234
20170308154931462,-2.18380508422852
20170308154931463,-2.08462295532227
20170308154931464,0.600923919677734
20170308154931465,-2.03884658813477
20170308154931466,-2.21432266235352
20170308154931467,0.608553314208984
20170308154931468,-1.87099990844727
20170308154931469,-2.17617568969727
20170308154931470,0.715364837646484
20170308154931471,-1.80233535766602
20170308154931472,-2.16854629516602
20170308154931473,0.845064544677734
20170308154931474,-1.74130020141602
20170308154931475,-2.32876358032227
20170308154931476,0.654329681396484
20170308154931477,-1.83285293579102
20170308154931478,-2.36691055297852
20170308154931479,0.822176361083984
20170308154931480,-1.87099990844727
20170308154931481,-2.14565811157227
20170308154931482,0.753511810302734
20170308154931483,-1.93966445922852
20170308154931484,-2.29061660766602
20170308154931485,0.639070892333984
20170308154931486,-1.69552383422852
20170308154931487,-2.58053359985352
20170308154931488,0.814546966552734
20170308154931489,-1.70315322875977
20170308154931490,-2.34402236938477
20170308154931491,0.631441497802734
20170308154931492,-1.68789443969727
20170308154931493,-2.54238662719727
20170308154931494,0.768770599365234
20170308154931495,-1.58871231079102
20170308154931496,-2.45846328735352
20170308154931497,0.677217864990234
20170308154931498,-1.39797744750977
20170308154931499,-2.53475723266602
20170308154931500,0.944246673583984
20170308154931501,-1.52004776000977
20170308154931502,-2.47372207641602
20170308154931503,0.883211517333984
20170308154931504,-1.70315322875977
20170308154931505,-2.37453994750977
20170308154931506,0.639070892333984
20170308154931507,-1.74892959594727
20170308154931508,-2.29824600219727
20170308154931509,0.883211517333984
20170308154931510,-1.84811172485352
20170308154931511,-2.22195205688477
20170308154931512,0.745882415771484
20170308154931513,-1.85574111938477
20170308154931514,-2.20669326782227
20170308154931515,0.669588470458984
20170308154931516,-1.99307022094727
20170308154931517,-2.06173477172852
20170308154931518,0.883211517333984
20170308154931519,-2.04647598266602
20170308154931520,-2.07699356079102
20170308154931521,0.852693939208984
20170308154931522,-2.04647598266602
20170308154931523,-2.13802871704102
20170308154931524,0.562776947021484
20170308154931525,-2.02358779907227
20170308154931526,-2.12276992797852
20170308154931527,0.616182708740234
20170308154931528,-2.00832901000977
20170308154931529,-2.16091690063477
20170308154931530,0.829805755615234
20170308154931531,-2.08462295532227
20170308154931532,-2.09225234985352
20170308154931533,0.608553314208984
20170308154931534,-2.09225234985352
20170308154931535,-2.20669326782227
20170308154931536,0.677217864990234
20170308154931537,-2.05410537719727
20170308154931538,-2.09988174438477
20170308154931539,0.768770599365234
20170308154931540,-2.01595840454102
20170308154931541,-2.06173477172852
20170308154931542,0.814546966552734
20170308154931543,-2.17617568969727
20170308154931544,-1.91677627563477
20170308154931545,0.799288177490234
20170308154931546,-2.26009902954102
20170308154931547,-1.90914688110352
20170308154931548,0.646700286865234
20170308154931549,-2.25246963500977
20170308154931550,-1.94729385375977
20170308154931551,0.700106048583984
20170308154931552,-2.29824600219727
20170308154931553,-1.82522354125977
20170308154931554,0.593294525146484
20170308154931555,-2.21432266235352
20170308154931556,-1.90151748657227
20170308154931557,0.585665130615234
20170308154931558,-2.15328750610352
20170308154931559,-1.88625869750977
20170308154931560,0.677217864990234
20170308154931561,-2.30587539672852
20170308154931562,-1.55819473266602
20170308154931563,0.852693939208984
20170308154931564,-2.50423965454102
20170308154931565,-1.52004776000977
20170308154931566,0.547518157958984
20170308154931567,-2.71023330688477
20170308154931568,-1.38271865844727
20170308154931569,0.539888763427734
20170308154931570,-2.94674453735352
20170308154931571,-1.19198379516602
20170308154931572,0.471224212646484
20170308154931573,-2.99252090454102
20170308154931574,-1.10806045532227
20170308154931575,0.631441497802734
20170308154931576,-2.89333877563477
20170308154931577,-1.10043106079102
20170308154931578,0.562776947021484
20170308154931579,-3.00015029907227
20170308154931580,-0.947843170166016
20170308154931581,0.471224212646484
20170308154931582,-3.03829727172852
20170308154931583,-0.635037994384766
20170308154931584,0.303377532958984
20170308154931585,-3.01540908813477
20170308154931586,-0.284085845947266
20170308154931587,0.0516075134277344
20170308154931588,-3.02303848266602
20170308154931589,-0.413785552978516
20170308154931590,-0.0323158264160156
20170308154931591,-3.03829727172852
20170308154931592,-0.116239166259766
20170308154931593,0.0592369079589844
20170308154931594,-2.88570938110352
20170308154931595,-0.368009185791016
20170308154931596,-0.100980377197266
20170308154931597,-2.93148574829102
20170308154931598,-0.154386138916016
20170308154931599,-0.116239166259766
20170308154931600,-2.96200332641602
20170308154931601,0.356783294677734
20170308154931602,-0.528226470947266
20170308154931603,-2.87807998657227
20170308154931604,0.448336029052734
20170308154931605,-0.696073150634766
20170308154931606,-2.87045059204102
20170308154931607,0.486483001708984
20170308154931608,-0.848661041259766
20170308154931609,-2.83230361938477
20170308154931610,0.608553314208984
20170308154931611,-0.848661041259766
20170308154931612,-2.80178604125977
20170308154931613,0.661959075927734
20170308154931614,-0.856290435791016
20170308154931615,-2.84756240844727
20170308154931616,0.867952728271484
20170308154931617,-1.21487197875977
20170308154931618,-2.64156875610352
20170308154931619,0.768770599365234
20170308154931620,-1.61922988891602
20170308154931621,-2.45846328735352
20170308154931622,0.684847259521484
20170308154931623,-1.77181777954102
20170308154931624,-2.37453994750977
20170308154931625,0.669588470458984
20170308154931626,-1.90914688110352
20170308154931627,-2.28298721313477
20170308154931628,0.753511810302734
20170308154931629,-1.82522354125977
20170308154931630,-2.12276992797852
20170308154931631,0.745882415771484
20170308154931632,-1.93966445922852
20170308154931633,-2.04647598266602
20170308154931634,0.684847259521484
20170308154931635,-2.16854629516602
20170308154931636,-1.93203506469727
20170308154931637,0.837435150146484
20170308154931638,-2.40505752563477
20170308154931639,-1.68789443969727
20170308154931640,0.822176361083984
20170308154931641,-2.43557510375977
20170308154931642,-1.49715957641602
20170308154931643,0.890840911865234
20170308154931644,-2.42031631469727
20170308154931645,-1.47427139282227
20170308154931646,0.623812103271484
20170308154931647,-2.42031631469727
20170308154931648,-1.52004776000977
20170308154931649,0.593294525146484
20170308154931650,-2.43557510375977
20170308154931651,-1.28353652954102
20170308154931652,0.639070892333984
20170308154931653,-2.58053359985352
20170308154931654,-1.49715957641602
20170308154931655,0.761141204833984
20170308154931656,-2.63393936157227
20170308154931657,-1.48190078735352
20170308154931658,0.654329681396484
20170308154931659,-2.65682754516602
20170308154931660,-1.45138320922852
20170308154931661,0.684847259521484
20170308154931662,-2.39742813110352
20170308154931663,-1.48190078735352
20170308154931664,0.608553314208984
20170308154931665,-2.28298721313477
20170308154931666,-1.60397109985352
20170308154931667,0.768770599365234
20170308154931668,-2.39742813110352
20170308154931669,-1.71841201782227
20170308154931670,0.654329681396484
20170308154931671,-2.43557510375977
20170308154931672,-1.65737686157227
20170308154931673,0.608553314208984
20170308154931674,-2.32113418579102
20170308154931675,-1.50478897094727
20170308154931676,0.623812103271484
20170308154931677,-2.52712783813477
20170308154931678,-1.56582412719727
20170308154931679,0.654329681396484
20170308154931680,-2.36691055297852
20170308154931681,-1.78707656860352
20170308154931682,0.646700286865234
20170308154931683,-2.21432266235352
20170308154931684,-1.81759414672852
20170308154931685,0.768770599365234
20170308154931686,-2.42031631469727
20170308154931687,-1.58871231079102
20170308154931688,0.677217864990234
20170308154931689,-2.36691055297852
20170308154931690,-1.61160049438477
20170308154931691,0.616182708740234
20170308154931692,-2.42031631469727
20170308154931693,-1.58108291625977
20170308154931694,0.616182708740234
20170308154931695,-2.25246963500977
20170308154931696,-1.74892959594727
20170308154931697,0.593294525146484
20170308154931698,-2.21432266235352
20170308154931699,-1.96255264282227
20170308154931700,0.616182708740234
20170308154931701,-2.05410537719727
20170308154931702,-1.97018203735352
20170308154931703,0.631441497802734
20170308154931704,-2.08462295532227
20170308154931705,-2.06936416625977
20170308154931706,0.906099700927734
20170308154931707,-2.17617568969727
20170308154931708,-1.97781143188477
20170308154931709,0.555147552490234
20170308154931710,-1.96255264282227
20170308154931711,-2.12276992797852
20170308154931712,0.829805755615234
20170308154931713,-1.97018203735352
20170308154931714,-2.06173477172852
20170308154931715,0.692476654052734
20170308154931716,-2.17617568969727
20170308154931717,-2.00069961547852
20170308154931718,0.715364837646484
20170308154931719,-2.09225234985352
20170308154931720,-2.08462295532227
20170308154931721,0.623812103271484
20170308154931722,-2.00069961547852
20170308154931723,-2.07699356079102
20170308154931724,0.692476654052734
20170308154931725,-2.00832901000977
20170308154931726,-2.06936416625977
20170308154931727,0.524629974365234
20170308154931728,-1.79470596313477
20170308154931729,-2.26772842407227
20170308154931730,0.661959075927734
20170308154931731,-1.67263565063477
20170308154931732,-2.28298721313477
20170308154931733,0.669588470458984
20170308154931734,-1.84811172485352
20170308154931735,-2.16091690063477
20170308154931736,0.745882415771484
20170308154931737,-2.03884658813477
20170308154931738,-2.09988174438477
20170308154931739,0.715364837646484
20170308154931740,-2.13039932250977
20170308154931741,-1.95492324829102
20170308154931742,0.829805755615234
20170308154931743,-2.12276992797852
20170308154931744,-1.89388809204102
20170308154931745,0.799288177490234
20170308154931746,-2.16091690063477
20170308154931747,-2.02358779907227
20170308154931748,0.646700286865234
20170308154931749,-2.09988174438477
20170308154931750,-2.08462295532227
20170308154931751,0.700106048583984
20170308154931752,-2.10751113891602
20170308154931753,-1.93203506469727
20170308154931754,0.578035736083984
20170308154931755,-2.41268692016602
20170308154931756,-1.62685928344727
20170308154931757,0.654329681396484
20170308154931758,-2.42031631469727
20170308154931759,-1.48953018188477
20170308154931760,0.784029388427734
20170308154931761,-2.51949844360352
20170308154931762,-1.48953018188477
20170308154931763,0.730623626708984
20170308154931764,-2.74075088500977
20170308154931765,-1.18435440063477
20170308154931766,0.509371185302734
20170308154931767,-2.95437393188477
20170308154931768,-1.00124893188477
20170308154931769,0.585665130615234
20170308154931770,-2.92385635375977
20170308154931771,-0.940213775634766
20170308154931772,0.555147552490234
20170308154931773,-3.00015029907227
20170308154931774,-0.924954986572266
20170308154931775,0.448336029052734
20170308154931776,-2.86282119750977
20170308154931777,-1.06991348266602
20170308154931778,0.440706634521484
20170308154931779,-2.93148574829102
20170308154931780,-0.688443756103516
20170308154931781,0.333895111083984
20170308154931782,-3.00015029907227
20170308154931783,-0.474820709228516
20170308154931784,0.166048431396484
20170308154931785,-3.08407363891602
20170308154931786,-0.360379791259766
20170308154931787,-0.100980377197266
20170308154931788,-3.01540908813477
20170308154931789,0.120272064208984
20170308154931790,-0.390897369384766
20170308154931791,-2.87045059204102
20170308154931792,0.448336029052734
20170308154931793,-0.551114654541016
20170308154931794,-2.94674453735352
20170308154931795,0.600923919677734
20170308154931796,-0.909696197509766
20170308154931797,-2.83230361938477
20170308154931798,0.730623626708984
20170308154931799,-0.734220123291016
20170308154931800,-2.80178604125977
20170308154931801,0.738253021240234
20170308154931802,-0.940213775634766
20170308154931803,-2.81704483032227
20170308154931804,0.570406341552734
20170308154931805,-0.917325592041016
20170308154931806,-2.83993301391602
20170308154931807,0.951876068115234
20170308154931808,-1.21487197875977
20170308154931809,-2.65682754516602
20170308154931810,1.02817001342773
20170308154931811,-1.39034805297852
20170308154931812,-2.53475723266602
20170308154931813,0.967134857177734
20170308154931814,-1.55056533813477
20170308154931815,-2.58816299438477
20170308154931816,0.738253021240234
20170308154931817,-1.64974746704102
20170308154931818,-2.47372207641602
20170308154931819,0.852693939208984
20170308154931820,-1.71841201782227
20170308154931821,-2.48898086547852
20170308154931822,0.661959075927734
20170308154931823,-1.64974746704102
20170308154931824,-2.45846328735352
20170308154931825,0.875582122802734
20170308154931826,-1.66500625610352
20170308154931827,-2.32876358032227
20170308154931828,0.677217864990234
20170308154931829,-1.90914688110352
20170308154931830,-2.22195205688477
20170308154931831,0.829805755615234
20170308154931832,-2.10751113891602
20170308154931833,-1.89388809204102
20170308154931834,0.784029388427734
20170308154931835,-2.29824600219727
20170308154931836,-1.80996475219727
20170308154931837,0.806917572021484
20170308154931838,-2.41268692016602
20170308154931839,-1.77944717407227
20170308154931840,0.677217864990234
20170308154931841,-2.30587539672852
20170308154931842,-1.80233535766602
20170308154931843,0.730623626708984
20170308154931844,-2.34402236938477
20170308154931845,-1.61160049438477
20170308154931846,0.631441497802734
20170308154931847,-2.33639297485352
20170308154931848,-1.60397109985352
20170308154931849,0.661959075927734
20170308154931850,-2.48898086547852
20170308154931851,-1.44375381469727
20170308154931852,0.700106048583984
20170308154931853,-2.63393936157227
20170308154931854,-1.39034805297852
20170308154931855,0.631441497802734
20170308154931856,-2.77126846313477
20170308154931857,-1.29116592407227
20170308154931858,0.639070892333984
20170308154931859,-2.76363906860352
20170308154931860,-1.31405410766602
20170308154931861,0.547518157958984
20170308154931862,-2.56527481079102
20170308154931863,-1.35983047485352
20170308154931864,0.593294525146484
20170308154931865,-2.57290420532227
20170308154931866,-1.41323623657227
20170308154931867,0.608553314208984
20170308154931868,-2.57290420532227
20170308154931869,-1.42849502563477
20170308154931870,0.761141204833984
20170308154931871,-2.76363906860352
20170308154931872,-1.27590713500977
20170308154931873,0.539888763427734
20170308154931874,-2.68734512329102
20170308154931875,-1.38271865844727
20170308154931876,0.593294525146484
20170308154931877,-2.47372207641602
20170308154931878,-1.44375381469727
20170308154931879,0.722994232177734
20170308154931880,-2.61105117797852
20170308154931881,-1.25301895141602
20170308154931882,0.623812103271484
20170308154931883,-2.73312149047852
20170308154931884,-1.23776016235352
20170308154931885,0.539888763427734
20170308154931886,-2.76363906860352
20170308154931887,-1.17672500610352
20170308154931888,0.555147552490234
20170308154931889,-2.95437393188477
20170308154931890,-1.01650772094727
20170308154931891,0.692476654052734
20170308154931892,-2.90859756469727
20170308154931893,-0.955472564697266
20170308154931894,0.410189056396484
20170308154931895,-2.92385635375977
20170308154931896,-0.978360748291016
20170308154931897,0.608553314208984
20170308154931898,-2.95437393188477
20170308154931899,-0.985990142822266
20170308154931900,0.616182708740234
20170308154931901,-2.93148574829102
20170308154931902,-0.825772857666016
20170308154931903,0.333895111083984
20170308154931904,-2.93911514282227
20170308154931905,-0.703702545166016
20170308154931906,0.333895111083984
20170308154931907,-3.03829727172852
20170308154931908,-0.482450103759766
20170308154931909,0.280489349365234
20170308154931910,-2.89333877563477
20170308154931911,-0.345121002197266
20170308154931912,0.127901458740234
20170308154931913,-2.93148574829102
20170308154931914,-0.352750396728516
20170308154931915,0.120272064208984
20170308154931916,-2.96963272094727
20170308154931917,-0.169644927978516
20170308154931918,-0.291715240478516
20170308154931919,-2.98489151000977
20170308154931920,0.0439781188964844
20170308154931921,-0.482450103759766
20170308154931922,-2.87045059204102
20170308154931923,0.616182708740234
20170308154931924,-0.749478912353516
20170308154931925,-2.90096817016602
20170308154931926,0.730623626708984
20170308154931927,-0.963101959228516
20170308154931928,-2.78652725219727
20170308154931929,0.852693939208984
20170308154931930,-1.06991348266602
20170308154931931,-2.74075088500977
20170308154931932,0.715364837646484
20170308154931933,-1.14620742797852
20170308154931934,-2.74838027954102
20170308154931935,1.02054061889648
20170308154931936,-1.24538955688477
20170308154931937,-2.67208633422852
20170308154931938,0.814546966552734
20170308154931939,-1.13857803344727
20170308154931940,-2.78652725219727
20170308154931941,0.623812103271484
20170308154931942,-1.11568984985352
20170308154931943,-2.75600967407227
20170308154931944,0.875582122802734
20170308154931945,-1.11568984985352
20170308154931946,-2.67971572875977
20170308154931947,0.982393646240234
20170308154931948,-1.29879531860352
20170308154931949,-2.61868057250977
20170308154931950,0.784029388427734
20170308154931951,-1.37508926391602
20170308154931952,-2.58053359985352
20170308154931953,0.845064544677734
20170308154931954,-1.72604141235352
20170308154931955,-2.26772842407227
20170308154931956,0.753511810302734
20170308154931957,-1.89388809204102
20170308154931958,-2.23721084594727
20170308154931959,0.677217864990234
20170308154931960,-1.89388809204102
20170308154931961,-2.04647598266602
20170308154931962,0.822176361083984
20170308154931963,-2.17617568969727
20170308154931964,-1.80996475219727
20170308154931965,0.768770599365234
20170308154931966,-2.31350479125977
20170308154931967,-1.68789443969727
20170308154931968,0.616182708740234
20170308154931969,-2.42031631469727
20170308154931970,-1.59634170532227
20170308154931971,0.684847259521484
20170308154931972,-2.57290420532227
20170308154931973,-1.54293594360352
20170308154931974,0.646700286865234
20170308154931975,-2.54238662719727
20170308154931976,-1.40560684204102
20170308154931977,0.822176361083984
20170308154931978,-2.56527481079102
20170308154931979,-1.49715957641602
20170308154931980,0.562776947021484
20170308154931981,-2.70260391235352
20170308154931982,-1.40560684204102
20170308154931983,0.776399993896484
20170308154931984,-2.63393936157227
20170308154931985,-1.35983047485352
20170308154931986,0.570406341552734
20170308154931987,-2.61868057250977
20170308154931988,-1.48953018188477
20170308154931989,0.585665130615234
20170308154931990,-2.51186904907227
20170308154931991,-1.51241836547852
20170308154931992,0.791658782958984
20170308154931993,-2.45846328735352
20170308154931994,-1.59634170532227
20170308154931995,0.631441497802734
20170308154931996,-2.42031631469727
20170308154931997,-1.49715957641602
20170308154931998,0.677217864990234
20170308154931999,-2.42031631469727
20170308154932000,-1.68026504516602
20170308154932001,0.608553314208984
20170308154932002,-2.26009902954102
20170308154932003,-1.84811172485352
20170308154932004,0.730623626708984
20170308154932005,-2.22958145141602
20170308154932006,-1.91677627563477
20170308154932007,0.616182708740234
20170308154932008,-2.25246963500977
20170308154932009,-1.71841201782227
20170308154932010,0.761141204833984
20170308154932011,-2.48898086547852
20170308154932012,-1.48190078735352
20170308154932013,0.715364837646484
20170308154932014,-2.71786270141602
20170308154932015,-1.36745986938477
20170308154932016,0.822176361083984
20170308154932017,-2.66445693969727
20170308154932018,-1.32931289672852
20170308154932019,0.623812103271484
20170308154932020,-2.67208633422852
20170308154932021,-1.41323623657227
20170308154932022,0.616182708740234
20170308154932023,-2.67208633422852
20170308154932024,-1.25301895141602
20170308154932025,0.669588470458984
20170308154932026,-2.85519180297852
20170308154932027,-1.24538955688477
20170308154932028,0.517000579833984
20170308154932029,-2.84756240844727
20170308154932030,-1.22250137329102
20170308154932031,0.608553314208984
20170308154932032,-2.88570938110352
20170308154932033,-1.18435440063477
20170308154932034,0.570406341552734
20170308154932035,-2.93911514282227
20170308154932036,-0.947843170166016
20170308154932037,0.478853607177734
20170308154932038,-2.99252090454102
20170308154932039,-0.795255279541016
20170308154932040,0.417818450927734
20170308154932041,-2.98489151000977
20170308154932042,-0.368009185791016
20170308154932043,0.0668663024902344
20170308154932044,-2.93911514282227
20170308154932045,-0.184903717041016
20170308154932046,-0.0246864318847656
20170308154932047,-2.95437393188477
20170308154932048,0.112642669677734
20170308154932049,-0.345121002197266
20170308154932050,-2.85519180297852
20170308154932051,0.433077239990234
20170308154932052,-0.635037994384766
20170308154932053,-2.83230361938477
20170308154932054,0.623812103271484
20170308154932055,-0.741849517822266
20170308154932056,-2.82467422485352
20170308154932057,0.684847259521484
20170308154932058,-0.970731353759766
20170308154932059,-2.80941543579102
20170308154932060,0.799288177490234
20170308154932061,-1.13094863891602
20170308154932062,-2.81704483032227
20170308154932063,0.867952728271484
20170308154932064,-1.28353652954102
20170308154932065,-2.71786270141602
20170308154932066,0.806917572021484
20170308154932067,-1.25301895141602
20170308154932068,-2.60342178344727
20170308154932069,0.898470306396484
20170308154932070,-1.53530654907227
20170308154932071,-2.51186904907227
20170308154932072,0.761141204833984
20170308154932073,-1.52767715454102
20170308154932074,-2.43557510375977
20170308154932075,0.677217864990234
20170308154932076,-1.69552383422852
20170308154932077,-2.45083389282227
20170308154932078,0.715364837646484
20170308154932079,-1.83285293579102
20170308154932080,-2.18380508422852
20170308154932081,0.654329681396484
20170308154932082,-1.94729385375977
20170308154932083,-1.90914688110352
20170308154932084,0.730623626708984
20170308154932085,-2.25246963500977
20170308154932086,-1.66500625610352
20170308154932087,0.738253021240234
20170308154932088,-2.40505752563477
20170308154932089,-1.52004776000977
20170308154932090,0.730623626708984
20170308154932091,-2.72549209594727
20170308154932092,-1.45138320922852
20170308154932093,0.623812103271484
20170308154932094,-2.67971572875977
20170308154932095,-1.42086563110352
20170308154932096,0.677217864990234
20170308154932097,-2.74838027954102
20170308154932098,-1.32931289672852
20170308154932099,0.669588470458984
20170308154932100,-2.83230361938477
20170308154932101,-1.15383682250977
20170308154932102,0.394930267333984
20170308154932103,-2.81704483032227
20170308154932104,-1.22250137329102
20170308154932105,0.539888763427734
20170308154932106,-2.95437393188477
20170308154932107,-1.09280166625977
20170308154932108,0.547518157958984
20170308154932109,-2.97726211547852
20170308154932110,-0.909696197509766
20170308154932111,0.509371185302734
20170308154932112,-2.94674453735352
20170308154932113,-0.642667388916016
20170308154932114,0.257601165771484
20170308154932115,-2.93148574829102
20170308154932116,-0.718961334228516
20170308154932117,0.288118743896484
20170308154932118,-3.00777969360352
20170308154932119,-0.497708892822266
20170308154932120,0.303377532958984
20170308154932121,-2.93911514282227
20170308154932122,-0.390897369384766
20170308154932123,-0.0475746154785156
20170308154932124,-3.03066787719727
20170308154932125,-0.299344635009766
20170308154932126,0.105013275146484
20170308154932127,-3.01540908813477
20170308154932128,-0.177274322509766
20170308154932129,0.0058311462402344
20170308154932130,-2.91622695922852
20170308154932131,-0.368009185791016
20170308154932132,-0.0017982482910156
20170308154932133,-3.00015029907227
20170308154932134,-0.398526763916016
20170308154932135,0.173677825927734
20170308154932136,-2.91622695922852
20170308154932137,-0.390897369384766
20170308154932138,0.127901458740234
20170308154932139,-2.99252090454102
20170308154932140,-0.444303131103516
20170308154932141,0.0973838806152344
20170308154932142,-2.91622695922852
20170308154932143,-0.558744049072266
20170308154932144,0.188936614990234
20170308154932145,-2.94674453735352
20170308154932146,-0.360379791259766
20170308154932147,0.0592369079589844
20170308154932148,-2.86282119750977
20170308154932149,-0.696073150634766
20170308154932150,0.280489349365234
20170308154932151,-2.90859756469727
20170308154932152,-0.589261627197266
20170308154932153,0.188936614990234
20170308154932154,-2.93911514282227
20170308154932155,-0.429044342041016
20170308154932156,0.158419036865234
20170308154932157,-3.00015029907227
20170308154932158,-0.497708892822266
20170308154932159,0.135530853271484
20170308154932160,-2.96963272094727
20170308154932161,-0.276456451416016
20170308154932162,0.112642669677734
20170308154932163,-2.98489151000977
20170308154932164,-0.100980377197266
20170308154932165,-0.0170570373535156
20170308154932166,-2.92385635375977
20170308154932167,-0.0552040100097656
20170308154932168,-0.169644927978516
20170308154932169,-2.89333877563477
20170308154932170,0.188936614990234
20170308154932171,-0.368009185791016
20170308154932172,-2.81704483032227
20170308154932173,-0.0017982482910156
20170308154932174,-0.223050689697266
20170308154932175,-2.80941543579102
20170308154932176,-0.0628334045410156
20170308154932177,-0.322232818603516
20170308154932178,-2.87045059204102
20170308154932179,0.402559661865234
20170308154932180,-0.551114654541016
20170308154932181,-2.78652725219727
20170308154932182,0.425447845458984
20170308154932183,-0.688443756103516
20170308154932184,-2.86282119750977
20170308154932185,0.784029388427734
20170308154932186,-0.718961334228516
20170308154932187,-2.87045059204102
20170308154932188,0.761141204833984
20170308154932189,-1.06991348266602
20170308154932190,-2.81704483032227
20170308154932191,0.921358489990234
20170308154932192,-1.19961318969727
20170308154932193,-2.67208633422852
20170308154932194,0.852693939208984
20170308154932195,-1.35220108032227
20170308154932196,-2.55001602172852
20170308154932197,0.784029388427734
20170308154932198,-1.68026504516602
20170308154932199,-2.42794570922852
20170308154932200,0.654329681396484
20170308154932201,-1.66500625610352
20170308154932202,-2.43557510375977
20170308154932203,0.715364837646484
20170308154932204,-1.84048233032227
20170308154932205,-2.10751113891602
20170308154932206,0.745882415771484
20170308154932207,-2.08462295532227
20170308154932208,-2.03884658813477
20170308154932209,0.738253021240234
20170308154932210,-2.23721084594727
20170308154932211,-1.62685928344727
20170308154932212,0.646700286865234
20170308154932213,-2.42794570922852
20170308154932214,-1.54293594360352
20170308154932215,0.715364837646484
20170308154932216,-2.73312149047852
20170308154932217,-1.34457168579102
20170308154932218,0.509371185302734
20170308154932219,-2.90096817016602
20170308154932220,-1.17672500610352
20170308154932221,0.555147552490234
20170308154932222,-2.96963272094727
20170308154932223,-1.04702529907227
20170308154932224,0.440706634521484
20170308154932225,-3.03066787719727
20170308154932226,-0.917325592041016
20170308154932227,0.471224212646484
20170308154932228,-2.93911514282227
20170308154932229,-0.772367095947266
20170308154932230,0.501741790771484
20170308154932231,-2.96200332641602
20170308154932232,-0.757108306884766
20170308154932233,0.364412689208984
20170308154932234,-2.87045059204102
20170308154932235,-0.825772857666016
20170308154932236,0.356783294677734
20170308154932237,-2.98489151000977
20170308154932238,-0.917325592041016
20170308154932239,0.562776947021484
20170308154932240,-2.95437393188477
20170308154932241,-0.841031646728516
20170308154932242,0.318636322021484
20170308154932243,-2.90096817016602
20170308154932244,-0.841031646728516
20170308154932245,0.555147552490234
20170308154932246,-2.96963272094727
20170308154932247,-0.726590728759766
20170308154932248,0.440706634521484
20170308154932249,-3.00015029907227
20170308154932250,-0.589261627197266
20170308154932251,0.272859954833984
20170308154932252,-3.00777969360352
20170308154932253,-0.581632232666016
20170308154932254,0.166048431396484
20170308154932255,-3.07644424438477
20170308154932256,-0.223050689697266
20170308154932257,0.0516075134277344
20170308154932258,-2.95437393188477
20170308154932259,-0.314603424072266
20170308154932260,-0.0552040100097656
20170308154932261,-2.85519180297852
20170308154932262,-0.154386138916016
20170308154932263,-0.0933509826660156
20170308154932264,-2.87807998657227
20170308154932265,0.0516075134277344
20170308154932266,-0.368009185791016
20170308154932267,-2.89333877563477
20170308154932268,0.295748138427734
20170308154932269,-0.390897369384766
20170308154932270,-2.76363906860352
20170308154932271,0.265230560302734
20170308154932272,-0.245938873291016
20170308154932273,-2.82467422485352
20170308154932274,0.173677825927734
20170308154932275,-0.528226470947266
20170308154932276,-2.76363906860352
20170308154932277,0.364412689208984
20170308154932278,-0.657926177978516
20170308154932279,-2.95437393188477
20170308154932280,0.372042083740234
20170308154932281,-0.680814361572266
20170308154932282,-2.92385635375977
20170308154932283,0.440706634521484
20170308154932284,-0.787625885009766
20170308154932285,-2.93148574829102
20170308154932286,0.402559661865234
20170308154932287,-0.764737701416016
20170308154932288,-2.94674453735352
20170308154932289,0.402559661865234
20170308154932290,-0.703702545166016
20170308154932291,-2.87045059204102
20170308154932292,0.272859954833984
20170308154932293,-0.688443756103516
20170308154932294,-2.90096817016602
20170308154932295,0.311006927490234
20170308154932296,-0.429044342041016
20170308154932297,-2.72549209594727
20170308154932298,0.249971771240234
20170308154932299,-0.368009185791016
20170308154932300,-2.82467422485352
20170308154932301,0.0210899353027344
20170308154932302,-0.268827056884766
20170308154932303,-2.87807998657227
20170308154932304,0.0134605407714844
20170308154932305,-0.299344635009766
20170308154932306,-2.87807998657227
20170308154932307,0.188936614990234
20170308154932308,-0.116239166259766
20170308154932309,-2.79415664672852
20170308154932310,-0.0780921936035156
20170308154932311,-0.0780921936035156
20170308154932312,-2.90859756469727
20170308154932313,-0.207791900634766
20170308154932314,-0.398526763916016
20170308154932315,-2.84756240844727
20170308154932316,-0.0857215881347656
20170308154932317,-0.146756744384766
20170308154932318,-2.90096817016602
20170308154932319,-0.0857215881347656
20170308154932320,-0.528226470947266
20170308154932321,-2.80941543579102
20170308154932322,0.219454193115234
20170308154932323,-0.268827056884766
20170308154932324,-2.83993301391602
20170308154932325,-0.162015533447266
20170308154932326,-0.123868560791016
20170308154932327,-2.83993301391602
20170308154932328,-0.131497955322266
20170308154932329,-0.116239166259766
20170308154932330,-2.77889785766602
20170308154932331,-0.238309478759766
20170308154932332,-0.116239166259766
20170308154932333,-2.86282119750977
20170308154932334,-0.322232818603516
20170308154932335,-0.0094276428222656
20170308154932336,-2.88570938110352
20170308154932337,-0.413785552978516
20170308154932338,-0.0170570373535156
20170308154932339,-2.90096817016602
20170308154932340,-0.390897369384766
20170308154932341,-0.0094276428222656
20170308154932342,-2.89333877563477
20170308154932343,-0.276456451416016
20170308154932344,-0.154386138916016
20170308154932345,-2.88570938110352
20170308154932346,-0.322232818603516
20170308154932347,0.0744956970214844
20170308154932348,-2.88570938110352
20170308154932349,-0.467191314697266
20170308154932350,0.173677825927734
20170308154932351,-2.83230361938477
20170308154932352,-0.673184967041016
20170308154932353,0.364412689208984
20170308154932354,-2.92385635375977
20170308154932355,-0.574002838134766
20170308154932356,0.227083587646484
20170308154932357,-2.85519180297852
20170308154932358,-0.451932525634766
20170308154932359,0.372042083740234
20170308154932360,-2.90859756469727
20170308154932361,-0.520597076416016
20170308154932362,0.295748138427734
20170308154932363,-2.83230361938477
20170308154932364,-0.551114654541016
20170308154932365,0.364412689208984
20170308154932366,-2.89333877563477
20170308154932367,-0.604520416259766
20170308154932368,0.303377532958984
20170308154932369,-2.89333877563477
20170308154932370,-0.673184967041016
20170308154932371,0.265230560302734
20170308154932372,-2.93148574829102
20170308154932373,-0.421414947509766
20170308154932374,0.0973838806152344
20170308154932375,-2.98489151000977
20170308154932376,-0.0399452209472656
20170308154932377,-0.177274322509766
20170308154932378,-2.84756240844727
20170308154932379,-0.123868560791016
20170308154932380,-0.162015533447266
20170308154932381,-2.90859756469727
20170308154932382,-0.146756744384766
20170308154932383,-0.261197662353516
20170308154932384,-2.92385635375977
20170308154932385,-0.0933509826660156
20170308154932386,-0.337491607666016
20170308154932387,-2.89333877563477
20170308154932388,-0.0399452209472656
20170308154932389,-0.0475746154785156
20170308154932390,-2.88570938110352
20170308154932391,-0.299344635009766
20170308154932392,0.0516075134277344
20170308154932393,-2.94674453735352
20170308154932394,-0.429044342041016
20170308154932395,0.158419036865234
20170308154932396,-2.92385635375977
20170308154932397,-0.512967681884766
20170308154932398,-0.0094276428222656
20170308154932399,-2.90096817016602
20170308154932400,-0.261197662353516
20170308154932401,0.143160247802734
20170308154932402,-2.97726211547852
20170308154932403,-0.390897369384766
20170308154932404,-0.0704627990722656
20170308154932405,-2.95437393188477
20170308154932406,-0.459561920166016
20170308154932407,0.0287193298339844
20170308154932408,-2.91622695922852
20170308154932409,-0.329862213134766
20170308154932410,-0.0933509826660156
20170308154932411,-2.87045059204102
20170308154932412,-0.261197662353516
20170308154932413,0.0439781188964844
20170308154932414,-2.82467422485352
20170308154932415,-0.0246864318847656
20170308154932416,-0.200162506103516
20170308154932417,-2.87807998657227
20170308154932418,-0.230680084228516
20170308154932419,-0.116239166259766
20170308154932420,-2.88570938110352
20170308154932421,-0.0628334045410156
20170308154932422,-0.322232818603516
20170308154932423,-2.84756240844727
20170308154932424,0.196566009521484
20170308154932425,-0.451932525634766
20170308154932426,-2.85519180297852
20170308154932427,0.242342376708984
20170308154932428,-0.368009185791016
20170308154932429,-2.87045059204102
20170308154932430,0.295748138427734
20170308154932431,-0.299344635009766
20170308154932432,-2.82467422485352
20170308154932433,0.311006927490234
20170308154932434,-0.726590728759766
20170308154932435,-2.83993301391602
20170308154932436,0.433077239990234
20170308154932437,-0.757108306884766
20170308154932438,-2.85519180297852
20170308154932439,0.440706634521484
20170308154932440,-0.673184967041016
20170308154932441,-2.80178604125977
20170308154932442,0.318636322021484
20170308154932443,-0.406156158447266
20170308154932444,-2.71023330688477
20170308154932445,0.127901458740234
20170308154932446,-0.215421295166016
20170308154932447,-2.77889785766602
20170308154932448,0.211824798583984
20170308154932449,-0.490079498291016
20170308154932450,-2.80178604125977
20170308154932451,0.585665130615234
20170308154932452,-0.734220123291016
20170308154932453,-2.79415664672852
20170308154932454,0.822176361083984
20170308154932455,-0.970731353759766
20170308154932456,-2.74838027954102
20170308154932457,0.974764251708984
20170308154932458,-1.13094863891602
20170308154932459,-2.73312149047852
20170308154932460,0.806917572021484
20170308154932461,-1.23776016235352
20170308154932462,-2.65682754516602
20170308154932463,0.829805755615234
20170308154932464,-1.57345352172852
20170308154932465,-2.48135147094727
20170308154932466,0.799288177490234
20170308154932467,-1.63448867797852
20170308154932468,-2.37453994750977
20170308154932469,0.906099700927734
20170308154932470,-1.94729385375977
20170308154932471,-2.16854629516602
20170308154932472,0.814546966552734
20170308154932473,-2.04647598266602
20170308154932474,-1.97781143188477
20170308154932475,0.745882415771484
20170308154932476,-2.24484024047852
20170308154932477,-1.74892959594727
20170308154932478,0.715364837646484
20170308154932479,-2.46609268188477
20170308154932480,-1.62685928344727
20170308154932481,0.875582122802734
20170308154932482,-2.38216934204102
20170308154932483,-1.62685928344727
20170308154932484,0.646700286865234
20170308154932485,-2.29061660766602
20170308154932486,-1.62685928344727
20170308154932487,0.776399993896484
20170308154932488,-2.46609268188477
20170308154932489,-1.30642471313477
20170308154932490,0.707735443115234
20170308154932491,-2.81704483032227
20170308154932492,-1.29116592407227
20170308154932493,0.608553314208984
20170308154932494,-2.76363906860352
20170308154932495,-1.24538955688477
20170308154932496,0.753511810302734
20170308154932497,-2.65682754516602
20170308154932498,-1.27590713500977
20170308154932499,0.829805755615234
20170308154932500,-2.79415664672852
20170308154932501,-1.15383682250977
20170308154932502,0.509371185302734
20170308154932503,-2.77889785766602
20170308154932504,-1.23013076782227
20170308154932505,0.585665130615234
20170308154932506,-2.94674453735352
20170308154932507,-1.01650772094727
20170308154932508,0.646700286865234
20170308154932509,-2.93911514282227
20170308154932510,-0.718961334228516
20170308154932511,0.364412689208984
20170308154932512,-2.93148574829102
20170308154932513,-0.734220123291016
20170308154932514,0.394930267333984
20170308154932515,-2.96200332641602
20170308154932516,-0.619779205322266
20170308154932517,0.394930267333984
20170308154932518,-2.90859756469727
20170308154932519,-0.558744049072266
20170308154932520,0.478853607177734
20170308154932521,-2.89333877563477
20170308154932522,-0.589261627197266
20170308154932523,0.249971771240234
20170308154932524,-2.92385635375977
20170308154932525,-0.490079498291016
20170308154932526,0.387300872802734
20170308154932527,-2.97726211547852
20170308154932528,-0.444303131103516
20170308154932529,0.0973838806152344
20170308154932530,-3.00015029907227
20170308154932531,0.0744956970214844
20170308154932532,-0.291715240478516
20170308154932533,-2.87807998657227
20170308154932534,-0.207791900634766
20170308154932535,-0.0246864318847656
20170308154932536,-2.88570938110352
20170308154932537,-0.0933509826660156
20170308154932538,-0.314603424072266
20170308154932539,-2.87807998657227
20170308154932540,-0.139127349853516
20170308154932541,-0.0399452209472656
20170308154932542,-2.86282119750977
20170308154932543,0.219454193115234
20170308154932544,-0.520597076416016
20170308154932545,-2.86282119750977
20170308154932546,0.364412689208984
20170308154932547,-0.497708892822266
20170308154932548,-2.85519180297852
20170308154932549,0.303377532958984
20170308154932550,-0.574002838134766
20170308154932551,-2.85519180297852
20170308154932552,0.433077239990234
20170308154932553,-0.627408599853516
20170308154932554,-2.77126846313477
20170308154932555,0.341524505615234
20170308154932556,-0.642667388916016
20170308154932557,-2.81704483032227
20170308154932558,0.509371185302734
20170308154932559,-0.772367095947266
20170308154932560,-2.88570938110352
20170308154932561,0.761141204833984
20170308154932562,-0.924954986572266
20170308154932563,-2.75600967407227
20170308154932564,0.883211517333984
20170308154932565,-0.924954986572266
20170308154932566,-2.83230361938477
20170308154932567,0.669588470458984
20170308154932568,-0.978360748291016
20170308154932569,-2.83230361938477
20170308154932570,0.646700286865234
20170308154932571,-0.825772857666016
20170308154932572,-2.80178604125977
20170308154932573,0.623812103271484
20170308154932574,-0.947843170166016
20170308154932575,-2.75600967407227
20170308154932576,0.311006927490234
20170308154932577,-0.497708892822266
20170308154932578,-2.67208633422852
20170308154932579,0.463594818115234
20170308154932580,-0.467191314697266
20170308154932581,-2.73312149047852
20170308154932582,0.494112396240234
20170308154932583,-0.581632232666016
20170308154932584,-2.69497451782227
20170308154932585,0.562776947021484
20170308154932586,-0.451932525634766
20170308154932587,-2.87807998657227
20170308154932588,0.539888763427734
20170308154932589,-0.871549224853516
20170308154932590,-2.77889785766602
20170308154932591,0.814546966552734
20170308154932592,-0.772367095947266
20170308154932593,-2.75600967407227
20170308154932594,0.730623626708984
20170308154932595,-1.04702529907227
20170308154932596,-2.77889785766602
20170308154932597,0.761141204833984
20170308154932598,-1.11568984985352
20170308154932599,-2.73312149047852
20170308154932600,0.967134857177734
20170308154932601,-1.30642471313477
20170308154932602,-2.47372207641602
20170308154932603,0.799288177490234
20170308154932604,-1.64974746704102
20170308154932605,-2.45846328735352
20170308154932606,0.745882415771484
20170308154932607,-1.85574111938477
20170308154932608,-2.23721084594727
20170308154932609,0.768770599365234
20170308154932610,-2.04647598266602
20170308154932611,-1.84048233032227
20170308154932612,0.684847259521484
20170308154932613,-2.31350479125977
20170308154932614,-1.58108291625977
20170308154932615,0.829805755615234
20170308154932616,-2.71023330688477
20170308154932617,-1.46664199829102
20170308154932618,0.707735443115234
20170308154932619,-2.84756240844727
20170308154932620,-1.26064834594727
20170308154932621,0.700106048583984
20170308154932622,-3.04592666625977
20170308154932623,-0.902066802978516
20170308154932624,0.364412689208984
20170308154932625,-2.94674453735352
20170308154932626,-0.726590728759766
20170308154932627,0.372042083740234
20170308154932628,-2.86282119750977
20170308154932629,-0.543485260009766
20170308154932630,0.372042083740234
20170308154932631,-2.86282119750977
20170308154932632,-0.635037994384766
20170308154932633,0.318636322021484
20170308154932634,-2.90096817016602
20170308154932635,-0.490079498291016
20170308154932636,0.196566009521484
20170308154932637,-2.89333877563477
20170308154932638,-0.680814361572266
20170308154932639,0.326265716552734
20170308154932640,-2.93148574829102
20170308154932641,-0.551114654541016
20170308154932642,0.227083587646484
20170308154932643,-2.94674453735352
20170308154932644,-0.474820709228516
20170308154932645,0.341524505615234
20170308154932646,-2.96200332641602
20170308154932647,-0.451932525634766
20170308154932648,0.280489349365234
20170308154932649,-2.94674453735352
20170308154932650,-0.352750396728516
20170308154932651,-0.0246864318847656
20170308154932652,-3.01540908813477
20170308154932653,-0.352750396728516
20170308154932654,-0.0170570373535156
20170308154932655,-2.97726211547852
20170308154932656,-0.230680084228516
20170308154932657,-0.0628334045410156
20170308154932658,-2.93911514282227
20170308154932659,-0.139127349853516
20170308154932660,-0.146756744384766
20170308154932661,-2.89333877563477
20170308154932662,-0.230680084228516
20170308154932663,-0.123868560791016
20170308154932664,-2.83230361938477
20170308154932665,-0.0704627990722656
20170308154932666,-0.192533111572266
20170308154932667,-2.88570938110352
20170308154932668,-0.0704627990722656
20170308154932669,-0.299344635009766
20170308154932670,-2.90859756469727
20170308154932671,-0.0704627990722656
20170308154932672,-0.238309478759766
20170308154932673,-2.84756240844727
20170308154932674,-0.116239166259766
20170308154932675,-0.116239166259766
20170308154932676,-2.89333877563477
20170308154932677,-0.245938873291016
20170308154932678,-0.0475746154785156
20170308154932679,-2.94674453735352
20170308154932680,-0.299344635009766
20170308154932681,-0.139127349853516
20170308154932682,-2.96200332641602
20170308154932683,0.0592369079589844
20170308154932684,-0.245938873291016
20170308154932685,-2.85519180297852
20170308154932686,-0.337491607666016
20170308154932687,-0.268827056884766
20170308154932688,-3.04592666625977
20170308154932689,-0.0323158264160156
20170308154932690,-0.352750396728516
20170308154932691,-2.89333877563477
20170308154932692,0.0439781188964844
20170308154932693,-0.223050689697266
20170308154932694,-2.83230361938477
20170308154932695,0.341524505615234
20170308154932696,-0.337491607666016
20170308154932697,-2.75600967407227
20170308154932698,0.303377532958984
20170308154932699,-0.535855865478516
20170308154932700,-2.87045059204102
20170308154932701,0.440706634521484
20170308154932702,-0.711331939697266
20170308154932703,-2.78652725219727
20170308154932704,0.547518157958984
20170308154932705,-0.924954986572266
20170308154932706,-2.77889785766602
20170308154932707,0.646700286865234
20170308154932708,-0.909696197509766
20170308154932709,-2.83230361938477
20170308154932710,0.608553314208984
20170308154932711,-0.825772857666016
20170308154932712,-2.76363906860352
20170308154932713,0.806917572021484
20170308154932714,-0.932584381103516
20170308154932715,-2.71786270141602
20170308154932716,0.753511810302734
20170308154932717,-1.10806045532227
20170308154932718,-2.71023330688477
20170308154932719,1.00528182983398
20170308154932720,-1.11568984985352
20170308154932721,-2.73312149047852
20170308154932722,0.738253021240234
20170308154932723,-1.14620742797852
20170308154932724,-2.74075088500977
20170308154932725,0.867952728271484
20170308154932726,-1.23776016235352
20170308154932727,-2.69497451782227
20170308154932728,0.944246673583984
20170308154932729,-1.15383682250977
20170308154932730,-2.70260391235352
20170308154932731,0.722994232177734
20170308154932732,-0.787625885009766
20170308154932733,-2.77889785766602
20170308154932734,0.722994232177734
20170308154932735,-1.03176651000977
20170308154932736,-2.75600967407227
20170308154932737,0.745882415771484
20170308154932738,-1.11568984985352
20170308154932739,-2.67971572875977
20170308154932740,0.990023040771484
20170308154932741,-1.18435440063477
20170308154932742,-2.49661026000977
20170308154932743,0.730623626708984
20170308154932744,-1.23776016235352
20170308154932745,-2.54238662719727
20170308154932746,0.799288177490234
20170308154932747,-1.48953018188477
20170308154932748,-2.42794570922852
20170308154932749,0.761141204833984
20170308154932750,-1.70315322875977
20170308154932751,-2.27535781860352
20170308154932752,0.806917572021484
20170308154932753,-1.80996475219727
20170308154932754,-2.22958145141602
20170308154932755,0.883211517333984
20170308154932756,-2.12276992797852
20170308154932757,-1.89388809204102
20170308154932758,0.913729095458984
20170308154932759,-2.25246963500977
20170308154932760,-1.79470596313477
20170308154932761,0.707735443115234
20170308154932762,-2.42031631469727
20170308154932763,-1.58871231079102
20170308154932764,0.822176361083984
20170308154932765,-2.63393936157227
20170308154932766,-1.35983047485352
20170308154932767,0.829805755615234
20170308154932768,-2.71023330688477
20170308154932769,-1.28353652954102
20170308154932770,0.684847259521484
20170308154932771,-2.96963272094727
20170308154932772,-1.04702529907227
20170308154932773,0.570406341552734
20170308154932774,-3.03829727172852
20170308154932775,-0.818143463134766
20170308154932776,0.394930267333984
20170308154932777,-2.96963272094727
20170308154932778,-0.764737701416016
20170308154932779,0.272859954833984
20170308154932780,-2.95437393188477
20170308154932781,-0.680814361572266
20170308154932782,0.372042083740234
20170308154932783,-2.96200332641602
20170308154932784,-0.444303131103516
20170308154932785,0.349153900146484
20170308154932786,-2.89333877563477
20170308154932787,-0.474820709228516
20170308154932788,0.0134605407714844
20170308154932789,-2.91622695922852
20170308154932790,-0.223050689697266
20170308154932791,0.0668663024902344
20170308154932792,-2.86282119750977
20170308154932793,-0.184903717041016
20170308154932794,-0.108609771728516
20170308154932795,-2.84756240844727
20170308154932796,-0.0246864318847656
20170308154932797,-0.131497955322266
20170308154932798,-2.87807998657227
20170308154932799,0.0668663024902344
20170308154932800,-0.375638580322266
20170308154932801,-2.90096817016602
20170308154932802,0.242342376708984
20170308154932803,-0.490079498291016
20170308154932804,-2.90096817016602
20170308154932805,0.0058311462402344
20170308154932806,-0.398526763916016
20170308154932807,-2.94674453735352
20170308154932808,0.303377532958984
20170308154932809,-0.520597076416016
20170308154932810,-2.83993301391602
20170308154932811,0.249971771240234
20170308154932812,-0.543485260009766
20170308154932813,-2.74838027954102
20170308154932814,0.440706634521484
20170308154932815,-0.741849517822266
20170308154932816,-2.85519180297852
20170308154932817,0.593294525146484
20170308154932818,-0.863919830322266
20170308154932819,-2.87045059204102
20170308154932820,0.661959075927734
20170308154932821,-0.978360748291016
20170308154932822,-2.75600967407227
20170308154932823,0.921358489990234
20170308154932824,-1.06228408813477
20170308154932825,-2.73312149047852
20170308154932826,0.677217864990234
20170308154932827,-1.01650772094727
20170308154932828,-2.76363906860352
20170308154932829,0.784029388427734
20170308154932830,-1.01650772094727
20170308154932831,-2.79415664672852
20170308154932832,0.722994232177734
20170308154932833,-1.14620742797852
20170308154932834,-2.74075088500977
20170308154932835,0.722994232177734
20170308154932836,-1.13857803344727
20170308154932837,-2.74838027954102
20170308154932838,0.776399993896484
20170308154932839,-1.18435440063477
20170308154932840,-2.61868057250977
20170308154932841,0.845064544677734
20170308154932842,-1.26827774047852
20170308154932843,-2.60342178344727
20170308154932844,0.982393646240234
20170308154932845,-1.13857803344727
20170308154932846,-2.57290420532227
20170308154932847,0.837435150146484
20170308154932848,-1.40560684204102
20170308154932849,-2.49661026000977
20170308154932850,0.776399993896484
20170308154932851,-1.43612442016602
20170308154932852,-2.48135147094727
20170308154932853,0.768770599365234
20170308154932854,-1.50478897094727
20170308154932855,-2.51186904907227
20170308154932856,0.791658782958984
20170308154932857,-1.81759414672852
20170308154932858,-2.29061660766602
20170308154932859,0.722994232177734
20170308154932860,-2.03121719360352
20170308154932861,-2.07699356079102
20170308154932862,0.631441497802734
20170308154932863,-2.02358779907227
20170308154932864,-1.97781143188477
20170308154932865,0.654329681396484
20170308154932866,-2.03884658813477
20170308154932867,-2.12276992797852
20170308154932868,0.524629974365234
20170308154932869,-1.93966445922852
20170308154932870,-2.19906387329102
20170308154932871,0.837435150146484
20170308154932872,-1.97018203735352
20170308154932873,-2.15328750610352
20170308154932874,0.700106048583984
20170308154932875,-2.01595840454102
20170308154932876,-2.21432266235352
20170308154932877,0.837435150146484
20170308154932878,-1.99307022094727
20170308154932879,-1.84811172485352
20170308154932880,0.753511810302734
20170308154932881,-2.29061660766602
20170308154932882,-1.53530654907227
20170308154932883,0.715364837646484
20170308154932884,-2.57290420532227
20170308154932885,-1.36745986938477
20170308154932886,0.593294525146484
20170308154932887,-2.80941543579102
20170308154932888,-1.23013076782227
20170308154932889,0.623812103271484
20170308154932890,-3.06118545532227
20170308154932891,-0.779996490478516
20170308154932892,0.448336029052734
20170308154932893,-2.99252090454102
20170308154932894,-0.596891021728516
20170308154932895,0.272859954833984
20170308154932896,-2.95437393188477
20170308154932897,-0.291715240478516
20170308154932898,-0.0323158264160156
20170308154932899,-2.94674453735352
20170308154932900,-0.154386138916016
20170308154932901,-0.146756744384766
20170308154932902,-2.94674453735352
20170308154932903,0.0668663024902344
20170308154932904,-0.352750396728516
20170308154932905,-2.95437393188477
20170308154932906,0.440706634521484
20170308154932907,-0.635037994384766
20170308154932908,-2.79415664672852
20170308154932909,0.440706634521484
20170308154932910,-0.558744049072266
20170308154932911,-2.88570938110352
20170308154932912,0.303377532958984
20170308154932913,-0.375638580322266
20170308154932914,-2.72549209594727
20170308154932915,0.333895111083984
20170308154932916,-0.413785552978516
20170308154932917,-2.78652725219727
20170308154932918,0.517000579833984
20170308154932919,-0.741849517822266
20170308154932920,-2.80178604125977
20170308154932921,0.593294525146484
20170308154932922,-0.871549224853516
20170308154932923,-2.83993301391602
20170308154932924,0.532259368896484
20170308154932925,-0.757108306884766
20170308154932926,-2.80941543579102
20170308154932927,0.860323333740234
20170308154932928,-0.924954986572266
20170308154932929,-2.78652725219727
20170308154932930,0.623812103271484
20170308154932931,-0.917325592041016
20170308154932932,-2.88570938110352
20170308154932933,0.707735443115234
20170308154932934,-0.993619537353516
20170308154932935,-2.82467422485352
20170308154932936,0.951876068115234
20170308154932937,-1.03939590454102
20170308154932938,-2.76363906860352
20170308154932939,0.822176361083984
20170308154932940,-0.963101959228516
20170308154932941,-2.80178604125977
20170308154932942,0.806917572021484
20170308154932943,-1.05465469360352
20170308154932944,-2.62630996704102
20170308154932945,0.715364837646484
20170308154932946,-1.09280166625977
20170308154932947,-2.80941543579102
20170308154932948,0.822176361083984
20170308154932949,-1.19961318969727
20170308154932950,-2.67971572875977
20170308154932951,0.829805755615234
20170308154932952,-1.32168350219727
20170308154932953,-2.67208633422852
20170308154932954,0.921358489990234
20170308154932955,-1.34457168579102
20170308154932956,-2.71023330688477
20170308154932957,0.845064544677734
20170308154932958,-1.29116592407227
20170308154932959,-2.48135147094727
20170308154932960,0.845064544677734
20170308154932961,-1.48953018188477
20170308154932962,-2.45846328735352
20170308154932963,0.822176361083984
20170308154932964,-1.39797744750977
20170308154932965,-2.57290420532227
20170308154932966,0.814546966552734
20170308154932967,-1.29879531860352
20170308154932968,-2.49661026000977
20170308154932969,0.730623626708984
20170308154932970,-1.03176651000977
20170308154932971,-2.71023330688477
20170308154932972,0.684847259521484
20170308154932973,-1.02413711547852
20170308154932974,-2.73312149047852
20170308154932975,0.951876068115234
20170308154932976,-1.11568984985352
20170308154932977,-2.67971572875977
20170308154932978,0.814546966552734
20170308154932979,-0.932584381103516
20170308154932980,-2.77889785766602
20170308154932981,0.982393646240234
20170308154932982,-1.33694229125977
20170308154932983,-2.62630996704102
20170308154932984,0.784029388427734
20170308154932985,-1.56582412719727
20170308154932986,-2.50423965454102
20170308154932987,0.722994232177734
20170308154932988,-1.71841201782227
20170308154932989,-2.34402236938477
20170308154932990,0.677217864990234
20170308154932991,-1.61922988891602
20170308154932992,-2.42031631469727
20170308154932993,0.898470306396484
20170308154932994,-1.80996475219727
20170308154932995,-2.29824600219727
20170308154932996,0.852693939208984
20170308154932997,-1.86337051391602
20170308154932998,-2.07699356079102
20170308154932999,0.875582122802734
20170308154933000,-2.00069961547852
20170308154933001,-2.03884658813477
20170308154933002,0.661959075927734
20170308154933003,-2.02358779907227
20170308154933004,-1.90151748657227
20170308154933005,0.784029388427734
20170308154933006,-2.26009902954102
20170308154933007,-1.72604141235352
20170308154933008,0.707735443115234
20170308154933009,-2.36691055297852
20170308154933010,-1.58871231079102
20170308154933011,0.883211517333984
20170308154933012,-2.41268692016602
20170308154933013,-1.52004776000977
20170308154933014,0.700106048583984
20170308154933015,-2.60342178344727
20170308154933016,-1.38271865844727
20170308154933017,0.623812103271484
20170308154933018,-2.78652725219727
20170308154933019,-1.14620742797852
20170308154933020,0.600923919677734
20170308154933021,-2.92385635375977
20170308154933022,-1.05465469360352
20170308154933023,0.578035736083984
20170308154933024,-2.98489151000977
20170308154933025,-0.810514068603516
20170308154933026,0.440706634521484
20170308154933027,-2.96200332641602
20170308154933028,-0.604520416259766
20170308154933029,0.249971771240234
20170308154933030,-2.97726211547852
20170308154933031,-0.680814361572266
20170308154933032,0.463594818115234
20170308154933033,-3.00015029907227
20170308154933034,-0.436673736572266
20170308154933035,0.0516075134277344
20170308154933036,-2.96200332641602
20170308154933037,-0.406156158447266
20170308154933038,0.234712982177734
20170308154933039,-2.90859756469727
20170308154933040,-0.444303131103516
20170308154933041,0.0516075134277344
20170308154933042,-2.93148574829102
20170308154933043,-0.154386138916016
20170308154933044,-0.261197662353516
20170308154933045,-2.89333877563477
20170308154933046,-0.108609771728516
20170308154933047,-0.223050689697266
20170308154933048,-2.87807998657227
20170308154933049,-0.0628334045410156
20170308154933050,-0.0475746154785156
20170308154933051,-2.92385635375977
20170308154933052,0.0973838806152344
20170308154933053,-0.436673736572266
20170308154933054,-2.83993301391602
20170308154933055,0.425447845458984
20170308154933056,-0.589261627197266
20170308154933057,-2.83993301391602
20170308154933058,0.311006927490234
20170308154933059,-0.726590728759766
20170308154933060,-2.81704483032227
20170308154933061,0.722994232177734
20170308154933062,-0.856290435791016
20170308154933063,-2.78652725219727
20170308154933064,0.898470306396484
20170308154933065,-1.10806045532227
20170308154933066,-2.72549209594727
20170308154933067,0.806917572021484
20170308154933068,-1.29116592407227
20170308154933069,-2.58816299438477
20170308154933070,0.974764251708984
20170308154933071,-1.58871231079102
20170308154933072,-2.52712783813477
20170308154933073,0.753511810302734
20170308154933074,-1.75655899047852
20170308154933075,-2.26009902954102
20170308154933076,0.722994232177734
20170308154933077,-1.89388809204102
20170308154933078,-2.21432266235352
20170308154933079,0.722994232177734
20170308154933080,-1.90914688110352
20170308154933081,-2.12276992797852
20170308154933082,0.661959075927734
20170308154933083,-1.99307022094727
20170308154933084,-1.94729385375977
20170308154933085,0.654329681396484
20170308154933086,-2.00832901000977
20170308154933087,-1.94729385375977
20170308154933088,0.906099700927734
20170308154933089,-2.16091690063477
20170308154933090,-2.00832901000977
20170308154933091,0.639070892333984
20170308154933092,-2.08462295532227
20170308154933093,-2.15328750610352
20170308154933094,0.715364837646484
20170308154933095,-2.09225234985352
20170308154933096,-1.84811172485352
20170308154933097,0.646700286865234
20170308154933098,-2.13802871704102
20170308154933099,-1.97781143188477
20170308154933100,0.753511810302734
20170308154933101,-2.27535781860352
20170308154933102,-1.78707656860352
20170308154933103,0.646700286865234
20170308154933104,-2.25246963500977
20170308154933105,-1.77181777954102
20170308154933106,0.646700286865234
20170308154933107,-2.43557510375977
20170308154933108,-1.55056533813477
20170308154933109,0.799288177490234
20170308154933110,-2.49661026000977
20170308154933111,-1.52767715454102
20170308154933112,0.661959075927734
20170308154933113,-2.43557510375977
20170308154933114,-1.61160049438477
20170308154933115,0.814546966552734
20170308154933116,-2.57290420532227
20170308154933117,-1.42086563110352
20170308154933118,0.600923919677734
20170308154933119,-2.67971572875977
20170308154933120,-1.35983047485352
20170308154933121,0.639070892333984
20170308154933122,-2.89333877563477
20170308154933123,-1.29116592407227
20170308154933124,0.753511810302734
20170308154933125,-2.77889785766602
20170308154933126,-1.23013076782227
20170308154933127,0.623812103271484
20170308154933128,-2.74838027954102
20170308154933129,-1.31405410766602
20170308154933130,0.532259368896484
20170308154933131,-2.77126846313477
20170308154933132,-1.42849502563477
20170308154933133,0.570406341552734
20170308154933134,-2.71786270141602
20170308154933135,-1.31405410766602
20170308154933136,0.509371185302734
20170308154933137,-2.68734512329102
20170308154933138,-1.32931289672852
20170308154933139,0.639070892333984
20170308154933140,-2.86282119750977
20170308154933141,-1.26064834594727
20170308154933142,0.677217864990234
20170308154933143,-2.77126846313477
20170308154933144,-1.24538955688477
20170308154933145,0.517000579833984
20170308154933146,-2.83230361938477
20170308154933147,-1.20724258422852
20170308154933148,0.509371185302734
20170308154933149,-2.93148574829102
20170308154933150,-1.15383682250977
20170308154933151,0.593294525146484
20170308154933152,-2.97726211547852
20170308154933153,-1.05465469360352
20170308154933154,0.715364837646484
20170308154933155,-2.98489151000977
20170308154933156,-0.947843170166016
20170308154933157,0.532259368896484
20170308154933158,-2.97726211547852
20170308154933159,-0.825772857666016
20170308154933160,0.364412689208984
20170308154933161,-2.93148574829102
20170308154933162,-0.581632232666016
20170308154933163,0.303377532958984
20170308154933164,-2.81704483032227
20170308154933165,-0.825772857666016
20170308154933166,0.387300872802734
20170308154933167,-2.92385635375977
20170308154933168,-0.619779205322266
20170308154933169,0.303377532958984
20170308154933170,-2.88570938110352
20170308154933171,-0.512967681884766
20170308154933172,0.257601165771484
20170308154933173,-2.96963272094727
20170308154933174,-0.421414947509766
20170308154933175,0.105013275146484
20170308154933176,-2.93911514282227
20170308154933177,-0.314603424072266
20170308154933178,-0.131497955322266
20170308154933179,-2.93911514282227
20170308154933180,-0.154386138916016
20170308154933181,-0.116239166259766
20170308154933182,-3.00015029907227
20170308154933183,-0.108609771728516
20170308154933184,-0.139127349853516
20170308154933185,-2.84756240844727
20170308154933186,0.0897544860839844
20170308154933187,-0.276456451416016
20170308154933188,-2.87807998657227
20170308154933189,0.372042083740234
20170308154933190,-0.581632232666016
20170308154933191,-2.87807998657227
20170308154933192,0.722994232177734
20170308154933193,-0.947843170166016
20170308154933194,-2.81704483032227
20170308154933195,0.852693939208984
20170308154933196,-1.17672500610352
20170308154933197,-2.66445693969727
20170308154933198,0.898470306396484
20170308154933199,-1.52004776000977
20170308154933200,-2.61868057250977
20170308154933201,0.921358489990234
20170308154933202,-1.49715957641602
20170308154933203,-2.44320449829102
20170308154933204,0.799288177490234
20170308154933205,-1.75655899047852
20170308154933206,-2.23721084594727
20170308154933207,0.646700286865234
20170308154933208,-1.76418838500977
20170308154933209,-2.37453994750977
20170308154933210,0.700106048583984
20170308154933211,-1.87099990844727
20170308154933212,-2.09225234985352
20170308154933213,0.738253021240234
20170308154933214,-2.00832901000977
20170308154933215,-1.93203506469727
20170308154933216,0.715364837646484
20170308154933217,-2.10751113891602
20170308154933218,-1.84811172485352
20170308154933219,0.745882415771484
20170308154933220,-2.32876358032227
20170308154933221,-1.57345352172852
20170308154933222,0.776399993896484
20170308154933223,-2.50423965454102
20170308154933224,-1.49715957641602
20170308154933225,0.654329681396484
20170308154933226,-2.38216934204102
20170308154933227,-1.58871231079102
20170308154933228,0.639070892333984
20170308154933229,-2.53475723266602
20170308154933230,-1.65737686157227
20170308154933231,0.646700286865234
20170308154933232,-2.58053359985352
20170308154933233,-1.53530654907227
20170308154933234,0.600923919677734
20170308154933235,-2.57290420532227
20170308154933236,-1.48190078735352
20170308154933237,0.730623626708984
20170308154933238,-2.59579238891602
20170308154933239,-1.61922988891602
20170308154933240,0.784029388427734
20170308154933241,-2.38979873657227
20170308154933242,-1.70315322875977
20170308154933243,0.829805755615234
20170308154933244,-2.19143447875977
20170308154933245,-1.91677627563477
20170308154933246,0.692476654052734
20170308154933247,-2.28298721313477
20170308154933248,-1.75655899047852
20170308154933249,0.806917572021484
20170308154933250,-2.61868057250977
20170308154933251,-1.48190078735352
20170308154933252,0.692476654052734
20170308154933253,-2.77889785766602
20170308154933254,-1.37508926391602
20170308154933255,0.639070892333984
20170308154933256,-2.66445693969727
20170308154933257,-1.31405410766602
20170308154933258,0.608553314208984
20170308154933259,-2.74075088500977
20170308154933260,-1.23013076782227
20170308154933261,0.608553314208984
20170308154933262,-2.51186904907227
20170308154933263,-1.42849502563477
20170308154933264,0.578035736083984
20170308154933265,-2.48898086547852
20170308154933266,-1.57345352172852
20170308154933267,0.539888763427734
20170308154933268,-2.36691055297852
20170308154933269,-1.66500625610352
20170308154933270,0.570406341552734
20170308154933271,-2.37453994750977
20170308154933272,-1.63448867797852
20170308154933273,0.623812103271484
20170308154933274,-2.40505752563477
20170308154933275,-1.77944717407227
20170308154933276,0.730623626708984
20170308154933277,-2.41268692016602
20170308154933278,-1.62685928344727
20170308154933279,0.692476654052734
20170308154933280,-2.46609268188477
20170308154933281,-1.61922988891602
20170308154933282,0.654329681396484
20170308154933283,-2.38979873657227
20170308154933284,-1.61160049438477
20170308154933285,0.578035736083984
20170308154933286,-2.44320449829102
20170308154933287,-1.77181777954102
20170308154933288,0.578035736083984
20170308154933289,-2.35165176391602
20170308154933290,-1.58871231079102
20170308154933291,0.661959075927734
20170308154933292,-2.30587539672852
20170308154933293,-1.44375381469727
20170308154933294,0.608553314208984
20170308154933295,-2.47372207641602
20170308154933296,-1.48953018188477
20170308154933297,0.593294525146484
20170308154933298,-2.44320449829102
20170308154933299,-1.51241836547852
20170308154933300,0.585665130615234
20170308154933301,-2.43557510375977
20170308154933302,-1.55819473266602
20170308154933303,0.608553314208984
20170308154933304,-2.77889785766602
20170308154933305,-1.35220108032227
20170308154933306,0.509371185302734
20170308154933307,-2.88570938110352
20170308154933308,-1.23013076782227
20170308154933309,0.707735443115234
20170308154933310,-2.90859756469727
20170308154933311,-1.10043106079102
20170308154933312,0.486483001708984
20170308154933313,-2.96200332641602
20170308154933314,-0.795255279541016
20170308154933315,0.372042083740234
20170308154933316,-2.96963272094727
20170308154933317,-0.673184967041016
20170308154933318,0.219454193115234
20170308154933319,-2.94674453735352
20170308154933320,-0.566373443603516
20170308154933321,0.356783294677734
20170308154933322,-3.00777969360352
20170308154933323,-0.497708892822266
20170308154933324,0.188936614990234
20170308154933325,-3.01540908813477
20170308154933326,-0.154386138916016
20170308154933327,-0.207791900634766
20170308154933328,-2.89333877563477
20170308154933329,0.295748138427734
20170308154933330,-0.558744049072266
20170308154933331,-2.90859756469727
20170308154933332,0.654329681396484
20170308154933333,-0.917325592041016
20170308154933334,-2.96963272094727
20170308154933335,0.555147552490234
20170308154933336,-0.894437408447266
20170308154933337,-2.77889785766602
20170308154933338,0.730623626708984
20170308154933339,-0.947843170166016
20170308154933340,-2.74838027954102
20170308154933341,0.738253021240234
20170308154933342,-1.03176651000977
20170308154933343,-2.74838027954102
20170308154933344,0.898470306396484
20170308154933345,-1.05465469360352
20170308154933346,-2.69497451782227
20170308154933347,0.852693939208984
20170308154933348,-1.25301895141602
20170308154933349,-2.67208633422852
20170308154933350,0.875582122802734
20170308154933351,-1.47427139282227
20170308154933352,-2.58053359985352
20170308154933353,0.761141204833984
20170308154933354,-1.48190078735352
20170308154933355,-2.47372207641602
20170308154933356,0.791658782958984
20170308154933357,-1.77944717407227
20170308154933358,-2.32876358032227
20170308154933359,0.799288177490234
20170308154933360,-1.82522354125977
20170308154933361,-2.23721084594727
20170308154933362,0.837435150146484
20170308154933363,-1.95492324829102
20170308154933364,-2.10751113891602
20170308154933365,0.799288177490234
20170308154933366,-2.28298721313477
20170308154933367,-1.80233535766602
20170308154933368,0.860323333740234
20170308154933369,-2.46609268188477
20170308154933370,-1.66500625610352
20170308154933371,0.661959075927734
20170308154933372,-2.47372207641602
20170308154933373,-1.34457168579102
20170308154933374,0.669588470458984
20170308154933375,-2.70260391235352
20170308154933376,-1.35220108032227
20170308154933377,0.539888763427734
20170308154933378,-2.90859756469727
20170308154933379,-1.19961318969727
20170308154933380,0.600923919677734
20170308154933381,-2.95437393188477
20170308154933382,-1.09280166625977
20170308154933383,0.608553314208984
20170308154933384,-3.01540908813477
20170308154933385,-0.879178619384766
20170308154933386,0.425447845458984
20170308154933387,-3.00777969360352
20170308154933388,-0.635037994384766
20170308154933389,0.364412689208984
20170308154933390,-2.99252090454102
20170308154933391,-0.596891021728516
20170308154933392,0.227083587646484
20170308154933393,-2.95437393188477
20170308154933394,-0.535855865478516
20170308154933395,0.257601165771484
20170308154933396,-2.98489151000977
20170308154933397,-0.596891021728516
20170308154933398,0.143160247802734
20170308154933399,-2.96200332641602
20170308154933400,-0.337491607666016
20170308154933401,0.0439781188964844
20170308154933402,-2.85519180297852
20170308154933403,-0.436673736572266
20170308154933404,0.326265716552734
20170308154933405,-2.90096817016602
20170308154933406,-0.406156158447266
20170308154933407,0.0058311462402344
20170308154933408,-3.06118545532227
20170308154933409,-0.230680084228516
20170308154933410,-0.0780921936035156
20170308154933411,-2.99252090454102
20170308154933412,-0.215421295166016
20170308154933413,-0.207791900634766
20170308154933414,-2.96963272094727
20170308154933415,0.143160247802734
20170308154933416,-0.490079498291016
20170308154933417,-2.90859756469727
20170308154933418,0.112642669677734
20170308154933419,-0.284085845947266
20170308154933420,-2.93911514282227
20170308154933421,0.341524505615234
20170308154933422,-0.543485260009766
20170308154933423,-2.85519180297852
20170308154933424,0.219454193115234
20170308154933425,-0.680814361572266
20170308154933426,-2.93148574829102
20170308154933427,0.555147552490234
20170308154933428,-0.787625885009766
20170308154933429,-2.82467422485352
20170308154933430,0.509371185302734
20170308154933431,-0.749478912353516
20170308154933432,-2.92385635375977
20170308154933433,0.593294525146484
20170308154933434,-0.772367095947266
20170308154933435,-2.86282119750977
20170308154933436,0.562776947021484
20170308154933437,-0.932584381103516
20170308154933438,-2.74838027954102
20170308154933439,0.715364837646484
20170308154933440,-1.14620742797852
20170308154933441,-2.71023330688477
20170308154933442,0.738253021240234
20170308154933443,-1.16146621704102
20170308154933444,-2.74075088500977
20170308154933445,0.883211517333984
20170308154933446,-1.29879531860352
20170308154933447,-2.67971572875977
20170308154933448,0.936617279052734
20170308154933449,-1.48953018188477
20170308154933450,-2.55001602172852
20170308154933451,0.707735443115234
20170308154933452,-1.74892959594727
20170308154933453,-2.31350479125977
20170308154933454,0.684847259521484
20170308154933455,-1.85574111938477
20170308154933456,-2.42794570922852
20170308154933457,0.776399993896484
20170308154933458,-1.78707656860352
20170308154933459,-2.42794570922852
20170308154933460,0.608553314208984
20170308154933461,-1.67263565063477
20170308154933462,-2.33639297485352
20170308154933463,0.875582122802734
20170308154933464,-1.64974746704102
20170308154933465,-2.35165176391602
20170308154933466,0.677217864990234
20170308154933467,-1.81759414672852
20170308154933468,-2.19906387329102
20170308154933469,0.669588470458984
20170308154933470,-2.13039932250977
20170308154933471,-2.04647598266602
20170308154933472,0.715364837646484
20170308154933473,-2.22958145141602
20170308154933474,-1.90914688110352
20170308154933475,0.700106048583984
20170308154933476,-2.33639297485352
20170308154933477,-1.76418838500977
20170308154933478,0.829805755615234
20170308154933479,-2.55001602172852
20170308154933480,-1.45901260375977
20170308154933481,0.524629974365234
20170308154933482,-2.71786270141602
20170308154933483,-1.48190078735352
20170308154933484,0.669588470458984
20170308154933485,-2.61868057250977
20170308154933486,-1.42086563110352
20170308154933487,0.654329681396484
20170308154933488,-2.96963272094727
20170308154933489,-1.16909561157227
20170308154933490,0.524629974365234
20170308154933491,-3.06881484985352
20170308154933492,-0.993619537353516
20170308154933493,0.600923919677734
20170308154933494,-3.02303848266602
20170308154933495,-0.810514068603516
20170308154933496,0.379671478271484
20170308154933497,-2.97726211547852
20170308154933498,-0.551114654541016
20170308154933499,0.181307220458984
20170308154933500,-3.01540908813477
20170308154933501,-0.520597076416016
20170308154933502,0.0744956970214844
20170308154933503,-3.00777969360352
20170308154933504,-0.459561920166016
20170308154933505,0.181307220458984
20170308154933506,-3.00015029907227
20170308154933507,-0.284085845947266
20170308154933508,0.0287193298339844
20170308154933509,-2.94674453735352
20170308154933510,-0.200162506103516
20170308154933511,-0.116239166259766
20170308154933512,-2.90096817016602
20170308154933513,-0.0475746154785156
20170308154933514,-0.299344635009766
20170308154933515,-2.94674453735352
20170308154933516,0.196566009521484
20170308154933517,-0.490079498291016
20170308154933518,-2.88570938110352
20170308154933519,0.303377532958984
20170308154933520,-0.657926177978516
20170308154933521,-2.89333877563477
20170308154933522,0.257601165771484
20170308154933523,-0.642667388916016
20170308154933524,-2.88570938110352
20170308154933525,0.333895111083984
20170308154933526,-0.711331939697266
20170308154933527,-2.88570938110352
20170308154933528,0.532259368896484
20170308154933529,-0.863919830322266
20170308154933530,-2.84756240844727
20170308154933531,0.600923919677734
20170308154933532,-0.955472564697266
20170308154933533,-2.87045059204102
20170308154933534,0.585665130615234
20170308154933535,-0.924954986572266
20170308154933536,-2.88570938110352
20170308154933537,0.822176361083984
20170308154933538,-0.871549224853516
20170308154933539,-2.89333877563477
20170308154933540,0.646700286865234
20170308154933541,-1.01650772094727
20170308154933542,-2.83230361938477
20170308154933543,0.692476654052734
20170308154933544,-0.985990142822266
20170308154933545,-2.76363906860352
20170308154933546,0.715364837646484
20170308154933547,-0.993619537353516
20170308154933548,-2.81704483032227
20170308154933549,0.608553314208984
20170308154933550,-0.856290435791016
20170308154933551,-2.87045059204102
20170308154933552,0.486483001708984
20170308154933553,-0.848661041259766
20170308154933554,-2.85519180297852
20170308154933555,0.654329681396484
20170308154933556,-0.825772857666016
20170308154933557,-2.86282119750977
20170308154933558,0.394930267333984
20170308154933559,-0.779996490478516
20170308154933560,-2.89333877563477
20170308154933561,0.402559661865234
20170308154933562,-0.596891021728516
20170308154933563,-2.90096817016602
20170308154933564,0.608553314208984
20170308154933565,-0.909696197509766
20170308154933566,-2.96200332641602
20170308154933567,0.524629974365234
20170308154933568,-0.970731353759766
20170308154933569,-2.82467422485352
20170308154933570,0.486483001708984
20170308154933571,-0.963101959228516
20170308154933572,-2.91622695922852
20170308154933573,0.448336029052734
20170308154933574,-0.673184967041016
20170308154933575,-2.87807998657227
20170308154933576,0.700106048583984
20170308154933577,-0.924954986572266
20170308154933578,-2.79415664672852
20170308154933579,0.578035736083984
20170308154933580,-0.955472564697266
20170308154933581,-2.84756240844727
20170308154933582,0.608553314208984
20170308154933583,-1.07754287719727
20170308154933584,-2.87045059204102
20170308154933585,0.517000579833984
20170308154933586,-0.917325592041016
20170308154933587,-2.87807998657227
20170308154933588,0.539888763427734
20170308154933589,-0.917325592041016
20170308154933590,-2.87045059204102
20170308154933591,0.517000579833984
20170308154933592,-0.871549224853516
20170308154933593,-2.85519180297852
20170308154933594,0.654329681396484
20170308154933595,-0.886808013916016
20170308154933596,-2.80178604125977
20170308154933597,0.646700286865234
20170308154933598,-0.985990142822266
20170308154933599,-2.91622695922852
20170308154933600,0.455965423583984
20170308154933601,-0.894437408447266
20170308154933602,-2.91622695922852
20170308154933603,0.700106048583984
20170308154933604,-1.02413711547852
20170308154933605,-2.87807998657227
20170308154933606,0.478853607177734
20170308154933607,-0.711331939697266
20170308154933608,-2.87045059204102
20170308154933609,0.440706634521484
20170308154933610,-0.703702545166016
20170308154933611,-2.93911514282227
20170308154933612,0.547518157958984
20170308154933613,-0.612149810791016
20170308154933614,-2.83230361938477
20170308154933615,0.562776947021484
20170308154933616,-0.940213775634766
20170308154933617,-2.84756240844727
20170308154933618,0.867952728271484
20170308154933619,-0.856290435791016
20170308154933620,-2.82467422485352
20170308154933621,0.547518157958984
20170308154933622,-0.940213775634766
20170308154933623,-2.87807998657227
20170308154933624,0.410189056396484
20170308154933625,-0.718961334228516
20170308154933626,-2.93148574829102
20170308154933627,0.272859954833984
20170308154933628,-0.535855865478516
20170308154933629,-2.83993301391602
20170308154933630,0.372042083740234
20170308154933631,-0.665555572509766
20170308154933632,-2.91622695922852
20170308154933633,0.471224212646484
20170308154933634,-0.741849517822266
20170308154933635,-2.90096817016602
20170308154933636,0.517000579833984
20170308154933637,-0.902066802978516
20170308154933638,-2.93148574829102
20170308154933639,0.730623626708984
20170308154933640,-1.17672500610352
20170308154933641,-2.74075088500977
20170308154933642,0.822176361083984
20170308154933643,-1.43612442016602
20170308154933644,-2.55764541625977
20170308154933645,0.707735443115234
20170308154933646,-1.48190078735352
20170308154933647,-2.55001602172852
20170308154933648,0.745882415771484
20170308154933649,-1.71078262329102
20170308154933650,-2.34402236938477
20170308154933651,0.639070892333984
20170308154933652,-1.84811172485352
20170308154933653,-2.33639297485352
20170308154933654,0.837435150146484
20170308154933655,-1.97781143188477
20170308154933656,-2.10751113891602
20170308154933657,0.700106048583984
20170308154933658,-2.20669326782227
20170308154933659,-1.95492324829102
20170308154933660,0.585665130615234
20170308154933661,-2.26772842407227
20170308154933662,-1.80233535766602
20170308154933663,0.654329681396484
20170308154933664,-2.32113418579102
20170308154933665,-1.64211807250977
20170308154933666,0.700106048583984
20170308154933667,-2.49661026000977
20170308154933668,-1.55819473266602
20170308154933669,0.753511810302734
20170308154933670,-2.69497451782227
20170308154933671,-1.45901260375977
20170308154933672,0.753511810302734
20170308154933673,-2.64156875610352
20170308154933674,-1.46664199829102
20170308154933675,0.692476654052734
20170308154933676,-2.75600967407227
20170308154933677,-1.32168350219727
20170308154933678,0.661959075927734
20170308154933679,-2.83993301391602
20170308154933680,-1.16146621704102
20170308154933681,0.608553314208984
20170308154933682,-2.98489151000977
20170308154933683,-0.795255279541016
20170308154933684,0.379671478271484
20170308154933685,-2.93148574829102
20170308154933686,-0.802884674072266
20170308154933687,0.311006927490234
20170308154933688,-2.93148574829102
20170308154933689,-0.734220123291016
20170308154933690,0.356783294677734
20170308154933691,-3.03066787719727
20170308154933692,-0.612149810791016
20170308154933693,0.219454193115234
20170308154933694,-2.98489151000977
20170308154933695,-0.596891021728516
20170308154933696,0.242342376708984
20170308154933697,-2.97726211547852
20170308154933698,-0.497708892822266
20170308154933699,0.227083587646484
20170308154933700,-2.98489151000977
20170308154933701,-0.680814361572266
20170308154933702,0.425447845458984
20170308154933703,-3.00777969360352
20170308154933704,-0.520597076416016
20170308154933705,0.234712982177734
20170308154933706,-2.97726211547852
20170308154933707,-0.436673736572266
20170308154933708,0.0897544860839844
20170308154933709,-2.96200332641602
20170308154933710,-0.398526763916016
20170308154933711,0.265230560302734
20170308154933712,-2.87045059204102
20170308154933713,-0.314603424072266
20170308154933714,0.272859954833984
20170308154933715,-2.84756240844727
20170308154933716,-0.459561920166016
20170308154933717,0.242342376708984
20170308154933718,-2.90096817016602
20170308154933719,-0.429044342041016
20170308154933720,0.0058311462402344
20170308154933721,-2.98489151000977
20170308154933722,-0.406156158447266
20170308154933723,-0.0475746154785156
20170308154933724,-2.94674453735352
20170308154933725,-0.169644927978516
20170308154933726,-0.0475746154785156
20170308154933727,-2.98489151000977
20170308154933728,-0.238309478759766
20170308154933729,-0.0552040100097656
20170308154933730,-2.77889785766602
20170308154933731,-0.314603424072266
20170308154933732,-0.116239166259766
20170308154933733,-2.96200332641602
20170308154933734,-0.329862213134766
20170308154933735,0.0592369079589844
20170308154933736,-3.00777969360352
20170308154933737,-0.612149810791016
20170308154933738,-0.0017982482910156
20170308154933739,-2.95437393188477
20170308154933740,-0.490079498291016
20170308154933741,0.105013275146484
20170308154933742,-2.89333877563477
20170308154933743,-0.596891021728516
20170308154933744,0.211824798583984
20170308154933745,-2.91622695922852
20170308154933746,-0.589261627197266
20170308154933747,0.280489349365234
20170308154933748,-2.96200332641602
20170308154933749,-0.146756744384766
20170308154933750,-0.139127349853516
20170308154933751,-2.93911514282227
20170308154933752,-0.123868560791016
20170308154933753,-0.314603424072266
20170308154933754,-2.91622695922852
20170308154933755,-0.0628334045410156
20170308154933756,-0.329862213134766
20170308154933757,-2.89333877563477
20170308154933758,0.0439781188964844
20170308154933759,-0.368009185791016
20170308154933760,-2.86282119750977
20170308154933761,0.105013275146484
20170308154933762,-0.413785552978516
20170308154933763,-2.80941543579102
20170308154933764,0.0210899353027344
20170308154933765,-0.276456451416016
20170308154933766,-2.93911514282227
20170308154933767,-0.192533111572266
20170308154933768,-0.245938873291016
20170308154933769,-2.93911514282227
20170308154933770,0.0439781188964844
20170308154933771,-0.162015533447266
20170308154933772,-2.85519180297852
20170308154933773,-0.0094276428222656
20170308154933774,-0.345121002197266
20170308154933775,-2.94674453735352
20170308154933776,-0.0017982482910156
20170308154933777,-0.291715240478516
20170308154933778,-2.95437393188477
20170308154933779,-0.146756744384766
20170308154933780,-0.0704627990722656
20170308154933781,-2.92385635375977
20170308154933782,-0.238309478759766
20170308154933783,-0.230680084228516
20170308154933784,-2.93911514282227
20170308154933785,-0.154386138916016
20170308154933786,-0.268827056884766
20170308154933787,-2.97726211547852
20170308154933788,-0.116239166259766
20170308154933789,-0.368009185791016
20170308154933790,-2.96963272094727
20170308154933791,0.234712982177734
20170308154933792,-0.520597076416016
20170308154933793,-2.95437393188477
20170308154933794,0.0516075134277344
20170308154933795,-0.474820709228516
20170308154933796,-2.85519180297852
20170308154933797,0.227083587646484
20170308154933798,-0.535855865478516
20170308154933799,-2.90859756469727
20170308154933800,0.280489349365234
20170308154933801,-0.276456451416016
20170308154933802,-2.84756240844727
20170308154933803,0.135530853271484
20170308154933804,-0.490079498291016
20170308154933805,-2.82467422485352
20170308154933806,0.341524505615234
20170308154933807,-0.581632232666016
20170308154933808,-2.90096817016602
20170308154933809,0.303377532958984
20170308154933810,-0.642667388916016
20170308154933811,-2.93911514282227
20170308154933812,0.326265716552734
20170308154933813,-0.665555572509766
20170308154933814,-2.94674453735352
20170308154933815,0.463594818115234
20170308154933816,-0.848661041259766
20170308154933817,-2.85519180297852
20170308154933818,0.494112396240234
20170308154933819,-0.818143463134766
20170308154933820,-2.85519180297852
20170308154933821,0.562776947021484
20170308154933822,-0.886808013916016
20170308154933823,-2.79415664672852
20170308154933824,0.532259368896484
20170308154933825,-0.841031646728516
20170308154933826,-2.92385635375977
20170308154933827,0.433077239990234
20170308154933828,-0.757108306884766
20170308154933829,-2.77126846313477
20170308154933830,0.616182708740234
20170308154933831,-0.711331939697266
20170308154933832,-2.79415664672852
20170308154933833,0.555147552490234
20170308154933834,-0.551114654541016
20170308154933835,-2.83230361938477
20170308154933836,0.768770599365234
20170308154933837,-0.856290435791016
20170308154933838,-2.87807998657227
20170308154933839,0.661959075927734
20170308154933840,-0.947843170166016
20170308154933841,-2.77126846313477
20170308154933842,0.875582122802734
20170308154933843,-1.19198379516602
20170308154933844,-2.61868057250977
20170308154933845,0.974764251708984
20170308154933846,-1.37508926391602
20170308154933847,-2.58053359985352
20170308154933848,0.745882415771484
20170308154933849,-1.57345352172852
20170308154933850,-2.47372207641602
20170308154933851,0.745882415771484
20170308154933852,-1.68789443969727
20170308154933853,-2.36691055297852
20170308154933854,0.715364837646484
20170308154933855,-1.99307022094727
20170308154933856,-2.19143447875977
20170308154933857,0.761141204833984
20170308154933858,-2.22195205688477
20170308154933859,-1.93966445922852
20170308154933860,0.722994232177734
20170308154933861,-2.38216934204102
20170308154933862,-1.75655899047852
20170308154933863,0.883211517333984
20170308154933864,-2.38216934204102
20170308154933865,-1.46664199829102
20170308154933866,0.738253021240234
20170308154933867,-2.62630996704102
20170308154933868,-1.27590713500977
20170308154933869,0.677217864990234
20170308154933870,-2.83993301391602
20170308154933871,-1.29116592407227
20170308154933872,0.715364837646484
20170308154933873,-2.85519180297852
20170308154933874,-1.13857803344727
20170308154933875,0.532259368896484
20170308154933876,-2.93148574829102
20170308154933877,-1.24538955688477
20170308154933878,0.532259368896484
20170308154933879,-2.74838027954102
20170308154933880,-1.18435440063477
20170308154933881,0.585665130615234
20170308154933882,-2.78652725219727
20170308154933883,-1.19198379516602
20170308154933884,0.494112396240234
20170308154933885,-2.77126846313477
20170308154933886,-1.33694229125977
20170308154933887,0.585665130615234
20170308154933888,-2.92385635375977
20170308154933889,-1.30642471313477
20170308154933890,0.730623626708984
20170308154933891,-2.83993301391602
20170308154933892,-1.18435440063477
20170308154933893,0.501741790771484
20170308154933894,-2.78652725219727
20170308154933895,-1.23776016235352
20170308154933896,0.715364837646484
20170308154933897,-2.69497451782227
20170308154933898,-1.39034805297852
20170308154933899,0.768770599365234
20170308154933900,-2.76363906860352
20170308154933901,-1.29116592407227
20170308154933902,0.539888763427734
20170308154933903,-2.84756240844727
20170308154933904,-1.35220108032227
20170308154933905,0.715364837646484
20170308154933906,-2.80941543579102
20170308154933907,-1.31405410766602
20170308154933908,0.639070892333984
20170308154933909,-2.77889785766602
20170308154933910,-1.16146621704102
20170308154933911,0.562776947021484
20170308154933912,-2.93148574829102
20170308154933913,-1.00887832641602
20170308154933914,0.471224212646484
20170308154933915,-2.85519180297852
20170308154933916,-0.993619537353516
20170308154933917,0.455965423583984
20170308154933918,-2.87807998657227
20170308154933919,-1.20724258422852
20170308154933920,0.379671478271484
20170308154933921,-2.68734512329102
20170308154933922,-1.39797744750977
20170308154933923,0.593294525146484
20170308154933924,-2.66445693969727
20170308154933925,-1.32168350219727
20170308154933926,0.570406341552734
20170308154933927,-2.71786270141602
20170308154933928,-1.42849502563477
20170308154933929,0.639070892333984
20170308154933930,-2.69497451782227
20170308154933931,-1.42086563110352
20170308154933932,0.539888763427734
20170308154933933,-2.67971572875977
20170308154933934,-1.49715957641602
20170308154933935,0.570406341552734
20170308154933936,-2.54238662719727
20170308154933937,-1.42849502563477
20170308154933938,0.631441497802734
20170308154933939,-2.77126846313477
20170308154933940,-1.32931289672852
20170308154933941,0.669588470458984
20170308154933942,-2.87807998657227
20170308154933943,-1.28353652954102
20170308154933944,0.631441497802734
20170308154933945,-2.90859756469727
20170308154933946,-1.07754287719727
20170308154933947,0.593294525146484
20170308154933948,-3.02303848266602
20170308154933949,-0.879178619384766
20170308154933950,0.448336029052734
20170308154933951,-2.95437393188477
20170308154933952,-0.978360748291016
20170308154933953,0.494112396240234
20170308154933954,-3.02303848266602
20170308154933955,-0.779996490478516
20170308154933956,0.333895111083984
20170308154933957,-2.93148574829102
20170308154933958,-0.703702545166016
20170308154933959,0.341524505615234
20170308154933960,-2.91622695922852
20170308154933961,-0.520597076416016
20170308154933962,0.158419036865234
20170308154933963,-2.95437393188477
20170308154933964,-0.459561920166016
20170308154933965,0.0821250915527344
20170308154933966,-2.99252090454102
20170308154933967,-0.337491607666016
20170308154933968,0.0287193298339844
20170308154933969,-2.93911514282227
20170308154933970,-0.375638580322266
20170308154933971,0.105013275146484
20170308154933972,-2.87045059204102
20170308154933973,-0.375638580322266
20170308154933974,-0.0628334045410156
20170308154933975,-2.97726211547852
20170308154933976,0.0516075134277344
20170308154933977,-0.230680084228516
20170308154933978,-2.92385635375977
20170308154933979,-0.0857215881347656
20170308154933980,-0.223050689697266
20170308154933981,-2.90859756469727
20170308154933982,-0.139127349853516
20170308154933983,-0.131497955322266
20170308154933984,-2.94674453735352
20170308154933985,-0.169644927978516
20170308154933986,-0.0170570373535156
20170308154933987,-2.84756240844727
20170308154933988,-0.0552040100097656
20170308154933989,-0.100980377197266
20170308154933990,-2.87807998657227
20170308154933991,0.135530853271484
20170308154933992,-0.490079498291016
20170308154933993,-2.83993301391602
20170308154933994,0.433077239990234
20170308154933995,-0.604520416259766
20170308154933996,-2.78652725219727
20170308154933997,0.600923919677734
20170308154933998,-0.665555572509766
20170308154933999,-2.89333877563477
20170308154934000,0.608553314208984
20170308154934001,-0.757108306884766
20170308154934002,-2.85519180297852
20170308154934003,0.677217864990234
20170308154934004,-0.734220123291016
20170308154934005,-2.79415664672852
20170308154934006,0.822176361083984
20170308154934007,-0.924954986572266
20170308154934008,-2.72549209594727
20170308154934009,0.982393646240234
20170308154934010,-1.52767715454102
20170308154934011,-2.32876358032227
20170308154934012,0.722994232177734
20170308154934013,-1.80233535766602
20170308154934014,-2.17617568969727
20170308154934015,0.829805755615234
20170308154934016,-2.19143447875977
20170308154934017,-2.04647598266602
20170308154934018,0.784029388427734
20170308154934019,-2.15328750610352
20170308154934020,-1.84811172485352
20170308154934021,0.616182708740234
20170308154934022,-2.22958145141602
20170308154934023,-1.78707656860352
20170308154934024,0.585665130615234
20170308154934025,-2.38216934204102
20170308154934026,-1.56582412719727
20170308154934027,0.707735443115234
20170308154934028,-2.40505752563477
20170308154934029,-1.55056533813477
20170308154934030,0.661959075927734
20170308154934031,-2.60342178344727
20170308154934032,-1.46664199829102
20170308154934033,0.852693939208984
20170308154934034,-2.66445693969727
20170308154934035,-1.31405410766602
20170308154934036,0.471224212646484
20170308154934037,-2.74075088500977
20170308154934038,-1.25301895141602
20170308154934039,0.631441497802734
20170308154934040,-2.71786270141602
20170308154934041,-1.26064834594727
20170308154934042,0.661959075927734
20170308154934043,-2.82467422485352
20170308154934044,-1.26064834594727
20170308154934045,0.753511810302734
20170308154934046,-2.76363906860352
20170308154934047,-1.20724258422852
20170308154934048,0.631441497802734
20170308154934049,-2.84756240844727
20170308154934050,-1.15383682250977
20170308154934051,0.585665130615234
20170308154934052,-2.91622695922852
20170308154934053,-1.21487197875977
20170308154934054,0.700106048583984
20170308154934055,-2.95437393188477
20170308154934056,-1.19961318969727
20170308154934057,0.524629974365234
20170308154934058,-2.97726211547852
20170308154934059,-0.886808013916016
20170308154934060,0.440706634521484
20170308154934061,-2.91622695922852
20170308154934062,-0.909696197509766
20170308154934063,0.455965423583984
20170308154934064,-2.96200332641602
20170308154934065,-0.734220123291016
20170308154934066,0.333895111083984
20170308154934067,-3.02303848266602
20170308154934068,-0.604520416259766
20170308154934069,0.257601165771484
20170308154934070,-2.96963272094727
20170308154934071,-0.528226470947266
20170308154934072,0.143160247802734
20170308154934073,-2.99252090454102
20170308154934074,-0.444303131103516
20170308154934075,0.166048431396484
20170308154934076,-2.93148574829102
20170308154934077,-0.345121002197266
20170308154934078,0.173677825927734
20170308154934079,-2.93911514282227
20170308154934080,-0.291715240478516
20170308154934081,-0.0094276428222656
20170308154934082,-3.00777969360352
20170308154934083,-0.368009185791016
20170308154934084,0.0210899353027344
20170308154934085,-2.93148574829102
20170308154934086,-0.139127349853516
20170308154934087,-0.146756744384766
20170308154934088,-2.96200332641602
20170308154934089,-0.0094276428222656
20170308154934090,-0.184903717041016
20170308154934091,-2.90859756469727
20170308154934092,-0.291715240478516
20170308154934093,-0.123868560791016
20170308154934094,-2.96200332641602
20170308154934095,-0.329862213134766
20170308154934096,-0.0323158264160156
20170308154934097,-2.90859756469727
20170308154934098,-0.314603424072266
20170308154934099,0.0210899353027344
20170308154934100,-2.83230361938477
20170308154934101,-0.528226470947266
20170308154934102,0.158419036865234
20170308154934103,-2.96963272094727
20170308154934104,-0.459561920166016
20170308154934105,-0.0323158264160156
20170308154934106,-2.94674453735352
20170308154934107,-0.360379791259766
20170308154934108,-0.0170570373535156
20170308154934109,-3.00015029907227
20170308154934110,-0.345121002197266
20170308154934111,0.0058311462402344
20170308154934112,-2.92385635375977
20170308154934113,-0.505338287353516
20170308154934114,0.303377532958984
20170308154934115,-2.89333877563477
20170308154934116,-0.535855865478516
20170308154934117,0.394930267333984
20170308154934118,-2.84756240844727
20170308154934119,-0.673184967041016
20170308154934120,0.341524505615234
20170308154934121,-2.95437393188477
20170308154934122,-0.696073150634766
20170308154934123,0.311006927490234
20170308154934124,-2.91622695922852
20170308154934125,-0.474820709228516
20170308154934126,0.166048431396484
20170308154934127,-2.95437393188477
20170308154934128,-0.482450103759766
20170308154934129,0.173677825927734
20170308154934130,-2.81704483032227
20170308154934131,-0.398526763916016
20170308154934132,0.166048431396484
20170308154934133,-2.98489151000977
20170308154934134,-0.535855865478516
20170308154934135,0.196566009521484
20170308154934136,-2.95437393188477
20170308154934137,-0.451932525634766
20170308154934138,0.0897544860839844
20170308154934139,-2.95437393188477
20170308154934140,-0.383267974853516
20170308154934141,0.227083587646484
20170308154934142,-2.87045059204102
20170308154934143,-0.116239166259766
20170308154934144,-0.223050689697266
20170308154934145,-2.86282119750977
20170308154934146,-0.253568267822266
20170308154934147,-0.0933509826660156
20170308154934148,-2.86282119750977
20170308154934149,0.173677825927734
20170308154934150,-0.322232818603516
20170308154934151,-2.81704483032227
20170308154934152,0.181307220458984
20170308154934153,-0.352750396728516
20170308154934154,-2.88570938110352
20170308154934155,0.303377532958984
20170308154934156,-0.528226470947266
20170308154934157,-2.73312149047852
20170308154934158,0.242342376708984
20170308154934159,-0.558744049072266
20170308154934160,-2.85519180297852
20170308154934161,0.730623626708984
20170308154934162,-0.940213775634766
20170308154934163,-2.72549209594727
20170308154934164,0.745882415771484
20170308154934165,-1.09280166625977
20170308154934166,-2.75600967407227
20170308154934167,0.753511810302734
20170308154934168,-1.08517227172852
20170308154934169,-2.76363906860352
20170308154934170,0.654329681396484
20170308154934171,-1.13857803344727
20170308154934172,-2.70260391235352
20170308154934173,0.822176361083984
20170308154934174,-1.23776016235352
20170308154934175,-2.65682754516602
20170308154934176,0.738253021240234
20170308154934177,-1.36745986938477
20170308154934178,-2.54238662719727
20170308154934179,0.829805755615234
20170308154934180,-1.61922988891602
20170308154934181,-2.45083389282227
20170308154934182,0.768770599365234
20170308154934183,-1.71078262329102
20170308154934184,-2.38216934204102
20170308154934185,0.875582122802734
20170308154934186,-1.93203506469727
20170308154934187,-2.08462295532227
20170308154934188,0.761141204833984
20170308154934189,-2.24484024047852
20170308154934190,-1.74892959594727
20170308154934191,0.722994232177734
20170308154934192,-2.26772842407227
20170308154934193,-1.57345352172852
20170308154934194,0.860323333740234
20170308154934195,-2.50423965454102
20170308154934196,-1.44375381469727
20170308154934197,0.730623626708984
20170308154934198,-2.71786270141602
20170308154934199,-1.23776016235352
20170308154934200,0.700106048583984
20170308154934201,-2.88570938110352
20170308154934202,-1.19198379516602
20170308154934203,0.661959075927734
20170308154934204,-3.02303848266602
20170308154934205,-0.924954986572266
20170308154934206,0.486483001708984
20170308154934207,-2.91622695922852
20170308154934208,-0.779996490478516
20170308154934209,0.440706634521484
20170308154934210,-2.85519180297852
20170308154934211,-0.772367095947266
20170308154934212,0.448336029052734
20170308154934213,-2.86282119750977
20170308154934214,-0.711331939697266
20170308154934215,0.539888763427734
20170308154934216,-2.95437393188477
20170308154934217,-0.619779205322266
20170308154934218,0.326265716552734
20170308154934219,-2.88570938110352
20170308154934220,-0.406156158447266
20170308154934221,0.0210899353027344
20170308154934222,-2.93911514282227
20170308154934223,-0.467191314697266
20170308154934224,0.0897544860839844
20170308154934225,-3.04592666625977
20170308154934226,-0.261197662353516
20170308154934227,-0.0780921936035156
20170308154934228,-2.95437393188477
20170308154934229,-0.238309478759766
20170308154934230,-0.0475746154785156
20170308154934231,-3.01540908813477
20170308154934232,-0.444303131103516
20170308154934233,0.249971771240234
20170308154934234,-2.90859756469727
20170308154934235,-0.589261627197266
20170308154934236,0.135530853271484
20170308154934237,-2.90859756469727
20170308154934238,-0.497708892822266
20170308154934239,0.188936614990234
20170308154934240,-2.84756240844727
20170308154934241,-0.451932525634766
20170308154934242,0.135530853271484
20170308154934243,-2.93148574829102
20170308154934244,-0.314603424072266
20170308154934245,0.0363487243652344
20170308154934246,-2.94674453735352
20170308154934247,-0.406156158447266
20170308154934248,0.0897544860839844
20170308154934249,-2.96200332641602
20170308154934250,-0.0552040100097656
20170308154934251,-0.0780921936035156
20170308154934252,-2.94674453735352
20170308154934253,0.150789642333984
20170308154934254,-0.413785552978516
20170308154934255,-2.87807998657227
20170308154934256,0.295748138427734
20170308154934257,-0.291715240478516
20170308154934258,-2.87045059204102
20170308154934259,0.181307220458984
20170308154934260,-0.413785552978516
20170308154934261,-2.81704483032227
20170308154934262,0.188936614990234
20170308154934263,-0.368009185791016
20170308154934264,-2.80941543579102
20170308154934265,-0.0933509826660156
20170308154934266,-0.306974029541016
20170308154934267,-2.90096817016602
20170308154934268,0.0210899353027344
20170308154934269,-0.276456451416016
20170308154934270,-2.90859756469727
20170308154934271,0.181307220458984
20170308154934272,-0.230680084228516
20170308154934273,-2.79415664672852
20170308154934274,0.135530853271484
20170308154934275,-0.375638580322266
20170308154934276,-2.77889785766602
20170308154934277,-0.0246864318847656
20170308154934278,-0.337491607666016
20170308154934279,-2.79415664672852
20170308154934280,0.219454193115234
20170308154934281,-0.383267974853516
20170308154934282,-2.77889785766602
20170308154934283,0.166048431396484
20170308154934284,-0.421414947509766
20170308154934285,-2.75600967407227
20170308154934286,0.219454193115234
20170308154934287,-0.383267974853516
20170308154934288,-2.90859756469727
20170308154934289,0.0287193298339844
20170308154934290,-0.322232818603516
20170308154934291,-2.89333877563477
20170308154934292,0.112642669677734
20170308154934293,-0.322232818603516
20170308154934294,-2.80178604125977
20170308154934295,-0.108609771728516
20170308154934296,-0.169644927978516
20170308154934297,-2.88570938110352
20170308154934298,-0.207791900634766
20170308154934299,-0.184903717041016
20170308154934300,-2.90859756469727
20170308154934301,-0.0017982482910156
20170308154934302,-0.299344635009766
20170308154934303,-2.87807998657227
20170308154934304,0.0058311462402344
20170308154934305,-0.284085845947266
20170308154934306,-2.87807998657227
20170308154934307,0.0592369079589844
20170308154934308,-0.383267974853516
20170308154934309,-2.82467422485352
20170308154934310,0.0592369079589844
20170308154934311,-0.284085845947266
20170308154934312,-2.85519180297852
20170308154934313,0.0592369079589844
20170308154934314,-0.360379791259766
20170308154934315,-2.86282119750977
20170308154934316,0.471224212646484
20170308154934317,-0.459561920166016
20170308154934318,-2.77889785766602
20170308154934319,0.509371185302734
20170308154934320,-0.566373443603516
20170308154934321,-2.80941543579102
20170308154934322,0.440706634521484
20170308154934323,-0.795255279541016
20170308154934324,-2.86282119750977
20170308154934325,0.646700286865234
20170308154934326,-0.619779205322266
20170308154934327,-2.75600967407227
20170308154934328,0.692476654052734
20170308154934329,-0.932584381103516
20170308154934330,-2.77126846313477
20170308154934331,0.928987884521484
20170308154934332,-1.09280166625977
20170308154934333,-2.69497451782227
20170308154934334,0.852693939208984
20170308154934335,-1.35220108032227
20170308154934336,-2.51949844360352
20170308154934337,0.860323333740234
20170308154934338,-1.61160049438477
20170308154934339,-2.42794570922852
20170308154934340,0.776399993896484
20170308154934341,-1.77944717407227
20170308154934342,-2.37453994750977
20170308154934343,0.936617279052734
20170308154934344,-1.88625869750977
20170308154934345,-2.13802871704102
20170308154934346,0.654329681396484
20170308154934347,-2.05410537719727
20170308154934348,-1.93966445922852
20170308154934349,0.753511810302734
20170308154934350,-2.18380508422852
20170308154934351,-1.78707656860352
20170308154934352,0.829805755615234
20170308154934353,-2.33639297485352
20170308154934354,-1.48953018188477
20170308154934355,0.867952728271484
20170308154934356,-2.57290420532227
20170308154934357,-1.26827774047852
20170308154934358,0.684847259521484
20170308154934359,-2.81704483032227
20170308154934360,-1.16909561157227
20170308154934361,0.631441497802734
20170308154934362,-3.02303848266602
20170308154934363,-0.711331939697266
20170308154934364,0.448336029052734
20170308154934365,-2.90859756469727
20170308154934366,-0.406156158447266
20170308154934367,0.143160247802734
20170308154934368,-2.96200332641602
20170308154934369,-0.100980377197266
20170308154934370,0.0058311462402344
20170308154934371,-2.83230361938477
20170308154934372,-0.108609771728516
20170308154934373,-0.223050689697266
20170308154934374,-2.93148574829102
20170308154934375,-0.154386138916016
20170308154934376,-0.238309478759766
20170308154934377,-2.92385635375977
20170308154934378,-0.139127349853516
20170308154934379,-0.223050689697266
20170308154934380,-2.84756240844727
20170308154934381,-0.291715240478516
20170308154934382,-0.0399452209472656
20170308154934383,-2.88570938110352
20170308154934384,-0.268827056884766
20170308154934385,0.0973838806152344
20170308154934386,-2.93148574829102
20170308154934387,-0.261197662353516
20170308154934388,0.0592369079589844
20170308154934389,-2.96200332641602
20170308154934390,-0.261197662353516
20170308154934391,-0.177274322509766
20170308154934392,-2.86282119750977
20170308154934393,-0.0704627990722656
20170308154934394,-0.322232818603516
20170308154934395,-2.91622695922852
20170308154934396,0.0973838806152344
20170308154934397,-0.146756744384766
20170308154934398,-2.81704483032227
20170308154934399,0.0363487243652344
20170308154934400,-0.352750396728516
20170308154934401,-2.93148574829102
20170308154934402,-0.0780921936035156
20170308154934403,-0.207791900634766
20170308154934404,-2.87807998657227
20170308154934405,0.0210899353027344
20170308154934406,-0.207791900634766
20170308154934407,-2.83993301391602
20170308154934408,0.143160247802734
20170308154934409,-0.345121002197266
20170308154934410,-2.80178604125977
20170308154934411,0.295748138427734
20170308154934412,-0.512967681884766
20170308154934413,-2.77126846313477
20170308154934414,0.303377532958984
20170308154934415,-0.398526763916016
20170308154934416,-2.79415664672852
20170308154934417,0.272859954833984
20170308154934418,-0.444303131103516
20170308154934419,-2.84756240844727
20170308154934420,0.166048431396484
20170308154934421,-0.467191314697266
20170308154934422,-2.85519180297852
20170308154934423,0.295748138427734
20170308154934424,-0.543485260009766
20170308154934425,-2.84756240844727
20170308154934426,0.249971771240234
20170308154934427,-0.505338287353516
20170308154934428,-2.82467422485352
20170308154934429,0.394930267333984
20170308154934430,-0.596891021728516
20170308154934431,-2.75600967407227
20170308154934432,0.356783294677734
20170308154934433,-0.413785552978516
20170308154934434,-2.83993301391602
20170308154934435,0.0668663024902344
20170308154934436,-0.375638580322266
20170308154934437,-2.87045059204102
20170308154934438,-0.0323158264160156
20170308154934439,-0.116239166259766
20170308154934440,-2.83993301391602
20170308154934441,0.242342376708984
20170308154934442,-0.436673736572266
20170308154934443,-2.82467422485352
20170308154934444,0.249971771240234
20170308154934445,-0.261197662353516
20170308154934446,-2.79415664672852
20170308154934447,0.257601165771484
20170308154934448,-0.413785552978516
20170308154934449,-2.74838027954102
20170308154934450,0.394930267333984
20170308154934451,-0.535855865478516
20170308154934452,-2.74838027954102
20170308154934453,0.417818450927734
20170308154934454,-0.345121002197266
20170308154934455,-2.79415664672852
20170308154934456,0.379671478271484
20170308154934457,-0.497708892822266
20170308154934458,-2.80178604125977
20170308154934459,0.593294525146484
20170308154934460,-0.741849517822266
20170308154934461,-2.87045059204102
20170308154934462,0.646700286865234
20170308154934463,-0.955472564697266
20170308154934464,-2.83230361938477
20170308154934465,0.814546966552734
20170308154934466,-1.10043106079102
20170308154934467,-2.72549209594727
20170308154934468,0.837435150146484
20170308154934469,-1.22250137329102
20170308154934470,-2.64919815063477
20170308154934471,0.814546966552734
20170308154934472,-1.37508926391602
20170308154934473,-2.58816299438477
20170308154934474,0.791658782958984
20170308154934475,-1.40560684204102
20170308154934476,-2.53475723266602
20170308154934477,0.967134857177734
20170308154934478,-1.41323623657227
20170308154934479,-2.51186904907227
20170308154934480,0.768770599365234
20170308154934481,-1.66500625610352
20170308154934482,-2.36691055297852
20170308154934483,0.730623626708984
20170308154934484,-1.85574111938477
20170308154934485,-2.19143447875977
20170308154934486,0.814546966552734
20170308154934487,-1.99307022094727
20170308154934488,-2.09225234985352
20170308154934489,0.776399993896484
20170308154934490,-2.10751113891602
20170308154934491,-1.94729385375977
20170308154934492,0.799288177490234
20170308154934493,-2.28298721313477
20170308154934494,-1.65737686157227
20170308154934495,0.700106048583984
20170308154934496,-2.61868057250977
20170308154934497,-1.30642471313477
20170308154934498,0.639070892333984
20170308154934499,-2.69497451782227
20170308154934500,-1.23776016235352
20170308154934501,0.700106048583984
20170308154934502,-2.99252090454102
20170308154934503,-0.985990142822266
20170308154934504,0.417818450927734
20170308154934505,-2.93911514282227
20170308154934506,-0.932584381103516
20170308154934507,0.364412689208984
20170308154934508,-2.83993301391602
20170308154934509,-0.871549224853516
20170308154934510,0.517000579833984
20170308154934511,-3.00777969360352
20170308154934512,-0.757108306884766
20170308154934513,0.341524505615234
20170308154934514,-2.93148574829102
20170308154934515,-0.551114654541016
20170308154934516,0.204195404052734
20170308154934517,-2.96200332641602
20170308154934518,-0.505338287353516
20170308154934519,0.173677825927734
20170308154934520,-2.91622695922852
20170308154934521,-0.467191314697266
20170308154934522,0.0210899353027344
20170308154934523,-2.99252090454102
20170308154934524,-0.261197662353516
20170308154934525,0.219454193115234
20170308154934526,-2.92385635375977
20170308154934527,-0.398526763916016
20170308154934528,-0.0399452209472656
20170308154934529,-2.95437393188477
20170308154934530,-0.314603424072266
20170308154934531,0.0516075134277344
20170308154934532,-2.89333877563477
20170308154934533,-0.0246864318847656
20170308154934534,-0.238309478759766
20170308154934535,-2.86282119750977
20170308154934536,0.234712982177734
20170308154934537,-0.474820709228516
20170308154934538,-2.87045059204102
20170308154934539,0.356783294677734
20170308154934540,-0.589261627197266
20170308154934541,-2.84756240844727
20170308154934542,0.356783294677734
20170308154934543,-0.375638580322266
20170308154934544,-2.76363906860352
20170308154934545,0.372042083740234
20170308154934546,-0.528226470947266
20170308154934547,-2.80941543579102
20170308154934548,0.0287193298339844
20170308154934549,-0.383267974853516
20170308154934550,-2.92385635375977
20170308154934551,0.219454193115234
20170308154934552,-0.574002838134766
20170308154934553,-2.90859756469727
20170308154934554,0.486483001708984
20170308154934555,-0.696073150634766
20170308154934556,-2.94674453735352
20170308154934557,0.295748138427734
20170308154934558,-0.627408599853516
20170308154934559,-2.95437393188477
20170308154934560,0.440706634521484
20170308154934561,-0.703702545166016
20170308154934562,-2.88570938110352
20170308154934563,0.509371185302734
20170308154934564,-0.726590728759766
20170308154934565,-2.87807998657227
20170308154934566,0.562776947021484
20170308154934567,-0.871549224853516
20170308154934568,-2.78652725219727
20170308154934569,0.715364837646484
20170308154934570,-0.886808013916016
20170308154934571,-2.84756240844727
20170308154934572,0.379671478271484
20170308154934573,-0.528226470947266
20170308154934574,-2.74838027954102
20170308154934575,0.333895111083984
20170308154934576,-0.757108306884766
20170308154934577,-2.82467422485352
20170308154934578,0.463594818115234
20170308154934579,-0.818143463134766
20170308154934580,-2.82467422485352
20170308154934581,0.791658782958984
20170308154934582,-0.978360748291016
20170308154934583,-2.84756240844727
20170308154934584,0.509371185302734
20170308154934585,-0.940213775634766
20170308154934586,-2.80941543579102
20170308154934587,0.448336029052734
20170308154934588,-0.650296783447266
20170308154934589,-2.81704483032227
20170308154934590,0.326265716552734
20170308154934591,-0.604520416259766
20170308154934592,-2.80941543579102
20170308154934593,0.166048431396484
20170308154934594,-0.398526763916016
20170308154934595,-2.85519180297852
20170308154934596,0.143160247802734
20170308154934597,-0.329862213134766
20170308154934598,-2.83993301391602
20170308154934599,0.0668663024902344
20170308154934600,-0.421414947509766
20170308154934601,-2.90859756469727
20170308154934602,0.616182708740234
20170308154934603,-0.795255279541016
20170308154934604,-2.83993301391602
20170308154934605,0.570406341552734
20170308154934606,-0.863919830322266
20170308154934607,-2.83993301391602
20170308154934608,0.570406341552734
20170308154934609,-0.894437408447266
20170308154934610,-2.87045059204102
20170308154934611,0.776399993896484
20170308154934612,-0.947843170166016
20170308154934613,-2.83230361938477
20170308154934614,0.639070892333984
20170308154934615,-0.940213775634766
20170308154934616,-2.79415664672852
20170308154934617,0.661959075927734
20170308154934618,-1.03176651000977
20170308154934619,-2.83993301391602
20170308154934620,0.547518157958984
20170308154934621,-0.940213775634766
20170308154934622,-2.82467422485352
20170308154934623,0.646700286865234
20170308154934624,-0.993619537353516
20170308154934625,-2.77889785766602
20170308154934626,0.623812103271484
20170308154934627,-0.947843170166016
20170308154934628,-2.82467422485352
20170308154934629,0.631441497802734
20170308154934630,-0.947843170166016
20170308154934631,-2.87045059204102
20170308154934632,0.661959075927734
20170308154934633,-1.00124893188477
20170308154934634,-2.83993301391602
20170308154934635,0.936617279052734
20170308154934636,-1.26064834594727
20170308154934637,-2.67971572875977
20170308154934638,0.700106048583984
20170308154934639,-1.20724258422852
20170308154934640,-2.77889785766602
20170308154934641,0.845064544677734
20170308154934642,-1.20724258422852
20170308154934643,-2.63393936157227
20170308154934644,0.936617279052734
20170308154934645,-1.43612442016602
20170308154934646,-2.51949844360352
20170308154934647,0.921358489990234
20170308154934648,-1.45901260375977
20170308154934649,-2.50423965454102
20170308154934650,0.898470306396484
20170308154934651,-1.53530654907227
20170308154934652,-2.46609268188477
20170308154934653,0.768770599365234
20170308154934654,-1.73367080688477
20170308154934655,-2.29824600219727
20170308154934656,0.898470306396484
20170308154934657,-2.05410537719727
20170308154934658,-1.94729385375977
20170308154934659,0.791658782958984
20170308154934660,-2.25246963500977
20170308154934661,-1.77181777954102
20170308154934662,0.745882415771484
20170308154934663,-2.31350479125977
20170308154934664,-1.51241836547852
20170308154934665,0.959505462646484
20170308154934666,-2.40505752563477
20170308154934667,-1.55819473266602
20170308154934668,0.677217864990234
20170308154934669,-2.57290420532227
20170308154934670,-1.42086563110352
20170308154934671,0.562776947021484
20170308154934672,-2.72549209594727
20170308154934673,-1.20724258422852
20170308154934674,0.524629974365234
20170308154934675,-2.97726211547852
20170308154934676,-0.841031646728516
20170308154934677,0.364412689208984
20170308154934678,-2.98489151000977
20170308154934679,-0.757108306884766
20170308154934680,0.333895111083984
20170308154934681,-2.96200332641602
20170308154934682,-0.604520416259766
20170308154934683,0.219454193115234
20170308154934684,-2.97726211547852
20170308154934685,-0.474820709228516
20170308154934686,0.204195404052734
20170308154934687,-2.97726211547852
20170308154934688,-0.543485260009766
20170308154934689,0.0973838806152344
20170308154934690,-3.01540908813477
20170308154934691,-0.337491607666016
20170308154934692,-0.0780921936035156
20170308154934693,-2.91622695922852
20170308154934694,0.0592369079589844
20170308154934695,-0.360379791259766
20170308154934696,-2.89333877563477
20170308154934697,-0.0017982482910156
20170308154934698,-0.291715240478516
20170308154934699,-2.89333877563477
20170308154934700,0.0668663024902344
20170308154934701,-0.345121002197266
20170308154934702,-2.86282119750977
20170308154934703,0.379671478271484
20170308154934704,-0.512967681884766
20170308154934705,-2.75600967407227
20170308154934706,0.333895111083984
20170308154934707,-0.696073150634766
20170308154934708,-2.84756240844727
20170308154934709,0.547518157958984
20170308154934710,-0.825772857666016
20170308154934711,-2.83230361938477
20170308154934712,0.616182708740234
20170308154934713,-0.696073150634766
20170308154934714,-2.85519180297852
20170308154934715,0.646700286865234
20170308154934716,-0.940213775634766
20170308154934717,-2.89333877563477
20170308154934718,0.593294525146484
20170308154934719,-0.947843170166016
20170308154934720,-2.77889785766602
20170308154934721,0.585665130615234
20170308154934722,-1.00887832641602
20170308154934723,-2.96963272094727
20170308154934724,0.486483001708984
20170308154934725,-0.741849517822266
20170308154934726,-2.94674453735352
20170308154934727,0.524629974365234
20170308154934728,-0.894437408447266
20170308154934729,-2.91622695922852
20170308154934730,0.692476654052734
20170308154934731,-0.902066802978516
20170308154934732,-2.72549209594727
20170308154934733,0.906099700927734
20170308154934734,-1.12331924438477
20170308154934735,-2.71786270141602
20170308154934736,0.890840911865234
20170308154934737,-1.16146621704102
20170308154934738,-2.71023330688477
20170308154934739,0.669588470458984
20170308154934740,-1.09280166625977
20170308154934741,-2.81704483032227
20170308154934742,0.608553314208984
20170308154934743,-0.940213775634766
20170308154934744,-2.81704483032227
20170308154934745,0.532259368896484
20170308154934746,-0.657926177978516
20170308154934747,-2.79415664672852
20170308154934748,0.524629974365234
20170308154934749,-0.764737701416016
20170308154934750,-2.74838027954102
20170308154934751,0.372042083740234
20170308154934752,-0.604520416259766
20170308154934753,-2.86282119750977
20170308154934754,0.463594818115234
20170308154934755,-0.772367095947266
20170308154934756,-2.94674453735352
20170308154934757,0.494112396240234
20170308154934758,-0.841031646728516
20170308154934759,-2.89333877563477
20170308154934760,0.509371185302734
20170308154934761,-0.871549224853516
20170308154934762,-2.93148574829102
20170308154934763,0.509371185302734
20170308154934764,-0.726590728759766
20170308154934765,-2.83230361938477
20170308154934766,0.455965423583984
20170308154934767,-0.665555572509766
20170308154934768,-2.87045059204102
20170308154934769,0.402559661865234
20170308154934770,-0.635037994384766
20170308154934771,-2.85519180297852
20170308154934772,0.486483001708984
20170308154934773,-0.879178619384766
20170308154934774,-2.88570938110352
20170308154934775,0.387300872802734
20170308154934776,-0.711331939697266
20170308154934777,-2.84756240844727
20170308154934778,0.356783294677734
20170308154934779,-0.589261627197266
20170308154934780,-2.78652725219727
20170308154934781,0.204195404052734
20170308154934782,-0.474820709228516
20170308154934783,-2.87045059204102
20170308154934784,0.227083587646484
20170308154934785,-0.627408599853516
20170308154934786,-2.82467422485352
20170308154934787,0.318636322021484
20170308154934788,-0.757108306884766
20170308154934789,-2.92385635375977
20170308154934790,0.440706634521484
20170308154934791,-0.703702545166016
20170308154934792,-2.90096817016602
20170308154934793,0.379671478271484
20170308154934794,-0.665555572509766
20170308154934795,-2.80941543579102
20170308154934796,0.478853607177734
20170308154934797,-0.757108306884766
20170308154934798,-2.84756240844727
20170308154934799,0.280489349365234
20170308154934800,-0.635037994384766
20170308154934801,-2.94674453735352
20170308154934802,0.311006927490234
20170308154934803,-0.772367095947266
20170308154934804,-2.87807998657227
20170308154934805,0.181307220458984
20170308154934806,-0.581632232666016
20170308154934807,-2.84756240844727
20170308154934808,0.227083587646484
20170308154934809,-0.490079498291016
20170308154934810,-2.87045059204102
20170308154934811,0.0058311462402344
20170308154934812,-0.390897369384766
20170308154934813,-2.83230361938477
20170308154934814,-0.0170570373535156
20170308154934815,-0.184903717041016
20170308154934816,-2.85519180297852
20170308154934817,0.0897544860839844
20170308154934818,-0.467191314697266
20170308154934819,-2.88570938110352
20170308154934820,0.288118743896484
20170308154934821,-0.581632232666016
20170308154934822,-2.87045059204102
20170308154934823,0.486483001708984
20170308154934824,-0.650296783447266
20170308154934825,-2.93148574829102
20170308154934826,0.356783294677734
20170308154934827,-0.604520416259766
20170308154934828,-2.87807998657227
20170308154934829,0.448336029052734
20170308154934830,-0.612149810791016
20170308154934831,-2.87045059204102
20170308154934832,0.394930267333984
20170308154934833,-0.612149810791016
20170308154934834,-2.87045059204102
20170308154934835,0.204195404052734
20170308154934836,-0.535855865478516
20170308154934837,-2.82467422485352
20170308154934838,0.204195404052734
20170308154934839,-0.551114654541016
20170308154934840,-2.89333877563477
20170308154934841,0.311006927490234
20170308154934842,-0.718961334228516
20170308154934843,-2.86282119750977
20170308154934844,0.555147552490234
20170308154934845,-0.764737701416016
20170308154934846,-2.86282119750977
20170308154934847,0.539888763427734
20170308154934848,-0.574002838134766
20170308154934849,-2.83993301391602
20170308154934850,0.608553314208984
20170308154934851,-0.665555572509766
20170308154934852,-2.86282119750977
20170308154934853,0.684847259521484
20170308154934854,-0.917325592041016
20170308154934855,-2.77126846313477
20170308154934856,0.639070892333984
20170308154934857,-0.856290435791016
20170308154934858,-2.84756240844727
20170308154934859,0.654329681396484
20170308154934860,-0.993619537353516
20170308154934861,-2.82467422485352
20170308154934862,0.692476654052734
20170308154934863,-1.00887832641602
20170308154934864,-2.71786270141602
20170308154934865,1.02817001342773
20170308154934866,-1.39797744750977
20170308154934867,-2.60342178344727
20170308154934868,0.677217864990234
20170308154934869,-1.37508926391602
20170308154934870,-2.47372207641602
20170308154934871,1.01291122436523
20170308154934872,-1.68026504516602
20170308154934873,-2.35928115844727
20170308154934874,0.768770599365234
20170308154934875,-1.86337051391602
20170308154934876,-2.33639297485352
20170308154934877,0.654329681396484
20170308154934878,-1.77944717407227
20170308154934879,-2.16854629516602
20170308154934880,0.875582122802734
20170308154934881,-1.99307022094727
20170308154934882,-2.18380508422852
20170308154934883,0.822176361083984
20170308154934884,-2.20669326782227
20170308154934885,-1.87862930297852
20170308154934886,0.631441497802734
20170308154934887,-2.22195205688477
20170308154934888,-1.87099990844727
20170308154934889,0.608553314208984
20170308154934890,-2.19143447875977
20170308154934891,-1.87862930297852
20170308154934892,0.692476654052734
20170308154934893,-2.19143447875977
20170308154934894,-1.94729385375977
20170308154934895,0.715364837646484
20170308154934896,-2.23721084594727
20170308154934897,-1.74130020141602
20170308154934898,0.928987884521484
20170308154934899,-2.27535781860352
20170308154934900,-1.69552383422852
20170308154934901,0.730623626708984
20170308154934902,-2.37453994750977
20170308154934903,-1.49715957641602
20170308154934904,0.768770599365234
20170308154934905,-2.77126846313477
20170308154934906,-1.26827774047852
20170308154934907,0.562776947021484
20170308154934908,-2.90859756469727
20170308154934909,-1.23776016235352
20170308154934910,0.593294525146484
20170308154934911,-3.00015029907227
20170308154934912,-1.16909561157227
20170308154934913,0.623812103271484
20170308154934914,-2.84756240844727
20170308154934915,-1.11568984985352
20170308154934916,0.417818450927734
20170308154934917,-3.00015029907227
20170308154934918,-0.863919830322266
20170308154934919,0.440706634521484
20170308154934920,-2.92385635375977
20170308154934921,-0.879178619384766
20170308154934922,0.417818450927734
20170308154934923,-3.03066787719727
20170308154934924,-1.03176651000977
20170308154934925,0.654329681396484
20170308154934926,-2.92385635375977
20170308154934927,-1.06228408813477
20170308154934928,0.524629974365234
20170308154934929,-2.99252090454102
20170308154934930,-1.06228408813477
20170308154934931,0.692476654052734
20170308154934932,-2.94674453735352
20170308154934933,-0.993619537353516
20170308154934934,0.509371185302734
20170308154934935,-2.92385635375977
20170308154934936,-0.955472564697266
20170308154934937,0.463594818115234
20170308154934938,-2.96963272094727
20170308154934939,-0.787625885009766
20170308154934940,0.372042083740234
20170308154934941,-2.95437393188477
20170308154934942,-0.520597076416016
20170308154934943,0.387300872802734
20170308154934944,-2.98489151000977
20170308154934945,-0.360379791259766
20170308154934946,0.0439781188964844
20170308154934947,-2.83993301391602
20170308154934948,-0.238309478759766
20170308154934949,-0.100980377197266
20170308154934950,-2.95437393188477
20170308154934951,-0.284085845947266
20170308154934952,-0.0933509826660156
20170308154934953,-2.91622695922852
20170308154934954,-0.352750396728516
20170308154934955,-0.0933509826660156
20170308154934956,-2.96963272094727
20170308154934957,-0.360379791259766
20170308154934958,-0.0628334045410156
20170308154934959,-2.97726211547852
20170308154934960,-0.207791900634766
20170308154934961,0.0668663024902344
20170308154934962,-2.94674453735352
20170308154934963,-0.337491607666016
20170308154934964,-0.108609771728516
20170308154934965,-2.92385635375977
20170308154934966,-0.108609771728516
20170308154934967,-0.200162506103516
20170308154934968,-3.03829727172852
20170308154934969,-0.0628334045410156
20170308154934970,-0.276456451416016
20170308154934971,-2.96963272094727
20170308154934972,-0.0628334045410156
20170308154934973,-0.276456451416016
20170308154934974,-2.90859756469727
20170308154934975,-0.100980377197266
20170308154934976,-0.253568267822266
20170308154934977,-2.85519180297852
20170308154934978,0.150789642333984
20170308154934979,-0.497708892822266
20170308154934980,-2.83993301391602
20170308154934981,0.402559661865234
20170308154934982,-0.642667388916016
20170308154934983,-2.87045059204102
20170308154934984,0.265230560302734
20170308154934985,-0.627408599853516
20170308154934986,-2.91622695922852
20170308154934987,0.539888763427734
20170308154934988,-0.680814361572266
20170308154934989,-2.87807998657227
20170308154934990,0.311006927490234
20170308154934991,-0.673184967041016
20170308154934992,-2.85519180297852
20170308154934993,0.318636322021484
20170308154934994,-0.665555572509766
20170308154934995,-2.87807998657227
20170308154934996,0.410189056396484
20170308154934997,-0.528226470947266
20170308154934998,-2.92385635375977
20170308154934999,0.578035736083984
20170308154935000,-0.741849517822266
20170308154935001,-2.77889785766602
20170308154935002,0.684847259521484
20170308154935003,-0.955472564697266
20170308154935004,-2.78652725219727
20170308154935005,0.669588470458984
20170308154935006,-0.978360748291016
20170308154935007,-2.83230361938477
20170308154935008,0.585665130615234
20170308154935009,-0.985990142822266
20170308154935010,-2.81704483032227
20170308154935011,0.730623626708984
20170308154935012,-1.13857803344727
20170308154935013,-2.73312149047852
20170308154935014,1.09683456420898
20170308154935015,-1.28353652954102
20170308154935016,-2.64156875610352
20170308154935017,1.04342880249023
20170308154935018,-1.61160049438477
20170308154935019,-2.48898086547852
20170308154935020,0.852693939208984
20170308154935021,-1.67263565063477
20170308154935022,-2.33639297485352
20170308154935023,0.867952728271484
20170308154935024,-1.80996475219727
20170308154935025,-2.26009902954102
20170308154935026,0.700106048583984
20170308154935027,-1.97018203735352
20170308154935028,-2.03884658813477
20170308154935029,0.829805755615234
20170308154935030,-2.39742813110352
20170308154935031,-1.64974746704102
20170308154935032,0.715364837646484
20170308154935033,-2.61868057250977
20170308154935034,-1.33694229125977
20170308154935035,0.639070892333984
20170308154935036,-2.89333877563477
20170308154935037,-1.29116592407227
20170308154935038,0.494112396240234
20170308154935039,-2.93148574829102
20170308154935040,-1.14620742797852
20170308154935041,0.509371185302734
20170308154935042,-3.04592666625977
20170308154935043,-1.13094863891602
20170308154935044,0.463594818115234
20170308154935045,-2.98489151000977
20170308154935046,-0.955472564697266
20170308154935047,0.455965423583984
20170308154935048,-2.99252090454102
20170308154935049,-0.665555572509766
20170308154935050,0.425447845458984
20170308154935051,-3.00015029907227
20170308154935052,-0.604520416259766
20170308154935053,0.188936614990234
20170308154935054,-3.09933242797852
20170308154935055,-0.619779205322266
20170308154935056,0.127901458740234
20170308154935057,-3.03829727172852
20170308154935058,-0.696073150634766
20170308154935059,0.356783294677734
20170308154935060,-2.98489151000977
20170308154935061,-0.680814361572266
20170308154935062,0.311006927490234
20170308154935063,-2.87807998657227
20170308154935064,-0.421414947509766
20170308154935065,0.112642669677734
20170308154935066,-3.02303848266602
20170308154935067,-0.512967681884766
20170308154935068,0.0897544860839844
20170308154935069,-3.06118545532227
20170308154935070,-0.566373443603516
20170308154935071,0.105013275146484
20170308154935072,-2.96963272094727
20170308154935073,-0.535855865478516
20170308154935074,0.143160247802734
20170308154935075,-2.91622695922852
20170308154935076,-0.627408599853516
20170308154935077,0.196566009521484
20170308154935078,-2.95437393188477
20170308154935079,-0.635037994384766
20170308154935080,0.204195404052734
20170308154935081,-3.01540908813477
20170308154935082,-0.528226470947266
20170308154935083,0.204195404052734
20170308154935084,-3.09170303344727
20170308154935085,-0.329862213134766
20170308154935086,-0.0094276428222656
20170308154935087,-2.92385635375977
20170308154935088,-0.299344635009766
20170308154935089,-0.146756744384766
20170308154935090,-2.96200332641602
20170308154935091,-0.0170570373535156
20170308154935092,-0.299344635009766
20170308154935093,-2.88570938110352
20170308154935094,0.288118743896484
20170308154935095,-0.360379791259766
20170308154935096,-2.87807998657227
20170308154935097,0.135530853271484
20170308154935098,-0.207791900634766
20170308154935099,-2.90096817016602
20170308154935100,0.0287193298339844
20170308154935101,-0.322232818603516
20170308154935102,-2.90859756469727
20170308154935103,-0.0323158264160156
20170308154935104,-0.116239166259766
20170308154935105,-2.81704483032227
20170308154935106,0.0821250915527344
20170308154935107,-0.421414947509766
20170308154935108,-2.83993301391602
20170308154935109,0.0439781188964844
20170308154935110,-0.390897369384766
20170308154935111,-2.90096817016602
20170308154935112,0.0363487243652344
20170308154935113,-0.383267974853516
20170308154935114,-2.87807998657227
20170308154935115,0.120272064208984
20170308154935116,-0.390897369384766
20170308154935117,-2.96200332641602
20170308154935118,-0.116239166259766
20170308154935119,-0.284085845947266
20170308154935120,-2.83230361938477
20170308154935121,-0.0475746154785156
20170308154935122,-0.413785552978516
20170308154935123,-2.92385635375977
20170308154935124,0.166048431396484
20170308154935125,-0.368009185791016
20170308154935126,-2.99252090454102
20170308154935127,0.0287193298339844
20170308154935128,-0.230680084228516
20170308154935129,-2.90096817016602
20170308154935130,-0.0780921936035156
20170308154935131,-0.368009185791016
20170308154935132,-2.99252090454102
20170308154935133,0.0134605407714844
20170308154935134,-0.337491607666016
20170308154935135,-2.94674453735352
20170308154935136,0.0363487243652344
20170308154935137,-0.406156158447266
20170308154935138,-2.91622695922852
20170308154935139,0.288118743896484
20170308154935140,-0.306974029541016
20170308154935141,-2.84756240844727
20170308154935142,0.112642669677734
20170308154935143,-0.429044342041016
20170308154935144,-2.89333877563477
20170308154935145,-0.0475746154785156
20170308154935146,-0.368009185791016
20170308154935147,-2.95437393188477
20170308154935148,0.120272064208984
20170308154935149,-0.467191314697266
20170308154935150,-2.90859756469727
20170308154935151,0.204195404052734
20170308154935152,-0.497708892822266
20170308154935153,-2.96963272094727
20170308154935154,0.272859954833984
20170308154935155,-0.673184967041016
20170308154935156,-2.89333877563477
20170308154935157,0.417818450927734
20170308154935158,-0.604520416259766
20170308154935159,-2.89333877563477
20170308154935160,0.646700286865234
20170308154935161,-1.02413711547852
20170308154935162,-2.82467422485352
20170308154935163,0.730623626708984
20170308154935164,-1.17672500610352
20170308154935165,-2.72549209594727
20170308154935166,0.791658782958984
20170308154935167,-1.22250137329102
20170308154935168,-2.62630996704102
20170308154935169,0.776399993896484
20170308154935170,-1.42849502563477
20170308154935171,-2.60342178344727
20170308154935172,0.692476654052734
20170308154935173,-1.50478897094727
20170308154935174,-2.54238662719727
20170308154935175,0.776399993896484
20170308154935176,-1.65737686157227
20170308154935177,-2.38979873657227
20170308154935178,0.791658782958984
20170308154935179,-1.80233535766602
20170308154935180,-2.34402236938477
20170308154935181,0.661959075927734
20170308154935182,-1.69552383422852
20170308154935183,-2.33639297485352
20170308154935184,0.845064544677734
20170308154935185,-2.03121719360352
20170308154935186,-1.97018203735352
20170308154935187,0.814546966552734
20170308154935188,-2.35928115844727
20170308154935189,-1.72604141235352
20170308154935190,0.753511810302734
20170308154935191,-2.43557510375977
20170308154935192,-1.80233535766602
20170308154935193,0.761141204833984
20170308154935194,-2.41268692016602
20170308154935195,-1.59634170532227
20170308154935196,0.639070892333984
20170308154935197,-2.44320449829102
20170308154935198,-1.52767715454102
20170308154935199,0.829805755615234
20170308154935200,-2.61105117797852
20170308154935201,-1.44375381469727
20170308154935202,0.646700286865234
20170308154935203,-2.81704483032227
20170308154935204,-1.23013076782227
20170308154935205,0.585665130615234
20170308154935206,-3.02303848266602
20170308154935207,-1.23776016235352
20170308154935208,0.578035736083984
20170308154935209,-2.90859756469727
20170308154935210,-1.16909561157227
20170308154935211,0.471224212646484
20170308154935212,-2.81704483032227
20170308154935213,-1.27590713500977
20170308154935214,0.547518157958984
20170308154935215,-2.90859756469727
20170308154935216,-1.32168350219727
20170308154935217,0.784029388427734
20170308154935218,-2.81704483032227
20170308154935219,-1.22250137329102
20170308154935220,0.433077239990234
20170308154935221,-2.92385635375977
20170308154935222,-1.28353652954102
20170308154935223,0.455965423583984
20170308154935224,-2.87807998657227
20170308154935225,-1.20724258422852
20170308154935226,0.539888763427734
20170308154935227,-2.89333877563477
20170308154935228,-1.11568984985352
20170308154935229,0.524629974365234
20170308154935230,-3.00015029907227
20170308154935231,-1.06991348266602
20170308154935232,0.455965423583984
20170308154935233,-3.00777969360352
20170308154935234,-1.11568984985352
20170308154935235,0.425447845458984
20170308154935236,-2.90096817016602
20170308154935237,-1.01650772094727
20170308154935238,0.417818450927734
20170308154935239,-3.05355606079102
20170308154935240,-0.635037994384766
20170308154935241,0.272859954833984
20170308154935242,-3.01540908813477
20170308154935243,-0.703702545166016
20170308154935244,0.295748138427734
20170308154935245,-3.04592666625977
20170308154935246,-0.505338287353516
20170308154935247,0.150789642333984
20170308154935248,-2.91622695922852
20170308154935249,-0.444303131103516
20170308154935250,0.0516075134277344
20170308154935251,-3.00015029907227
20170308154935252,-0.406156158447266
20170308154935253,0.0668663024902344
20170308154935254,-2.93148574829102
20170308154935255,-0.604520416259766
20170308154935256,0.211824798583984
20170308154935257,-2.92385635375977
20170308154935258,-0.589261627197266
20170308154935259,0.257601165771484
20170308154935260,-2.91622695922852
20170308154935261,-0.596891021728516
20170308154935262,0.219454193115234
20170308154935263,-2.84756240844727
20170308154935264,-0.490079498291016
20170308154935265,0.227083587646484
20170308154935266,-2.86282119750977
20170308154935267,-0.505338287353516
20170308154935268,0.211824798583984
20170308154935269,-2.96963272094727
20170308154935270,-0.558744049072266
20170308154935271,0.272859954833984
20170308154935272,-2.96963272094727
20170308154935273,-0.390897369384766
20170308154935274,0.0439781188964844
20170308154935275,-2.94674453735352
20170308154935276,-0.474820709228516
20170308154935277,0.166048431396484
20170308154935278,-2.95437393188477
20170308154935279,-0.284085845947266
20170308154935280,0.196566009521484
20170308154935281,-2.94674453735352
20170308154935282,-0.314603424072266
20170308154935283,-0.146756744384766
20170308154935284,-2.87807998657227
20170308154935285,-0.192533111572266
20170308154935286,-0.192533111572266
20170308154935287,-2.83993301391602
20170308154935288,-0.192533111572266
20170308154935289,0.0058311462402344
20170308154935290,-2.98489151000977
20170308154935291,-0.337491607666016
20170308154935292,-0.123868560791016
20170308154935293,-2.99252090454102
20170308154935294,-0.329862213134766
20170308154935295,-0.0552040100097656
20170308154935296,-2.87807998657227
20170308154935297,-0.306974029541016
20170308154935298,0.112642669677734
20170308154935299,-2.97726211547852
20170308154935300,-0.184903717041016
20170308154935301,0.158419036865234
20170308154935302,-2.90859756469727
20170308154935303,-0.337491607666016
20170308154935304,-0.0475746154785156
20170308154935305,-3.00777969360352
20170308154935306,-0.245938873291016
20170308154935307,-0.123868560791016
20170308154935308,-2.90096817016602
20170308154935309,-0.184903717041016
20170308154935310,-0.261197662353516
20170308154935311,-2.92385635375977
20170308154935312,-0.0170570373535156
20170308154935313,-0.368009185791016
20170308154935314,-2.92385635375977
20170308154935315,0.0821250915527344
20170308154935316,-0.375638580322266
20170308154935317,-2.89333877563477
20170308154935318,0.219454193115234
20170308154935319,-0.390897369384766
20170308154935320,-2.74075088500977
20170308154935321,0.227083587646484
20170308154935322,-0.574002838134766
20170308154935323,-2.88570938110352
20170308154935324,0.333895111083984
20170308154935325,-0.482450103759766
20170308154935326,-2.88570938110352
20170308154935327,0.684847259521484
20170308154935328,-0.757108306884766
20170308154935329,-2.77889785766602
20170308154935330,0.600923919677734
20170308154935331,-0.871549224853516
20170308154935332,-2.83230361938477
20170308154935333,0.715364837646484
20170308154935334,-0.932584381103516
20170308154935335,-2.81704483032227
20170308154935336,0.814546966552734
20170308154935337,-1.25301895141602
20170308154935338,-2.61868057250977
20170308154935339,1.01291122436523
20170308154935340,-1.42086563110352
20170308154935341,-2.58816299438477
20170308154935342,0.928987884521484
20170308154935343,-1.74130020141602
20170308154935344,-2.32876358032227
20170308154935345,0.684847259521484
20170308154935346,-1.95492324829102
20170308154935347,-2.12276992797852
20170308154935348,0.730623626708984
20170308154935349,-2.01595840454102
20170308154935350,-2.15328750610352
20170308154935351,0.684847259521484
20170308154935352,-1.97781143188477
20170308154935353,-2.03121719360352
20170308154935354,0.829805755615234
20170308154935355,-2.13039932250977
20170308154935356,-1.84811172485352
20170308154935357,0.936617279052734
20170308154935358,-2.42031631469727
20170308154935359,-1.60397109985352
20170308154935360,0.677217864990234
20170308154935361,-2.51949844360352
20170308154935362,-1.67263565063477
20170308154935363,0.677217864990234
20170308154935364,-2.53475723266602
20170308154935365,-1.55056533813477
20170308154935366,0.692476654052734
20170308154935367,-2.80178604125977
20170308154935368,-1.35220108032227
20170308154935369,0.684847259521484
20170308154935370,-2.73312149047852
20170308154935371,-1.24538955688477
20170308154935372,0.448336029052734
20170308154935373,-2.80941543579102
20170308154935374,-1.18435440063477
20170308154935375,0.509371185302734
20170308154935376,-2.86282119750977
20170308154935377,-1.03176651000977
20170308154935378,0.532259368896484
20170308154935379,-2.99252090454102
20170308154935380,-0.902066802978516
20170308154935381,0.379671478271484
20170308154935382,-2.93911514282227
20170308154935383,-0.963101959228516
20170308154935384,0.486483001708984
20170308154935385,-2.96200332641602
20170308154935386,-1.09280166625977
20170308154935387,0.585665130615234
20170308154935388,-3.06118545532227
20170308154935389,-0.947843170166016
20170308154935390,0.394930267333984
20170308154935391,-2.97726211547852
20170308154935392,-0.879178619384766
20170308154935393,0.616182708740234
20170308154935394,-2.90096817016602
20170308154935395,-0.657926177978516
20170308154935396,0.280489349365234
20170308154935397,-2.99252090454102
20170308154935398,-0.718961334228516
20170308154935399,0.249971771240234
20170308154935400,-3.03066787719727
20170308154935401,-0.558744049072266
20170308154935402,0.425447845458984
20170308154935403,-2.86282119750977
20170308154935404,-0.551114654541016
20170308154935405,0.249971771240234
20170308154935406,-2.87045059204102
20170308154935407,-0.680814361572266
20170308154935408,0.272859954833984
20170308154935409,-3.03066787719727
20170308154935410,-0.406156158447266
20170308154935411,0.143160247802734
20170308154935412,-3.05355606079102
20170308154935413,-0.429044342041016
20170308154935414,0.0592369079589844
20170308154935415,-2.96963272094727
20170308154935416,-0.322232818603516
20170308154935417,-0.0094276428222656
20170308154935418,-2.96963272094727
20170308154935419,-0.406156158447266
20170308154935420,0.0439781188964844
20170308154935421,-3.01540908813477
20170308154935422,-0.398526763916016
20170308154935423,0.0668663024902344
20170308154935424,-2.84756240844727
20170308154935425,-0.284085845947266
20170308154935426,-0.0780921936035156
20170308154935427,-2.93911514282227
20170308154935428,-0.390897369384766
20170308154935429,-0.123868560791016
20170308154935430,-2.88570938110352
20170308154935431,-0.474820709228516
20170308154935432,0.0363487243652344
20170308154935433,-2.93911514282227
20170308154935434,-0.474820709228516
20170308154935435,0.112642669677734
20170308154935436,-2.93911514282227
20170308154935437,-0.383267974853516
20170308154935438,0.234712982177734
20170308154935439,-2.96963272094727
20170308154935440,-0.589261627197266
20170308154935441,0.379671478271484
20170308154935442,-2.92385635375977
20170308154935443,-0.604520416259766
20170308154935444,0.219454193115234
20170308154935445,-2.84756240844727
20170308154935446,-0.779996490478516
20170308154935447,0.341524505615234
20170308154935448,-2.87045059204102
20170308154935449,-0.627408599853516
20170308154935450,0.288118743896484
20170308154935451,-2.94674453735352
20170308154935452,-0.680814361572266
20170308154935453,0.463594818115234
20170308154935454,-3.00015029907227
20170308154935455,-0.673184967041016
20170308154935456,0.272859954833984
20170308154935457,-2.96963272094727
20170308154935458,-0.665555572509766
20170308154935459,0.463594818115234
20170308154935460,-2.96963272094727
20170308154935461,-0.322232818603516
20170308154935462,0.0210899353027344
20170308154935463,-2.93911514282227
20170308154935464,-0.0933509826660156
20170308154935465,-0.0552040100097656
20170308154935466,-2.87807998657227
20170308154935467,0.280489349365234
20170308154935468,-0.520597076416016
20170308154935469,-2.83993301391602
20170308154935470,0.181307220458984
20170308154935471,-0.268827056884766
20170308154935472,-2.84756240844727
20170308154935473,0.0973838806152344
20170308154935474,-0.383267974853516
20170308154935475,-2.89333877563477
20170308154935476,0.0744956970214844
20170308154935477,-0.230680084228516
20170308154935478,-2.87045059204102
20170308154935479,0.364412689208984
20170308154935480,-0.490079498291016
20170308154935481,-2.83230361938477
20170308154935482,0.364412689208984
20170308154935483,-0.650296783447266
20170308154935484,-2.85519180297852
20170308154935485,0.677217864990234
20170308154935486,-0.963101959228516
20170308154935487,-2.80941543579102
20170308154935488,0.776399993896484
20170308154935489,-1.12331924438477
20170308154935490,-2.78652725219727
20170308154935491,0.814546966552734
20170308154935492,-1.36745986938477
20170308154935493,-2.63393936157227
20170308154935494,0.722994232177734
20170308154935495,-1.61922988891602
20170308154935496,-2.48135147094727
20170308154935497,0.898470306396484
20170308154935498,-1.65737686157227
20170308154935499,-2.37453994750977
20170308154935500,0.745882415771484
20170308154935501,-1.78707656860352
20170308154935502,-2.37453994750977
20170308154935503,0.608553314208984
20170308154935504,-1.74892959594727
20170308154935505,-2.17617568969727
20170308154935506,0.692476654052734
20170308154935507,-2.04647598266602
20170308154935508,-1.94729385375977
20170308154935509,0.745882415771484
20170308154935510,-2.16854629516602
20170308154935511,-1.90914688110352
20170308154935512,0.585665130615234
20170308154935513,-2.34402236938477
20170308154935514,-1.48190078735352
20170308154935515,0.822176361083984
20170308154935516,-2.84756240844727
20170308154935517,-1.20724258422852
20170308154935518,0.570406341552734
20170308154935519,-2.94674453735352
20170308154935520,-1.05465469360352
20170308154935521,0.547518157958984
20170308154935522,-3.01540908813477
20170308154935523,-0.871549224853516
20170308154935524,0.448336029052734
20170308154935525,-2.93911514282227
20170308154935526,-0.833402252197266
20170308154935527,0.532259368896484
20170308154935528,-2.91622695922852
20170308154935529,-0.390897369384766
20170308154935530,0.211824798583984
20170308154935531,-2.95437393188477
20170308154935532,-0.451932525634766
20170308154935533,0.166048431396484
20170308154935534,-2.93911514282227
20170308154935535,-0.398526763916016
20170308154935536,0.0592369079589844
20170308154935537,-2.99252090454102
20170308154935538,-0.360379791259766
20170308154935539,-0.0933509826660156
20170308154935540,-3.00015029907227
20170308154935541,-0.0857215881347656
20170308154935542,-0.223050689697266
20170308154935543,-3.00015029907227
20170308154935544,0.166048431396484
20170308154935545,-0.322232818603516
20170308154935546,-3.00015029907227
20170308154935547,-0.100980377197266
20170308154935548,-0.238309478759766
20170308154935549,-2.94674453735352
20170308154935550,0.0821250915527344
20170308154935551,-0.360379791259766
20170308154935552,-2.91622695922852
20170308154935553,-0.0170570373535156
20170308154935554,-0.314603424072266
20170308154935555,-2.93911514282227
20170308154935556,-0.184903717041016
20170308154935557,-0.238309478759766
20170308154935558,-2.96200332641602
20170308154935559,-0.207791900634766
20170308154935560,0.0058311462402344
20170308154935561,-2.94674453735352
20170308154935562,-0.337491607666016
20170308154935563,0.127901458740234
20170308154935564,-2.91622695922852
20170308154935565,-0.268827056884766
20170308154935566,-0.100980377197266
20170308154935567,-2.90859756469727
20170308154935568,-0.162015533447266
20170308154935569,-0.238309478759766
20170308154935570,-2.87807998657227
20170308154935571,0.143160247802734
20170308154935572,-0.467191314697266
20170308154935573,-2.90096817016602
20170308154935574,0.188936614990234
20170308154935575,-0.535855865478516
20170308154935576,-2.87807998657227
20170308154935577,0.364412689208984
20170308154935578,-0.436673736572266
20170308154935579,-2.82467422485352
20170308154935580,0.501741790771484
20170308154935581,-0.574002838134766
20170308154935582,-2.80178604125977
20170308154935583,0.433077239990234
20170308154935584,-0.604520416259766
20170308154935585,-2.85519180297852
20170308154935586,0.425447845458984
20170308154935587,-0.512967681884766
20170308154935588,-2.80941543579102
20170308154935589,0.555147552490234
20170308154935590,-0.879178619384766
20170308154935591,-2.78652725219727
20170308154935592,0.822176361083984
20170308154935593,-0.848661041259766
20170308154935594,-2.76363906860352
20170308154935595,0.837435150146484
20170308154935596,-1.05465469360352
20170308154935597,-2.77126846313477
20170308154935598,0.677217864990234
20170308154935599,-1.03939590454102
20170308154935600,-2.75600967407227
20170308154935601,1.05868759155273
20170308154935602,-1.10806045532227
20170308154935603,-2.69497451782227
20170308154935604,0.784029388427734
20170308154935605,-1.14620742797852
20170308154935606,-2.59579238891602
20170308154935607,0.974764251708984
20170308154935608,-1.26827774047852
20170308154935609,-2.63393936157227
20170308154935610,0.845064544677734
20170308154935611,-1.39034805297852
20170308154935612,-2.58816299438477
20170308154935613,0.814546966552734
20170308154935614,-1.26827774047852
20170308154935615,-2.60342178344727
20170308154935616,0.951876068115234
20170308154935617,-1.35983047485352
20170308154935618,-2.57290420532227
20170308154935619,0.715364837646484
20170308154935620,-1.26827774047852
20170308154935621,-2.64919815063477
20170308154935622,0.967134857177734
20170308154935623,-1.33694229125977
20170308154935624,-2.63393936157227
20170308154935625,0.791658782958984
20170308154935626,-1.31405410766602
20170308154935627,-2.58816299438477
20170308154935628,0.707735443115234
20170308154935629,-1.46664199829102
20170308154935630,-2.56527481079102
20170308154935631,0.730623626708984
20170308154935632,-1.45901260375977
20170308154935633,-2.49661026000977
20170308154935634,0.677217864990234
20170308154935635,-1.32931289672852
20170308154935636,-2.55764541625977
20170308154935637,0.829805755615234
20170308154935638,-1.43612442016602
20170308154935639,-2.54238662719727
20170308154935640,1.05105819702148
20170308154935641,-1.33694229125977
20170308154935642,-2.51186904907227
20170308154935643,0.822176361083984
20170308154935644,-1.65737686157227
20170308154935645,-2.45083389282227
20170308154935646,0.623812103271484
20170308154935647,-1.67263565063477
20170308154935648,-2.29824600219727
20170308154935649,0.944246673583984
20170308154935650,-1.76418838500977
20170308154935651,-2.30587539672852
20170308154935652,0.776399993896484
20170308154935653,-2.00069961547852
20170308154935654,-2.06936416625977
20170308154935655,0.860323333740234
20170308154935656,-2.14565811157227
20170308154935657,-1.91677627563477
20170308154935658,0.646700286865234
20170308154935659,-2.28298721313477
20170308154935660,-1.77181777954102
20170308154935661,0.906099700927734
20170308154935662,-2.45083389282227
20170308154935663,-1.51241836547852
20170308154935664,0.684847259521484
20170308154935665,-2.65682754516602
20170308154935666,-1.41323623657227
20170308154935667,0.608553314208984
20170308154935668,-2.87045059204102
20170308154935669,-1.25301895141602
20170308154935670,0.539888763427734
20170308154935671,-2.93911514282227
20170308154935672,-1.07754287719727
20170308154935673,0.463594818115234
20170308154935674,-3.08407363891602
20170308154935675,-0.955472564697266
20170308154935676,0.455965423583984
20170308154935677,-2.93911514282227
20170308154935678,-0.696073150634766
20170308154935679,0.372042083740234
20170308154935680,-2.91622695922852
20170308154935681,-0.696073150634766
20170308154935682,0.379671478271484
20170308154935683,-2.93911514282227
20170308154935684,-0.490079498291016
20170308154935685,0.333895111083984
20170308154935686,-2.93148574829102
20170308154935687,-0.406156158447266
20170308154935688,0.295748138427734
20170308154935689,-2.88570938110352
20170308154935690,-0.520597076416016
20170308154935691,0.150789642333984
20170308154935692,-2.93911514282227
20170308154935693,-0.108609771728516
20170308154935694,-0.169644927978516
20170308154935695,-2.88570938110352
20170308154935696,0.219454193115234
20170308154935697,-0.314603424072266
20170308154935698,-2.85519180297852
20170308154935699,0.173677825927734
20170308154935700,-0.337491607666016
20170308154935701,-2.96963272094727
20170308154935702,-0.0857215881347656
20170308154935703,-0.314603424072266
20170308154935704,-2.96200332641602
20170308154935705,-0.0170570373535156
20170308154935706,-0.429044342041016
20170308154935707,-2.90096817016602
20170308154935708,0.173677825927734
20170308154935709,-0.574002838134766
20170308154935710,-2.92385635375977
20170308154935711,0.463594818115234
20170308154935712,-0.802884674072266
20170308154935713,-2.85519180297852
20170308154935714,0.532259368896484
20170308154935715,-0.772367095947266
20170308154935716,-2.81704483032227
20170308154935717,0.448336029052734
20170308154935718,-0.749478912353516
20170308154935719,-2.80178604125977
20170308154935720,0.494112396240234
20170308154935721,-0.642667388916016
20170308154935722,-2.76363906860352
20170308154935723,0.661959075927734
20170308154935724,-0.856290435791016
20170308154935725,-2.77126846313477
20170308154935726,0.715364837646484
20170308154935727,-0.894437408447266
20170308154935728,-2.70260391235352
20170308154935729,0.852693939208984
20170308154935730,-1.19961318969727
20170308154935731,-2.68734512329102
20170308154935732,1.08157577514648
20170308154935733,-1.24538955688477
20170308154935734,-2.64919815063477
20170308154935735,1.02054061889648
20170308154935736,-1.38271865844727
20170308154935737,-2.64919815063477
20170308154935738,0.814546966552734
20170308154935739,-1.37508926391602
20170308154935740,-2.59579238891602
20170308154935741,1.04342880249023
20170308154935742,-1.42086563110352
20170308154935743,-2.58053359985352
20170308154935744,0.883211517333984
20170308154935745,-1.55819473266602
20170308154935746,-2.43557510375977
20170308154935747,0.822176361083984
20170308154935748,-1.77944717407227
20170308154935749,-2.29824600219727
20170308154935750,0.677217864990234
20170308154935751,-1.83285293579102
20170308154935752,-2.13802871704102
20170308154935753,0.761141204833984
20170308154935754,-2.09988174438477
20170308154935755,-2.02358779907227
20170308154935756,0.898470306396484
20170308154935757,-2.16091690063477
20170308154935758,-1.93966445922852
20170308154935759,0.806917572021484
20170308154935760,-2.04647598266602
20170308154935761,-2.01595840454102
20170308154935762,0.661959075927734
20170308154935763,-1.88625869750977
20170308154935764,-2.11514053344727
20170308154935765,0.722994232177734
20170308154935766,-2.06173477172852
20170308154935767,-2.19143447875977
20170308154935768,0.494112396240234
20170308154935769,-1.84811172485352
20170308154935770,-2.34402236938477
20170308154935771,0.700106048583984
20170308154935772,-1.67263565063477
20170308154935773,-2.42794570922852
20170308154935774,0.738253021240234
20170308154935775,-1.59634170532227
20170308154935776,-2.37453994750977
20170308154935777,0.967134857177734
20170308154935778,-1.72604141235352
20170308154935779,-2.23721084594727
20170308154935780,0.921358489990234
20170308154935781,-1.82522354125977
20170308154935782,-2.32876358032227
20170308154935783,0.555147552490234
20170308154935784,-1.50478897094727
20170308154935785,-2.54238662719727
20170308154935786,0.898470306396484
20170308154935787,-1.48953018188477
20170308154935788,-2.51949844360352
20170308154935789,0.761141204833984
20170308154935790,-1.47427139282227
20170308154935791,-2.58816299438477
20170308154935792,0.707735443115234
20170308154935793,-1.44375381469727
20170308154935794,-2.52712783813477
20170308154935795,0.761141204833984
20170308154935796,-1.48953018188477
20170308154935797,-2.51949844360352
20170308154935798,0.921358489990234
20170308154935799,-1.47427139282227
20170308154935800,-2.48135147094727
20170308154935801,0.791658782958984
20170308154935802,-1.56582412719727
20170308154935803,-2.40505752563477
20170308154935804,0.951876068115234
20170308154935805,-1.62685928344727
20170308154935806,-2.42794570922852
20170308154935807,0.936617279052734
20170308154935808,-1.66500625610352
20170308154935809,-2.38216934204102
20170308154935810,0.867952728271484
20170308154935811,-1.70315322875977
20170308154935812,-2.26772842407227
20170308154935813,0.860323333740234
20170308154935814,-1.87862930297852
20170308154935815,-2.32876358032227
20170308154935816,0.677217864990234
20170308154935817,-1.88625869750977
20170308154935818,-2.16091690063477
20170308154935819,0.631441497802734
20170308154935820,-1.85574111938477
20170308154935821,-1.98544082641602
20170308154935822,0.784029388427734
20170308154935823,-2.24484024047852
20170308154935824,-1.83285293579102
20170308154935825,0.898470306396484
20170308154935826,-2.28298721313477
20170308154935827,-1.71078262329102
20170308154935828,0.784029388427734
20170308154935829,-2.36691055297852
20170308154935830,-1.53530654907227
20170308154935831,0.722994232177734
20170308154935832,-2.60342178344727
20170308154935833,-1.50478897094727
20170308154935834,0.738253021240234
20170308154935835,-2.74075088500977
20170308154935836,-1.39797744750977
20170308154935837,0.646700286865234
20170308154935838,-2.74075088500977
20170308154935839,-1.32168350219727
20170308154935840,0.494112396240234
20170308154935841,-2.90096817016602
20170308154935842,-1.19961318969727
20170308154935843,0.509371185302734
20170308154935844,-2.79415664672852
20170308154935845,-1.13094863891602
20170308154935846,0.517000579833984
20170308154935847,-2.90859756469727
20170308154935848,-1.03939590454102
20170308154935849,0.486483001708984
20170308154935850,-2.92385635375977
20170308154935851,-1.06228408813477
20170308154935852,0.555147552490234
20170308154935853,-3.02303848266602
20170308154935854,-0.902066802978516
20170308154935855,0.463594818115234
20170308154935856,-2.98489151000977
20170308154935857,-0.764737701416016
20170308154935858,0.532259368896484
20170308154935859,-2.90859756469727
20170308154935860,-0.703702545166016
20170308154935861,0.333895111083984
20170308154935862,-2.94674453735352
20170308154935863,-0.459561920166016
20170308154935864,0.204195404052734
20170308154935865,-2.96963272094727
20170308154935866,-0.383267974853516
20170308154935867,0.0439781188964844
20170308154935868,-3.02303848266602
20170308154935869,-0.284085845947266
20170308154935870,0.158419036865234
20170308154935871,-2.96963272094727
20170308154935872,-0.512967681884766
20170308154935873,0.0592369079589844
20170308154935874,-2.87807998657227
20170308154935875,-0.490079498291016
20170308154935876,0.211824798583984
20170308154935877,-2.99252090454102
20170308154935878,-0.467191314697266
20170308154935879,0.219454193115234
20170308154935880,-2.97726211547852
20170308154935881,-0.329862213134766
20170308154935882,0.143160247802734
20170308154935883,-2.92385635375977
20170308154935884,-0.238309478759766
20170308154935885,-0.146756744384766
20170308154935886,-2.92385635375977
20170308154935887,-0.0094276428222656
20170308154935888,-0.329862213134766
20170308154935889,-2.87807998657227
20170308154935890,-0.0475746154785156
20170308154935891,-0.238309478759766
20170308154935892,-2.90859756469727
20170308154935893,0.0439781188964844
20170308154935894,-0.291715240478516
20170308154935895,-2.85519180297852
20170308154935896,0.135530853271484
20170308154935897,-0.390897369384766
20170308154935898,-2.79415664672852
20170308154935899,0.341524505615234
20170308154935900,-0.474820709228516
20170308154935901,-2.82467422485352
20170308154935902,0.417818450927734
20170308154935903,-0.574002838134766
20170308154935904,-2.78652725219727
20170308154935905,0.463594818115234
20170308154935906,-0.490079498291016
20170308154935907,-2.82467422485352
20170308154935908,0.768770599365234
20170308154935909,-0.718961334228516
20170308154935910,-2.74838027954102
20170308154935911,0.509371185302734
20170308154935912,-0.726590728759766
20170308154935913,-2.82467422485352
20170308154935914,0.471224212646484
20170308154935915,-0.772367095947266
20170308154935916,-2.81704483032227
20170308154935917,0.600923919677734
20170308154935918,-0.711331939697266
20170308154935919,-2.82467422485352
20170308154935920,0.448336029052734
20170308154935921,-0.825772857666016
20170308154935922,-2.83993301391602
20170308154935923,0.417818450927734
20170308154935924,-0.696073150634766
20170308154935925,-2.87045059204102
20170308154935926,0.562776947021484
20170308154935927,-0.825772857666016
20170308154935928,-2.83993301391602
20170308154935929,0.524629974365234
20170308154935930,-0.810514068603516
20170308154935931,-2.83993301391602
20170308154935932,0.433077239990234
20170308154935933,-0.802884674072266
20170308154935934,-2.90096817016602
20170308154935935,0.661959075927734
20170308154935936,-0.818143463134766
20170308154935937,-2.80178604125977
20170308154935938,0.593294525146484
20170308154935939,-0.764737701416016
20170308154935940,-2.87807998657227
20170308154935941,0.440706634521484
20170308154935942,-0.703702545166016
20170308154935943,-2.83993301391602
20170308154935944,0.860323333740234
20170308154935945,-0.955472564697266
20170308154935946,-2.80941543579102
20170308154935947,0.776399993896484
20170308154935948,-0.818143463134766
20170308154935949,-2.85519180297852
20170308154935950,0.814546966552734
20170308154935951,-1.11568984985352
20170308154935952,-2.80178604125977
20170308154935953,0.715364837646484
20170308154935954,-1.03176651000977
20170308154935955,-2.77889785766602
20170308154935956,0.837435150146484
20170308154935957,-1.19961318969727
20170308154935958,-2.75600967407227
20170308154935959,0.791658782958984
20170308154935960,-1.22250137329102
20170308154935961,-2.74075088500977
20170308154935962,0.661959075927734
20170308154935963,-1.18435440063477
20170308154935964,-2.69497451782227
20170308154935965,0.761141204833984
20170308154935966,-1.02413711547852
20170308154935967,-2.77889785766602
20170308154935968,0.631441497802734
20170308154935969,-1.03176651000977
20170308154935970,-2.79415664672852
20170308154935971,0.692476654052734
20170308154935972,-1.09280166625977
20170308154935973,-2.67208633422852
20170308154935974,0.753511810302734
20170308154935975,-1.23013076782227
20170308154935976,-2.59579238891602
20170308154935977,0.776399993896484
20170308154935978,-1.33694229125977
20170308154935979,-2.56527481079102
20170308154935980,0.867952728271484
20170308154935981,-1.42849502563477
20170308154935982,-2.44320449829102
20170308154935983,0.715364837646484
20170308154935984,-1.39797744750977
20170308154935985,-2.42031631469727
20170308154935986,0.913729095458984
20170308154935987,-1.77181777954102
20170308154935988,-2.13039932250977
20170308154935989,0.776399993896484
20170308154935990,-2.11514053344727
20170308154935991,-2.06173477172852
20170308154935992,0.738253021240234
20170308154935993,-2.23721084594727
20170308154935994,-1.71841201782227
20170308154935995,0.806917572021484
20170308154935996,-2.42794570922852
20170308154935997,-1.52004776000977
20170308154935998,0.700106048583984
20170308154935999,-2.57290420532227
20170308154936000,-1.33694229125977
20170308154936001,0.768770599365234
20170308154936002,-2.91622695922852
20170308154936003,-1.05465469360352
20170308154936004,0.715364837646484
20170308154936005,-2.96200332641602
20170308154936006,-0.902066802978516
20170308154936007,0.501741790771484
20170308154936008,-2.96963272094727
20170308154936009,-0.734220123291016
20170308154936010,0.417818450927734
20170308154936011,-2.90096817016602
20170308154936012,-0.535855865478516
20170308154936013,0.181307220458984
20170308154936014,-2.90096817016602
20170308154936015,-0.444303131103516
20170308154936016,0.410189056396484
20170308154936017,-2.90859756469727
20170308154936018,-0.451932525634766
20170308154936019,0.0668663024902344
20170308154936020,-2.89333877563477
20170308154936021,-0.314603424072266
20170308154936022,0.0821250915527344
20170308154936023,-2.93911514282227
20170308154936024,-0.291715240478516
20170308154936025,0.0516075134277344
20170308154936026,-2.91622695922852
20170308154936027,-0.215421295166016
20170308154936028,-0.131497955322266
20170308154936029,-2.92385635375977
20170308154936030,-0.223050689697266
20170308154936031,-0.0323158264160156
20170308154936032,-2.93911514282227
20170308154936033,-0.245938873291016
20170308154936034,-0.146756744384766
20170308154936035,-2.94674453735352
20170308154936036,-0.0552040100097656
20170308154936037,0.0058311462402344
20170308154936038,-2.93148574829102
20170308154936039,-0.0399452209472656
20170308154936040,-0.306974029541016
20170308154936041,-2.93911514282227
20170308154936042,-0.200162506103516
20170308154936043,-0.192533111572266
20170308154936044,-2.90096817016602
20170308154936045,-0.116239166259766
20170308154936046,-0.261197662353516
20170308154936047,-2.83230361938477
20170308154936048,0.0134605407714844
20170308154936049,-0.131497955322266
20170308154936050,-2.80941543579102
20170308154936051,0.0287193298339844
20170308154936052,-0.276456451416016
20170308154936053,-2.87045059204102
20170308154936054,0.0516075134277344
20170308154936055,-0.398526763916016
20170308154936056,-2.85519180297852
20170308154936057,0.173677825927734
20170308154936058,-0.421414947509766
20170308154936059,-2.84756240844727
20170308154936060,-0.0017982482910156
20170308154936061,-0.322232818603516
20170308154936062,-2.89333877563477
20170308154936063,0.234712982177734
20170308154936064,-0.429044342041016
20170308154936065,-2.85519180297852
20170308154936066,0.486483001708984
20170308154936067,-0.436673736572266
20170308154936068,-2.88570938110352
20170308154936069,0.387300872802734
20170308154936070,-0.718961334228516
20170308154936071,-2.85519180297852
20170308154936072,0.501741790771484
20170308154936073,-0.627408599853516
20170308154936074,-2.89333877563477
20170308154936075,0.776399993896484
20170308154936076,-0.947843170166016
20170308154936077,-2.74075088500977
20170308154936078,0.517000579833984
20170308154936079,-0.787625885009766
20170308154936080,-2.80178604125977
20170308154936081,0.509371185302734
20170308154936082,-0.703702545166016
20170308154936083,-2.86282119750977
20170308154936084,0.806917572021484
20170308154936085,-0.764737701416016
20170308154936086,-2.67971572875977
20170308154936087,0.837435150146484
20170308154936088,-0.917325592041016
20170308154936089,-2.67208633422852
20170308154936090,0.768770599365234
20170308154936091,-0.963101959228516
20170308154936092,-2.69497451782227
20170308154936093,0.738253021240234
20170308154936094,-0.978360748291016
20170308154936095,-2.77889785766602
20170308154936096,0.669588470458984
20170308154936097,-1.09280166625977
20170308154936098,-2.69497451782227
20170308154936099,0.860323333740234
20170308154936100,-1.24538955688477
20170308154936101,-2.55001602172852
20170308154936102,0.875582122802734
20170308154936103,-1.56582412719727
20170308154936104,-2.33639297485352
20170308154936105,0.776399993896484
20170308154936106,-1.77181777954102
20170308154936107,-2.33639297485352
20170308154936108,0.715364837646484
20170308154936109,-1.77181777954102
20170308154936110,-2.26009902954102
20170308154936111,0.684847259521484
20170308154936112,-1.73367080688477
20170308154936113,-2.29824600219727
20170308154936114,0.745882415771484
20170308154936115,-1.83285293579102
20170308154936116,-2.34402236938477
20170308154936117,0.730623626708984
20170308154936118,-1.87862930297852
20170308154936119,-2.21432266235352
20170308154936120,0.654329681396484
20170308154936121,-1.88625869750977
20170308154936122,-2.29824600219727
20170308154936123,0.593294525146484
20170308154936124,-1.75655899047852
20170308154936125,-2.29061660766602
20170308154936126,0.845064544677734
20170308154936127,-1.90914688110352
20170308154936128,-2.15328750610352
20170308154936129,0.692476654052734
20170308154936130,-2.03121719360352
20170308154936131,-1.91677627563477
20170308154936132,0.738253021240234
20170308154936133,-2.07699356079102
20170308154936134,-1.89388809204102
20170308154936135,0.806917572021484
20170308154936136,-2.21432266235352
20170308154936137,-1.72604141235352
20170308154936138,0.890840911865234
20170308154936139,-2.33639297485352
20170308154936140,-1.59634170532227
20170308154936141,0.753511810302734
20170308154936142,-2.65682754516602
20170308154936143,-1.41323623657227
20170308154936144,0.722994232177734
20170308154936145,-2.69497451782227
20170308154936146,-1.25301895141602
20170308154936147,0.722994232177734
20170308154936148,-2.84756240844727
20170308154936149,-1.23013076782227
20170308154936150,0.814546966552734
20170308154936151,-2.96963272094727
20170308154936152,-1.03176651000977
20170308154936153,0.539888763427734
20170308154936154,-2.99252090454102
20170308154936155,-0.688443756103516
20170308154936156,0.478853607177734
20170308154936157,-2.96200332641602
20170308154936158,-0.604520416259766
20170308154936159,0.234712982177734
20170308154936160,-2.93148574829102
20170308154936161,-0.490079498291016
20170308154936162,0.120272064208984
20170308154936163,-3.02303848266602
20170308154936164,-0.390897369384766
20170308154936165,0.120272064208984
20170308154936166,-2.88570938110352
20170308154936167,-0.490079498291016
20170308154936168,0.127901458740234
20170308154936169,-3.00015029907227
20170308154936170,-0.360379791259766
20170308154936171,-0.0628334045410156
20170308154936172,-2.96200332641602
20170308154936173,-0.0933509826660156
20170308154936174,-0.253568267822266
20170308154936175,-2.89333877563477
20170308154936176,0.402559661865234
20170308154936177,-0.512967681884766
20170308154936178,-2.84756240844727
20170308154936179,0.387300872802734
20170308154936180,-0.680814361572266
20170308154936181,-2.80941543579102
20170308154936182,0.776399993896484
20170308154936183,-0.963101959228516
20170308154936184,-2.80178604125977
20170308154936185,0.715364837646484
20170308154936186,-0.993619537353516
20170308154936187,-2.83993301391602
20170308154936188,0.806917572021484
20170308154936189,-1.13094863891602
20170308154936190,-2.80941543579102
20170308154936191,0.799288177490234
20170308154936192,-1.19198379516602
20170308154936193,-2.69497451782227
20170308154936194,0.928987884521484
20170308154936195,-1.22250137329102
20170308154936196,-2.67208633422852
20170308154936197,0.768770599365234
20170308154936198,-1.23013076782227
20170308154936199,-2.64919815063477
20170308154936200,0.898470306396484
20170308154936201,-1.19198379516602
20170308154936202,-2.64156875610352
20170308154936203,0.921358489990234
20170308154936204,-1.38271865844727
20170308154936205,-2.55764541625977
20170308154936206,0.715364837646484
20170308154936207,-1.45138320922852
20170308154936208,-2.52712783813477
20170308154936209,0.753511810302734
20170308154936210,-1.51241836547852
20170308154936211,-2.46609268188477
20170308154936212,0.738253021240234
20170308154936213,-1.51241836547852
20170308154936214,-2.48135147094727
20170308154936215,0.845064544677734
20170308154936216,-1.29116592407227
20170308154936217,-2.54238662719727
20170308154936218,0.745882415771484
20170308154936219,-1.36745986938477
20170308154936220,-2.57290420532227
20170308154936221,0.791658782958984
20170308154936222,-1.34457168579102
20170308154936223,-2.57290420532227
20170308154936224,0.761141204833984
20170308154936225,-1.43612442016602
20170308154936226,-2.58053359985352
20170308154936227,0.913729095458984
20170308154936228,-1.49715957641602
20170308154936229,-2.49661026000977
20170308154936230,0.745882415771484
20170308154936231,-1.42086563110352
20170308154936232,-2.50423965454102
20170308154936233,0.799288177490234
20170308154936234,-1.41323623657227
20170308154936235,-2.61105117797852
20170308154936236,0.791658782958984
20170308154936237,-1.65737686157227
20170308154936238,-2.41268692016602
20170308154936239,0.707735443115234
20170308154936240,-1.74130020141602
20170308154936241,-2.32876358032227
20170308154936242,0.852693939208984
20170308154936243,-1.86337051391602
20170308154936244,-2.20669326782227
20170308154936245,0.608553314208984
20170308154936246,-1.93966445922852
20170308154936247,-2.18380508422852
20170308154936248,0.623812103271484
20170308154936249,-1.87862930297852
20170308154936250,-2.23721084594727
20170308154936251,0.692476654052734
20170308154936252,-1.83285293579102
20170308154936253,-2.26009902954102
20170308154936254,0.967134857177734
20170308154936255,-1.74130020141602
20170308154936256,-2.24484024047852
20170308154936257,0.753511810302734
20170308154936258,-1.97781143188477
20170308154936259,-2.06936416625977
20170308154936260,0.646700286865234
20170308154936261,-2.04647598266602
20170308154936262,-2.00832901000977
20170308154936263,0.860323333740234
20170308154936264,-2.13802871704102
20170308154936265,-1.87099990844727
20170308154936266,0.738253021240234
20170308154936267,-2.27535781860352
20170308154936268,-1.68026504516602
20170308154936269,0.784029388427734
20170308154936270,-2.49661026000977
20170308154936271,-1.44375381469727
20170308154936272,0.776399993896484
20170308154936273,-2.71023330688477
20170308154936274,-1.31405410766602
20170308154936275,0.768770599365234
20170308154936276,-2.92385635375977
20170308154936277,-1.16909561157227
20170308154936278,0.661959075927734
20170308154936279,-2.93911514282227
20170308154936280,-0.947843170166016
20170308154936281,0.501741790771484
20170308154936282,-2.99252090454102
20170308154936283,-0.886808013916016
20170308154936284,0.433077239990234
20170308154936285,-2.96200332641602
20170308154936286,-1.03176651000977
20170308154936287,0.471224212646484
20170308154936288,-2.99252090454102
20170308154936289,-0.802884674072266
20170308154936290,0.410189056396484
20170308154936291,-2.91622695922852
20170308154936292,-0.673184967041016
20170308154936293,0.402559661865234
20170308154936294,-2.96963272094727
20170308154936295,-0.566373443603516
20170308154936296,0.211824798583984
20170308154936297,-3.04592666625977
20170308154936298,-0.512967681884766
20170308154936299,0.0973838806152344
20170308154936300,-3.02303848266602
20170308154936301,-0.291715240478516
20170308154936302,-0.146756744384766
20170308154936303,-2.90859756469727
20170308154936304,0.0592369079589844
20170308154936305,-0.0933509826660156
20170308154936306,-2.85519180297852
20170308154936307,0.204195404052734
20170308154936308,-0.390897369384766
20170308154936309,-2.88570938110352
20170308154936310,0.288118743896484
20170308154936311,-0.612149810791016
20170308154936312,-2.86282119750977
20170308154936313,0.455965423583984
20170308154936314,-0.589261627197266
20170308154936315,-2.74838027954102
20170308154936316,0.722994232177734
20170308154936317,-0.680814361572266
20170308154936318,-2.77126846313477
20170308154936319,0.692476654052734
20170308154936320,-0.932584381103516
20170308154936321,-2.90859756469727
20170308154936322,0.501741790771484
20170308154936323,-0.818143463134766
20170308154936324,-2.89333877563477
20170308154936325,0.646700286865234
20170308154936326,-0.932584381103516
20170308154936327,-2.88570938110352
20170308154936328,0.631441497802734
20170308154936329,-1.06228408813477
20170308154936330,-2.73312149047852
20170308154936331,0.776399993896484
20170308154936332,-1.19961318969727
20170308154936333,-2.75600967407227
20170308154936334,0.730623626708984
20170308154936335,-1.16909561157227
20170308154936336,-2.74075088500977
20170308154936337,0.860323333740234
20170308154936338,-1.12331924438477
20170308154936339,-2.63393936157227
20170308154936340,0.898470306396484
20170308154936341,-1.39034805297852
20170308154936342,-2.57290420532227
20170308154936343,0.707735443115234
20170308154936344,-1.22250137329102
20170308154936345,-2.64919815063477
20170308154936346,0.852693939208984
20170308154936347,-1.33694229125977
20170308154936348,-2.49661026000977
20170308154936349,0.784029388427734
20170308154936350,-1.04702529907227
20170308154936351,-2.71023330688477
20170308154936352,0.700106048583984
20170308154936353,-1.14620742797852
20170308154936354,-2.83993301391602
20170308154936355,0.806917572021484
20170308154936356,-1.16909561157227
20170308154936357,-2.74075088500977
20170308154936358,0.822176361083984
20170308154936359,-1.21487197875977
20170308154936360,-2.63393936157227
20170308154936361,0.921358489990234
20170308154936362,-1.37508926391602
20170308154936363,-2.49661026000977
20170308154936364,0.867952728271484
20170308154936365,-1.64974746704102
20170308154936366,-2.35928115844727
20170308154936367,0.722994232177734
20170308154936368,-1.87099990844727
20170308154936369,-2.20669326782227
20170308154936370,0.654329681396484
20170308154936371,-1.90151748657227
20170308154936372,-2.14565811157227
20170308154936373,0.700106048583984
20170308154936374,-2.07699356079102
20170308154936375,-2.06173477172852
20170308154936376,0.616182708740234
20170308154936377,-2.18380508422852
20170308154936378,-2.13802871704102
20170308154936379,0.837435150146484
20170308154936380,-2.00832901000977
20170308154936381,-2.09225234985352
20170308154936382,0.722994232177734
20170308154936383,-2.01595840454102
20170308154936384,-2.09225234985352
20170308154936385,0.669588470458984
20170308154936386,-1.98544082641602
20170308154936387,-1.97018203735352
20170308154936388,0.867952728271484
20170308154936389,-2.09988174438477
20170308154936390,-2.10751113891602
20170308154936391,0.707735443115234
20170308154936392,-2.16091690063477
20170308154936393,-1.84811172485352
20170308154936394,0.867952728271484
20170308154936395,-2.32113418579102
20170308154936396,-1.58108291625977
20170308154936397,0.753511810302734
20170308154936398,-2.45083389282227
20170308154936399,-1.53530654907227
20170308154936400,0.661959075927734
20170308154936401,-2.62630996704102
20170308154936402,-1.40560684204102
20170308154936403,0.608553314208984
20170308154936404,-2.83993301391602
20170308154936405,-1.16909561157227
20170308154936406,0.578035736083984
20170308154936407,-2.96963272094727
20170308154936408,-1.23776016235352
20170308154936409,0.555147552490234
20170308154936410,-2.85519180297852
20170308154936411,-1.00124893188477
20170308154936412,0.578035736083984
20170308154936413,-2.99252090454102
20170308154936414,-0.741849517822266
20170308154936415,0.349153900146484
20170308154936416,-2.98489151000977
20170308154936417,-0.429044342041016
20170308154936418,0.211824798583984
20170308154936419,-3.02303848266602
20170308154936420,-0.413785552978516
20170308154936421,0.0134605407714844
20170308154936422,-3.02303848266602
20170308154936423,-0.299344635009766
20170308154936424,-0.0933509826660156
20170308154936425,-2.96200332641602
20170308154936426,-0.299344635009766
20170308154936427,-0.0628334045410156
20170308154936428,-2.94674453735352
20170308154936429,0.0210899353027344
20170308154936430,-0.245938873291016
20170308154936431,-2.84756240844727
20170308154936432,-0.0246864318847656
20170308154936433,-0.284085845947266
20170308154936434,-2.90096817016602
20170308154936435,-0.146756744384766
20170308154936436,-0.0017982482910156
20170308154936437,-2.90859756469727
20170308154936438,0.0363487243652344
20170308154936439,-0.390897369384766
20170308154936440,-2.86282119750977
20170308154936441,0.249971771240234
20170308154936442,-0.589261627197266
20170308154936443,-2.92385635375977
20170308154936444,0.517000579833984
20170308154936445,-0.696073150634766
20170308154936446,-2.87045059204102
20170308154936447,0.784029388427734
20170308154936448,-1.02413711547852
20170308154936449,-2.80941543579102
20170308154936450,0.707735443115234
20170308154936451,-1.12331924438477
20170308154936452,-2.79415664672852
20170308154936453,0.883211517333984
20170308154936454,-1.35220108032227
20170308154936455,-2.59579238891602
20170308154936456,0.745882415771484
20170308154936457,-1.51241836547852
20170308154936458,-2.52712783813477
20170308154936459,0.722994232177734
20170308154936460,-1.40560684204102
20170308154936461,-2.60342178344727
20170308154936462,0.852693939208984
20170308154936463,-1.45901260375977
20170308154936464,-2.63393936157227
20170308154936465,0.852693939208984
20170308154936466,-1.56582412719727
20170308154936467,-2.52712783813477
20170308154936468,0.700106048583984
20170308154936469,-1.72604141235352
20170308154936470,-2.31350479125977
20170308154936471,0.707735443115234
20170308154936472,-1.86337051391602
20170308154936473,-2.16091690063477
20170308154936474,0.745882415771484
20170308154936475,-1.93203506469727
20170308154936476,-2.24484024047852
20170308154936477,0.715364837646484
20170308154936478,-1.94729385375977
20170308154936479,-2.13039932250977
20170308154936480,0.845064544677734
20170308154936481,-2.06173477172852
20170308154936482,-1.96255264282227
20170308154936483,0.814546966552734
20170308154936484,-2.13802871704102
20170308154936485,-2.07699356079102
20170308154936486,0.578035736083984
20170308154936487,-2.00832901000977
20170308154936488,-2.13039932250977
20170308154936489,0.608553314208984
20170308154936490,-1.81759414672852
20170308154936491,-2.29061660766602
20170308154936492,0.860323333740234
20170308154936493,-1.87862930297852
20170308154936494,-2.31350479125977
20170308154936495,0.860323333740234
20170308154936496,-1.71078262329102
20170308154936497,-2.30587539672852
20170308154936498,0.768770599365234
20170308154936499,-1.82522354125977
20170308154936500,-2.17617568969727
20170308154936501,0.791658782958984
20170308154936502,-2.02358779907227
20170308154936503,-2.06936416625977
20170308154936504,0.730623626708984
20170308154936505,-2.14565811157227
20170308154936506,-2.14565811157227
20170308154936507,0.837435150146484
20170308154936508,-2.06936416625977
20170308154936509,-2.01595840454102
20170308154936510,0.707735443115234
20170308154936511,-2.18380508422852
20170308154936512,-1.90914688110352
20170308154936513,0.799288177490234
20170308154936514,-2.32876358032227
20170308154936515,-1.66500625610352
20170308154936516,0.784029388427734
20170308154936517,-2.44320449829102
20170308154936518,-1.59634170532227
20170308154936519,0.608553314208984
20170308154936520,-2.45083389282227
20170308154936521,-1.57345352172852
20170308154936522,0.661959075927734
20170308154936523,-2.51186904907227
20170308154936524,-1.33694229125977
20170308154936525,0.593294525146484
20170308154936526,-2.66445693969727
20170308154936527,-1.35220108032227
20170308154936528,0.791658782958984
20170308154936529,-2.69497451782227
20170308154936530,-1.39797744750977
20170308154936531,0.585665130615234
20170308154936532,-2.77889785766602
20170308154936533,-1.30642471313477
20170308154936534,0.654329681396484
20170308154936535,-2.91622695922852
20170308154936536,-1.13857803344727
20170308154936537,0.669588470458984
20170308154936538,-3.00777969360352
20170308154936539,-1.05465469360352
20170308154936540,0.455965423583984
20170308154936541,-3.03066787719727
20170308154936542,-0.955472564697266
20170308154936543,0.440706634521484
20170308154936544,-2.96200332641602
20170308154936545,-0.726590728759766
20170308154936546,0.249971771240234
20170308154936547,-2.93911514282227
20170308154936548,-0.528226470947266
20170308154936549,0.272859954833984
20170308154936550,-3.09170303344727
20170308154936551,-0.200162506103516
20170308154936552,-0.0246864318847656
20170308154936553,-2.95437393188477
20170308154936554,-0.223050689697266
20170308154936555,-0.162015533447266
20170308154936556,-2.90096817016602
20170308154936557,-0.0017982482910156
20170308154936558,-0.352750396728516
20170308154936559,-2.85519180297852
20170308154936560,0.356783294677734
20170308154936561,-0.574002838134766
20170308154936562,-2.85519180297852
20170308154936563,0.532259368896484
20170308154936564,-0.825772857666016
20170308154936565,-2.78652725219727
20170308154936566,0.852693939208984
20170308154936567,-1.00124893188477
20170308154936568,-2.77889785766602
20170308154936569,0.921358489990234
20170308154936570,-1.12331924438477
20170308154936571,-2.67208633422852
20170308154936572,0.799288177490234
20170308154936573,-1.42086563110352
20170308154936574,-2.59579238891602
20170308154936575,0.791658782958984
20170308154936576,-1.63448867797852
20170308154936577,-2.42794570922852
20170308154936578,0.555147552490234
20170308154936579,-1.62685928344727
20170308154936580,-2.29824600219727
20170308154936581,0.661959075927734
20170308154936582,-1.44375381469727
20170308154936583,-2.50423965454102
20170308154936584,0.791658782958984
20170308154936585,-1.77181777954102
20170308154936586,-2.32876358032227
20170308154936587,0.776399993896484
20170308154936588,-2.05410537719727
20170308154936589,-1.96255264282227
20170308154936590,0.631441497802734
20170308154936591,-2.16854629516602
20170308154936592,-2.01595840454102
20170308154936593,0.959505462646484
20170308154936594,-2.09225234985352
20170308154936595,-1.91677627563477
20170308154936596,0.654329681396484
20170308154936597,-2.26009902954102
20170308154936598,-1.79470596313477
20170308154936599,1.03579940795898
20170308154936600,-2.20669326782227
20170308154936601,-1.80996475219727
20170308154936602,0.730623626708984
20170308154936603,-2.33639297485352
20170308154936604,-1.55056533813477
20170308154936605,0.707735443115234
20170308154936606,-2.55764541625977
20170308154936607,-1.43612442016602
20170308154936608,0.646700286865234
20170308154936609,-2.65682754516602
20170308154936610,-1.42849502563477
20170308154936611,0.539888763427734
20170308154936612,-2.49661026000977
20170308154936613,-1.52767715454102
20170308154936614,0.692476654052734
20170308154936615,-2.50423965454102
20170308154936616,-1.48953018188477
20170308154936617,0.784029388427734
20170308154936618,-2.73312149047852
20170308154936619,-1.46664199829102
20170308154936620,0.539888763427734
20170308154936621,-2.64919815063477
20170308154936622,-1.39034805297852
20170308154936623,0.654329681396484
20170308154936624,-2.58816299438477
20170308154936625,-1.46664199829102
20170308154936626,0.555147552490234
20170308154936627,-2.61105117797852
20170308154936628,-1.48953018188477
20170308154936629,0.700106048583984
20170308154936630,-2.56527481079102
20170308154936631,-1.51241836547852
20170308154936632,0.745882415771484
20170308154936633,-2.64156875610352
20170308154936634,-1.34457168579102
20170308154936635,0.616182708740234
20170308154936636,-2.64156875610352
20170308154936637,-1.39034805297852
20170308154936638,0.761141204833984
20170308154936639,-2.62630996704102
20170308154936640,-1.45138320922852
20170308154936641,0.578035736083984
20170308154936642,-2.49661026000977
20170308154936643,-1.78707656860352
20170308154936644,0.692476654052734
20170308154936645,-2.38979873657227
20170308154936646,-1.75655899047852
20170308154936647,0.539888763427734
20170308154936648,-2.11514053344727
20170308154936649,-2.01595840454102
20170308154936650,0.646700286865234
20170308154936651,-2.02358779907227
20170308154936652,-2.17617568969727
20170308154936653,0.539888763427734
20170308154936654,-1.81759414672852
20170308154936655,-2.26772842407227
20170308154936656,0.776399993896484
20170308154936657,-1.86337051391602
20170308154936658,-2.17617568969727
20170308154936659,0.707735443115234
20170308154936660,-2.01595840454102
20170308154936661,-2.19143447875977
20170308154936662,0.562776947021484
20170308154936663,-1.84048233032227
20170308154936664,-2.42031631469727
20170308154936665,0.669588470458984
20170308154936666,-1.57345352172852
20170308154936667,-2.47372207641602
20170308154936668,0.738253021240234
20170308154936669,-1.65737686157227
20170308154936670,-2.45083389282227
20170308154936671,0.875582122802734
20170308154936672,-1.66500625610352
20170308154936673,-2.47372207641602
20170308154936674,0.692476654052734
20170308154936675,-1.78707656860352
20170308154936676,-2.29824600219727
20170308154936677,0.661959075927734
20170308154936678,-1.76418838500977
20170308154936679,-2.30587539672852
20170308154936680,0.791658782958984
20170308154936681,-1.84811172485352
20170308154936682,-2.19906387329102
20170308154936683,0.761141204833984
20170308154936684,-2.00832901000977
20170308154936685,-2.25246963500977
20170308154936686,0.715364837646484
20170308154936687,-1.91677627563477
20170308154936688,-2.07699356079102
20170308154936689,0.852693939208984
20170308154936690,-2.30587539672852
20170308154936691,-1.91677627563477
20170308154936692,0.646700286865234
20170308154936693,-2.37453994750977
20170308154936694,-1.71841201782227
20170308154936695,0.692476654052734
20170308154936696,-2.51949844360352
20170308154936697,-1.45138320922852
20170308154936698,0.600923919677734
20170308154936699,-2.62630996704102
20170308154936700,-1.46664199829102
20170308154936701,0.639070892333984
20170308154936702,-2.66445693969727
20170308154936703,-1.54293594360352
20170308154936704,0.692476654052734
20170308154936705,-2.66445693969727
20170308154936706,-1.42086563110352
20170308154936707,0.509371185302734
20170308154936708,-2.61868057250977
20170308154936709,-1.35983047485352
20170308154936710,0.578035736083984
20170308154936711,-2.90859756469727
20170308154936712,-1.21487197875977
20170308154936713,0.738253021240234
20170308154936714,-2.93148574829102
20170308154936715,-1.01650772094727
20170308154936716,0.524629974365234
20170308154936717,-2.98489151000977
20170308154936718,-0.917325592041016
20170308154936719,0.448336029052734
20170308154936720,-2.97726211547852
20170308154936721,-0.635037994384766
20170308154936722,0.387300872802734
20170308154936723,-2.97726211547852
20170308154936724,-0.711331939697266
20170308154936725,0.341524505615234
20170308154936726,-3.00777969360352
20170308154936727,-0.566373443603516
20170308154936728,0.249971771240234
20170308154936729,-3.03829727172852
20170308154936730,-0.520597076416016
20170308154936731,0.120272064208984
20170308154936732,-2.93911514282227
20170308154936733,-0.322232818603516
20170308154936734,-0.0475746154785156
20170308154936735,-2.99252090454102
20170308154936736,-0.276456451416016
20170308154936737,-0.192533111572266
20170308154936738,-2.96200332641602
20170308154936739,0.0668663024902344
20170308154936740,-0.436673736572266
20170308154936741,-2.94674453735352
20170308154936742,0.326265716552734
20170308154936743,-0.436673736572266
20170308154936744,-2.90096817016602
20170308154936745,0.417818450927734
20170308154936746,-0.535855865478516
20170308154936747,-2.87045059204102
20170308154936748,0.555147552490234
20170308154936749,-0.566373443603516
20170308154936750,-2.80178604125977
20170308154936751,0.722994232177734
20170308154936752,-0.673184967041016
20170308154936753,-2.84756240844727
20170308154936754,0.600923919677734
20170308154936755,-0.718961334228516
20170308154936756,-2.80178604125977
20170308154936757,0.806917572021484
20170308154936758,-0.932584381103516
20170308154936759,-2.81704483032227
20170308154936760,0.898470306396484
20170308154936761,-1.29879531860352
20170308154936762,-2.74838027954102
20170308154936763,0.852693939208984
20170308154936764,-1.42849502563477
20170308154936765,-2.51949844360352
20170308154936766,0.883211517333984
20170308154936767,-1.71841201782227
20170308154936768,-2.42794570922852
20170308154936769,0.829805755615234
20170308154936770,-1.78707656860352
20170308154936771,-2.22958145141602
20170308154936772,0.722994232177734
20170308154936773,-1.97781143188477
20170308154936774,-2.14565811157227
20170308154936775,0.555147552490234
20170308154936776,-1.95492324829102
20170308154936777,-2.18380508422852
20170308154936778,0.784029388427734
20170308154936779,-1.97018203735352
20170308154936780,-2.09225234985352
20170308154936781,0.776399993896484
20170308154936782,-2.03121719360352
20170308154936783,-2.09225234985352
20170308154936784,0.669588470458984
20170308154936785,-2.04647598266602
20170308154936786,-2.04647598266602
20170308154936787,0.623812103271484
20170308154936788,-2.09988174438477
20170308154936789,-1.93966445922852
20170308154936790,0.570406341552734
20170308154936791,-2.21432266235352
20170308154936792,-1.91677627563477
20170308154936793,0.692476654052734
20170308154936794,-2.33639297485352
20170308154936795,-1.71841201782227
20170308154936796,0.623812103271484
20170308154936797,-2.41268692016602
20170308154936798,-1.65737686157227
20170308154936799,0.906099700927734
20170308154936800,-2.38216934204102
20170308154936801,-1.50478897094727
20170308154936802,0.555147552490234
20170308154936803,-2.49661026000977
20170308154936804,-1.61922988891602
20170308154936805,0.654329681396484
20170308154936806,-2.56527481079102
20170308154936807,-1.43612442016602
20170308154936808,0.646700286865234
20170308154936809,-2.75600967407227
20170308154936810,-1.33694229125977
20170308154936811,0.578035736083984
20170308154936812,-2.73312149047852
20170308154936813,-1.29879531860352
20170308154936814,0.616182708740234
20170308154936815,-2.71023330688477
20170308154936816,-1.38271865844727
20170308154936817,0.677217864990234
20170308154936818,-2.71023330688477
20170308154936819,-1.48953018188477
20170308154936820,0.547518157958984
20170308154936821,-2.47372207641602
20170308154936822,-1.47427139282227
20170308154936823,0.547518157958984
20170308154936824,-2.40505752563477
20170308154936825,-1.73367080688477
20170308154936826,0.562776947021484
20170308154936827,-2.45083389282227
20170308154936828,-1.60397109985352
20170308154936829,0.600923919677734
20170308154936830,-2.55001602172852
20170308154936831,-1.55819473266602
20170308154936832,0.776399993896484
20170308154936833,-2.58053359985352
20170308154936834,-1.46664199829102
20170308154936835,0.578035736083984
20170308154936836,-2.78652725219727
20170308154936837,-1.35983047485352
20170308154936838,0.509371185302734
20170308154936839,-2.56527481079102
20170308154936840,-1.42086563110352
20170308154936841,0.799288177490234
20170308154936842,-2.61868057250977
20170308154936843,-1.50478897094727
20170308154936844,0.852693939208984
20170308154936845,-2.47372207641602
20170308154936846,-1.48190078735352
20170308154936847,0.654329681396484
20170308154936848,-2.60342178344727
20170308154936849,-1.39797744750977
20170308154936850,0.661959075927734
20170308154936851,-2.74838027954102
20170308154936852,-1.42849502563477
20170308154936853,0.745882415771484
20170308154936854,-2.76363906860352
20170308154936855,-1.39797744750977
20170308154936856,0.585665130615234
20170308154936857,-2.74838027954102
20170308154936858,-1.36745986938477
20170308154936859,0.578035736083984
20170308154936860,-2.82467422485352
20170308154936861,-1.32931289672852
20170308154936862,0.600923919677734
20170308154936863,-2.88570938110352
20170308154936864,-1.27590713500977
20170308154936865,0.608553314208984
20170308154936866,-2.87045059204102
20170308154936867,-1.16146621704102
20170308154936868,0.532259368896484
20170308154936869,-3.03066787719727
20170308154936870,-0.993619537353516
20170308154936871,0.455965423583984
20170308154936872,-2.96200332641602
20170308154936873,-0.779996490478516
20170308154936874,0.234712982177734
20170308154936875,-3.01540908813477
20170308154936876,-0.665555572509766
20170308154936877,0.394930267333984
20170308154936878,-2.82467422485352
20170308154936879,-0.802884674072266
20170308154936880,0.433077239990234
20170308154936881,-2.94674453735352
20170308154936882,-0.902066802978516
20170308154936883,0.379671478271484
20170308154936884,-2.97726211547852
20170308154936885,-0.863919830322266
20170308154936886,0.570406341552734
20170308154936887,-2.93911514282227
20170308154936888,-0.688443756103516
20170308154936889,0.272859954833984
20170308154936890,-2.96963272094727
20170308154936891,-0.802884674072266
20170308154936892,0.402559661865234
20170308154936893,-2.95437393188477
20170308154936894,-0.360379791259766
20170308154936895,0.364412689208984
20170308154936896,-2.89333877563477
20170308154936897,-0.436673736572266
20170308154936898,0.326265716552734
20170308154936899,-2.91622695922852
20170308154936900,-0.299344635009766
20170308154936901,0.219454193115234
20170308154936902,-2.95437393188477
20170308154936903,-0.360379791259766
20170308154936904,-0.123868560791016
20170308154936905,-2.92385635375977
20170308154936906,-0.192533111572266
20170308154936907,-0.291715240478516
20170308154936908,-2.93148574829102
20170308154936909,0.173677825927734
20170308154936910,-0.299344635009766
20170308154936911,-2.91622695922852
20170308154936912,0.349153900146484
20170308154936913,-0.749478912353516
20170308154936914,-2.87045059204102
20170308154936915,0.753511810302734
20170308154936916,-0.802884674072266
20170308154936917,-2.87045059204102
20170308154936918,0.547518157958984
20170308154936919,-0.802884674072266
20170308154936920,-2.87807998657227
20170308154936921,0.639070892333984
20170308154936922,-0.909696197509766
20170308154936923,-2.83993301391602
20170308154936924,0.722994232177734
20170308154936925,-1.03176651000977
20170308154936926,-2.71023330688477
20170308154936927,0.845064544677734
20170308154936928,-1.10043106079102
20170308154936929,-2.58053359985352
20170308154936930,0.753511810302734
20170308154936931,-1.48190078735352
20170308154936932,-2.43557510375977
20170308154936933,0.776399993896484
20170308154936934,-1.58871231079102
20170308154936935,-2.44320449829102
20170308154936936,1.03579940795898
20170308154936937,-1.70315322875977
20170308154936938,-2.30587539672852
20170308154936939,0.928987884521484
20170308154936940,-1.87862930297852
20170308154936941,-2.27535781860352
20170308154936942,0.799288177490234
20170308154936943,-1.96255264282227
20170308154936944,-2.19906387329102
20170308154936945,0.677217864990234
20170308154936946,-1.94729385375977
20170308154936947,-2.02358779907227
20170308154936948,0.722994232177734
20170308154936949,-2.17617568969727
20170308154936950,-1.89388809204102
20170308154936951,0.806917572021484
20170308154936952,-2.22195205688477
20170308154936953,-1.77944717407227
20170308154936954,0.745882415771484
20170308154936955,-2.43557510375977
20170308154936956,-1.74130020141602
20170308154936957,0.829805755615234
20170308154936958,-2.35165176391602
20170308154936959,-1.80233535766602
20170308154936960,0.654329681396484
20170308154936961,-2.40505752563477
20170308154936962,-1.68789443969727
20170308154936963,0.829805755615234
20170308154936964,-2.37453994750977
20170308154936965,-1.68026504516602
20170308154936966,0.692476654052734
20170308154936967,-2.35928115844727
20170308154936968,-1.68026504516602
20170308154936969,0.875582122802734
20170308154936970,-2.36691055297852
20170308154936971,-1.55056533813477
20170308154936972,0.600923919677734
20170308154936973,-2.51186904907227
20170308154936974,-1.60397109985352
20170308154936975,0.715364837646484
20170308154936976,-2.69497451782227
20170308154936977,-1.49715957641602
20170308154936978,0.631441497802734
20170308154936979,-2.64919815063477
20170308154936980,-1.47427139282227
20170308154936981,0.600923919677734
20170308154936982,-2.58816299438477
20170308154936983,-1.54293594360352
20170308154936984,0.829805755615234
20170308154936985,-2.48898086547852
20170308154936986,-1.44375381469727
20170308154936987,0.684847259521484
20170308154936988,-2.55764541625977
20170308154936989,-1.24538955688477
20170308154936990,0.593294525146484
20170308154936991,-2.87807998657227
20170308154936992,-1.13857803344727
20170308154936993,0.578035736083984
20170308154936994,-2.88570938110352
20170308154936995,-1.19198379516602
20170308154936996,0.555147552490234
20170308154936997,-3.03829727172852
20170308154936998,-0.985990142822266
20170308154936999,0.646700286865234
20170308154937000,-2.94674453735352
20170308154937001,-0.909696197509766
20170308154937002,0.440706634521484
20170308154937003,-3.00015029907227
20170308154937004,-0.696073150634766
20170308154937005,0.349153900146484
20170308154937006,-3.02303848266602
20170308154937007,-0.856290435791016
20170308154937008,0.570406341552734
20170308154937009,-2.99252090454102
20170308154937010,-0.680814361572266
20170308154937011,0.288118743896484
20170308154937012,-2.96200332641602
20170308154937013,-0.711331939697266
20170308154937014,0.455965423583984
20170308154937015,-2.94674453735352
20170308154937016,-0.574002838134766
20170308154937017,0.379671478271484
20170308154937018,-2.91622695922852
20170308154937019,-0.535855865478516
20170308154937020,0.143160247802734
20170308154937021,-2.97726211547852
20170308154937022,-0.375638580322266
20170308154937023,0.0592369079589844
20170308154937024,-2.97726211547852
20170308154937025,-0.360379791259766
20170308154937026,-0.108609771728516
20170308154937027,-2.97726211547852
20170308154937028,-0.329862213134766
20170308154937029,-0.177274322509766
20170308154937030,-2.98489151000977
20170308154937031,0.0058311462402344
20170308154937032,-0.276456451416016
20170308154937033,-2.89333877563477
20170308154937034,0.158419036865234
20170308154937035,-0.375638580322266
20170308154937036,-2.88570938110352
20170308154937037,0.158419036865234
20170308154937038,-0.528226470947266
20170308154937039,-2.87045059204102
20170308154937040,0.303377532958984
20170308154937041,-0.650296783447266
20170308154937042,-2.93148574829102
20170308154937043,0.692476654052734
20170308154937044,-0.970731353759766
20170308154937045,-2.87045059204102
20170308154937046,0.845064544677734
20170308154937047,-1.15383682250977
20170308154937048,-2.67971572875977
20170308154937049,0.890840911865234
20170308154937050,-1.43612442016602
20170308154937051,-2.53475723266602
20170308154937052,0.806917572021484
20170308154937053,-1.58871231079102
20170308154937054,-2.36691055297852
20170308154937055,0.753511810302734
20170308154937056,-1.74130020141602
20170308154937057,-2.31350479125977
20170308154937058,0.631441497802734
20170308154937059,-1.69552383422852
20170308154937060,-2.17617568969727
20170308154937061,0.707735443115234
20170308154937062,-2.02358779907227
20170308154937063,-2.06936416625977
20170308154937064,0.692476654052734
20170308154937065,-2.16854629516602
20170308154937066,-1.97018203735352
20170308154937067,0.761141204833984
20170308154937068,-2.33639297485352
20170308154937069,-1.89388809204102
20170308154937070,0.692476654052734
20170308154937071,-2.37453994750977
20170308154937072,-1.58871231079102
20170308154937073,0.570406341552734
20170308154937074,-2.47372207641602
20170308154937075,-1.57345352172852
20170308154937076,0.646700286865234
20170308154937077,-2.58816299438477
20170308154937078,-1.42086563110352
20170308154937079,0.585665130615234
20170308154937080,-2.74838027954102
20170308154937081,-1.37508926391602
20170308154937082,0.677217864990234
20170308154937083,-2.63393936157227
20170308154937084,-1.27590713500977
20170308154937085,0.654329681396484
20170308154937086,-2.79415664672852
20170308154937087,-1.26827774047852
20170308154937088,0.600923919677734
20170308154937089,-2.83230361938477
20170308154937090,-1.26064834594727
20170308154937091,0.578035736083984
20170308154937092,-2.95437393188477
20170308154937093,-1.19961318969727
20170308154937094,0.761141204833984
20170308154937095,-2.82467422485352
20170308154937096,-1.23776016235352
20170308154937097,0.539888763427734
20170308154937098,-2.77126846313477
20170308154937099,-1.31405410766602
20170308154937100,0.585665130615234
20170308154937101,-2.70260391235352
20170308154937102,-1.37508926391602
20170308154937103,0.684847259521484
20170308154937104,-2.61868057250977
20170308154937105,-1.23013076782227
20170308154937106,0.806917572021484
20170308154937107,-2.80941543579102
20170308154937108,-1.30642471313477
20170308154937109,0.555147552490234
20170308154937110,-2.64156875610352
20170308154937111,-1.39797744750977
20170308154937112,0.578035736083984
20170308154937113,-2.70260391235352
20170308154937114,-1.42086563110352
20170308154937115,0.692476654052734
20170308154937116,-2.63393936157227
20170308154937117,-1.38271865844727
20170308154937118,0.661959075927734
20170308154937119,-2.74075088500977
20170308154937120,-1.35983047485352
20170308154937121,0.745882415771484
20170308154937122,-2.67208633422852
20170308154937123,-1.33694229125977
20170308154937124,0.539888763427734
20170308154937125,-2.75600967407227
20170308154937126,-1.22250137329102
20170308154937127,0.692476654052734
20170308154937128,-2.85519180297852
20170308154937129,-1.06991348266602
20170308154937130,0.578035736083984
20170308154937131,-2.90859756469727
20170308154937132,-1.12331924438477
20170308154937133,0.631441497802734
20170308154937134,-2.93911514282227
20170308154937135,-1.10043106079102
20170308154937136,0.585665130615234
20170308154937137,-2.95437393188477
20170308154937138,-1.09280166625977
20170308154937139,0.486483001708984
20170308154937140,-2.77126846313477
20170308154937141,-1.39034805297852
20170308154937142,0.837435150146484
20170308154937143,-2.69497451782227
20170308154937144,-1.39034805297852
20170308154937145,0.578035736083984
20170308154937146,-2.51949844360352
20170308154937147,-1.43612442016602
20170308154937148,0.631441497802734
20170308154937149,-2.68734512329102
20170308154937150,-1.32931289672852
20170308154937151,0.471224212646484
20170308154937152,-2.63393936157227
20170308154937153,-1.32931289672852
20170308154937154,0.700106048583984
20170308154937155,-2.89333877563477
20170308154937156,-1.23776016235352
20170308154937157,0.585665130615234
20170308154937158,-2.97726211547852
20170308154937159,-1.05465469360352
20170308154937160,0.585665130615234
20170308154937161,-2.95437393188477
20170308154937162,-0.917325592041016
20170308154937163,0.433077239990234
20170308154937164,-2.96963272094727
20170308154937165,-0.810514068603516
20170308154937166,0.600923919677734
20170308154937167,-2.94674453735352
20170308154937168,-0.680814361572266
20170308154937169,0.387300872802734
20170308154937170,-3.00015029907227
20170308154937171,-0.619779205322266
20170308154937172,0.219454193115234
20170308154937173,-2.96963272094727
20170308154937174,-0.581632232666016
20170308154937175,0.227083587646484
20170308154937176,-2.95437393188477
20170308154937177,-0.421414947509766
20170308154937178,0.211824798583984
20170308154937179,-2.96963272094727
20170308154937180,-0.0780921936035156
20170308154937181,-0.0475746154785156
20170308154937182,-2.95437393188477
20170308154937183,-0.0780921936035156
20170308154937184,-0.0475746154785156
20170308154937185,-2.93148574829102
20170308154937186,0.150789642333984
20170308154937187,-0.467191314697266
20170308154937188,-2.86282119750977
20170308154937189,0.188936614990234
20170308154937190,-0.474820709228516
20170308154937191,-2.85519180297852
20170308154937192,0.448336029052734
20170308154937193,-0.650296783447266
20170308154937194,-2.88570938110352
20170308154937195,0.425447845458984
20170308154937196,-0.528226470947266
20170308154937197,-2.82467422485352
20170308154937198,0.616182708740234
20170308154937199,-0.612149810791016
20170308154937200,-2.71786270141602
20170308154937201,0.761141204833984
20170308154937202,-0.917325592041016
20170308154937203,-2.77126846313477
20170308154937204,1.02817001342773
20170308154937205,-1.15383682250977
20170308154937206,-2.67971572875977
20170308154937207,0.822176361083984
20170308154937208,-1.34457168579102
20170308154937209,-2.57290420532227
20170308154937210,0.921358489990234
20170308154937211,-1.74130020141602
20170308154937212,-2.28298721313477
20170308154937213,0.684847259521484
20170308154937214,-1.87099990844727
20170308154937215,-2.07699356079102
20170308154937216,0.722994232177734
20170308154937217,-2.10751113891602
20170308154937218,-1.95492324829102
20170308154937219,0.784029388427734
20170308154937220,-2.32876358032227
20170308154937221,-1.84048233032227
20170308154937222,0.631441497802734
20170308154937223,-2.26772842407227
20170308154937224,-1.79470596313477
20170308154937225,0.867952728271484
20170308154937226,-2.51186904907227
20170308154937227,-1.53530654907227
20170308154937228,0.814546966552734
20170308154937229,-2.46609268188477
20170308154937230,-1.41323623657227
20170308154937231,0.768770599365234
20170308154937232,-2.61105117797852
20170308154937233,-1.18435440063477
20170308154937234,0.745882415771484
20170308154937235,-2.99252090454102
20170308154937236,-0.802884674072266
20170308154937237,0.524629974365234
20170308154937238,-2.97726211547852
20170308154937239,-0.696073150634766
20170308154937240,0.333895111083984
20170308154937241,-2.93911514282227
20170308154937242,-0.772367095947266
20170308154937243,0.311006927490234
20170308154937244,-2.96200332641602
20170308154937245,-0.848661041259766
20170308154937246,0.509371185302734
20170308154937247,-2.91622695922852
20170308154937248,-0.802884674072266
20170308154937249,0.463594818115234
20170308154937250,-2.90859756469727
20170308154937251,-0.718961334228516
20170308154937252,0.372042083740234
20170308154937253,-3.00777969360352
20170308154937254,-0.825772857666016
20170308154937255,0.387300872802734
20170308154937256,-2.96200332641602
20170308154937257,-0.726590728759766
20170308154937258,0.318636322021484
20170308154937259,-2.89333877563477
20170308154937260,-0.917325592041016
20170308154937261,0.555147552490234
20170308154937262,-2.72549209594727
20170308154937263,-0.978360748291016
20170308154937264,0.646700286865234
20170308154937265,-2.86282119750977
20170308154937266,-0.940213775634766
20170308154937267,0.532259368896484
20170308154937268,-2.95437393188477
20170308154937269,-0.871549224853516
20170308154937270,0.471224212646484
20170308154937271,-3.00777969360352
20170308154937272,-0.894437408447266
20170308154937273,0.364412689208984
20170308154937274,-2.98489151000977
20170308154937275,-0.879178619384766
20170308154937276,0.585665130615234
20170308154937277,-2.91622695922852
20170308154937278,-0.848661041259766
20170308154937279,0.661959075927734
20170308154937280,-2.90096817016602
20170308154937281,-0.833402252197266
20170308154937282,0.455965423583984
20170308154937283,-2.94674453735352
20170308154937284,-0.726590728759766
20170308154937285,0.387300872802734
20170308154937286,-2.93911514282227
20170308154937287,-0.741849517822266
20170308154937288,0.402559661865234
20170308154937289,-2.98489151000977
20170308154937290,-0.665555572509766
20170308154937291,0.257601165771484
20170308154937292,-2.96200332641602
20170308154937293,-0.413785552978516
20170308154937294,0.150789642333984
20170308154937295,-3.01540908813477
20170308154937296,-0.413785552978516
20170308154937297,0.288118743896484
20170308154937298,-2.94674453735352
20170308154937299,-0.337491607666016
20170308154937300,0.0210899353027344
20170308154937301,-2.88570938110352
20170308154937302,-0.146756744384766
20170308154937303,-0.0780921936035156
20170308154937304,-2.87807998657227
20170308154937305,0.143160247802734
20170308154937306,-0.444303131103516
20170308154937307,-2.85519180297852
20170308154937308,0.494112396240234
20170308154937309,-0.596891021728516
20170308154937310,-2.82467422485352
20170308154937311,0.517000579833984
20170308154937312,-0.718961334228516
20170308154937313,-2.85519180297852
20170308154937314,0.761141204833984
20170308154937315,-0.963101959228516
20170308154937316,-2.74075088500977
20170308154937317,0.661959075927734
20170308154937318,-0.909696197509766
20170308154937319,-2.83993301391602
20170308154937320,0.791658782958984
20170308154937321,-0.985990142822266
20170308154937322,-2.77126846313477
20170308154937323,0.700106048583984
20170308154937324,-0.848661041259766
20170308154937325,-2.77126846313477
20170308154937326,0.738253021240234
20170308154937327,-1.09280166625977
20170308154937328,-2.67208633422852
20170308154937329,0.997652435302734
20170308154937330,-1.31405410766602
20170308154937331,-2.62630996704102
20170308154937332,0.890840911865234
20170308154937333,-1.49715957641602
20170308154937334,-2.45846328735352
20170308154937335,0.806917572021484
20170308154937336,-1.80233535766602
20170308154937337,-2.19143447875977
20170308154937338,0.852693939208984
20170308154937339,-2.03884658813477
20170308154937340,-2.00069961547852
20170308154937341,0.814546966552734
20170308154937342,-2.23721084594727
20170308154937343,-1.79470596313477
20170308154937344,0.784029388427734
20170308154937345,-2.38979873657227
20170308154937346,-1.55819473266602
20170308154937347,0.722994232177734
20170308154937348,-2.57290420532227
20170308154937349,-1.37508926391602
20170308154937350,0.700106048583984
20170308154937351,-2.57290420532227
20170308154937352,-1.42849502563477
20170308154937353,0.738253021240234
20170308154937354,-2.71023330688477
20170308154937355,-1.42086563110352
20170308154937356,0.730623626708984
20170308154937357,-2.63393936157227
20170308154937358,-1.32168350219727
20170308154937359,0.532259368896484
20170308154937360,-2.67971572875977
20170308154937361,-1.35220108032227
20170308154937362,0.661959075927734
20170308154937363,-2.75600967407227
20170308154937364,-1.35220108032227
20170308154937365,0.669588470458984
20170308154937366,-2.75600967407227
20170308154937367,-1.27590713500977
20170308154937368,0.791658782958984
20170308154937369,-2.80941543579102
20170308154937370,-1.27590713500977
20170308154937371,0.616182708740234
20170308154937372,-2.87045059204102
20170308154937373,-1.26827774047852
20170308154937374,0.555147552490234
20170308154937375,-2.83230361938477
20170308154937376,-1.16909561157227
20170308154937377,0.631441497802734
20170308154937378,-2.73312149047852
20170308154937379,-1.14620742797852
20170308154937380,0.791658782958984
20170308154937381,-2.84756240844727
20170308154937382,-1.29879531860352
20170308154937383,0.608553314208984
20170308154937384,-2.90096817016602
20170308154937385,-1.12331924438477
20170308154937386,0.639070892333984
20170308154937387,-2.77126846313477
20170308154937388,-1.19198379516602
20170308154937389,0.776399993896484
20170308154937390,-2.78652725219727
20170308154937391,-1.13857803344727
20170308154937392,0.600923919677734
20170308154937393,-2.83993301391602
20170308154937394,-0.924954986572266
20170308154937395,0.547518157958984
20170308154937396,-2.98489151000977
20170308154937397,-0.924954986572266
20170308154937398,0.707735443115234
20170308154937399,-2.87807998657227
20170308154937400,-0.894437408447266
20170308154937401,0.394930267333984
20170308154937402,-2.93148574829102
20170308154937403,-0.955472564697266
20170308154937404,0.410189056396484
20170308154937405,-2.90859756469727
20170308154937406,-0.856290435791016
20170308154937407,0.364412689208984
20170308154937408,-2.95437393188477
20170308154937409,-1.06991348266602
20170308154937410,0.509371185302734
20170308154937411,-3.00015029907227
20170308154937412,-0.886808013916016
20170308154937413,0.517000579833984
20170308154937414,-2.90859756469727
20170308154937415,-0.772367095947266
20170308154937416,0.631441497802734
20170308154937417,-2.88570938110352
20170308154937418,-0.833402252197266
20170308154937419,0.608553314208984
20170308154937420,-2.96200332641602
20170308154937421,-0.863919830322266
20170308154937422,0.471224212646484
20170308154937423,-2.93911514282227
20170308154937424,-0.940213775634766
20170308154937425,0.524629974365234
20170308154937426,-2.95437393188477
20170308154937427,-0.757108306884766
20170308154937428,0.509371185302734
20170308154937429,-2.94674453735352
20170308154937430,-0.627408599853516
20170308154937431,0.257601165771484
20170308154937432,-2.91622695922852
20170308154937433,-0.680814361572266
20170308154937434,0.356783294677734
20170308154937435,-2.90859756469727
20170308154937436,-0.497708892822266
20170308154937437,0.288118743896484
20170308154937438,-2.91622695922852
20170308154937439,-0.299344635009766
20170308154937440,0.0516075134277344
20170308154937441,-2.91622695922852
20170308154937442,-0.268827056884766
20170308154937443,-0.154386138916016
20170308154937444,-2.97726211547852
20170308154937445,0.311006927490234
20170308154937446,-0.444303131103516
20170308154937447,-2.78652725219727
20170308154937448,0.440706634521484
20170308154937449,-0.680814361572266
20170308154937450,-2.77889785766602
20170308154937451,0.539888763427734
20170308154937452,-0.764737701416016
20170308154937453,-2.84756240844727
20170308154937454,0.677217864990234
20170308154937455,-0.924954986572266
20170308154937456,-2.84756240844727
20170308154937457,0.875582122802734
20170308154937458,-1.22250137329102
20170308154937459,-2.71023330688477
20170308154937460,0.822176361083984
20170308154937461,-1.43612442016602
20170308154937462,-2.56527481079102
20170308154937463,0.806917572021484
20170308154937464,-1.77181777954102
20170308154937465,-2.16854629516602
20170308154937466,0.799288177490234
20170308154937467,-2.02358779907227
20170308154937468,-2.01595840454102
20170308154937469,0.730623626708984
20170308154937470,-2.22958145141602
20170308154937471,-1.86337051391602
20170308154937472,0.669588470458984
20170308154937473,-2.20669326782227
20170308154937474,-1.89388809204102
20170308154937475,0.768770599365234
20170308154937476,-2.32876358032227
20170308154937477,-1.68026504516602
20170308154937478,0.860323333740234
20170308154937479,-2.45846328735352
20170308154937480,-1.52004776000977
20170308154937481,0.639070892333984
20170308154937482,-2.51186904907227
20170308154937483,-1.51241836547852
20170308154937484,0.608553314208984
20170308154937485,-2.57290420532227
20170308154937486,-1.23776016235352
20170308154937487,0.791658782958984
20170308154937488,-2.77126846313477
20170308154937489,-1.20724258422852
20170308154937490,0.547518157958984
20170308154937491,-2.93148574829102
20170308154937492,-1.19961318969727
20170308154937493,0.593294525146484
20170308154937494,-3.00015029907227
20170308154937495,-1.01650772094727
20170308154937496,0.501741790771484
20170308154937497,-3.03066787719727
20170308154937498,-0.680814361572266
20170308154937499,0.387300872802734
20170308154937500,-2.98489151000977
20170308154937501,-0.497708892822266
20170308154937502,0.433077239990234
20170308154937503,-3.04592666625977
20170308154937504,-0.566373443603516
20170308154937505,0.394930267333984
20170308154937506,-2.94674453735352
20170308154937507,-0.673184967041016
20170308154937508,0.295748138427734
20170308154937509,-3.04592666625977
20170308154937510,-0.535855865478516
20170308154937511,0.227083587646484
20170308154937512,-2.94674453735352
20170308154937513,-0.528226470947266
20170308154937514,0.341524505615234
20170308154937515,-2.76363906860352
20170308154937516,-0.574002838134766
20170308154937517,0.341524505615234
20170308154937518,-2.87807998657227
20170308154937519,-0.558744049072266
20170308154937520,0.318636322021484
20170308154937521,-2.95437393188477
20170308154937522,-0.604520416259766
20170308154937523,0.356783294677734
20170308154937524,-2.93148574829102
20170308154937525,-0.490079498291016
20170308154937526,0.364412689208984
20170308154937527,-2.93148574829102
20170308154937528,-0.528226470947266
20170308154937529,0.463594818115234
20170308154937530,-2.82467422485352
20170308154937531,-0.345121002197266
20170308154937532,0.0363487243652344
20170308154937533,-2.86282119750977
20170308154937534,-0.429044342041016
20170308154937535,0.326265716552734
20170308154937536,-2.93148574829102
20170308154937537,-0.329862213134766
20170308154937538,0.0668663024902344
20170308154937539,-2.90096817016602
20170308154937540,-0.604520416259766
20170308154937541,0.272859954833984
20170308154937542,-2.97726211547852
20170308154937543,-0.482450103759766
20170308154937544,0.143160247802734
20170308154937545,-2.97726211547852
20170308154937546,-0.345121002197266
20170308154937547,0.112642669677734
20170308154937548,-2.92385635375977
20170308154937549,-0.413785552978516
20170308154937550,0.120272064208984
20170308154937551,-2.93911514282227
20170308154937552,-0.360379791259766
20170308154937553,-0.0170570373535156
20170308154937554,-2.93148574829102
20170308154937555,-0.268827056884766
20170308154937556,0.0821250915527344
20170308154937557,-2.87807998657227
20170308154937558,-0.284085845947266
20170308154937559,-0.0552040100097656
20170308154937560,-2.89333877563477
20170308154937561,0.0058311462402344
20170308154937562,-0.223050689697266
20170308154937563,-2.83230361938477
20170308154937564,0.181307220458984
20170308154937565,-0.0780921936035156
20170308154937566,-2.87045059204102
20170308154937567,0.0973838806152344
20170308154937568,-0.276456451416016
20170308154937569,-2.89333877563477
20170308154937570,0.303377532958984
20170308154937571,-0.421414947509766
20170308154937572,-2.80941543579102
20170308154937573,0.265230560302734
20170308154937574,-0.230680084228516
20170308154937575,-2.85519180297852
20170308154937576,0.219454193115234
20170308154937577,-0.451932525634766
20170308154937578,-2.87045059204102
20170308154937579,-0.0017982482910156
20170308154937580,-0.352750396728516
20170308154937581,-2.87807998657227
20170308154937582,0.150789642333984
20170308154937583,-0.169644927978516
20170308154937584,-2.79415664672852
20170308154937585,0.0744956970214844
20170308154937586,-0.329862213134766
20170308154937587,-2.82467422485352
20170308154937588,0.0363487243652344
20170308154937589,-0.253568267822266
20170308154937590,-2.91622695922852
20170308154937591,-0.108609771728516
20170308154937592,-0.116239166259766
20170308154937593,-2.89333877563477
20170308154937594,-0.0857215881347656
20170308154937595,-0.337491607666016
20170308154937596,-2.83993301391602
20170308154937597,-0.245938873291016
20170308154937598,-0.0780921936035156
20170308154937599,-2.86282119750977
20170308154937600,-0.406156158447266
20170308154937601,0.0973838806152344
20170308154937602,-2.96200332641602
20170308154937603,-0.169644927978516
20170308154937604,0.0744956970214844
20170308154937605,-2.80178604125977
20170308154937606,-0.306974029541016
20170308154937607,-0.146756744384766
20170308154937608,-2.90859756469727
20170308154937609,-0.169644927978516
20170308154937610,-0.230680084228516
20170308154937611,-2.90859756469727
20170308154937612,0.219454193115234
20170308154937613,-0.444303131103516
20170308154937614,-2.83993301391602
20170308154937615,0.295748138427734
20170308154937616,-0.566373443603516
20170308154937617,-2.83230361938477
20170308154937618,0.700106048583984
20170308154937619,-1.00887832641602
20170308154937620,-2.84756240844727
20170308154937621,0.936617279052734
20170308154937622,-1.26827774047852
20170308154937623,-2.67971572875977
20170308154937624,0.722994232177734
20170308154937625,-1.15383682250977
20170308154937626,-2.73312149047852
20170308154937627,0.928987884521484
20170308154937628,-1.42849502563477
20170308154937629,-2.58816299438477
20170308154937630,0.867952728271484
20170308154937631,-1.52004776000977
20170308154937632,-2.45083389282227
20170308154937633,0.967134857177734
20170308154937634,-1.67263565063477
20170308154937635,-2.22958145141602
20170308154937636,0.715364837646484
20170308154937637,-2.08462295532227
20170308154937638,-1.94729385375977
20170308154937639,0.585665130615234
20170308154937640,-2.09225234985352
20170308154937641,-1.86337051391602
20170308154937642,0.814546966552734
20170308154937643,-2.26772842407227
20170308154937644,-1.65737686157227
20170308154937645,0.890840911865234
20170308154937646,-2.38216934204102
20170308154937647,-1.68789443969727
20170308154937648,0.738253021240234
20170308154937649,-2.42794570922852
20170308154937650,-1.36745986938477
20170308154937651,0.761141204833984
20170308154937652,-2.84756240844727
20170308154937653,-1.24538955688477
20170308154937654,0.768770599365234
20170308154937655,-2.83230361938477
20170308154937656,-1.13094863891602
20170308154937657,0.707735443115234
20170308154937658,-3.03066787719727
20170308154937659,-0.940213775634766
20170308154937660,0.440706634521484
20170308154937661,-2.95437393188477
20170308154937662,-0.612149810791016
20170308154937663,0.265230560302734
20170308154937664,-3.00015029907227
20170308154937665,-0.612149810791016
20170308154937666,0.379671478271484
20170308154937667,-2.95437393188477
20170308154937668,-0.528226470947266
20170308154937669,0.417818450927734
20170308154937670,-2.87807998657227
20170308154937671,-0.390897369384766
20170308154937672,0.265230560302734
20170308154937673,-2.93911514282227
20170308154937674,-0.619779205322266
20170308154937675,0.372042083740234
20170308154937676,-2.92385635375977
20170308154937677,-0.368009185791016
20170308154937678,0.219454193115234
20170308154937679,-2.83230361938477
20170308154937680,-0.406156158447266
20170308154937681,0.0287193298339844
20170308154937682,-2.81704483032227
20170308154937683,-0.383267974853516
20170308154937684,0.166048431396484
20170308154937685,-2.88570938110352
20170308154937686,-0.291715240478516
20170308154937687,-0.0017982482910156
20170308154937688,-2.82467422485352
20170308154937689,-0.398526763916016
20170308154937690,0.0973838806152344
20170308154937691,-2.95437393188477
20170308154937692,-0.345121002197266
20170308154937693,-0.0857215881347656
20170308154937694,-2.96963272094727
20170308154937695,-0.0170570373535156
20170308154937696,-0.177274322509766
20170308154937697,-2.87807998657227
20170308154937698,-0.215421295166016
20170308154937699,-0.0628334045410156
20170308154937700,-2.87045059204102
20170308154937701,0.143160247802734
20170308154937702,-0.306974029541016
20170308154937703,-2.80941543579102
20170308154937704,-0.0780921936035156
20170308154937705,-0.390897369384766
20170308154937706,-2.90096817016602
20170308154937707,0.0744956970214844
20170308154937708,-0.421414947509766
20170308154937709,-2.90096817016602
20170308154937710,0.364412689208984
20170308154937711,-0.558744049072266
20170308154937712,-2.91622695922852
20170308154937713,0.486483001708984
20170308154937714,-0.558744049072266
20170308154937715,-2.82467422485352
20170308154937716,0.532259368896484
20170308154937717,-0.711331939697266
20170308154937718,-2.83993301391602
20170308154937719,0.570406341552734
20170308154937720,-0.734220123291016
20170308154937721,-2.75600967407227
20170308154937722,0.501741790771484
20170308154937723,-0.711331939697266
20170308154937724,-2.80178604125977
20170308154937725,0.341524505615234
20170308154937726,-0.566373443603516
20170308154937727,-2.82467422485352
20170308154937728,0.150789642333984
20170308154937729,-0.421414947509766
20170308154937730,-2.81704483032227
20170308154937731,0.0287193298339844
20170308154937732,-0.238309478759766
20170308154937733,-2.87045059204102
20170308154937734,-0.276456451416016
20170308154937735,-0.0094276428222656
20170308154937736,-2.96200332641602
20170308154937737,-0.0933509826660156
20170308154937738,-0.146756744384766
20170308154937739,-2.90096817016602
20170308154937740,-0.276456451416016
20170308154937741,-0.0017982482910156
20170308154937742,-2.90096817016602
20170308154937743,-0.482450103759766
20170308154937744,0.333895111083984
20170308154937745,-2.93911514282227
20170308154937746,-0.566373443603516
20170308154937747,0.204195404052734
20170308154937748,-2.84756240844727
20170308154937749,-0.520597076416016
20170308154937750,0.234712982177734
20170308154937751,-2.90859756469727
20170308154937752,-0.337491607666016
20170308154937753,0.120272064208984
20170308154937754,-2.97726211547852
20170308154937755,-0.337491607666016
20170308154937756,0.0592369079589844
20170308154937757,-2.86282119750977
20170308154937758,-0.284085845947266
20170308154937759,0.0287193298339844
20170308154937760,-2.91622695922852
20170308154937761,-0.268827056884766
20170308154937762,-0.146756744384766
20170308154937763,-2.89333877563477
20170308154937764,-0.291715240478516
20170308154937765,0.105013275146484
20170308154937766,-2.87045059204102
20170308154937767,-0.169644927978516
20170308154937768,-0.207791900634766
20170308154937769,-2.87807998657227
20170308154937770,-0.139127349853516
20170308154937771,-0.100980377197266
20170308154937772,-2.95437393188477
20170308154937773,-0.261197662353516
20170308154937774,-0.223050689697266
20170308154937775,-2.89333877563477
20170308154937776,-0.131497955322266
20170308154937777,-0.230680084228516
20170308154937778,-2.96963272094727
20170308154937779,0.173677825927734
20170308154937780,-0.322232818603516
20170308154937781,-2.87045059204102
20170308154937782,0.211824798583984
20170308154937783,-0.162015533447266
20170308154937784,-2.85519180297852
20170308154937785,0.234712982177734
20170308154937786,-0.398526763916016
20170308154937787,-2.90859756469727
20170308154937788,0.196566009521484
20170308154937789,-0.322232818603516
20170308154937790,-2.84756240844727
20170308154937791,0.257601165771484
20170308154937792,-0.512967681884766
20170308154937793,-2.90859756469727
20170308154937794,0.608553314208984
20170308154937795,-0.772367095947266
20170308154937796,-2.83230361938477
20170308154937797,0.486483001708984
20170308154937798,-0.825772857666016
20170308154937799,-2.74075088500977
20170308154937800,0.600923919677734
20170308154937801,-0.810514068603516
20170308154937802,-2.75600967407227
20170308154937803,0.562776947021484
20170308154937804,-0.818143463134766
20170308154937805,-2.79415664672852
20170308154937806,0.692476654052734
20170308154937807,-1.00124893188477
20170308154937808,-2.83993301391602
20170308154937809,0.677217864990234
20170308154937810,-0.917325592041016
20170308154937811,-2.80178604125977
20170308154937812,0.761141204833984
20170308154937813,-1.03939590454102
20170308154937814,-2.69497451782227
20170308154937815,0.822176361083984
20170308154937816,-1.26827774047852
20170308154937817,-2.65682754516602
20170308154937818,0.898470306396484
20170308154937819,-1.52767715454102
20170308154937820,-2.49661026000977
20170308154937821,0.707735443115234
20170308154937822,-1.52767715454102
20170308154937823,-2.51949844360352
20170308154937824,0.829805755615234
20170308154937825,-1.68026504516602
20170308154937826,-2.29824600219727
20170308154937827,0.684847259521484
20170308154937828,-2.06936416625977
20170308154937829,-2.08462295532227
20170308154937830,0.845064544677734
20170308154937831,-2.38216934204102
20170308154937832,-1.60397109985352
20170308154937833,0.829805755615234
20170308154937834,-2.73312149047852
20170308154937835,-1.39034805297852
20170308154937836,0.677217864990234
20170308154937837,-2.71023330688477
20170308154937838,-1.27590713500977
20170308154937839,0.547518157958984
20170308154937840,-2.82467422485352
20170308154937841,-1.26827774047852
20170308154937842,0.494112396240234
20170308154937843,-2.77126846313477
20170308154937844,-1.31405410766602
20170308154937845,0.745882415771484
20170308154937846,-2.92385635375977
20170308154937847,-1.06228408813477
20170308154937848,0.433077239990234
20170308154937849,-2.90096817016602
20170308154937850,-0.993619537353516
20170308154937851,0.494112396240234
20170308154937852,-2.96963272094727
20170308154937853,-0.734220123291016
20170308154937854,0.349153900146484
20170308154937855,-2.89333877563477
20170308154937856,-0.680814361572266
20170308154937857,0.387300872802734
20170308154937858,-2.92385635375977
20170308154937859,-0.619779205322266
20170308154937860,0.318636322021484
20170308154937861,-3.00777969360352
20170308154937862,-0.451932525634766
20170308154937863,0.127901458740234
20170308154937864,-2.96200332641602
20170308154937865,-0.406156158447266
20170308154937866,-0.0017982482910156
20170308154937867,-3.04592666625977
20170308154937868,-0.329862213134766
20170308154937869,-0.108609771728516
20170308154937870,-2.99252090454102
20170308154937871,-0.184903717041016
20170308154937872,-0.0475746154785156
20170308154937873,-2.90859756469727
20170308154937874,-0.154386138916016
20170308154937875,-0.238309478759766
20170308154937876,-2.89333877563477
20170308154937877,0.0439781188964844
20170308154937878,-0.390897369384766
20170308154937879,-2.94674453735352
20170308154937880,0.0973838806152344
20170308154937881,-0.497708892822266
20170308154937882,-2.83993301391602
20170308154937883,0.158419036865234
20170308154937884,-0.390897369384766
20170308154937885,-2.85519180297852
20170308154937886,0.0592369079589844
20170308154937887,-0.268827056884766
20170308154937888,-2.80941543579102
20170308154937889,0.0516075134277344
20170308154937890,-0.322232818603516
20170308154937891,-2.83230361938477
20170308154937892,0.0210899353027344
20170308154937893,-0.398526763916016
20170308154937894,-2.84756240844727
20170308154937895,0.0744956970214844
20170308154937896,-0.421414947509766
20170308154937897,-2.86282119750977
20170308154937898,-0.0552040100097656
20170308154937899,-0.284085845947266
20170308154937900,-2.90859756469727
20170308154937901,0.143160247802734
20170308154937902,-0.459561920166016
20170308154937903,-2.91622695922852
20170308154937904,0.112642669677734
20170308154937905,-0.429044342041016
20170308154937906,-2.83993301391602
20170308154937907,-0.0628334045410156
20170308154937908,-0.383267974853516
20170308154937909,-2.93148574829102
20170308154937910,0.211824798583984
20170308154937911,-0.436673736572266
20170308154937912,-2.87807998657227
20170308154937913,0.158419036865234
20170308154937914,-0.482450103759766
20170308154937915,-2.92385635375977
20170308154937916,0.0592369079589844
20170308154937917,-0.291715240478516
20170308154937918,-2.93911514282227
20170308154937919,-0.100980377197266
20170308154937920,-0.238309478759766
20170308154937921,-2.89333877563477
20170308154937922,-0.230680084228516
20170308154937923,-0.154386138916016
20170308154937924,-2.92385635375977
20170308154937925,-0.421414947509766
20170308154937926,0.0592369079589844
20170308154937927,-2.91622695922852
20170308154937928,-0.261197662353516
20170308154937929,0.150789642333984
20170308154937930,-2.87807998657227
20170308154937931,-0.230680084228516
20170308154937932,-0.131497955322266
20170308154937933,-2.86282119750977
20170308154937934,-0.0857215881347656
20170308154937935,-0.200162506103516
20170308154937936,-2.89333877563477
20170308154937937,-0.131497955322266
20170308154937938,-0.192533111572266
20170308154937939,-2.95437393188477
20170308154937940,-0.314603424072266
20170308154937941,-0.154386138916016
20170308154937942,-2.97726211547852
20170308154937943,-0.574002838134766
20170308154937944,0.0058311462402344
20170308154937945,-2.96200332641602
20170308154937946,-0.474820709228516
20170308154937947,-0.0246864318847656
20170308154937948,-2.95437393188477
20170308154937949,-0.322232818603516
20170308154937950,0.0821250915527344
20170308154937951,-2.83993301391602
20170308154937952,-0.329862213134766
20170308154937953,-0.0094276428222656
20170308154937954,-2.93148574829102
20170308154937955,-0.429044342041016
20170308154937956,0.150789642333984
20170308154937957,-2.96963272094727
20170308154937958,-0.215421295166016
20170308154937959,-0.0170570373535156
20170308154937960,-2.90096817016602
20170308154937961,-0.169644927978516
20170308154937962,-0.253568267822266
20170308154937963,-2.87045059204102
20170308154937964,-0.169644927978516
20170308154937965,-0.230680084228516
20170308154937966,-2.87807998657227
20170308154937967,0.0744956970214844
20170308154937968,-0.390897369384766
20170308154937969,-2.90859756469727
20170308154937970,0.219454193115234
20170308154937971,-0.451932525634766
20170308154937972,-2.82467422485352
20170308154937973,0.440706634521484
20170308154937974,-0.429044342041016
20170308154937975,-2.81704483032227
20170308154937976,0.608553314208984
20170308154937977,-0.688443756103516
20170308154937978,-2.83230361938477
20170308154937979,0.608553314208984
20170308154937980,-0.871549224853516
20170308154937981,-2.79415664672852
20170308154937982,0.829805755615234
20170308154937983,-1.07754287719727
20170308154937984,-2.80178604125977
20170308154937985,0.928987884521484
20170308154937986,-1.29879531860352
20170308154937987,-2.74838027954102
20170308154937988,1.01291122436523
20170308154937989,-1.33694229125977
20170308154937990,-2.64156875610352
20170308154937991,0.997652435302734
20170308154937992,-1.33694229125977
20170308154937993,-2.67208633422852
20170308154937994,0.799288177490234
20170308154937995,-1.58108291625977
20170308154937996,-2.42031631469727
20170308154937997,0.814546966552734
20170308154937998,-1.64211807250977
20170308154937999,-2.25246963500977
20170308154938000,0.921358489990234
20170308154938001,-1.83285293579102
20170308154938002,-2.02358779907227
20170308154938003,0.753511810302734
20170308154938004,-2.19143447875977
20170308154938005,-1.88625869750977
20170308154938006,0.692476654052734
20170308154938007,-2.33639297485352
20170308154938008,-1.73367080688477
20170308154938009,0.768770599365234
20170308154938010,-2.35928115844727
20170308154938011,-1.68789443969727
20170308154938012,0.967134857177734
20170308154938013,-2.35928115844727
20170308154938014,-1.65737686157227
20170308154938015,0.761141204833984
20170308154938016,-2.48898086547852
20170308154938017,-1.50478897094727
20170308154938018,0.623812103271484
20170308154938019,-2.47372207641602
20170308154938020,-1.45138320922852
20170308154938021,0.845064544677734
20170308154938022,-2.53475723266602
20170308154938023,-1.53530654907227
20170308154938024,0.524629974365234
20170308154938025,-2.55764541625977
20170308154938026,-1.49715957641602
20170308154938027,0.639070892333984
20170308154938028,-2.74075088500977
20170308154938029,-1.34457168579102
20170308154938030,0.562776947021484
20170308154938031,-2.69497451782227
20170308154938032,-1.33694229125977
20170308154938033,0.578035736083984
20170308154938034,-2.69497451782227
20170308154938035,-1.25301895141602
20170308154938036,0.532259368896484
20170308154938037,-2.76363906860352
20170308154938038,-1.21487197875977
20170308154938039,0.517000579833984
20170308154938040,-2.87045059204102
20170308154938041,-1.16909561157227
20170308154938042,0.570406341552734
20170308154938043,-2.97726211547852
20170308154938044,-1.03176651000977
20170308154938045,0.684847259521484
20170308154938046,-2.93148574829102
20170308154938047,-0.909696197509766
20170308154938048,0.509371185302734
20170308154938049,-2.93911514282227
20170308154938050,-1.07754287719727
20170308154938051,0.455965423583984
20170308154938052,-2.85519180297852
20170308154938053,-1.10043106079102
20170308154938054,0.578035736083984
20170308154938055,-2.84756240844727
20170308154938056,-1.15383682250977
20170308154938057,0.509371185302734
20170308154938058,-2.80178604125977
20170308154938059,-1.20724258422852
20170308154938060,0.608553314208984
20170308154938061,-2.74838027954102
20170308154938062,-1.34457168579102
20170308154938063,0.532259368896484
20170308154938064,-2.43557510375977
20170308154938065,-1.45901260375977
20170308154938066,0.745882415771484
20170308154938067,-2.60342178344727
20170308154938068,-1.46664199829102
20170308154938069,0.585665130615234
20170308154938070,-2.41268692016602
20170308154938071,-1.52004776000977
20170308154938072,0.753511810302734
20170308154938073,-2.48135147094727
20170308154938074,-1.61160049438477
20170308154938075,0.646700286865234
20170308154938076,-2.58816299438477
20170308154938077,-1.49715957641602
20170308154938078,0.616182708740234
20170308154938079,-2.61105117797852
20170308154938080,-1.43612442016602
20170308154938081,0.753511810302734
20170308154938082,-2.64919815063477
20170308154938083,-1.32168350219727
20170308154938084,0.745882415771484
20170308154938085,-2.76363906860352
20170308154938086,-1.30642471313477
20170308154938087,0.684847259521484
20170308154938088,-2.90859756469727
20170308154938089,-1.16909561157227
20170308154938090,0.722994232177734
20170308154938091,-2.89333877563477
20170308154938092,-1.00887832641602
20170308154938093,0.433077239990234
20170308154938094,-2.87807998657227
20170308154938095,-1.10043106079102
20170308154938096,0.494112396240234
20170308154938097,-2.87045059204102
20170308154938098,-1.13857803344727
20170308154938099,0.532259368896484
20170308154938100,-2.96963272094727
20170308154938101,-0.772367095947266
20170308154938102,0.303377532958984
20170308154938103,-3.01540908813477
20170308154938104,-0.657926177978516
20170308154938105,0.219454193115234
20170308154938106,-2.97726211547852
20170308154938107,-0.703702545166016
20170308154938108,0.288118743896484
20170308154938109,-3.06881484985352
20170308154938110,-0.566373443603516
20170308154938111,0.0973838806152344
20170308154938112,-2.94674453735352
20170308154938113,-0.467191314697266
20170308154938114,0.127901458740234
20170308154938115,-2.93911514282227
20170308154938116,-0.253568267822266
20170308154938117,-0.116239166259766
20170308154938118,-2.93148574829102
20170308154938119,-0.383267974853516
20170308154938120,-0.0628334045410156
20170308154938121,-3.00015029907227
20170308154938122,0.0439781188964844
20170308154938123,-0.299344635009766
20170308154938124,-2.88570938110352
20170308154938125,-0.207791900634766
20170308154938126,-0.238309478759766
20170308154938127,-2.90859756469727
20170308154938128,0.0668663024902344
20170308154938129,-0.337491607666016
20170308154938130,-2.84756240844727
20170308154938131,0.0592369079589844
20170308154938132,-0.444303131103516
20170308154938133,-2.90859756469727
20170308154938134,0.303377532958984
20170308154938135,-0.543485260009766
20170308154938136,-2.86282119750977
20170308154938137,0.509371185302734
20170308154938138,-0.757108306884766
20170308154938139,-2.86282119750977
20170308154938140,0.616182708740234
20170308154938141,-0.863919830322266
20170308154938142,-2.87045059204102
20170308154938143,0.799288177490234
20170308154938144,-1.16146621704102
20170308154938145,-2.73312149047852
20170308154938146,0.967134857177734
20170308154938147,-1.14620742797852
20170308154938148,-2.69497451782227
20170308154938149,0.997652435302734
20170308154938150,-1.30642471313477
20170308154938151,-2.59579238891602
20170308154938152,0.944246673583984
20170308154938153,-1.50478897094727
20170308154938154,-2.51186904907227
20170308154938155,0.722994232177734
20170308154938156,-1.74892959594727
20170308154938157,-2.45083389282227
20170308154938158,0.700106048583984
20170308154938159,-1.95492324829102
20170308154938160,-2.22958145141602
20170308154938161,0.684847259521484
20170308154938162,-2.09988174438477
20170308154938163,-2.18380508422852
20170308154938164,0.570406341552734
20170308154938165,-1.88625869750977
20170308154938166,-2.27535781860352
20170308154938167,0.776399993896484
20170308154938168,-1.80233535766602
20170308154938169,-2.14565811157227
20170308154938170,0.745882415771484
20170308154938171,-2.13039932250977
20170308154938172,-1.90914688110352
20170308154938173,0.745882415771484
20170308154938174,-2.29824600219727
20170308154938175,-1.54293594360352
20170308154938176,0.959505462646484
20170308154938177,-2.45846328735352
20170308154938178,-1.46664199829102
20170308154938179,0.677217864990234
20170308154938180,-2.59579238891602
20170308154938181,-1.45138320922852
20170308154938182,0.585665130615234
20170308154938183,-2.59579238891602
20170308154938184,-1.47427139282227
20170308154938185,0.593294525146484
20170308154938186,-2.66445693969727
20170308154938187,-1.41323623657227
20170308154938188,0.555147552490234
20170308154938189,-2.45083389282227
20170308154938190,-1.57345352172852
20170308154938191,0.661959075927734
20170308154938192,-2.28298721313477
20170308154938193,-1.69552383422852
20170308154938194,0.631441497802734
20170308154938195,-2.51186904907227
20170308154938196,-1.41323623657227
20170308154938197,0.600923919677734
20170308154938198,-2.67208633422852
20170308154938199,-1.34457168579102
20170308154938200,0.669588470458984
20170308154938201,-2.83993301391602
20170308154938202,-1.28353652954102
20170308154938203,0.600923919677734
20170308154938204,-2.93148574829102
20170308154938205,-1.13857803344727
20170308154938206,0.600923919677734
20170308154938207,-2.91622695922852
20170308154938208,-1.13857803344727
20170308154938209,0.707735443115234
20170308154938210,-2.93911514282227
20170308154938211,-1.02413711547852
20170308154938212,0.440706634521484
20170308154938213,-2.91622695922852
20170308154938214,-1.06991348266602
20170308154938215,0.463594818115234
20170308154938216,-3.00015029907227
20170308154938217,-0.917325592041016
20170308154938218,0.509371185302734
20170308154938219,-2.86282119750977
20170308154938220,-1.16909561157227
20170308154938221,0.379671478271484
20170308154938222,-2.93148574829102
20170308154938223,-0.970731353759766
20170308154938224,0.387300872802734
20170308154938225,-3.01540908813477
20170308154938226,-0.963101959228516
20170308154938227,0.570406341552734
20170308154938228,-2.90859756469727
20170308154938229,-0.841031646728516
20170308154938230,0.349153900146484
20170308154938231,-2.96200332641602
20170308154938232,-0.581632232666016
20170308154938233,0.204195404052734
20170308154938234,-2.94674453735352
20170308154938235,-0.703702545166016
20170308154938236,0.356783294677734
20170308154938237,-2.96963272094727
20170308154938238,-0.902066802978516
20170308154938239,0.410189056396484
20170308154938240,-3.05355606079102
20170308154938241,-0.917325592041016
20170308154938242,0.295748138427734
20170308154938243,-3.03066787719727
20170308154938244,-0.955472564697266
20170308154938245,0.433077239990234
20170308154938246,-3.00777969360352
20170308154938247,-0.848661041259766
20170308154938248,0.318636322021484
20170308154938249,-2.97726211547852
20170308154938250,-0.718961334228516
20170308154938251,0.295748138427734
20170308154938252,-2.94674453735352
20170308154938253,-0.657926177978516
20170308154938254,0.234712982177734
20170308154938255,-2.98489151000977
20170308154938256,-0.680814361572266
20170308154938257,0.303377532958984
20170308154938258,-2.93911514282227
20170308154938259,-0.665555572509766
20170308154938260,0.265230560302734
20170308154938261,-2.98489151000977
20170308154938262,-0.345121002197266
20170308154938263,0.0592369079589844
20170308154938264,-2.96200332641602
20170308154938265,-0.528226470947266
20170308154938266,0.288118743896484
20170308154938267,-2.95437393188477
20170308154938268,-0.459561920166016
20170308154938269,0.0821250915527344
20170308154938270,-2.99252090454102
20170308154938271,-0.337491607666016
20170308154938272,0.150789642333984
20170308154938273,-2.95437393188477
20170308154938274,-0.429044342041016
20170308154938275,0.135530853271484
20170308154938276,-2.97726211547852
20170308154938277,-0.436673736572266
20170308154938278,-0.192533111572266
20170308154938279,-3.05355606079102
20170308154938280,-0.223050689697266
20170308154938281,-0.200162506103516
20170308154938282,-2.96200332641602
20170308154938283,-0.108609771728516
20170308154938284,-0.215421295166016
20170308154938285,-2.93148574829102
20170308154938286,0.0439781188964844
20170308154938287,-0.284085845947266
20170308154938288,-2.87807998657227
20170308154938289,0.211824798583984
20170308154938290,-0.505338287353516
20170308154938291,-2.83230361938477
20170308154938292,0.372042083740234
20170308154938293,-0.650296783447266
20170308154938294,-2.90096817016602
20170308154938295,0.570406341552734
20170308154938296,-0.902066802978516
20170308154938297,-2.83230361938477
20170308154938298,0.661959075927734
20170308154938299,-1.05465469360352
20170308154938300,-2.76363906860352
20170308154938301,0.913729095458984
20170308154938302,-1.02413711547852
20170308154938303,-2.87045059204102
20170308154938304,0.928987884521484
20170308154938305,-1.15383682250977
20170308154938306,-2.64919815063477
20170308154938307,0.806917572021484
20170308154938308,-1.34457168579102
20170308154938309,-2.60342178344727
20170308154938310,0.616182708740234
20170308154938311,-1.48953018188477
20170308154938312,-2.55764541625977
20170308154938313,0.928987884521484
20170308154938314,-1.59634170532227
20170308154938315,-2.42031631469727
20170308154938316,0.585665130615234
20170308154938317,-1.68789443969727
20170308154938318,-2.40505752563477
20170308154938319,0.700106048583984
20170308154938320,-1.88625869750977
20170308154938321,-2.16091690063477
20170308154938322,0.700106048583984
20170308154938323,-2.18380508422852
20170308154938324,-2.09225234985352
20170308154938325,0.600923919677734
20170308154938326,-1.97018203735352
20170308154938327,-2.17617568969727
20170308154938328,0.631441497802734
20170308154938329,-2.09225234985352
20170308154938330,-2.15328750610352
20170308154938331,0.623812103271484
20170308154938332,-2.17617568969727
20170308154938333,-1.84048233032227
20170308154938334,0.631441497802734
20170308154938335,-2.28298721313477
20170308154938336,-1.77181777954102
20170308154938337,0.768770599365234
20170308154938338,-2.35928115844727
20170308154938339,-1.74892959594727
20170308154938340,0.707735443115234
20170308154938341,-2.30587539672852
20170308154938342,-1.81759414672852
20170308154938343,0.646700286865234
20170308154938344,-2.33639297485352
20170308154938345,-1.71078262329102
20170308154938346,0.692476654052734
20170308154938347,-2.36691055297852
20170308154938348,-1.63448867797852
20170308154938349,0.692476654052734
20170308154938350,-2.59579238891602
20170308154938351,-1.40560684204102
20170308154938352,0.639070892333984
20170308154938353,-2.77126846313477
20170308154938354,-1.29879531860352
20170308154938355,0.539888763427734
20170308154938356,-2.67208633422852
20170308154938357,-1.38271865844727
20170308154938358,0.768770599365234
20170308154938359,-2.73312149047852
20170308154938360,-1.41323623657227
20170308154938361,0.608553314208984
20170308154938362,-2.71023330688477
20170308154938363,-1.33694229125977
20170308154938364,0.486483001708984
20170308154938365,-2.77126846313477
20170308154938366,-1.14620742797852
20170308154938367,0.471224212646484
20170308154938368,-2.87045059204102
20170308154938369,-1.12331924438477
20170308154938370,0.684847259521484
20170308154938371,-3.00015029907227
20170308154938372,-0.985990142822266
20170308154938373,0.478853607177734
20170308154938374,-2.96200332641602
20170308154938375,-0.825772857666016
20170308154938376,0.311006927490234
20170308154938377,-2.96200332641602
20170308154938378,-1.03939590454102
20170308154938379,0.440706634521484
20170308154938380,-2.93911514282227
20170308154938381,-1.06991348266602
20170308154938382,0.478853607177734
20170308154938383,-2.78652725219727
20170308154938384,-1.10806045532227
20170308154938385,0.700106048583984
20170308154938386,-2.81704483032227
20170308154938387,-1.13857803344727
20170308154938388,0.440706634521484
20170308154938389,-2.81704483032227
20170308154938390,-1.33694229125977
20170308154938391,0.738253021240234
20170308154938392,-2.77889785766602
20170308154938393,-1.32931289672852
20170308154938394,0.517000579833984
20170308154938395,-2.91622695922852
20170308154938396,-1.12331924438477
20170308154938397,0.532259368896484
20170308154938398,-2.99252090454102
20170308154938399,-1.03939590454102
20170308154938400,0.425447845458984
20170308154938401,-3.03829727172852
20170308154938402,-0.825772857666016
20170308154938403,0.455965423583984
20170308154938404,-2.98489151000977
20170308154938405,-0.665555572509766
20170308154938406,0.349153900146484
20170308154938407,-2.94674453735352
20170308154938408,-0.627408599853516
20170308154938409,0.158419036865234
20170308154938410,-3.02303848266602
20170308154938411,-0.474820709228516
20170308154938412,0.127901458740234
20170308154938413,-2.90859756469727
20170308154938414,-0.543485260009766
20170308154938415,0.211824798583984
20170308154938416,-2.89333877563477
20170308154938417,-0.627408599853516
20170308154938418,0.280489349365234
20170308154938419,-2.90096817016602
20170308154938420,-0.795255279541016
20170308154938421,0.249971771240234
20170308154938422,-2.94674453735352
20170308154938423,-0.696073150634766
20170308154938424,0.265230560302734
20170308154938425,-2.93148574829102
20170308154938426,-0.635037994384766
20170308154938427,0.242342376708984
20170308154938428,-2.91622695922852
20170308154938429,-0.635037994384766
20170308154938430,0.219454193115234
20170308154938431,-2.97726211547852
20170308154938432,-0.635037994384766
20170308154938433,0.272859954833984
20170308154938434,-2.93911514282227
20170308154938435,-0.726590728759766
20170308154938436,0.318636322021484
20170308154938437,-3.00777969360352
20170308154938438,-0.741849517822266
20170308154938439,0.509371185302734
20170308154938440,-2.94674453735352
20170308154938441,-0.947843170166016
20170308154938442,0.372042083740234
20170308154938443,-2.96963272094727
20170308154938444,-0.879178619384766
20170308154938445,0.379671478271484
20170308154938446,-2.96200332641602
20170308154938447,-0.703702545166016
20170308154938448,0.211824798583984
20170308154938449,-3.01540908813477
20170308154938450,-0.795255279541016
20170308154938451,0.372042083740234
20170308154938452,-2.99252090454102
20170308154938453,-0.390897369384766
20170308154938454,0.120272064208984
20170308154938455,-2.94674453735352
20170308154938456,-0.207791900634766
20170308154938457,-0.215421295166016
20170308154938458,-2.90096817016602
20170308154938459,-0.207791900634766
20170308154938460,-0.314603424072266
20170308154938461,-2.99252090454102
20170308154938462,0.0516075134277344
20170308154938463,-0.337491607666016
20170308154938464,-2.93911514282227
20170308154938465,0.394930267333984
20170308154938466,-0.505338287353516
20170308154938467,-2.83993301391602
20170308154938468,0.364412689208984
20170308154938469,-0.703702545166016
20170308154938470,-2.85519180297852
20170308154938471,0.669588470458984
20170308154938472,-0.917325592041016
20170308154938473,-2.85519180297852
20170308154938474,0.753511810302734
20170308154938475,-0.718961334228516
20170308154938476,-2.81704483032227
20170308154938477,0.837435150146484
20170308154938478,-0.978360748291016
20170308154938479,-2.81704483032227
20170308154938480,0.730623626708984
20170308154938481,-1.06991348266602
20170308154938482,-2.75600967407227
20170308154938483,0.730623626708984
20170308154938484,-1.26064834594727
20170308154938485,-2.66445693969727
20170308154938486,0.890840911865234
20170308154938487,-1.46664199829102
20170308154938488,-2.59579238891602
20170308154938489,0.761141204833984
20170308154938490,-1.62685928344727
20170308154938491,-2.48898086547852
20170308154938492,0.631441497802734
20170308154938493,-1.78707656860352
20170308154938494,-2.09225234985352
20170308154938495,0.745882415771484
20170308154938496,-2.15328750610352
20170308154938497,-1.82522354125977
20170308154938498,0.745882415771484
20170308154938499,-2.45083389282227
20170308154938500,-1.57345352172852
20170308154938501,0.631441497802734
20170308154938502,-2.39742813110352
20170308154938503,-1.58871231079102
20170308154938504,0.593294525146484
20170308154938505,-2.34402236938477
20170308154938506,-1.70315322875977
20170308154938507,0.585665130615234
20170308154938508,-2.38216934204102
20170308154938509,-1.71078262329102
20170308154938510,0.616182708740234
20170308154938511,-2.21432266235352
20170308154938512,-1.72604141235352
20170308154938513,0.753511810302734
20170308154938514,-2.50423965454102
20170308154938515,-1.35220108032227
20170308154938516,0.539888763427734
20170308154938517,-2.72549209594727
20170308154938518,-1.27590713500977
20170308154938519,0.608553314208984
20170308154938520,-2.79415664672852
20170308154938521,-1.29116592407227
20170308154938522,0.440706634521484
20170308154938523,-2.80941543579102
20170308154938524,-1.28353652954102
20170308154938525,0.616182708740234
20170308154938526,-2.94674453735352
20170308154938527,-1.13094863891602
20170308154938528,0.478853607177734
20170308154938529,-3.02303848266602
20170308154938530,-1.17672500610352
20170308154938531,0.417818450927734
20170308154938532,-2.96200332641602
20170308154938533,-1.16146621704102
20170308154938534,0.578035736083984
20170308154938535,-2.86282119750977
20170308154938536,-1.00887832641602
20170308154938537,0.379671478271484
20170308154938538,-2.94674453735352
20170308154938539,-0.993619537353516
20170308154938540,0.478853607177734
20170308154938541,-3.00015029907227
20170308154938542,-0.802884674072266
20170308154938543,0.356783294677734
20170308154938544,-2.94674453735352
20170308154938545,-0.718961334228516
20170308154938546,0.402559661865234
20170308154938547,-2.95437393188477
20170308154938548,-0.833402252197266
20170308154938549,0.410189056396484
20170308154938550,-2.93911514282227
20170308154938551,-0.963101959228516
20170308154938552,0.471224212646484
20170308154938553,-2.98489151000977
20170308154938554,-0.886808013916016
20170308154938555,0.280489349365234
20170308154938556,-2.92385635375977
20170308154938557,-0.917325592041016
20170308154938558,0.295748138427734
20170308154938559,-3.03829727172852
20170308154938560,-0.902066802978516
20170308154938561,0.341524505615234
20170308154938562,-2.93911514282227
20170308154938563,-0.825772857666016
20170308154938564,0.303377532958984
20170308154938565,-2.92385635375977
20170308154938566,-0.589261627197266
20170308154938567,0.249971771240234
20170308154938568,-2.93148574829102
20170308154938569,-0.635037994384766
20170308154938570,0.257601165771484
20170308154938571,-2.97726211547852
20170308154938572,-0.482450103759766
20170308154938573,0.150789642333984
20170308154938574,-2.93911514282227
20170308154938575,-0.413785552978516
20170308154938576,-0.0857215881347656
20170308154938577,-2.98489151000977
20170308154938578,-0.558744049072266
20170308154938579,0.0668663024902344
20170308154938580,-2.96963272094727
20170308154938581,-0.245938873291016
20170308154938582,0.188936614990234
20170308154938583,-2.90859756469727
20170308154938584,-0.329862213134766
20170308154938585,-0.0017982482910156
20170308154938586,-2.93148574829102
20170308154938587,-0.230680084228516
20170308154938588,-0.0780921936035156
20170308154938589,-2.94674453735352
20170308154938590,-0.154386138916016
20170308154938591,-0.253568267822266
20170308154938592,-2.94674453735352
20170308154938593,-0.207791900634766
20170308154938594,-0.253568267822266
20170308154938595,-2.94674453735352
20170308154938596,0.318636322021484
20170308154938597,-0.421414947509766
20170308154938598,-2.86282119750977
20170308154938599,0.227083587646484
20170308154938600,-0.574002838134766
20170308154938601,-2.85519180297852
20170308154938602,0.471224212646484
20170308154938603,-0.795255279541016
20170308154938604,-2.90859756469727
20170308154938605,0.440706634521484
20170308154938606,-0.749478912353516
20170308154938607,-2.83230361938477
20170308154938608,0.539888763427734
20170308154938609,-0.749478912353516
20170308154938610,-2.75600967407227
20170308154938611,0.173677825927734
20170308154938612,-0.528226470947266
20170308154938613,-2.80178604125977
20170308154938614,0.196566009521484
20170308154938615,-0.512967681884766
20170308154938616,-2.89333877563477
20170308154938617,0.425447845458984
20170308154938618,-0.642667388916016
20170308154938619,-2.88570938110352
20170308154938620,0.448336029052734
20170308154938621,-0.818143463134766
20170308154938622,-2.89333877563477
20170308154938623,0.600923919677734
20170308154938624,-0.985990142822266
20170308154938625,-2.86282119750977
20170308154938626,0.753511810302734
20170308154938627,-1.20724258422852
20170308154938628,-2.77889785766602
20170308154938629,0.768770599365234
20170308154938630,-1.11568984985352
20170308154938631,-2.69497451782227
20170308154938632,0.997652435302734
20170308154938633,-1.14620742797852
20170308154938634,-2.59579238891602
20170308154938635,0.829805755615234
20170308154938636,-1.51241836547852
20170308154938637,-2.52712783813477
20170308154938638,0.829805755615234
20170308154938639,-1.69552383422852
20170308154938640,-2.27535781860352
20170308154938641,0.600923919677734
20170308154938642,-1.71841201782227
20170308154938643,-2.30587539672852
20170308154938644,0.738253021240234
20170308154938645,-2.01595840454102
20170308154938646,-2.04647598266602
20170308154938647,0.669588470458984
20170308154938648,-2.18380508422852
20170308154938649,-1.93203506469727
20170308154938650,0.722994232177734
20170308154938651,-2.38216934204102
20170308154938652,-1.64974746704102
20170308154938653,0.753511810302734
20170308154938654,-2.65682754516602
20170308154938655,-1.46664199829102
20170308154938656,0.761141204833984
20170308154938657,-2.80178604125977
20170308154938658,-1.29879531860352
20170308154938659,0.555147552490234
20170308154938660,-2.89333877563477
20170308154938661,-1.23013076782227
20170308154938662,0.532259368896484
20170308154938663,-2.90859756469727
20170308154938664,-1.19961318969727
20170308154938665,0.555147552490234
20170308154938666,-2.97726211547852
20170308154938667,-0.909696197509766
20170308154938668,0.425447845458984
20170308154938669,-2.93148574829102
20170308154938670,-0.757108306884766
20170308154938671,0.394930267333984
20170308154938672,-2.95437393188477
20170308154938673,-0.657926177978516
20170308154938674,0.280489349365234
20170308154938675,-3.00777969360352
20170308154938676,-0.352750396728516
20170308154938677,-0.0094276428222656
20170308154938678,-2.95437393188477
20170308154938679,-0.482450103759766
20170308154938680,0.227083587646484
20170308154938681,-2.93911514282227
20170308154938682,-0.619779205322266
20170308154938683,0.463594818115234
20170308154938684,-2.90859756469727
20170308154938685,-0.467191314697266
20170308154938686,0.127901458740234
20170308154938687,-2.97726211547852
20170308154938688,-0.703702545166016
20170308154938689,0.249971771240234
20170308154938690,-3.00777969360352
20170308154938691,-0.490079498291016
20170308154938692,0.0363487243652344
20170308154938693,-2.96200332641602
20170308154938694,-0.520597076416016
20170308154938695,0.143160247802734
20170308154938696,-2.96963272094727
20170308154938697,-0.451932525634766
20170308154938698,0.120272064208984
20170308154938699,-3.02303848266602
20170308154938700,-0.306974029541016
20170308154938701,0.0439781188964844
20170308154938702,-2.96963272094727
20170308154938703,-0.497708892822266
20170308154938704,0.112642669677734
20170308154938705,-3.00015029907227
20170308154938706,-0.398526763916016
20170308154938707,0.0058311462402344
20170308154938708,-2.96963272094727
20170308154938709,-0.322232818603516
20170308154938710,-0.123868560791016
20170308154938711,-2.93911514282227
20170308154938712,0.0363487243652344
20170308154938713,-0.215421295166016
20170308154938714,-2.88570938110352
20170308154938715,-0.192533111572266
20170308154938716,-0.154386138916016
20170308154938717,-2.87045059204102
20170308154938718,-0.154386138916016
20170308154938719,-0.200162506103516
20170308154938720,-2.83993301391602
20170308154938721,-0.184903717041016
20170308154938722,-0.177274322509766
20170308154938723,-2.90096817016602
20170308154938724,-0.0170570373535156
20170308154938725,-0.261197662353516
20170308154938726,-2.89333877563477
20170308154938727,0.135530853271484
20170308154938728,-0.474820709228516
20170308154938729,-2.87045059204102
20170308154938730,0.326265716552734
20170308154938731,-0.482450103759766
20170308154938732,-2.93911514282227
20170308154938733,0.471224212646484
20170308154938734,-0.711331939697266
20170308154938735,-2.84756240844727
20170308154938736,0.616182708740234
20170308154938737,-0.650296783447266
20170308154938738,-2.88570938110352
20170308154938739,0.806917572021484
20170308154938740,-1.03939590454102
20170308154938741,-2.67208633422852
20170308154938742,0.623812103271484
20170308154938743,-1.13857803344727
20170308154938744,-2.80941543579102
20170308154938745,0.837435150146484
20170308154938746,-0.985990142822266
20170308154938747,-2.77889785766602
20170308154938748,0.593294525146484
20170308154938749,-0.909696197509766
20170308154938750,-2.70260391235352
20170308154938751,1.03579940795898
20170308154938752,-1.42849502563477
20170308154938753,-2.51186904907227
20170308154938754,0.867952728271484
20170308154938755,-1.73367080688477
20170308154938756,-2.28298721313477
20170308154938757,0.784029388427734
20170308154938758,-1.74892959594727
20170308154938759,-2.22195205688477
20170308154938760,0.829805755615234
20170308154938761,-1.90151748657227
20170308154938762,-2.13039932250977
20170308154938763,0.768770599365234
20170308154938764,-2.09225234985352
20170308154938765,-2.03121719360352
20170308154938766,0.669588470458984
20170308154938767,-2.00832901000977
20170308154938768,-1.97018203735352
20170308154938769,0.715364837646484
20170308154938770,-2.19906387329102
20170308154938771,-1.84811172485352
20170308154938772,0.692476654052734
20170308154938773,-2.36691055297852
20170308154938774,-1.68026504516602
20170308154938775,0.715364837646484
20170308154938776,-2.39742813110352
20170308154938777,-1.61160049438477
20170308154938778,0.646700286865234
20170308154938779,-2.64919815063477
20170308154938780,-1.35220108032227
20170308154938781,0.555147552490234
20170308154938782,-2.61105117797852
20170308154938783,-1.26827774047852
20170308154938784,0.608553314208984
20170308154938785,-2.75600967407227
20170308154938786,-1.03939590454102
20170308154938787,0.700106048583984
20170308154938788,-2.98489151000977
20170308154938789,-0.985990142822266
20170308154938790,0.425447845458984
20170308154938791,-2.98489151000977
20170308154938792,-0.589261627197266
20170308154938793,0.379671478271484
20170308154938794,-2.98489151000977
20170308154938795,-0.375638580322266
20170308154938796,0.0363487243652344
20170308154938797,-2.96963272094727
20170308154938798,-0.154386138916016
20170308154938799,-0.108609771728516
20170308154938800,-2.87045059204102
20170308154938801,-0.207791900634766
20170308154938802,0.181307220458984
20170308154938803,-2.99252090454102
20170308154938804,-0.306974029541016
20170308154938805,-0.116239166259766
20170308154938806,-2.90096817016602
20170308154938807,-0.314603424072266
20170308154938808,-0.230680084228516
20170308154938809,-2.91622695922852
20170308154938810,-0.543485260009766
20170308154938811,0.196566009521484
20170308154938812,-2.90096817016602
20170308154938813,-0.375638580322266
20170308154938814,-0.0552040100097656
20170308154938815,-2.96963272094727
20170308154938816,-0.406156158447266
20170308154938817,0.0058311462402344
20170308154938818,-2.98489151000977
20170308154938819,-0.459561920166016
20170308154938820,0.166048431396484
20170308154938821,-2.97726211547852
20170308154938822,-0.566373443603516
20170308154938823,0.249971771240234
20170308154938824,-2.94674453735352
20170308154938825,-0.665555572509766
20170308154938826,0.257601165771484
20170308154938827,-3.03066787719727
20170308154938828,-0.474820709228516
20170308154938829,0.478853607177734
20170308154938830,-2.90096817016602
20170308154938831,-0.512967681884766
20170308154938832,0.410189056396484
20170308154938833,-2.88570938110352
20170308154938834,-0.375638580322266
20170308154938835,0.204195404052734
20170308154938836,-2.90859756469727
20170308154938837,-0.337491607666016
20170308154938838,0.143160247802734
20170308154938839,-2.90859756469727
20170308154938840,-0.474820709228516
20170308154938841,0.318636322021484
20170308154938842,-2.90096817016602
20170308154938843,-0.612149810791016
20170308154938844,0.181307220458984
20170308154938845,-2.77126846313477
20170308154938846,-0.734220123291016
20170308154938847,0.272859954833984
20170308154938848,-2.89333877563477
20170308154938849,-0.574002838134766
20170308154938850,0.173677825927734
20170308154938851,-2.90096817016602
20170308154938852,-0.581632232666016
20170308154938853,0.394930267333984
20170308154938854,-2.95437393188477
20170308154938855,-0.680814361572266
20170308154938856,0.265230560302734
20170308154938857,-2.93148574829102
20170308154938858,-0.810514068603516
20170308154938859,0.501741790771484
20170308154938860,-3.03066787719727
20170308154938861,-0.581632232666016
20170308154938862,0.555147552490234
20170308154938863,-2.96963272094727
20170308154938864,-0.497708892822266
20170308154938865,0.295748138427734
20170308154938866,-2.93911514282227
20170308154938867,-0.543485260009766
20170308154938868,0.333895111083984
20170308154938869,-2.91622695922852
20170308154938870,-0.734220123291016
20170308154938871,0.455965423583984
20170308154938872,-2.90859756469727
20170308154938873,-0.818143463134766
20170308154938874,0.494112396240234
20170308154938875,-2.83230361938477
20170308154938876,-0.970731353759766
20170308154938877,0.455965423583984
20170308154938878,-2.76363906860352
20170308154938879,-1.10043106079102
20170308154938880,0.806917572021484
20170308154938881,-2.80178604125977
20170308154938882,-1.10043106079102
20170308154938883,0.593294525146484
20170308154938884,-2.92385635375977
20170308154938885,-1.00887832641602
20170308154938886,0.425447845458984
20170308154938887,-3.02303848266602
20170308154938888,-0.772367095947266
20170308154938889,0.288118743896484
20170308154938890,-3.00015029907227
20170308154938891,-0.810514068603516
20170308154938892,0.455965423583984
20170308154938893,-3.01540908813477
20170308154938894,-0.963101959228516
20170308154938895,0.364412689208984
20170308154938896,-3.00777969360352
20170308154938897,-0.833402252197266
20170308154938898,0.387300872802734
20170308154938899,-3.09170303344727
20170308154938900,-0.940213775634766
20170308154938901,0.455965423583984
20170308154938902,-3.02303848266602
20170308154938903,-0.718961334228516
20170308154938904,0.669588470458984
20170308154938905,-2.91622695922852
20170308154938906,-0.627408599853516
20170308154938907,0.471224212646484
20170308154938908,-3.00015029907227
20170308154938909,-0.436673736572266
20170308154938910,0.433077239990234
20170308154938911,-2.74838027954102
20170308154938912,-0.581632232666016
20170308154938913,0.402559661865234
20170308154938914,-2.90096817016602
20170308154938915,-0.543485260009766
20170308154938916,0.295748138427734
20170308154938917,-2.80941543579102
20170308154938918,-0.482450103759766
20170308154938919,0.471224212646484
20170308154938920,-2.74838027954102
20170308154938921,-0.474820709228516
20170308154938922,0.219454193115234
20170308154938923,-2.90096817016602
20170308154938924,-0.360379791259766
20170308154938925,0.0210899353027344
20170308154938926,-3.04592666625977
20170308154938927,-0.230680084228516
20170308154938928,-0.123868560791016
20170308154938929,-3.03066787719727
20170308154938930,-0.215421295166016
20170308154938931,-0.108609771728516
20170308154938932,-2.96200332641602
20170308154938933,-0.261197662353516
20170308154938934,-0.131497955322266
20170308154938935,-2.96200332641602
20170308154938936,0.0516075134277344
20170308154938937,-0.192533111572266
20170308154938938,-2.93148574829102
20170308154938939,-0.0475746154785156
20170308154938940,-0.116239166259766
20170308154938941,-2.98489151000977
20170308154938942,-0.123868560791016
20170308154938943,0.0287193298339844
20170308154938944,-2.87807998657227
20170308154938945,-0.100980377197266
20170308154938946,0.0592369079589844
20170308154938947,-2.80941543579102
20170308154938948,0.0363487243652344
20170308154938949,-0.192533111572266
20170308154938950,-2.78652725219727
20170308154938951,0.112642669677734
20170308154938952,-0.467191314697266
20170308154938953,-2.75600967407227
20170308154938954,0.288118743896484
20170308154938955,-0.429044342041016
20170308154938956,-2.79415664672852
20170308154938957,0.509371185302734
20170308154938958,-0.520597076416016
20170308154938959,-2.79415664672852
20170308154938960,0.402559661865234
20170308154938961,-0.497708892822266
20170308154938962,-2.81704483032227
20170308154938963,0.288118743896484
20170308154938964,-0.467191314697266
20170308154938965,-2.79415664672852
20170308154938966,0.288118743896484
20170308154938967,-0.558744049072266
20170308154938968,-2.77889785766602
20170308154938969,0.150789642333984
20170308154938970,-0.520597076416016
20170308154938971,-2.83993301391602
20170308154938972,0.417818450927734
20170308154938973,-0.535855865478516
20170308154938974,-2.84756240844727
20170308154938975,0.211824798583984
20170308154938976,-0.436673736572266
20170308154938977,-2.93148574829102
20170308154938978,0.143160247802734
20170308154938979,-0.345121002197266
20170308154938980,-2.86282119750977
20170308154938981,-0.0857215881347656
20170308154938982,-0.162015533447266
20170308154938983,-2.87045059204102
20170308154938984,-0.268827056884766
20170308154938985,-0.131497955322266
20170308154938986,-2.81704483032227
20170308154938987,-0.245938873291016
20170308154938988,0.112642669677734
20170308154938989,-2.84756240844727
20170308154938990,-0.253568267822266
20170308154938991,0.166048431396484
20170308154938992,-2.86282119750977
20170308154938993,-0.276456451416016
20170308154938994,-0.0628334045410156
20170308154938995,-2.90096817016602
20170308154938996,-0.444303131103516
20170308154938997,0.0363487243652344
20170308154938998,-2.92385635375977
20170308154938999,-0.322232818603516
20170308154939000,0.249971771240234
20170308154939001,-2.77889785766602
20170308154939002,-0.329862213134766
20170308154939003,0.0821250915527344
20170308154939004,-2.87045059204102
20170308154939005,-0.520597076416016
20170308154939006,-0.0094276428222656
20170308154939007,-2.89333877563477
20170308154939008,-0.505338287353516
20170308154939009,0.0363487243652344
20170308154939010,-2.94674453735352
20170308154939011,-0.612149810791016
20170308154939012,-0.0780921936035156
20170308154939013,-2.98489151000977
20170308154939014,-0.619779205322266
20170308154939015,0.295748138427734
20170308154939016,-2.93148574829102
20170308154939017,-0.764737701416016
20170308154939018,0.425447845458984
20170308154939019,-3.06118545532227
20170308154939020,-0.825772857666016
20170308154939021,0.120272064208984
20170308154939022,-3.05355606079102
20170308154939023,-0.871549224853516
20170308154939024,0.249971771240234
20170308154939025,-2.91622695922852
20170308154939026,-0.802884674072266
20170308154939027,0.112642669677734
20170308154939028,-3.05355606079102
20170308154939029,-0.551114654541016
20170308154939030,0.272859954833984
20170308154939031,-3.08407363891602
20170308154939032,-0.711331939697266
20170308154939033,0.303377532958984
20170308154939034,-2.86282119750977
20170308154939035,-0.627408599853516
20170308154939036,0.127901458740234
20170308154939037,-2.96963272094727
20170308154939038,-0.757108306884766
20170308154939039,0.158419036865234
20170308154939040,-3.01540908813477
20170308154939041,-0.596891021728516
20170308154939042,0.356783294677734
20170308154939043,-2.97726211547852
20170308154939044,-0.665555572509766
20170308154939045,0.249971771240234
20170308154939046,-2.98489151000977
20170308154939047,-0.512967681884766
20170308154939048,-0.0170570373535156
20170308154939049,-2.95437393188477
20170308154939050,-0.474820709228516
20170308154939051,-0.131497955322266
20170308154939052,-2.92385635375977
20170308154939053,-0.299344635009766
20170308154939054,-0.444303131103516
20170308154939055,-2.84756240844727
20170308154939056,0.135530853271484
20170308154939057,-0.665555572509766
20170308154939058,-2.71023330688477
20170308154939059,0.402559661865234
20170308154939060,-0.421414947509766
20170308154939061,-2.79415664672852
20170308154939062,0.379671478271484
20170308154939063,-0.642667388916016
20170308154939064,-2.79415664672852
20170308154939065,0.349153900146484
20170308154939066,-0.985990142822266
20170308154939067,-2.74838027954102
20170308154939068,0.463594818115234
20170308154939069,-0.688443756103516
20170308154939070,-2.79415664672852
20170308154939071,0.356783294677734
20170308154939072,-0.612149810791016
20170308154939073,-2.77126846313477
20170308154939074,0.578035736083984
20170308154939075,-0.825772857666016
20170308154939076,-2.65682754516602
20170308154939077,0.753511810302734
20170308154939078,-1.11568984985352
20170308154939079,-2.86282119750977
20170308154939080,0.494112396240234
20170308154939081,-0.841031646728516
20170308154939082,-2.87807998657227
20170308154939083,0.585665130615234
20170308154939084,-1.21487197875977
20170308154939085,-2.72549209594727
20170308154939086,0.661959075927734
20170308154939087,-1.49715957641602
20170308154939088,-2.68734512329102
20170308154939089,0.883211517333984
20170308154939090,-1.54293594360352
20170308154939091,-2.60342178344727
20170308154939092,0.883211517333984
20170308154939093,-1.56582412719727
20170308154939094,-2.54238662719727
20170308154939095,0.692476654052734
20170308154939096,-1.55819473266602
20170308154939097,-2.58816299438477
20170308154939098,0.562776947021484
20170308154939099,-1.73367080688477
20170308154939100,-2.56527481079102
20170308154939101,0.799288177490234
20170308154939102,-1.87099990844727
20170308154939103,-2.45083389282227
20170308154939104,0.722994232177734
20170308154939105,-1.77944717407227
20170308154939106,-2.38979873657227
20170308154939107,0.478853607177734
20170308154939108,-1.91677627563477
20170308154939109,-2.34402236938477
20170308154939110,0.394930267333984
20170308154939111,-2.28298721313477
20170308154939112,-2.14565811157227
20170308154939113,0.387300872802734
20170308154939114,-2.37453994750977
20170308154939115,-1.98544082641602
20170308154939116,0.509371185302734
20170308154939117,-2.45083389282227
20170308154939118,-1.79470596313477
20170308154939119,0.326265716552734
20170308154939120,-2.67208633422852
20170308154939121,-1.50478897094727
20170308154939122,0.402559661865234
20170308154939123,-3.03066787719727
20170308154939124,-1.29879531860352
20170308154939125,0.364412689208984
20170308154939126,-3.06881484985352
20170308154939127,-1.03939590454102
20170308154939128,0.440706634521484
20170308154939129,-2.96963272094727
20170308154939130,-0.909696197509766
20170308154939131,0.280489349365234
20170308154939132,-2.89333877563477
20170308154939133,-0.726590728759766
20170308154939134,0.127901458740234
20170308154939135,-2.88570938110352
20170308154939136,-0.520597076416016
20170308154939137,0.120272064208984
20170308154939138,-2.93148574829102
20170308154939139,-0.551114654541016
20170308154939140,0.166048431396484
20170308154939141,-2.89333877563477
20170308154939142,-0.482450103759766
20170308154939143,0.0973838806152344
20170308154939144,-3.01540908813477
20170308154939145,-0.436673736572266
20170308154939146,-0.131497955322266
20170308154939147,-2.95437393188477
20170308154939148,-0.215421295166016
20170308154939149,0.120272064208984
20170308154939150,-2.80178604125977
20170308154939151,-0.520597076416016
20170308154939152,0.127901458740234
20170308154939153,-2.83993301391602
20170308154939154,-0.505338287353516
20170308154939155,0.173677825927734
20170308154939156,-2.87807998657227
20170308154939157,-0.520597076416016
20170308154939158,-0.0552040100097656
20170308154939159,-2.90859756469727
20170308154939160,-0.345121002197266
20170308154939161,0.257601165771484
20170308154939162,-2.92385635375977
20170308154939163,-0.238309478759766
20170308154939164,0.173677825927734
20170308154939165,-2.83230361938477
20170308154939166,-0.345121002197266
20170308154939167,0.311006927490234
20170308154939168,-2.83230361938477
20170308154939169,-0.650296783447266
20170308154939170,0.288118743896484
20170308154939171,-2.93148574829102
20170308154939172,-0.619779205322266
20170308154939173,0.311006927490234
20170308154939174,-2.93148574829102
20170308154939175,-0.657926177978516
20170308154939176,0.272859954833984
20170308154939177,-2.95437393188477
20170308154939178,-0.711331939697266
20170308154939179,0.318636322021484
20170308154939180,-2.90096817016602
20170308154939181,-0.673184967041016
20170308154939182,0.204195404052734
20170308154939183,-2.91622695922852
20170308154939184,-0.528226470947266
20170308154939185,0.333895111083984
20170308154939186,-2.94674453735352
20170308154939187,-0.398526763916016
20170308154939188,-0.0170570373535156
20170308154939189,-2.90859756469727
20170308154939190,-0.223050689697266
20170308154939191,-0.0704627990722656
20170308154939192,-2.96200332641602
20170308154939193,-0.116239166259766
20170308154939194,-0.238309478759766
20170308154939195,-2.91622695922852
20170308154939196,-0.0246864318847656
20170308154939197,-0.299344635009766
20170308154939198,-2.89333877563477
20170308154939199,0.0744956970214844
20170308154939200,-0.459561920166016
20170308154939201,-2.87045059204102
20170308154939202,-0.154386138916016
20170308154939203,-0.253568267822266
20170308154939204,-2.93148574829102
20170308154939205,0.173677825927734
20170308154939206,-0.360379791259766
20170308154939207,-2.90096817016602
20170308154939208,0.143160247802734
20170308154939209,-0.505338287353516
20170308154939210,-2.89333877563477
20170308154939211,0.242342376708984
20170308154939212,-0.459561920166016
20170308154939213,-2.92385635375977
20170308154939214,-0.0246864318847656
20170308154939215,-0.345121002197266
20170308154939216,-2.88570938110352
20170308154939217,0.120272064208984
20170308154939218,-0.398526763916016
20170308154939219,-2.82467422485352
20170308154939220,0.417818450927734
20170308154939221,-0.688443756103516
20170308154939222,-2.94674453735352
20170308154939223,0.585665130615234
20170308154939224,-0.711331939697266
20170308154939225,-2.77889785766602
20170308154939226,0.639070892333984
20170308154939227,-0.924954986572266
20170308154939228,-2.82467422485352
20170308154939229,0.776399993896484
20170308154939230,-1.06991348266602
20170308154939231,-2.71786270141602
20170308154939232,0.890840911865234
20170308154939233,-1.13857803344727
20170308154939234,-2.62630996704102
20170308154939235,0.883211517333984
20170308154939236,-1.41323623657227
20170308154939237,-2.47372207641602
20170308154939238,0.898470306396484
20170308154939239,-1.75655899047852
20170308154939240,-2.38216934204102
20170308154939241,0.845064544677734
20170308154939242,-1.92440567016602
20170308154939243,-2.11514053344727
20170308154939244,0.829805755615234
20170308154939245,-2.22958145141602
20170308154939246,-1.81759414672852
20170308154939247,0.814546966552734
20170308154939248,-2.59579238891602
20170308154939249,-1.45138320922852
20170308154939250,0.684847259521484
20170308154939251,-2.77889785766602
20170308154939252,-1.11568984985352
20170308154939253,0.761141204833984
20170308154939254,-2.86282119750977
20170308154939255,-0.932584381103516
20170308154939256,0.455965423583984
20170308154939257,-2.90859756469727
20170308154939258,-0.673184967041016
20170308154939259,0.372042083740234
20170308154939260,-2.98489151000977
20170308154939261,-0.612149810791016
20170308154939262,0.379671478271484
20170308154939263,-2.93148574829102
20170308154939264,-0.482450103759766
20170308154939265,0.318636322021484
20170308154939266,-2.91622695922852
20170308154939267,-0.581632232666016
20170308154939268,0.158419036865234
20170308154939269,-3.02303848266602
20170308154939270,-0.345121002197266
20170308154939271,0.0821250915527344
20170308154939272,-3.01540908813477
20170308154939273,-0.154386138916016
20170308154939274,-0.200162506103516
20170308154939275,-2.91622695922852
20170308154939276,-0.184903717041016
20170308154939277,-0.223050689697266
20170308154939278,-2.87807998657227
20170308154939279,-0.116239166259766
20170308154939280,-0.200162506103516
20170308154939281,-2.86282119750977
20170308154939282,0.158419036865234
20170308154939283,-0.345121002197266
20170308154939284,-2.82467422485352
20170308154939285,0.0134605407714844
20170308154939286,-0.299344635009766
20170308154939287,-2.93911514282227
20170308154939288,0.0973838806152344
20170308154939289,-0.131497955322266
20170308154939290,-2.76363906860352
20170308154939291,0.265230560302734
20170308154939292,-0.512967681884766
20170308154939293,-2.81704483032227
20170308154939294,0.265230560302734
20170308154939295,-0.619779205322266
20170308154939296,-2.81704483032227
20170308154939297,0.356783294677734
20170308154939298,-0.467191314697266
20170308154939299,-2.82467422485352
20170308154939300,0.486483001708984
20170308154939301,-0.734220123291016
20170308154939302,-2.80178604125977
20170308154939303,0.524629974365234
20170308154939304,-0.825772857666016
20170308154939305,-2.88570938110352
20170308154939306,0.433077239990234
20170308154939307,-0.772367095947266
20170308154939308,-2.77126846313477
20170308154939309,0.272859954833984
20170308154939310,-0.657926177978516
20170308154939311,-2.84756240844727
20170308154939312,-0.0704627990722656
20170308154939313,-0.322232818603516
20170308154939314,-2.89333877563477
20170308154939315,-0.116239166259766
20170308154939316,-0.329862213134766
20170308154939317,-2.82467422485352
20170308154939318,0.196566009521484
20170308154939319,-0.429044342041016
20170308154939320,-2.80178604125977
20170308154939321,0.288118743896484
20170308154939322,-0.436673736572266
20170308154939323,-2.81704483032227
20170308154939324,0.402559661865234
20170308154939325,-0.627408599853516
20170308154939326,-2.79415664672852
20170308154939327,0.509371185302734
20170308154939328,-0.718961334228516
20170308154939329,-2.81704483032227
20170308154939330,0.745882415771484
20170308154939331,-0.955472564697266
20170308154939332,-2.78652725219727
20170308154939333,0.654329681396484
20170308154939334,-0.764737701416016
20170308154939335,-2.84756240844727
20170308154939336,0.753511810302734
20170308154939337,-1.04702529907227
20170308154939338,-2.86282119750977
20170308154939339,0.646700286865234
20170308154939340,-1.02413711547852
20170308154939341,-2.86282119750977
20170308154939342,0.700106048583984
20170308154939343,-1.07754287719727
20170308154939344,-2.71023330688477
20170308154939345,0.753511810302734
20170308154939346,-0.902066802978516
20170308154939347,-2.80941543579102
20170308154939348,0.814546966552734
20170308154939349,-1.01650772094727
20170308154939350,-2.76363906860352
20170308154939351,0.898470306396484
20170308154939352,-1.06991348266602
20170308154939353,-2.70260391235352
20170308154939354,0.837435150146484
20170308154939355,-1.16909561157227
20170308154939356,-2.55001602172852
20170308154939357,1.02054061889648
20170308154939358,-1.23776016235352
20170308154939359,-2.48898086547852
20170308154939360,0.761141204833984
20170308154939361,-1.59634170532227
20170308154939362,-2.31350479125977
20170308154939363,0.822176361083984
20170308154939364,-1.92440567016602
20170308154939365,-2.07699356079102
20170308154939366,0.784029388427734
20170308154939367,-2.11514053344727
20170308154939368,-1.82522354125977
20170308154939369,0.677217864990234
20170308154939370,-2.26009902954102
20170308154939371,-1.65737686157227
20170308154939372,0.684847259521484
20170308154939373,-2.43557510375977
20170308154939374,-1.49715957641602
20170308154939375,0.692476654052734
20170308154939376,-2.69497451782227
20170308154939377,-1.26827774047852
20170308154939378,0.646700286865234
20170308154939379,-2.87807998657227
20170308154939380,-1.23013076782227
20170308154939381,0.562776947021484
20170308154939382,-2.83993301391602
20170308154939383,-1.09280166625977
20170308154939384,0.585665130615234
20170308154939385,-2.94674453735352
20170308154939386,-0.833402252197266
20170308154939387,0.318636322021484
20170308154939388,-2.96200332641602
20170308154939389,-0.764737701416016
20170308154939390,0.677217864990234
20170308154939391,-2.94674453735352
20170308154939392,-0.490079498291016
20170308154939393,0.188936614990234
20170308154939394,-2.98489151000977
20170308154939395,-0.520597076416016
20170308154939396,0.181307220458984
20170308154939397,-2.96963272094727
20170308154939398,-0.383267974853516
20170308154939399,-0.0017982482910156
20170308154939400,-2.93148574829102
20170308154939401,-0.375638580322266
20170308154939402,0.0973838806152344
20170308154939403,-2.95437393188477
20170308154939404,-0.436673736572266
20170308154939405,0.0210899353027344
20170308154939406,-2.91622695922852
20170308154939407,-0.0246864318847656
20170308154939408,-0.253568267822266
20170308154939409,-2.80941543579102
20170308154939410,0.127901458740234
20170308154939411,-0.337491607666016
20170308154939412,-2.90096817016602
20170308154939413,0.127901458740234
20170308154939414,-0.429044342041016
20170308154939415,-2.88570938110352
20170308154939416,0.0821250915527344
20170308154939417,-0.345121002197266
20170308154939418,-2.81704483032227
20170308154939419,0.0516075134277344
20170308154939420,-0.314603424072266
20170308154939421,-2.80941543579102
20170308154939422,0.127901458740234
20170308154939423,-0.337491607666016
20170308154939424,-2.77889785766602
20170308154939425,0.188936614990234
20170308154939426,-0.207791900634766
20170308154939427,-2.92385635375977
20170308154939428,0.127901458740234
20170308154939429,-0.261197662353516
20170308154939430,-2.83230361938477
20170308154939431,0.227083587646484
20170308154939432,-0.528226470947266
20170308154939433,-2.87807998657227
20170308154939434,0.364412689208984
20170308154939435,-0.406156158447266
20170308154939436,-2.81704483032227
20170308154939437,0.295748138427734
20170308154939438,-0.619779205322266
20170308154939439,-2.85519180297852
20170308154939440,0.272859954833984
20170308154939441,-0.612149810791016
20170308154939442,-2.87045059204102
20170308154939443,0.219454193115234
20170308154939444,-0.596891021728516
20170308154939445,-2.87045059204102
20170308154939446,0.219454193115234
20170308154939447,-0.352750396728516
20170308154939448,-2.84756240844727
20170308154939449,0.410189056396484
20170308154939450,-0.619779205322266
20170308154939451,-2.77889785766602
20170308154939452,0.173677825927734
20170308154939453,-0.200162506103516
20170308154939454,-2.77889785766602
20170308154939455,0.120272064208984
20170308154939456,-0.169644927978516
20170308154939457,-2.83230361938477
20170308154939458,0.0973838806152344
20170308154939459,-0.284085845947266
20170308154939460,-2.93911514282227
20170308154939461,0.0134605407714844
20170308154939462,-0.398526763916016
20170308154939463,-2.93911514282227
20170308154939464,0.0134605407714844
20170308154939465,-0.329862213134766
20170308154939466,-2.85519180297852
20170308154939467,0.105013275146484
20170308154939468,-0.406156158447266
20170308154939469,-2.85519180297852
20170308154939470,0.249971771240234
20170308154939471,-0.459561920166016
20170308154939472,-2.83230361938477
20170308154939473,0.318636322021484
20170308154939474,-0.574002838134766
20170308154939475,-2.92385635375977
20170308154939476,0.242342376708984
20170308154939477,-0.589261627197266
20170308154939478,-2.88570938110352
20170308154939479,0.181307220458984
20170308154939480,-0.406156158447266
20170308154939481,-2.81704483032227
20170308154939482,0.166048431396484
20170308154939483,-0.482450103759766
20170308154939484,-2.87807998657227
20170308154939485,0.173677825927734
20170308154939486,-0.383267974853516
20170308154939487,-2.91622695922852
20170308154939488,0.0287193298339844
20170308154939489,-0.345121002197266
20170308154939490,-2.80941543579102
20170308154939491,0.0439781188964844
20170308154939492,-0.230680084228516
20170308154939493,-2.88570938110352
20170308154939494,0.0744956970214844
20170308154939495,-0.276456451416016
20170308154939496,-2.85519180297852
20170308154939497,0.0668663024902344
20170308154939498,-0.238309478759766
20170308154939499,-2.83230361938477
20170308154939500,0.196566009521484
20170308154939501,-0.459561920166016
20170308154939502,-2.89333877563477
20170308154939503,0.120272064208984
20170308154939504,-0.482450103759766
20170308154939505,-2.83993301391602
20170308154939506,0.387300872802734
20170308154939507,-0.673184967041016
20170308154939508,-2.88570938110352
20170308154939509,0.562776947021484
20170308154939510,-0.779996490478516
20170308154939511,-2.90859756469727
20170308154939512,0.829805755615234
20170308154939513,-1.02413711547852
20170308154939514,-2.72549209594727
20170308154939515,0.845064544677734
20170308154939516,-1.35220108032227
20170308154939517,-2.59579238891602
20170308154939518,0.997652435302734
20170308154939519,-1.52004776000977
20170308154939520,-2.38979873657227
20170308154939521,0.646700286865234
20170308154939522,-1.69552383422852
20170308154939523,-2.38216934204102
20170308154939524,0.692476654052734
20170308154939525,-1.71078262329102
20170308154939526,-2.48135147094727
20170308154939527,0.684847259521484
20170308154939528,-1.52767715454102
20170308154939529,-2.45846328735352
20170308154939530,0.761141204833984
20170308154939531,-1.67263565063477
20170308154939532,-2.19143447875977
20170308154939533,0.738253021240234
20170308154939534,-1.88625869750977
20170308154939535,-2.10751113891602
20170308154939536,0.669588470458984
20170308154939537,-1.99307022094727
20170308154939538,-2.03121719360352
20170308154939539,0.761141204833984
20170308154939540,-2.29061660766602
20170308154939541,-1.71078262329102
20170308154939542,0.730623626708984
20170308154939543,-2.54238662719727
20170308154939544,-1.41323623657227
20170308154939545,0.745882415771484
20170308154939546,-2.95437393188477
20170308154939547,-1.16909561157227
20170308154939548,0.524629974365234
20170308154939549,-2.87807998657227
20170308154939550,-1.13094863891602
20170308154939551,0.562776947021484
20170308154939552,-2.88570938110352
20170308154939553,-0.940213775634766
20170308154939554,0.463594818115234
20170308154939555,-2.93911514282227
20170308154939556,-1.00887832641602
20170308154939557,0.471224212646484
20170308154939558,-2.96200332641602
20170308154939559,-0.825772857666016
20170308154939560,0.433077239990234
20170308154939561,-2.96963272094727
20170308154939562,-0.696073150634766
20170308154939563,0.547518157958984
20170308154939564,-2.85519180297852
20170308154939565,-0.574002838134766
20170308154939566,0.402559661865234
20170308154939567,-2.90859756469727
20170308154939568,-0.451932525634766
20170308154939569,0.249971771240234
20170308154939570,-2.83993301391602
20170308154939571,-0.398526763916016
20170308154939572,0.166048431396484
20170308154939573,-2.87807998657227
20170308154939574,-0.429044342041016
20170308154939575,0.143160247802734
20170308154939576,-2.91622695922852
20170308154939577,-0.474820709228516
20170308154939578,0.280489349365234
20170308154939579,-2.99252090454102
20170308154939580,-0.482450103759766
20170308154939581,0.166048431396484
20170308154939582,-2.88570938110352
20170308154939583,-0.467191314697266
20170308154939584,0.288118743896484
20170308154939585,-2.90096817016602
20170308154939586,-0.589261627197266
20170308154939587,0.173677825927734
20170308154939588,-2.93911514282227
20170308154939589,-0.505338287353516
20170308154939590,0.211824798583984
20170308154939591,-2.87045059204102
20170308154939592,-0.421414947509766
20170308154939593,0.0058311462402344
20170308154939594,-2.93148574829102
20170308154939595,-0.383267974853516
20170308154939596,-0.0475746154785156
20170308154939597,-2.87045059204102
20170308154939598,-0.383267974853516
20170308154939599,0.112642669677734
20170308154939600,-3.00777969360352
20170308154939601,-0.215421295166016
20170308154939602,0.166048431396484
20170308154939603,-2.89333877563477
20170308154939604,-0.314603424072266
20170308154939605,-0.0246864318847656
20170308154939606,-2.87045059204102
20170308154939607,-0.368009185791016
20170308154939608,-0.0704627990722656
20170308154939609,-2.99252090454102
20170308154939610,-0.230680084228516
20170308154939611,-0.131497955322266
20170308154939612,-2.94674453735352
20170308154939613,-0.131497955322266
20170308154939614,-0.0933509826660156
20170308154939615,-2.86282119750977
20170308154939616,-0.0552040100097656
20170308154939617,-0.253568267822266
20170308154939618,-2.86282119750977
20170308154939619,-0.131497955322266
20170308154939620,-0.169644927978516
20170308154939621,-2.96963272094727
20170308154939622,-0.398526763916016
20170308154939623,-0.100980377197266
20170308154939624,-2.91622695922852
20170308154939625,-0.406156158447266
20170308154939626,-0.0017982482910156
20170308154939627,-2.96200332641602
20170308154939628,-0.360379791259766
20170308154939629,-0.0857215881347656
20170308154939630,-2.92385635375977
20170308154939631,-0.261197662353516
20170308154939632,-0.223050689697266
20170308154939633,-2.93148574829102
20170308154939634,-0.0475746154785156
20170308154939635,-0.0933509826660156
20170308154939636,-2.92385635375977
20170308154939637,0.135530853271484
20170308154939638,-0.406156158447266
20170308154939639,-2.90096817016602
20170308154939640,0.234712982177734
20170308154939641,-0.528226470947266
20170308154939642,-2.85519180297852
20170308154939643,0.219454193115234
20170308154939644,-0.604520416259766
20170308154939645,-2.77126846313477
20170308154939646,0.814546966552734
20170308154939647,-0.985990142822266
20170308154939648,-2.71023330688477
20170308154939649,0.768770599365234
20170308154939650,-1.16909561157227
20170308154939651,-2.67971572875977
20170308154939652,0.829805755615234
20170308154939653,-1.39034805297852
20170308154939654,-2.59579238891602
20170308154939655,0.791658782958984
20170308154939656,-1.62685928344727
20170308154939657,-2.35165176391602
20170308154939658,0.738253021240234
20170308154939659,-1.81759414672852
20170308154939660,-2.30587539672852
20170308154939661,0.738253021240234
20170308154939662,-1.90914688110352
20170308154939663,-2.18380508422852
20170308154939664,0.738253021240234
20170308154939665,-1.91677627563477
20170308154939666,-2.06936416625977
20170308154939667,0.646700286865234
20170308154939668,-2.06936416625977
20170308154939669,-1.97018203735352
20170308154939670,0.700106048583984
20170308154939671,-2.34402236938477
20170308154939672,-1.59634170532227
20170308154939673,0.677217864990234
20170308154939674,-2.51949844360352
20170308154939675,-1.42086563110352
20170308154939676,0.501741790771484
20170308154939677,-2.63393936157227
20170308154939678,-1.58871231079102
20170308154939679,0.524629974365234
20170308154939680,-2.60342178344727
20170308154939681,-1.30642471313477
20170308154939682,0.631441497802734
20170308154939683,-2.93148574829102
20170308154939684,-1.17672500610352
20170308154939685,0.585665130615234
20170308154939686,-3.03066787719727
20170308154939687,-0.848661041259766
20170308154939688,0.425447845458984
20170308154939689,-2.98489151000977
20170308154939690,-0.757108306884766
20170308154939691,0.349153900146484
20170308154939692,-3.01540908813477
20170308154939693,-0.505338287353516
20170308154939694,0.0668663024902344
20170308154939695,-2.96963272094727
20170308154939696,-0.261197662353516
20170308154939697,-0.139127349853516
20170308154939698,-2.94674453735352
20170308154939699,-0.0857215881347656
20170308154939700,-0.215421295166016
20170308154939701,-2.90096817016602
20170308154939702,-0.116239166259766
20170308154939703,-0.238309478759766
20170308154939704,-2.90859756469727
20170308154939705,0.166048431396484
20170308154939706,-0.566373443603516
20170308154939707,-2.80941543579102
20170308154939708,0.402559661865234
20170308154939709,-0.650296783447266
20170308154939710,-2.77889785766602
20170308154939711,0.341524505615234
20170308154939712,-0.581632232666016
20170308154939713,-2.90096817016602
20170308154939714,0.471224212646484
20170308154939715,-0.749478912353516
20170308154939716,-2.89333877563477
20170308154939717,0.631441497802734
20170308154939718,-0.917325592041016
20170308154939719,-2.82467422485352
20170308154939720,0.608553314208984
20170308154939721,-0.718961334228516
20170308154939722,-2.83993301391602
20170308154939723,0.677217864990234
20170308154939724,-0.985990142822266
20170308154939725,-2.87045059204102
20170308154939726,0.600923919677734
20170308154939727,-1.01650772094727
20170308154939728,-2.87045059204102
20170308154939729,0.860323333740234
20170308154939730,-1.10043106079102
20170308154939731,-2.74838027954102
20170308154939732,0.928987884521484
20170308154939733,-1.14620742797852
20170308154939734,-2.65682754516602
20170308154939735,0.799288177490234
20170308154939736,-1.25301895141602
20170308154939737,-2.70260391235352
20170308154939738,0.784029388427734
20170308154939739,-1.36745986938477
20170308154939740,-2.69497451782227
20170308154939741,0.791658782958984
20170308154939742,-1.24538955688477
20170308154939743,-2.71786270141602
20170308154939744,0.745882415771484
20170308154939745,-1.24538955688477
20170308154939746,-2.78652725219727
20170308154939747,0.753511810302734
20170308154939748,-1.15383682250977
20170308154939749,-2.69497451782227
20170308154939750,0.860323333740234
20170308154939751,-1.03176651000977
20170308154939752,-2.70260391235352
20170308154939753,0.898470306396484
20170308154939754,-1.41323623657227
20170308154939755,-2.73312149047852
20170308154939756,0.822176361083984
20170308154939757,-1.38271865844727
20170308154939758,-2.59579238891602
20170308154939759,0.974764251708984
20170308154939760,-1.29879531860352
20170308154939761,-2.53475723266602
20170308154939762,0.761141204833984
20170308154939763,-1.39797744750977
20170308154939764,-2.58816299438477
20170308154939765,0.791658782958984
20170308154939766,-1.63448867797852
20170308154939767,-2.42794570922852
20170308154939768,0.745882415771484
20170308154939769,-1.72604141235352
20170308154939770,-2.22195205688477
20170308154939771,0.791658782958984
20170308154939772,-2.00069961547852
20170308154939773,-2.03884658813477
20170308154939774,0.799288177490234
20170308154939775,-2.16854629516602
20170308154939776,-1.78707656860352
20170308154939777,0.837435150146484
20170308154939778,-2.28298721313477
20170308154939779,-1.71078262329102
20170308154939780,0.745882415771484
20170308154939781,-2.36691055297852
20170308154939782,-1.73367080688477
20170308154939783,0.722994232177734
20170308154939784,-2.29061660766602
20170308154939785,-1.72604141235352
20170308154939786,0.578035736083984
20170308154939787,-2.26772842407227
20170308154939788,-1.77181777954102
20170308154939789,0.608553314208984
20170308154939790,-2.29061660766602
20170308154939791,-1.62685928344727
20170308154939792,0.692476654052734
20170308154939793,-2.42794570922852
20170308154939794,-1.64974746704102
20170308154939795,0.707735443115234
20170308154939796,-2.49661026000977
20170308154939797,-1.45138320922852
20170308154939798,0.822176361083984
20170308154939799,-2.60342178344727
20170308154939800,-1.32931289672852
20170308154939801,0.753511810302734
20170308154939802,-2.61868057250977
20170308154939803,-1.19961318969727
20170308154939804,0.547518157958984
20170308154939805,-2.86282119750977
20170308154939806,-1.03939590454102
20170308154939807,0.501741790771484
20170308154939808,-2.93911514282227
20170308154939809,-0.993619537353516
20170308154939810,0.440706634521484
20170308154939811,-3.02303848266602
20170308154939812,-0.734220123291016
20170308154939813,0.303377532958984
20170308154939814,-2.98489151000977
20170308154939815,-0.299344635009766
20170308154939816,-0.0094276428222656
20170308154939817,-2.93148574829102
20170308154939818,-0.146756744384766
20170308154939819,0.0668663024902344
20170308154939820,-2.96200332641602
20170308154939821,-0.200162506103516
20170308154939822,-0.169644927978516
20170308154939823,-2.91622695922852
20170308154939824,0.0821250915527344
20170308154939825,-0.368009185791016
20170308154939826,-2.89333877563477
20170308154939827,0.471224212646484
20170308154939828,-0.635037994384766
20170308154939829,-2.82467422485352
20170308154939830,0.410189056396484
20170308154939831,-0.696073150634766
20170308154939832,-2.84756240844727
20170308154939833,0.684847259521484
20170308154939834,-0.932584381103516
20170308154939835,-2.79415664672852
20170308154939836,0.921358489990234
20170308154939837,-1.18435440063477
20170308154939838,-2.62630996704102
20170308154939839,0.883211517333984
20170308154939840,-1.42849502563477
20170308154939841,-2.51949844360352
20170308154939842,1.06631698608398
20170308154939843,-1.64211807250977
20170308154939844,-2.55001602172852
20170308154939845,0.692476654052734
20170308154939846,-1.60397109985352
20170308154939847,-2.48135147094727
20170308154939848,0.722994232177734
20170308154939849,-1.79470596313477
20170308154939850,-2.34402236938477
20170308154939851,0.761141204833984
20170308154939852,-1.69552383422852
20170308154939853,-2.25246963500977
20170308154939854,0.829805755615234
20170308154939855,-1.83285293579102
20170308154939856,-2.37453994750977
20170308154939857,0.715364837646484
20170308154939858,-1.88625869750977
20170308154939859,-2.24484024047852
20170308154939860,0.661959075927734
20170308154939861,-1.96255264282227
20170308154939862,-2.12276992797852
20170308154939863,0.646700286865234
20170308154939864,-1.75655899047852
20170308154939865,-2.29061660766602
20170308154939866,0.761141204833984
20170308154939867,-1.94729385375977
20170308154939868,-2.24484024047852
20170308154939869,0.715364837646484
20170308154939870,-1.91677627563477
20170308154939871,-2.12276992797852
20170308154939872,0.700106048583984
20170308154939873,-2.10751113891602
20170308154939874,-2.09225234985352
20170308154939875,0.646700286865234
20170308154939876,-2.09225234985352
20170308154939877,-2.12276992797852
20170308154939878,0.654329681396484
20170308154939879,-1.98544082641602
20170308154939880,-2.18380508422852
20170308154939881,0.593294525146484
20170308154939882,-1.95492324829102
20170308154939883,-2.18380508422852
20170308154939884,0.616182708740234
20170308154939885,-1.68026504516602
20170308154939886,-2.22958145141602
20170308154939887,0.707735443115234
20170308154939888,-1.98544082641602
20170308154939889,-2.38216934204102
20170308154939890,0.593294525146484
20170308154939891,-1.81759414672852
20170308154939892,-2.42794570922852
20170308154939893,0.829805755615234
20170308154939894,-1.72604141235352
20170308154939895,-2.37453994750977
20170308154939896,0.623812103271484
20170308154939897,-1.58871231079102
20170308154939898,-2.39742813110352
20170308154939899,0.661959075927734
20170308154939900,-1.59634170532227
20170308154939901,-2.42031631469727
20170308154939902,0.799288177490234
20170308154939903,-1.77944717407227
20170308154939904,-2.09988174438477
20170308154939905,0.700106048583984
20170308154939906,-1.91677627563477
20170308154939907,-2.21432266235352
20170308154939908,0.768770599365234
20170308154939909,-1.98544082641602
20170308154939910,-2.09225234985352
20170308154939911,0.616182708740234
20170308154939912,-1.94729385375977
20170308154939913,-2.10751113891602
20170308154939914,0.860323333740234
20170308154939915,-1.93966445922852
20170308154939916,-2.05410537719727
20170308154939917,0.593294525146484
20170308154939918,-1.90151748657227
20170308154939919,-2.14565811157227
20170308154939920,0.600923919677734
20170308154939921,-2.06173477172852
20170308154939922,-2.06936416625977
20170308154939923,0.738253021240234
20170308154939924,-2.30587539672852
20170308154939925,-1.65737686157227
20170308154939926,0.631441497802734
20170308154939927,-2.53475723266602
20170308154939928,-1.58871231079102
20170308154939929,0.738253021240234
20170308154939930,-2.58816299438477
20170308154939931,-1.46664199829102
20170308154939932,0.799288177490234
20170308154939933,-2.61105117797852
20170308154939934,-1.35220108032227
20170308154939935,0.661959075927734
20170308154939936,-2.90859756469727
20170308154939937,-1.22250137329102
20170308154939938,0.700106048583984
20170308154939939,-2.93911514282227
20170308154939940,-1.06228408813477
20170308154939941,0.539888763427734
20170308154939942,-2.93911514282227
20170308154939943,-0.940213775634766
20170308154939944,0.448336029052734
20170308154939945,-2.96963272094727
20170308154939946,-0.642667388916016
20170308154939947,0.394930267333984
20170308154939948,-2.93911514282227
20170308154939949,-0.528226470947266
20170308154939950,0.249971771240234
20170308154939951,-2.92385635375977
20170308154939952,-0.627408599853516
20170308154939953,0.272859954833984
20170308154939954,-2.98489151000977
20170308154939955,-0.467191314697266
20170308154939956,0.0821250915527344
20170308154939957,-2.93911514282227
20170308154939958,-0.215421295166016
20170308154939959,-0.0933509826660156
20170308154939960,-2.86282119750977
20170308154939961,0.0134605407714844
20170308154939962,-0.245938873291016
20170308154939963,-2.90096817016602
20170308154939964,0.0210899353027344
20170308154939965,-0.383267974853516
20170308154939966,-2.83230361938477
20170308154939967,0.227083587646484
20170308154939968,-0.238309478759766
20170308154939969,-2.80178604125977
20170308154939970,0.280489349365234
20170308154939971,-0.337491607666016
20170308154939972,-2.80178604125977
20170308154939973,0.509371185302734
20170308154939974,-0.764737701416016
20170308154939975,-2.84756240844727
20170308154939976,0.570406341552734
20170308154939977,-1.00887832641602
20170308154939978,-2.89333877563477
20170308154939979,0.906099700927734
20170308154939980,-1.04702529907227
20170308154939981,-2.74838027954102
20170308154939982,0.921358489990234
20170308154939983,-1.05465469360352
20170308154939984,-2.77126846313477
20170308154939985,0.730623626708984
20170308154939986,-1.00124893188477
20170308154939987,-2.80941543579102
20170308154939988,0.814546966552734
20170308154939989,-1.26827774047852
20170308154939990,-2.64156875610352
20170308154939991,0.745882415771484
20170308154939992,-1.42849502563477
20170308154939993,-2.53475723266602
20170308154939994,0.967134857177734
20170308154939995,-1.51241836547852
20170308154939996,-2.45083389282227
20170308154939997,0.814546966552734
20170308154939998,-1.51241836547852
20170308154939999,-2.38979873657227
20170308154940000,0.883211517333984
20170308154940001,-1.68026504516602
20170308154940002,-2.32113418579102
20170308154940003,0.799288177490234
20170308154940004,-1.73367080688477
20170308154940005,-2.26009902954102
20170308154940006,0.898470306396484
20170308154940007,-1.68026504516602
20170308154940008,-2.35928115844727
20170308154940009,0.608553314208984
20170308154940010,-1.83285293579102
20170308154940011,-2.26009902954102
20170308154940012,0.761141204833984
20170308154940013,-2.06936416625977
20170308154940014,-1.97781143188477
20170308154940015,0.738253021240234
20170308154940016,-2.29824600219727
20170308154940017,-1.76418838500977
20170308154940018,0.722994232177734
20170308154940019,-2.40505752563477
20170308154940020,-1.60397109985352
20170308154940021,0.677217864990234
20170308154940022,-2.52712783813477
20170308154940023,-1.57345352172852
20170308154940024,0.791658782958984
20170308154940025,-2.53475723266602
20170308154940026,-1.64974746704102
20170308154940027,0.623812103271484
20170308154940028,-2.41268692016602
20170308154940029,-1.62685928344727
20170308154940030,0.631441497802734
20170308154940031,-2.39742813110352
20170308154940032,-1.59634170532227
20170308154940033,0.669588470458984
20170308154940034,-2.49661026000977
20170308154940035,-1.48190078735352
20170308154940036,0.692476654052734
20170308154940037,-2.67208633422852
20170308154940038,-1.36745986938477
20170308154940039,0.799288177490234
20170308154940040,-2.69497451782227
20170308154940041,-1.26064834594727
20170308154940042,0.570406341552734
20170308154940043,-2.59579238891602
20170308154940044,-1.40560684204102
20170308154940045,0.616182708740234
20170308154940046,-2.86282119750977
20170308154940047,-1.23013076782227
20170308154940048,0.570406341552734
20170308154940049,-2.74075088500977
20170308154940050,-1.30642471313477
20170308154940051,0.768770599365234
20170308154940052,-2.64919815063477
20170308154940053,-1.26064834594727
20170308154940054,0.692476654052734
20170308154940055,-2.92385635375977
20170308154940056,-1.13094863891602
20170308154940057,0.578035736083984
20170308154940058,-2.91622695922852
20170308154940059,-1.04702529907227
20170308154940060,0.524629974365234
20170308154940061,-2.90859756469727
20170308154940062,-1.19198379516602
20170308154940063,0.730623626708984
20170308154940064,-2.89333877563477
20170308154940065,-1.11568984985352
20170308154940066,0.486483001708984
20170308154940067,-2.99252090454102
20170308154940068,-1.02413711547852
20170308154940069,0.494112396240234
20170308154940070,-2.90859756469727
20170308154940071,-0.985990142822266
20170308154940072,0.341524505615234
20170308154940073,-3.00777969360352
20170308154940074,-0.795255279541016
20170308154940075,0.555147552490234
20170308154940076,-3.00015029907227
20170308154940077,-0.749478912353516
20170308154940078,0.288118743896484
20170308154940079,-2.94674453735352
20170308154940080,-0.680814361572266
20170308154940081,0.501741790771484
20170308154940082,-2.98489151000977
20170308154940083,-0.642667388916016
20170308154940084,0.318636322021484
20170308154940085,-2.90096817016602
20170308154940086,-0.680814361572266
20170308154940087,0.295748138427734
20170308154940088,-2.90859756469727
20170308154940089,-0.581632232666016
20170308154940090,0.219454193115234
20170308154940091,-3.05355606079102
20170308154940092,-0.482450103759766
20170308154940093,0.0363487243652344
20170308154940094,-2.93148574829102
20170308154940095,-0.596891021728516
20170308154940096,0.196566009521484
20170308154940097,-2.98489151000977
20170308154940098,-0.398526763916016
20170308154940099,-0.0475746154785156
20170308154940100,-2.92385635375977
20170308154940101,-0.207791900634766
20170308154940102,-0.154386138916016
20170308154940103,-2.89333877563477
20170308154940104,-0.139127349853516
20170308154940105,-0.230680084228516
20170308154940106,-2.94674453735352
20170308154940107,0.0668663024902344
20170308154940108,-0.413785552978516
20170308154940109,-2.90096817016602
20170308154940110,0.379671478271484
20170308154940111,-0.642667388916016
20170308154940112,-2.80178604125977
20170308154940113,0.608553314208984
20170308154940114,-0.718961334228516
20170308154940115,-2.81704483032227
20170308154940116,0.562776947021484
20170308154940117,-0.856290435791016
20170308154940118,-2.83230361938477
20170308154940119,0.585665130615234
20170308154940120,-0.741849517822266
20170308154940121,-2.78652725219727
20170308154940122,0.722994232177734
20170308154940123,-0.978360748291016
20170308154940124,-2.72549209594727
20170308154940125,0.768770599365234
20170308154940126,-1.11568984985352
20170308154940127,-2.71786270141602
20170308154940128,0.860323333740234
20170308154940129,-1.43612442016602
20170308154940130,-2.47372207641602
20170308154940131,0.768770599365234
20170308154940132,-1.82522354125977
20170308154940133,-2.14565811157227
20170308154940134,0.768770599365234
20170308154940135,-2.03884658813477
20170308154940136,-2.04647598266602
20170308154940137,0.715364837646484
20170308154940138,-2.21432266235352
20170308154940139,-1.88625869750977
20170308154940140,0.845064544677734
20170308154940141,-2.24484024047852
20170308154940142,-1.81759414672852
20170308154940143,0.616182708740234
20170308154940144,-2.27535781860352
20170308154940145,-1.81759414672852
20170308154940146,0.715364837646484
20170308154940147,-2.26009902954102
20170308154940148,-1.90151748657227
20170308154940149,0.661959075927734
20170308154940150,-2.26009902954102
20170308154940151,-1.75655899047852
20170308154940152,0.715364837646484
20170308154940153,-2.29824600219727
20170308154940154,-1.63448867797852
20170308154940155,0.890840911865234
20170308154940156,-2.42031631469727
20170308154940157,-1.55819473266602
20170308154940158,0.677217864990234
20170308154940159,-2.63393936157227
20170308154940160,-1.38271865844727
20170308154940161,0.745882415771484
20170308154940162,-2.68734512329102
20170308154940163,-1.29879531860352
20170308154940164,0.501741790771484
20170308154940165,-2.87807998657227
20170308154940166,-1.17672500610352
20170308154940167,0.585665130615234
20170308154940168,-2.99252090454102
20170308154940169,-0.970731353759766
20170308154940170,0.501741790771484
20170308154940171,-2.90859756469727
20170308154940172,-0.955472564697266
20170308154940173,0.593294525146484
20170308154940174,-2.89333877563477
20170308154940175,-0.955472564697266
20170308154940176,0.410189056396484
20170308154940177,-2.94674453735352
20170308154940178,-0.825772857666016
20170308154940179,0.372042083740234
20170308154940180,-2.96200332641602
20170308154940181,-0.688443756103516
20170308154940182,0.295748138427734
20170308154940183,-2.96963272094727
20170308154940184,-0.795255279541016
20170308154940185,0.394930267333984
20170308154940186,-2.96963272094727
20170308154940187,-0.924954986572266
20170308154940188,0.417818450927734
20170308154940189,-3.00015029907227
20170308154940190,-0.963101959228516
20170308154940191,0.562776947021484
20170308154940192,-2.93148574829102
20170308154940193,-0.932584381103516
20170308154940194,0.379671478271484
20170308154940195,-3.00777969360352
20170308154940196,-0.947843170166016
20170308154940197,0.623812103271484
20170308154940198,-2.98489151000977
20170308154940199,-0.802884674072266
20170308154940200,0.410189056396484
20170308154940201,-2.93148574829102
20170308154940202,-0.619779205322266
20170308154940203,0.318636322021484
20170308154940204,-2.99252090454102
20170308154940205,-0.451932525634766
20170308154940206,0.0973838806152344
20170308154940207,-3.03066787719727
20170308154940208,-0.276456451416016
20170308154940209,-0.0857215881347656
20170308154940210,-2.94674453735352
20170308154940211,-0.345121002197266
20170308154940212,-0.192533111572266
20170308154940213,-2.86282119750977
20170308154940214,-0.184903717041016
20170308154940215,-0.116239166259766
20170308154940216,-2.91622695922852
20170308154940217,-0.146756744384766
20170308154940218,0.0592369079589844
20170308154940219,-2.91622695922852
20170308154940220,-0.162015533447266
20170308154940221,-0.0017982482910156
20170308154940222,-2.94674453735352
20170308154940223,0.0516075134277344
20170308154940224,-0.322232818603516
20170308154940225,-2.91622695922852
20170308154940226,0.112642669677734
20170308154940227,-0.345121002197266
20170308154940228,-2.97726211547852
20170308154940229,-0.0552040100097656
20170308154940230,-0.215421295166016
20170308154940231,-2.90096817016602
20170308154940232,-0.0094276428222656
20170308154940233,-0.314603424072266
20170308154940234,-2.87045059204102
20170308154940235,-0.0628334045410156
20170308154940236,-0.223050689697266
20170308154940237,-2.91622695922852
20170308154940238,-0.177274322509766
20170308154940239,-0.299344635009766
20170308154940240,-2.91622695922852
20170308154940241,0.0439781188964844
20170308154940242,-0.406156158447266
20170308154940243,-2.80941543579102
20170308154940244,0.311006927490234
20170308154940245,-0.368009185791016
20170308154940246,-2.87045059204102
20170308154940247,0.486483001708984
20170308154940248,-0.535855865478516
20170308154940249,-2.86282119750977
20170308154940250,0.555147552490234
20170308154940251,-0.856290435791016
20170308154940252,-2.85519180297852
20170308154940253,0.814546966552734
20170308154940254,-1.03176651000977
20170308154940255,-2.71786270141602
20170308154940256,0.829805755615234
20170308154940257,-1.12331924438477
20170308154940258,-2.67971572875977
20170308154940259,0.883211517333984
20170308154940260,-1.18435440063477
20170308154940261,-2.90859756469727
20170308154940262,0.654329681396484
20170308154940263,-1.15383682250977
20170308154940264,-2.67971572875977
20170308154940265,0.791658782958984
20170308154940266,-1.52767715454102
20170308154940267,-2.61105117797852
20170308154940268,0.791658782958984
20170308154940269,-1.67263565063477
20170308154940270,-2.37453994750977
20170308154940271,0.776399993896484
20170308154940272,-1.81759414672852
20170308154940273,-2.32113418579102
20170308154940274,0.570406341552734
20170308154940275,-1.99307022094727
20170308154940276,-2.21432266235352
20170308154940277,0.585665130615234
20170308154940278,-2.04647598266602
20170308154940279,-1.99307022094727
20170308154940280,0.684847259521484
20170308154940281,-2.24484024047852
20170308154940282,-1.84048233032227
20170308154940283,0.661959075927734
20170308154940284,-2.14565811157227
20170308154940285,-1.83285293579102
20170308154940286,0.616182708740234
20170308154940287,-2.31350479125977
20170308154940288,-1.83285293579102
20170308154940289,0.745882415771484
20170308154940290,-2.48135147094727
20170308154940291,-1.52767715454102
20170308154940292,0.715364837646484
20170308154940293,-2.71023330688477
20170308154940294,-1.41323623657227
20170308154940295,0.753511810302734
20170308154940296,-2.91622695922852
20170308154940297,-0.993619537353516
20170308154940298,0.654329681396484
20170308154940299,-2.89333877563477
20170308154940300,-0.772367095947266
20170308154940301,0.417818450927734
20170308154940302,-2.96200332641602
20170308154940303,-0.680814361572266
20170308154940304,0.280489349365234
20170308154940305,-3.02303848266602
20170308154940306,-0.642667388916016
20170308154940307,0.234712982177734
20170308154940308,-2.90096817016602
20170308154940309,-0.657926177978516
20170308154940310,0.272859954833984
20170308154940311,-2.96963272094727
20170308154940312,-0.596891021728516
20170308154940313,0.196566009521484
20170308154940314,-3.03829727172852
20170308154940315,-0.337491607666016
20170308154940316,-0.0628334045410156
20170308154940317,-2.96963272094727
20170308154940318,-0.306974029541016
20170308154940319,0.120272064208984
20170308154940320,-2.95437393188477
20170308154940321,-0.146756744384766
20170308154940322,-0.154386138916016
20170308154940323,-2.95437393188477
20170308154940324,-0.0857215881347656
20170308154940325,-0.314603424072266
20170308154940326,-2.86282119750977
20170308154940327,0.318636322021484
20170308154940328,-0.604520416259766
20170308154940329,-2.83993301391602
20170308154940330,0.684847259521484
20170308154940331,-0.871549224853516
20170308154940332,-2.78652725219727
20170308154940333,0.585665130615234
20170308154940334,-0.787625885009766
20170308154940335,-2.84756240844727
20170308154940336,0.402559661865234
20170308154940337,-0.581632232666016
20170308154940338,-2.85519180297852
20170308154940339,0.204195404052734
20170308154940340,-0.566373443603516
20170308154940341,-2.83993301391602
20170308154940342,0.188936614990234
20170308154940343,-0.474820709228516
20170308154940344,-2.82467422485352
20170308154940345,0.135530853271484
20170308154940346,-0.535855865478516
20170308154940347,-2.89333877563477
20170308154940348,0.295748138427734
20170308154940349,-0.551114654541016
20170308154940350,-2.88570938110352
20170308154940351,0.0973838806152344
20170308154940352,-0.345121002197266
20170308154940353,-2.84756240844727
20170308154940354,0.0439781188964844
20170308154940355,-0.467191314697266
20170308154940356,-2.93911514282227
20170308154940357,-0.100980377197266
20170308154940358,-0.154386138916016
20170308154940359,-2.94674453735352
20170308154940360,0.0973838806152344
20170308154940361,-0.322232818603516
20170308154940362,-2.83993301391602
20170308154940363,0.387300872802734
20170308154940364,-0.459561920166016
20170308154940365,-2.83993301391602
20170308154940366,0.562776947021484
20170308154940367,-0.779996490478516
20170308154940368,-2.76363906860352
20170308154940369,0.722994232177734
20170308154940370,-0.787625885009766
20170308154940371,-2.83993301391602
20170308154940372,0.433077239990234
20170308154940373,-0.810514068603516
20170308154940374,-2.80941543579102
20170308154940375,0.585665130615234
20170308154940376,-0.917325592041016
20170308154940377,-2.82467422485352
20170308154940378,0.532259368896484
20170308154940379,-0.932584381103516
20170308154940380,-2.78652725219727
20170308154940381,0.722994232177734
20170308154940382,-1.11568984985352
20170308154940383,-2.77889785766602
20170308154940384,0.738253021240234
20170308154940385,-1.10806045532227
20170308154940386,-2.76363906860352
20170308154940387,0.738253021240234
20170308154940388,-0.902066802978516
20170308154940389,-2.73312149047852
20170308154940390,0.883211517333984
20170308154940391,-1.06991348266602
20170308154940392,-2.74075088500977
20170308154940393,0.745882415771484
20170308154940394,-1.33694229125977
20170308154940395,-2.67208633422852
20170308154940396,0.822176361083984
20170308154940397,-1.49715957641602
20170308154940398,-2.45846328735352
20170308154940399,0.700106048583984
20170308154940400,-1.48190078735352
20170308154940401,-2.40505752563477
20170308154940402,0.784029388427734
20170308154940403,-1.90914688110352
20170308154940404,-2.10751113891602
20170308154940405,0.738253021240234
20170308154940406,-2.16091690063477
20170308154940407,-2.00069961547852
20170308154940408,0.837435150146484
20170308154940409,-2.22195205688477
20170308154940410,-1.88625869750977
20170308154940411,0.631441497802734
20170308154940412,-2.22958145141602
20170308154940413,-1.86337051391602
20170308154940414,0.852693939208984
20170308154940415,-2.22958145141602
20170308154940416,-1.84048233032227
20170308154940417,0.623812103271484
20170308154940418,-2.31350479125977
20170308154940419,-1.55819473266602
20170308154940420,0.646700286865234
20170308154940421,-2.48135147094727
20170308154940422,-1.55056533813477
20170308154940423,0.639070892333984
20170308154940424,-2.48898086547852
20170308154940425,-1.45901260375977
20170308154940426,0.677217864990234
20170308154940427,-2.63393936157227
20170308154940428,-1.49715957641602
20170308154940429,0.616182708740234
20170308154940430,-2.50423965454102
20170308154940431,-1.54293594360352
20170308154940432,0.616182708740234
20170308154940433,-2.61868057250977
20170308154940434,-1.28353652954102
20170308154940435,0.677217864990234
20170308154940436,-2.87807998657227
20170308154940437,-1.03176651000977
20170308154940438,0.501741790771484
20170308154940439,-2.97726211547852
20170308154940440,-0.993619537353516
20170308154940441,0.478853607177734
20170308154940442,-2.96963272094727
20170308154940443,-0.604520416259766
20170308154940444,0.288118743896484
20170308154940445,-3.01540908813477
20170308154940446,-0.261197662353516
20170308154940447,-0.0780921936035156
20170308154940448,-2.94674453735352
20170308154940449,-0.169644927978516
20170308154940450,0.105013275146484
20170308154940451,-3.00777969360352
20170308154940452,0.0134605407714844
20170308154940453,0.0592369079589844
20170308154940454,-2.90859756469727
20170308154940455,-0.162015533447266
20170308154940456,-0.230680084228516
20170308154940457,-2.89333877563477
20170308154940458,-0.108609771728516
20170308154940459,-0.200162506103516
20170308154940460,-2.93911514282227
20170308154940461,-0.169644927978516
20170308154940462,-0.0094276428222656
20170308154940463,-2.88570938110352
20170308154940464,0.0973838806152344
20170308154940465,-0.139127349853516
20170308154940466,-2.80178604125977
20170308154940467,0.196566009521484
20170308154940468,-0.459561920166016
20170308154940469,-2.80178604125977
20170308154940470,0.135530853271484
20170308154940471,-0.406156158447266
20170308154940472,-2.88570938110352
20170308154940473,-0.0704627990722656
20170308154940474,-0.108609771728516
20170308154940475,-2.93911514282227
20170308154940476,0.0821250915527344
20170308154940477,-0.337491607666016
20170308154940478,-2.82467422485352
20170308154940479,0.181307220458984
20170308154940480,-0.276456451416016
20170308154940481,-2.82467422485352
20170308154940482,0.0439781188964844
20170308154940483,-0.337491607666016
20170308154940484,-2.87807998657227
20170308154940485,0.0287193298339844
20170308154940486,-0.329862213134766
20170308154940487,-2.90859756469727
20170308154940488,0.227083587646484
20170308154940489,-0.474820709228516
20170308154940490,-2.84756240844727
20170308154940491,0.425447845458984
20170308154940492,-0.657926177978516
20170308154940493,-2.90096817016602
20170308154940494,0.425447845458984
20170308154940495,-0.711331939697266
20170308154940496,-2.80941543579102
20170308154940497,0.280489349365234
20170308154940498,-0.512967681884766
20170308154940499,-2.90096817016602
20170308154940500,0.105013275146484
20170308154940501,-0.497708892822266
20170308154940502,-2.89333877563477
20170308154940503,0.341524505615234
20170308154940504,-0.604520416259766
20170308154940505,-2.78652725219727
20170308154940506,0.188936614990234
20170308154940507,-0.467191314697266
20170308154940508,-2.95437393188477
20170308154940509,0.272859954833984
20170308154940510,-0.612149810791016
20170308154940511,-2.95437393188477
20170308154940512,0.0897544860839844
20170308154940513,-0.444303131103516
20170308154940514,-2.91622695922852
20170308154940515,-0.0170570373535156
20170308154940516,-0.314603424072266
20170308154940517,-2.92385635375977
20170308154940518,0.265230560302734
20170308154940519,-0.467191314697266
20170308154940520,-2.84756240844727
20170308154940521,0.227083587646484
20170308154940522,-0.574002838134766
20170308154940523,-2.90859756469727
20170308154940524,0.196566009521484
20170308154940525,-0.490079498291016
20170308154940526,-2.89333877563477
20170308154940527,0.105013275146484
20170308154940528,-0.429044342041016
20170308154940529,-2.87045059204102
20170308154940530,-0.0628334045410156
20170308154940531,-0.337491607666016
20170308154940532,-2.87045059204102
20170308154940533,0.280489349365234
20170308154940534,-0.207791900634766
20170308154940535,-2.84756240844727
20170308154940536,0.188936614990234
20170308154940537,-0.268827056884766
20170308154940538,-2.95437393188477
20170308154940539,0.188936614990234
20170308154940540,-0.390897369384766
20170308154940541,-2.84756240844727
20170308154940542,0.0439781188964844
20170308154940543,-0.352750396728516
20170308154940544,-2.83993301391602
20170308154940545,-0.0552040100097656
20170308154940546,-0.238309478759766
20170308154940547,-2.91622695922852
20170308154940548,0.0897544860839844
20170308154940549,-0.207791900634766
20170308154940550,-2.87807998657227
20170308154940551,-0.306974029541016
20170308154940552,-0.131497955322266
20170308154940553,-2.88570938110352
20170308154940554,-0.116239166259766
20170308154940555,-0.230680084228516
20170308154940556,-2.90859756469727
20170308154940557,0.0821250915527344
20170308154940558,-0.497708892822266
20170308154940559,-2.96200332641602
20170308154940560,0.150789642333984
20170308154940561,-0.474820709228516
20170308154940562,-2.88570938110352
20170308154940563,0.349153900146484
20170308154940564,-0.581632232666016
20170308154940565,-2.87045059204102
20170308154940566,0.280489349365234
20170308154940567,-0.596891021728516
20170308154940568,-2.82467422485352
20170308154940569,0.387300872802734
20170308154940570,-0.574002838134766
20170308154940571,-2.74838027954102
20170308154940572,0.402559661865234
20170308154940573,-0.688443756103516
20170308154940574,-2.83230361938477
20170308154940575,0.417818450927734
20170308154940576,-0.734220123291016
20170308154940577,-2.85519180297852
20170308154940578,0.471224212646484
20170308154940579,-0.734220123291016
20170308154940580,-2.82467422485352
20170308154940581,0.234712982177734
20170308154940582,-0.505338287353516
20170308154940583,-2.80178604125977
20170308154940584,0.257601165771484
20170308154940585,-0.337491607666016
20170308154940586,-2.75600967407227
20170308154940587,0.234712982177734
20170308154940588,-0.406156158447266
20170308154940589,-2.85519180297852
20170308154940590,0.0287193298339844
20170308154940591,-0.490079498291016
20170308154940592,-2.85519180297852
20170308154940593,0.0439781188964844
20170308154940594,-0.551114654541016
20170308154940595,-2.90096817016602
20170308154940596,0.257601165771484
20170308154940597,-0.505338287353516
20170308154940598,-2.80178604125977
20170308154940599,0.288118743896484
20170308154940600,-0.627408599853516
20170308154940601,-2.87045059204102
20170308154940602,0.372042083740234
20170308154940603,-0.749478912353516
20170308154940604,-2.89333877563477
20170308154940605,0.623812103271484
20170308154940606,-0.673184967041016
20170308154940607,-2.83230361938477
20170308154940608,0.852693939208984
20170308154940609,-0.947843170166016
20170308154940610,-2.77126846313477
20170308154940611,0.684847259521484
20170308154940612,-1.09280166625977
20170308154940613,-2.70260391235352
20170308154940614,0.791658782958984
20170308154940615,-1.18435440063477
20170308154940616,-2.62630996704102
20170308154940617,0.967134857177734
20170308154940618,-1.32168350219727
20170308154940619,-2.56527481079102
20170308154940620,0.768770599365234
20170308154940621,-1.54293594360352
20170308154940622,-2.43557510375977
20170308154940623,0.822176361083984
20170308154940624,-1.72604141235352
20170308154940625,-2.34402236938477
20170308154940626,0.593294525146484
20170308154940627,-1.90914688110352
20170308154940628,-2.13039932250977
20170308154940629,0.707735443115234
20170308154940630,-2.26009902954102
20170308154940631,-1.84048233032227
20170308154940632,0.867952728271484
20170308154940633,-2.42794570922852
20170308154940634,-1.39797744750977
20170308154940635,0.700106048583984
20170308154940636,-2.38216934204102
20170308154940637,-1.45901260375977
20170308154940638,0.768770599365234
20170308154940639,-2.70260391235352
20170308154940640,-1.48190078735352
20170308154940641,0.738253021240234
20170308154940642,-2.53475723266602
20170308154940643,-1.58871231079102
20170308154940644,0.799288177490234
20170308154940645,-2.66445693969727
20170308154940646,-1.40560684204102
20170308154940647,0.700106048583984
20170308154940648,-2.80941543579102
20170308154940649,-1.13857803344727
20170308154940650,0.669588470458984
20170308154940651,-2.93911514282227
20170308154940652,-0.779996490478516
20170308154940653,0.494112396240234
20170308154940654,-2.96200332641602
20170308154940655,-0.772367095947266
20170308154940656,0.402559661865234
20170308154940657,-2.92385635375977
20170308154940658,-0.818143463134766
20170308154940659,0.616182708740234
20170308154940660,-2.90096817016602
20170308154940661,-0.627408599853516
20170308154940662,0.372042083740234
20170308154940663,-2.89333877563477
20170308154940664,-0.474820709228516
20170308154940665,0.379671478271484
20170308154940666,-2.90096817016602
20170308154940667,-0.451932525634766
20170308154940668,0.394930267333984
20170308154940669,-2.81704483032227
20170308154940670,-0.574002838134766
20170308154940671,0.440706634521484
20170308154940672,-2.90859756469727
20170308154940673,-0.673184967041016
20170308154940674,0.295748138427734
20170308154940675,-2.90096817016602
20170308154940676,-0.413785552978516
20170308154940677,0.105013275146484
20170308154940678,-2.94674453735352
20170308154940679,-0.337491607666016
20170308154940680,0.181307220458984
20170308154940681,-2.87807998657227
20170308154940682,-0.665555572509766
20170308154940683,0.410189056396484
20170308154940684,-2.90096817016602
20170308154940685,-0.673184967041016
20170308154940686,0.578035736083984
20170308154940687,-2.86282119750977
20170308154940688,-0.627408599853516
20170308154940689,0.379671478271484
20170308154940690,-2.96963272094727
20170308154940691,-0.581632232666016
20170308154940692,0.211824798583984
20170308154940693,-2.93911514282227
20170308154940694,-0.497708892822266
20170308154940695,0.227083587646484
20170308154940696,-2.94674453735352
20170308154940697,-0.551114654541016
20170308154940698,0.257601165771484
20170308154940699,-2.86282119750977
20170308154940700,-0.688443756103516
20170308154940701,0.517000579833984
20170308154940702,-2.90096817016602
20170308154940703,-0.512967681884766
20170308154940704,0.234712982177734
20170308154940705,-2.90859756469727
20170308154940706,-0.574002838134766
20170308154940707,0.135530853271484
20170308154940708,-2.93911514282227
20170308154940709,-0.368009185791016
20170308154940710,0.127901458740234
20170308154940711,-2.88570938110352
20170308154940712,-0.535855865478516
20170308154940713,0.0973838806152344
20170308154940714,-2.98489151000977
20170308154940715,-0.543485260009766
20170308154940716,0.326265716552734
20170308154940717,-2.83230361938477
20170308154940718,-0.505338287353516
20170308154940719,0.425447845458984
20170308154940720,-3.00777969360352
20170308154940721,-0.566373443603516
20170308154940722,0.0973838806152344
20170308154940723,-3.03829727172852
20170308154940724,-0.421414947509766
20170308154940725,0.0821250915527344
20170308154940726,-2.94674453735352
20170308154940727,-0.490079498291016
20170308154940728,0.166048431396484
20170308154940729,-2.87045059204102
20170308154940730,-0.459561920166016
20170308154940731,0.288118743896484
20170308154940732,-2.80178604125977
20170308154940733,-0.467191314697266
20170308154940734,0.219454193115234
20170308154940735,-2.86282119750977
20170308154940736,-0.497708892822266
20170308154940737,0.333895111083984
20170308154940738,-2.85519180297852
20170308154940739,-0.497708892822266
20170308154940740,0.158419036865234
20170308154940741,-2.82467422485352
20170308154940742,-0.467191314697266
20170308154940743,0.349153900146484
20170308154940744,-2.94674453735352
20170308154940745,-0.368009185791016
20170308154940746,-0.0094276428222656
20170308154940747,-2.93148574829102
20170308154940748,-0.215421295166016
20170308154940749,0.135530853271484
20170308154940750,-2.93148574829102
20170308154940751,-0.314603424072266
20170308154940752,0.0439781188964844
20170308154940753,-2.83993301391602
20170308154940754,-0.520597076416016
20170308154940755,0.0744956970214844
20170308154940756,-2.88570938110352
20170308154940757,-0.184903717041016
20170308154940758,-0.184903717041016
20170308154940759,-2.87807998657227
20170308154940760,0.0363487243652344
20170308154940761,-0.276456451416016
20170308154940762,-3.01540908813477
20170308154940763,-0.162015533447266
20170308154940764,-0.184903717041016
20170308154940765,-3.03066787719727
20170308154940766,-0.0399452209472656
20170308154940767,-0.322232818603516
20170308154940768,-2.86282119750977
20170308154940769,0.227083587646484
20170308154940770,-0.322232818603516
20170308154940771,-2.85519180297852
20170308154940772,0.219454193115234
20170308154940773,-0.497708892822266
20170308154940774,-2.80178604125977
20170308154940775,0.150789642333984
20170308154940776,-0.528226470947266
20170308154940777,-2.80178604125977
20170308154940778,0.249971771240234
20170308154940779,-0.596891021728516
20170308154940780,-2.80178604125977
20170308154940781,0.463594818115234
20170308154940782,-0.802884674072266
20170308154940783,-2.80178604125977
20170308154940784,0.646700286865234
20170308154940785,-0.902066802978516
20170308154940786,-2.77889785766602
20170308154940787,0.890840911865234
20170308154940788,-1.04702529907227
20170308154940789,-2.80178604125977
20170308154940790,0.967134857177734
20170308154940791,-0.932584381103516
20170308154940792,-2.76363906860352
20170308154940793,0.867952728271484
20170308154940794,-1.31405410766602
20170308154940795,-2.59579238891602
20170308154940796,0.829805755615234
20170308154940797,-1.63448867797852
20170308154940798,-2.36691055297852
20170308154940799,0.906099700927734
20170308154940800,-1.87862930297852
20170308154940801,-2.06936416625977
20170308154940802,0.722994232177734
20170308154940803,-2.16854629516602
20170308154940804,-1.84048233032227
20170308154940805,0.806917572021484
20170308154940806,-2.38979873657227
20170308154940807,-1.59634170532227
20170308154940808,0.852693939208984
20170308154940809,-2.71786270141602
20170308154940810,-1.34457168579102
20170308154940811,0.631441497802734
20170308154940812,-2.88570938110352
20170308154940813,-1.13857803344727
20170308154940814,0.631441497802734
20170308154940815,-3.03829727172852
20170308154940816,-0.833402252197266
20170308154940817,0.471224212646484
20170308154940818,-2.95437393188477
20170308154940819,-0.985990142822266
20170308154940820,0.410189056396484
20170308154940821,-2.99252090454102
20170308154940822,-0.909696197509766
20170308154940823,0.372042083740234
20170308154940824,-2.91622695922852
20170308154940825,-0.635037994384766
20170308154940826,0.295748138427734
20170308154940827,-2.83993301391602
20170308154940828,-0.604520416259766
20170308154940829,0.204195404052734
20170308154940830,-2.90859756469727
20170308154940831,-0.406156158447266
20170308154940832,0.0973838806152344
20170308154940833,-2.91622695922852
20170308154940834,-0.314603424072266
20170308154940835,0.196566009521484
20170308154940836,-2.87807998657227
20170308154940837,0.0363487243652344
20170308154940838,-0.207791900634766
20170308154940839,-2.84756240844727
20170308154940840,0.158419036865234
20170308154940841,-0.207791900634766
20170308154940842,-2.78652725219727
20170308154940843,0.234712982177734
20170308154940844,-0.505338287353516
20170308154940845,-2.84756240844727
20170308154940846,0.166048431396484
20170308154940847,-0.635037994384766
20170308154940848,-2.89333877563477
20170308154940849,0.249971771240234
20170308154940850,-0.589261627197266
20170308154940851,-2.80941543579102
20170308154940852,0.333895111083984
20170308154940853,-0.627408599853516
20170308154940854,-2.77126846313477
20170308154940855,0.402559661865234
20170308154940856,-0.604520416259766
20170308154940857,-2.81704483032227
20170308154940858,0.318636322021484
20170308154940859,-0.635037994384766
20170308154940860,-2.82467422485352
20170308154940861,0.288118743896484
20170308154940862,-0.482450103759766
20170308154940863,-2.80178604125977
20170308154940864,0.417818450927734
20170308154940865,-0.368009185791016
20170308154940866,-2.73312149047852
20170308154940867,0.341524505615234
20170308154940868,-0.604520416259766
20170308154940869,-2.83993301391602
20170308154940870,0.349153900146484
20170308154940871,-0.474820709228516
20170308154940872,-2.84756240844727
20170308154940873,0.311006927490234
20170308154940874,-0.551114654541016
20170308154940875,-2.83993301391602
20170308154940876,0.417818450927734
20170308154940877,-0.574002838134766
20170308154940878,-2.83993301391602
20170308154940879,0.433077239990234
20170308154940880,-0.795255279541016
20170308154940881,-2.89333877563477
20170308154940882,0.517000579833984
20170308154940883,-0.841031646728516
20170308154940884,-2.84756240844727
20170308154940885,0.608553314208984
20170308154940886,-0.574002838134766
20170308154940887,-2.85519180297852
20170308154940888,0.616182708740234
20170308154940889,-0.795255279541016
20170308154940890,-2.80178604125977
20170308154940891,0.486483001708984
20170308154940892,-0.833402252197266
20170308154940893,-2.84756240844727
20170308154940894,0.738253021240234
20170308154940895,-0.787625885009766
20170308154940896,-2.83230361938477
20170308154940897,0.501741790771484
20170308154940898,-0.596891021728516
20170308154940899,-2.74075088500977
20170308154940900,0.509371185302734
20170308154940901,-0.551114654541016
20170308154940902,-2.77126846313477
20170308154940903,0.333895111083984
20170308154940904,-0.497708892822266
20170308154940905,-2.84756240844727
20170308154940906,0.265230560302734
20170308154940907,-0.535855865478516
20170308154940908,-2.78652725219727
20170308154940909,0.440706634521484
20170308154940910,-0.764737701416016
20170308154940911,-2.96963272094727
20170308154940912,0.776399993896484
20170308154940913,-0.924954986572266
20170308154940914,-2.81704483032227
20170308154940915,1.00528182983398
20170308154940916,-0.978360748291016
20170308154940917,-2.80941543579102
20170308154940918,0.585665130615234
20170308154940919,-0.886808013916016
20170308154940920,-2.77889785766602
20170308154940921,0.799288177490234
20170308154940922,-0.955472564697266
20170308154940923,-2.85519180297852
20170308154940924,0.768770599365234
20170308154940925,-1.06228408813477
20170308154940926,-2.68734512329102
20170308154940927,0.722994232177734
20170308154940928,-1.08517227172852
20170308154940929,-2.73312149047852
20170308154940930,0.707735443115234
20170308154940931,-1.08517227172852
20170308154940932,-2.74075088500977
20170308154940933,0.906099700927734
20170308154940934,-1.31405410766602
20170308154940935,-2.58053359985352
20170308154940936,0.860323333740234
20170308154940937,-1.55819473266602
20170308154940938,-2.39742813110352
20170308154940939,0.768770599365234
20170308154940940,-1.59634170532227
20170308154940941,-2.32876358032227
20170308154940942,0.738253021240234
20170308154940943,-1.66500625610352
20170308154940944,-2.36691055297852
20170308154940945,0.722994232177734
20170308154940946,-1.80233535766602
20170308154940947,-2.19906387329102
20170308154940948,0.623812103271484
20170308154940949,-1.86337051391602
20170308154940950,-2.24484024047852
20170308154940951,0.845064544677734
20170308154940952,-2.03121719360352
20170308154940953,-2.10751113891602
20170308154940954,0.715364837646484
20170308154940955,-2.03121719360352
20170308154940956,-1.98544082641602
20170308154940957,0.585665130615234
20170308154940958,-2.26772842407227
20170308154940959,-1.76418838500977
20170308154940960,0.722994232177734
20170308154940961,-2.51949844360352
20170308154940962,-1.48953018188477
20170308154940963,0.814546966552734
20170308154940964,-2.63393936157227
20170308154940965,-1.33694229125977
20170308154940966,0.661959075927734
20170308154940967,-2.87807998657227
20170308154940968,-1.10043106079102
20170308154940969,0.791658782958984
20170308154940970,-2.93911514282227
20170308154940971,-0.909696197509766
20170308154940972,0.517000579833984
20170308154940973,-2.92385635375977
20170308154940974,-1.00887832641602
20170308154940975,0.417818450927734
20170308154940976,-2.91622695922852
20170308154940977,-0.894437408447266
20170308154940978,0.387300872802734
20170308154940979,-2.98489151000977
20170308154940980,-0.558744049072266
20170308154940981,0.227083587646484
20170308154940982,-2.90096817016602
20170308154940983,-0.383267974853516
20170308154940984,0.127901458740234
20170308154940985,-2.91622695922852
20170308154940986,-0.0094276428222656
20170308154940987,-0.207791900634766
20170308154940988,-2.83230361938477
20170308154940989,0.0210899353027344
20170308154940990,-0.261197662353516
20170308154940991,-2.93148574829102
20170308154940992,0.135530853271484
20170308154940993,-0.360379791259766
20170308154940994,-2.83993301391602
20170308154940995,0.173677825927734
20170308154940996,-0.429044342041016
20170308154940997,-2.90859756469727
20170308154940998,0.364412689208984
20170308154940999,-0.581632232666016
20170308154941000,-2.78652725219727
20170308154941001,0.173677825927734
20170308154941002,-0.299344635009766
20170308154941003,-2.80941543579102
20170308154941004,0.127901458740234
20170308154941005,-0.543485260009766
20170308154941006,-2.90859756469727
20170308154941007,0.387300872802734
20170308154941008,-0.596891021728516
20170308154941009,-2.91622695922852
20170308154941010,0.478853607177734
20170308154941011,-0.589261627197266
20170308154941012,-2.92385635375977
20170308154941013,0.722994232177734
20170308154941014,-1.04702529907227
20170308154941015,-2.81704483032227
20170308154941016,0.845064544677734
20170308154941017,-1.23776016235352
20170308154941018,-2.69497451782227
20170308154941019,0.974764251708984
20170308154941020,-1.16909561157227
20170308154941021,-2.68734512329102
20170308154941022,1.01291122436523
20170308154941023,-1.30642471313477
20170308154941024,-2.64919815063477
20170308154941025,0.669588470458984
20170308154941026,-1.21487197875977
20170308154941027,-2.63393936157227
20170308154941028,0.913729095458984
20170308154941029,-1.37508926391602
20170308154941030,-2.53475723266602
20170308154941031,0.837435150146484
20170308154941032,-1.39034805297852
20170308154941033,-2.46609268188477
20170308154941034,0.707735443115234
20170308154941035,-1.39034805297852
20170308154941036,-2.48898086547852
20170308154941037,0.852693939208984
20170308154941038,-1.48190078735352
20170308154941039,-2.58053359985352
20170308154941040,0.753511810302734
20170308154941041,-1.30642471313477
20170308154941042,-2.56527481079102
20170308154941043,0.990023040771484
20170308154941044,-1.47427139282227
20170308154941045,-2.53475723266602
20170308154941046,0.745882415771484
20170308154941047,-1.65737686157227
20170308154941048,-2.47372207641602
20170308154941049,0.906099700927734
20170308154941050,-1.59634170532227
20170308154941051,-2.43557510375977
20170308154941052,0.776399993896484
20170308154941053,-1.55819473266602
20170308154941054,-2.35928115844727
20170308154941055,0.700106048583984
20170308154941056,-1.75655899047852
20170308154941057,-2.37453994750977
20170308154941058,0.661959075927734
20170308154941059,-1.77181777954102
20170308154941060,-2.42794570922852
20170308154941061,0.738253021240234
20170308154941062,-1.84811172485352
20170308154941063,-2.26772842407227
20170308154941064,0.654329681396484
20170308154941065,-1.72604141235352
20170308154941066,-2.26772842407227
20170308154941067,0.639070892333984
20170308154941068,-1.84811172485352
20170308154941069,-2.13802871704102
20170308154941070,0.845064544677734
20170308154941071,-1.94729385375977
20170308154941072,-2.18380508422852
20170308154941073,0.677217864990234
20170308154941074,-2.02358779907227
20170308154941075,-2.07699356079102
20170308154941076,0.738253021240234
20170308154941077,-2.09225234985352
20170308154941078,-1.99307022094727
20170308154941079,0.585665130615234
20170308154941080,-2.20669326782227
20170308154941081,-1.80996475219727
20170308154941082,0.715364837646484
20170308154941083,-2.30587539672852
20170308154941084,-1.77181777954102
20170308154941085,0.692476654052734
20170308154941086,-2.22958145141602
20170308154941087,-1.67263565063477
20170308154941088,0.730623626708984
20170308154941089,-2.46609268188477
20170308154941090,-1.54293594360352
20170308154941091,0.799288177490234
20170308154941092,-2.62630996704102
20170308154941093,-1.45901260375977
20170308154941094,0.669588470458984
20170308154941095,-2.74838027954102
20170308154941096,-1.36745986938477
20170308154941097,0.623812103271484
20170308154941098,-2.90096817016602
20170308154941099,-1.17672500610352
20170308154941100,0.532259368896484
20170308154941101,-3.05355606079102
20170308154941102,-0.764737701416016
20170308154941103,0.349153900146484
20170308154941104,-2.99252090454102
20170308154941105,-0.688443756103516
20170308154941106,0.311006927490234
20170308154941107,-3.04592666625977
20170308154941108,-0.337491607666016
20170308154941109,-0.0017982482910156
20170308154941110,-3.03829727172852
20170308154941111,-0.100980377197266
20170308154941112,-0.268827056884766
20170308154941113,-2.89333877563477
20170308154941114,0.272859954833984
20170308154941115,-0.261197662353516
20170308154941116,-2.90096817016602
20170308154941117,0.402559661865234
20170308154941118,-0.368009185791016
20170308154941119,-2.83993301391602
20170308154941120,-0.0780921936035156
20170308154941121,-0.329862213134766
20170308154941122,-2.80941543579102
20170308154941123,0.173677825927734
20170308154941124,-0.543485260009766
20170308154941125,-2.80178604125977
20170308154941126,0.318636322021484
20170308154941127,-0.512967681884766
20170308154941128,-2.85519180297852
20170308154941129,0.318636322021484
20170308154941130,-0.474820709228516
20170308154941131,-2.79415664672852
20170308154941132,0.593294525146484
20170308154941133,-0.574002838134766
20170308154941134,-2.82467422485352
20170308154941135,0.341524505615234
20170308154941136,-0.512967681884766
20170308154941137,-2.88570938110352
20170308154941138,0.295748138427734
20170308154941139,-0.566373443603516
20170308154941140,-2.86282119750977
20170308154941141,0.623812103271484
20170308154941142,-0.741849517822266
20170308154941143,-2.86282119750977
20170308154941144,0.303377532958984
20170308154941145,-0.749478912353516
20170308154941146,-2.90096817016602
20170308154941147,0.585665130615234
20170308154941148,-0.917325592041016
20170308154941149,-2.93911514282227
20170308154941150,0.639070892333984
20170308154941151,-0.955472564697266
20170308154941152,-2.81704483032227
20170308154941153,0.753511810302734
20170308154941154,-1.00887832641602
20170308154941155,-2.77889785766602
20170308154941156,0.661959075927734
20170308154941157,-0.993619537353516
20170308154941158,-2.77126846313477
20170308154941159,0.784029388427734
20170308154941160,-0.924954986572266
20170308154941161,-2.72549209594727
20170308154941162,0.677217864990234
20170308154941163,-0.993619537353516
20170308154941164,-2.74838027954102
20170308154941165,0.745882415771484
20170308154941166,-1.10043106079102
20170308154941167,-2.71023330688477
20170308154941168,0.700106048583984
20170308154941169,-1.10043106079102
20170308154941170,-2.64919815063477
20170308154941171,1.06631698608398
20170308154941172,-1.16146621704102
20170308154941173,-2.69497451782227
20170308154941174,0.692476654052734
20170308154941175,-1.26827774047852
20170308154941176,-2.64919815063477
20170308154941177,0.791658782958984
20170308154941178,-1.52004776000977
20170308154941179,-2.57290420532227
20170308154941180,0.722994232177734
20170308154941181,-1.32168350219727
20170308154941182,-2.57290420532227
20170308154941183,0.669588470458984
20170308154941184,-1.13857803344727
20170308154941185,-2.74075088500977
20170308154941186,0.921358489990234
20170308154941187,-0.993619537353516
20170308154941188,-2.79415664672852
20170308154941189,0.829805755615234
20170308154941190,-1.12331924438477
20170308154941191,-2.87807998657227
20170308154941192,0.700106048583984
20170308154941193,-1.19198379516602
20170308154941194,-2.72549209594727
20170308154941195,0.753511810302734
20170308154941196,-1.33694229125977
20170308154941197,-2.66445693969727
20170308154941198,0.944246673583984
20170308154941199,-1.32168350219727
20170308154941200,-2.67971572875977
20170308154941201,0.600923919677734
20170308154941202,-1.07754287719727
20170308154941203,-2.77889785766602
20170308154941204,0.623812103271484
20170308154941205,-1.03176651000977
20170308154941206,-2.76363906860352
20170308154941207,0.761141204833984
20170308154941208,-1.05465469360352
20170308154941209,-2.74838027954102
20170308154941210,0.837435150146484
20170308154941211,-1.35220108032227
20170308154941212,-2.63393936157227
20170308154941213,0.967134857177734
20170308154941214,-1.36745986938477
20170308154941215,-2.64919815063477
20170308154941216,0.936617279052734
20170308154941217,-1.37508926391602
20170308154941218,-2.55001602172852
20170308154941219,0.967134857177734
20170308154941220,-1.36745986938477
20170308154941221,-2.55001602172852
20170308154941222,0.944246673583984
20170308154941223,-1.51241836547852
20170308154941224,-2.58816299438477
20170308154941225,0.799288177490234
20170308154941226,-1.50478897094727
20170308154941227,-2.48898086547852
20170308154941228,0.768770599365234
20170308154941229,-1.85574111938477
20170308154941230,-2.15328750610352
20170308154941231,0.661959075927734
20170308154941232,-2.09225234985352
20170308154941233,-2.06936416625977
20170308154941234,0.623812103271484
20170308154941235,-2.09988174438477
20170308154941236,-2.01595840454102
20170308154941237,0.768770599365234
20170308154941238,-2.07699356079102
20170308154941239,-2.00069961547852
20170308154941240,0.845064544677734
20170308154941241,-2.19906387329102
20170308154941242,-1.99307022094727
20170308154941243,0.738253021240234
20170308154941244,-2.25246963500977
20170308154941245,-1.88625869750977
20170308154941246,0.776399993896484
20170308154941247,-2.31350479125977
20170308154941248,-1.70315322875977
20170308154941249,0.677217864990234
20170308154941250,-2.31350479125977
20170308154941251,-1.61922988891602
20170308154941252,0.738253021240234
20170308154941253,-2.41268692016602
20170308154941254,-1.48953018188477
20170308154941255,0.684847259521484
20170308154941256,-2.65682754516602
20170308154941257,-1.42849502563477
20170308154941258,0.471224212646484
20170308154941259,-2.75600967407227
20170308154941260,-1.42086563110352
20170308154941261,0.669588470458984
20170308154941262,-2.85519180297852
20170308154941263,-1.23013076782227
20170308154941264,0.570406341552734
20170308154941265,-3.03829727172852
20170308154941266,-1.00124893188477
20170308154941267,0.356783294677734
20170308154941268,-2.88570938110352
20170308154941269,-1.04702529907227
20170308154941270,0.471224212646484
20170308154941271,-3.03066787719727
20170308154941272,-0.734220123291016
20170308154941273,0.608553314208984
20170308154941274,-2.96963272094727
20170308154941275,-0.612149810791016
20170308154941276,0.311006927490234
20170308154941277,-3.00015029907227
20170308154941278,-0.398526763916016
20170308154941279,0.0897544860839844
20170308154941280,-3.00015029907227
20170308154941281,-0.368009185791016
20170308154941282,0.211824798583984
20170308154941283,-2.99252090454102
20170308154941284,-0.368009185791016
20170308154941285,-0.0552040100097656
20170308154941286,-3.00777969360352
20170308154941287,-0.284085845947266
20170308154941288,-0.123868560791016
20170308154941289,-2.93148574829102
20170308154941290,-0.0399452209472656
20170308154941291,-0.230680084228516
20170308154941292,-2.89333877563477
20170308154941293,0.135530853271484
20170308154941294,-0.314603424072266
20170308154941295,-2.90096817016602
20170308154941296,0.303377532958984
20170308154941297,-0.558744049072266
20170308154941298,-2.90859756469727
20170308154941299,0.295748138427734
20170308154941300,-0.787625885009766
20170308154941301,-2.86282119750977
20170308154941302,0.639070892333984
20170308154941303,-0.902066802978516
20170308154941304,-2.90859756469727
20170308154941305,0.585665130615234
20170308154941306,-1.05465469360352
20170308154941307,-2.75600967407227
20170308154941308,0.799288177490234
20170308154941309,-1.05465469360352
20170308154941310,-2.75600967407227
20170308154941311,0.753511810302734
20170308154941312,-1.21487197875977
20170308154941313,-2.70260391235352
20170308154941314,0.936617279052734
20170308154941315,-1.26064834594727
20170308154941316,-2.69497451782227
20170308154941317,0.845064544677734
20170308154941318,-1.11568984985352
20170308154941319,-2.74838027954102
20170308154941320,0.646700286865234
20170308154941321,-1.10806045532227
20170308154941322,-2.70260391235352
20170308154941323,0.715364837646484
20170308154941324,-1.15383682250977
20170308154941325,-2.71786270141602
20170308154941326,0.745882415771484
20170308154941327,-1.18435440063477
20170308154941328,-2.67971572875977
20170308154941329,0.867952728271484
20170308154941330,-1.22250137329102
20170308154941331,-2.69497451782227
20170308154941332,0.707735443115234
20170308154941333,-1.22250137329102
20170308154941334,-2.62630996704102
20170308154941335,0.791658782958984
20170308154941336,-1.64974746704102
20170308154941337,-2.41268692016602
20170308154941338,0.829805755615234
20170308154941339,-1.64211807250977
20170308154941340,-2.45083389282227
20170308154941341,0.631441497802734
20170308154941342,-1.80996475219727
20170308154941343,-2.40505752563477
20170308154941344,0.692476654052734
20170308154941345,-1.84811172485352
20170308154941346,-2.27535781860352
20170308154941347,0.684847259521484
20170308154941348,-1.95492324829102
20170308154941349,-2.11514053344727
20170308154941350,0.608553314208984
20170308154941351,-1.95492324829102
20170308154941352,-2.28298721313477
20170308154941353,0.715364837646484
20170308154941354,-1.99307022094727
20170308154941355,-2.06173477172852
20170308154941356,0.715364837646484
20170308154941357,-2.15328750610352
20170308154941358,-1.94729385375977
20170308154941359,0.928987884521484
20170308154941360,-2.16854629516602
20170308154941361,-1.91677627563477
20170308154941362,0.585665130615234
20170308154941363,-2.09988174438477
20170308154941364,-2.11514053344727
20170308154941365,0.616182708740234
20170308154941366,-1.98544082641602
20170308154941367,-2.11514053344727
20170308154941368,0.799288177490234
20170308154941369,-2.04647598266602
20170308154941370,-2.07699356079102
20170308154941371,0.898470306396484
20170308154941372,-2.22195205688477
20170308154941373,-1.78707656860352
20170308154941374,0.677217864990234
20170308154941375,-2.34402236938477
20170308154941376,-1.69552383422852
20170308154941377,0.677217864990234
20170308154941378,-2.39742813110352
20170308154941379,-1.62685928344727
20170308154941380,0.722994232177734
20170308154941381,-2.51949844360352
20170308154941382,-1.45901260375977
20170308154941383,0.799288177490234
20170308154941384,-2.86282119750977
20170308154941385,-1.31405410766602
20170308154941386,0.570406341552734
20170308154941387,-2.93911514282227
20170308154941388,-1.12331924438477
20170308154941389,0.532259368896484
20170308154941390,-2.93911514282227
20170308154941391,-1.08517227172852
20170308154941392,0.463594818115234
20170308154941393,-2.90096817016602
20170308154941394,-1.00887832641602
20170308154941395,0.379671478271484
20170308154941396,-3.00777969360352
20170308154941397,-0.848661041259766
20170308154941398,0.349153900146484
20170308154941399,-2.95437393188477
20170308154941400,-0.612149810791016
20170308154941401,0.227083587646484
20170308154941402,-2.98489151000977
20170308154941403,-0.535855865478516
20170308154941404,0.150789642333984
20170308154941405,-2.92385635375977
20170308154941406,-0.482450103759766
20170308154941407,0.120272064208984
20170308154941408,-2.92385635375977
20170308154941409,-0.169644927978516
20170308154941410,-0.116239166259766
20170308154941411,-2.93911514282227
20170308154941412,-0.184903717041016
20170308154941413,-0.207791900634766
20170308154941414,-2.91622695922852
20170308154941415,0.0439781188964844
20170308154941416,-0.505338287353516
20170308154941417,-2.87807998657227
20170308154941418,0.341524505615234
20170308154941419,-0.543485260009766
20170308154941420,-2.86282119750977
20170308154941421,0.349153900146484
20170308154941422,-0.650296783447266
20170308154941423,-2.90096817016602
20170308154941424,0.478853607177734
20170308154941425,-0.520597076416016
20170308154941426,-2.84756240844727
20170308154941427,0.303377532958984
20170308154941428,-0.673184967041016
20170308154941429,-2.92385635375977
20170308154941430,0.318636322021484
20170308154941431,-0.696073150634766
20170308154941432,-2.87807998657227
20170308154941433,0.288118743896484
20170308154941434,-0.635037994384766
20170308154941435,-2.90859756469727
20170308154941436,0.410189056396484
20170308154941437,-0.551114654541016
20170308154941438,-2.85519180297852
20170308154941439,0.471224212646484
20170308154941440,-0.726590728759766
20170308154941441,-2.85519180297852
20170308154941442,0.112642669677734
20170308154941443,-0.665555572509766
20170308154941444,-2.89333877563477
20170308154941445,0.303377532958984
20170308154941446,-0.718961334228516
20170308154941447,-2.77889785766602
20170308154941448,0.494112396240234
20170308154941449,-0.772367095947266
20170308154941450,-2.82467422485352
20170308154941451,0.562776947021484
20170308154941452,-0.703702545166016
20170308154941453,-2.83230361938477
20170308154941454,0.730623626708984
20170308154941455,-0.894437408447266
20170308154941456,-2.86282119750977
20170308154941457,0.898470306396484
20170308154941458,-1.24538955688477
20170308154941459,-2.80941543579102
20170308154941460,0.700106048583984
20170308154941461,-1.14620742797852
20170308154941462,-2.79415664672852
20170308154941463,0.677217864990234
20170308154941464,-1.16909561157227
20170308154941465,-2.66445693969727
20170308154941466,0.944246673583984
20170308154941467,-1.22250137329102
20170308154941468,-2.68734512329102
20170308154941469,0.799288177490234
20170308154941470,-1.16909561157227
20170308154941471,-2.64919815063477
20170308154941472,0.646700286865234
20170308154941473,-1.52767715454102
20170308154941474,-2.54238662719727
20170308154941475,0.730623626708984
20170308154941476,-1.58871231079102
20170308154941477,-2.51186904907227
20170308154941478,0.921358489990234
20170308154941479,-1.60397109985352
20170308154941480,-2.56527481079102
20170308154941481,0.761141204833984
20170308154941482,-1.73367080688477
20170308154941483,-2.32876358032227
20170308154941484,0.654329681396484
20170308154941485,-1.78707656860352
20170308154941486,-2.31350479125977
20170308154941487,0.806917572021484
20170308154941488,-1.72604141235352
20170308154941489,-2.39742813110352
20170308154941490,0.600923919677734
20170308154941491,-1.72604141235352
20170308154941492,-2.35165176391602
20170308154941493,0.700106048583984
20170308154941494,-1.74892959594727
20170308154941495,-2.30587539672852
20170308154941496,0.860323333740234
20170308154941497,-1.70315322875977
20170308154941498,-2.38216934204102
20170308154941499,0.722994232177734
20170308154941500,-1.90151748657227
20170308154941501,-2.24484024047852
20170308154941502,0.570406341552734
20170308154941503,-2.01595840454102
20170308154941504,-2.06173477172852
20170308154941505,0.700106048583984
20170308154941506,-2.03884658813477
20170308154941507,-2.00069961547852
20170308154941508,0.845064544677734
20170308154941509,-2.16854629516602
20170308154941510,-1.82522354125977
20170308154941511,0.616182708740234
20170308154941512,-2.28298721313477
20170308154941513,-1.91677627563477
20170308154941514,0.639070892333984
20170308154941515,-2.29061660766602
20170308154941516,-1.83285293579102
20170308154941517,0.639070892333984
20170308154941518,-2.29824600219727
20170308154941519,-1.76418838500977
20170308154941520,0.738253021240234
20170308154941521,-2.29824600219727
20170308154941522,-1.42849502563477
20170308154941523,0.555147552490234
20170308154941524,-2.61868057250977
20170308154941525,-1.44375381469727
20170308154941526,0.738253021240234
20170308154941527,-2.73312149047852
20170308154941528,-1.36745986938477
20170308154941529,0.600923919677734
20170308154941530,-2.87807998657227
20170308154941531,-1.09280166625977
20170308154941532,0.532259368896484
20170308154941533,-2.97726211547852
20170308154941534,-0.795255279541016
20170308154941535,0.478853607177734
20170308154941536,-2.94674453735352
20170308154941537,-0.459561920166016
20170308154941538,0.173677825927734
20170308154941539,-3.00015029907227
20170308154941540,-0.0857215881347656
20170308154941541,-0.253568267822266
20170308154941542,-2.92385635375977
20170308154941543,0.234712982177734
20170308154941544,-0.497708892822266
20170308154941545,-2.94674453735352
20170308154941546,0.524629974365234
20170308154941547,-0.619779205322266
20170308154941548,-2.87807998657227
20170308154941549,0.623812103271484
20170308154941550,-0.940213775634766
20170308154941551,-2.91622695922852
20170308154941552,0.562776947021484
20170308154941553,-0.749478912353516
20170308154941554,-2.80941543579102
20170308154941555,0.555147552490234
20170308154941556,-0.940213775634766
20170308154941557,-2.80941543579102
20170308154941558,0.677217864990234
20170308154941559,-1.09280166625977
20170308154941560,-2.77126846313477
20170308154941561,0.890840911865234
20170308154941562,-1.19961318969727
20170308154941563,-2.71023330688477
20170308154941564,0.806917572021484
20170308154941565,-1.06228408813477
20170308154941566,-2.64919815063477
20170308154941567,0.822176361083984
20170308154941568,-1.44375381469727
20170308154941569,-2.59579238891602
20170308154941570,0.906099700927734
20170308154941571,-1.57345352172852
20170308154941572,-2.50423965454102
20170308154941573,0.745882415771484
20170308154941574,-1.47427139282227
20170308154941575,-2.44320449829102
20170308154941576,0.646700286865234
20170308154941577,-1.70315322875977
20170308154941578,-2.30587539672852
20170308154941579,0.692476654052734
20170308154941580,-1.82522354125977
20170308154941581,-2.24484024047852
20170308154941582,0.501741790771484
20170308154941583,-1.72604141235352
20170308154941584,-2.32876358032227
20170308154941585,0.677217864990234
20170308154941586,-1.82522354125977
20170308154941587,-2.30587539672852
20170308154941588,0.860323333740234
20170308154941589,-1.97781143188477
20170308154941590,-2.04647598266602
20170308154941591,0.654329681396484
20170308154941592,-2.00832901000977
20170308154941593,-2.20669326782227
20170308154941594,0.631441497802734
20170308154941595,-1.89388809204102
20170308154941596,-2.29061660766602
20170308154941597,0.661959075927734
20170308154941598,-1.94729385375977
20170308154941599,-2.20669326782227
20170308154941600,0.677217864990234
20170308154941601,-2.03121719360352
20170308154941602,-2.09225234985352
20170308154941603,0.631441497802734
20170308154941604,-2.06936416625977
20170308154941605,-2.06173477172852
20170308154941606,0.837435150146484
20170308154941607,-1.97781143188477
20170308154941608,-1.97781143188477
20170308154941609,0.745882415771484
20170308154941610,-2.29061660766602
20170308154941611,-1.83285293579102
20170308154941612,0.661959075927734
20170308154941613,-2.17617568969727
20170308154941614,-1.87862930297852
20170308154941615,0.845064544677734
20170308154941616,-2.42031631469727
20170308154941617,-1.65737686157227
20170308154941618,0.677217864990234
20170308154941619,-2.28298721313477
20170308154941620,-1.64974746704102
20170308154941621,0.669588470458984
20170308154941622,-2.38979873657227
20170308154941623,-1.64974746704102
20170308154941624,0.661959075927734
20170308154941625,-2.41268692016602
20170308154941626,-1.46664199829102
20170308154941627,0.639070892333984
20170308154941628,-2.46609268188477
20170308154941629,-1.53530654907227
20170308154941630,0.837435150146484
20170308154941631,-2.49661026000977
20170308154941632,-1.53530654907227
20170308154941633,0.532259368896484
20170308154941634,-2.53475723266602
20170308154941635,-1.46664199829102
20170308154941636,0.684847259521484
20170308154941637,-2.80178604125977
20170308154941638,-1.30642471313477
20170308154941639,0.471224212646484
20170308154941640,-2.77889785766602
20170308154941641,-1.31405410766602
20170308154941642,0.517000579833984
20170308154941643,-2.73312149047852
20170308154941644,-1.42086563110352
20170308154941645,0.539888763427734
20170308154941646,-2.79415664672852
20170308154941647,-1.46664199829102
20170308154941648,0.585665130615234
20170308154941649,-2.86282119750977
20170308154941650,-1.19961318969727
20170308154941651,0.539888763427734
20170308154941652,-2.96200332641602
20170308154941653,-1.08517227172852
20170308154941654,0.639070892333984
20170308154941655,-2.94674453735352
20170308154941656,-1.16146621704102
20170308154941657,0.738253021240234
20170308154941658,-2.89333877563477
20170308154941659,-1.02413711547852
20170308154941660,0.463594818115234
20170308154941661,-2.97726211547852
20170308154941662,-0.940213775634766
20170308154941663,0.471224212646484
20170308154941664,-3.01540908813477
20170308154941665,-0.856290435791016
20170308154941666,0.448336029052734
20170308154941667,-3.01540908813477
20170308154941668,-0.711331939697266
20170308154941669,0.303377532958984
20170308154941670,-2.89333877563477
20170308154941671,-0.703702545166016
20170308154941672,0.257601165771484
20170308154941673,-2.98489151000977
20170308154941674,-0.482450103759766
20170308154941675,0.0439781188964844
20170308154941676,-2.90859756469727
20170308154941677,-0.413785552978516
20170308154941678,-0.0857215881347656
20170308154941679,-2.98489151000977
20170308154941680,0.0058311462402344
20170308154941681,-0.230680084228516
20170308154941682,-2.85519180297852
20170308154941683,0.311006927490234
20170308154941684,-0.505338287353516
20170308154941685,-2.88570938110352
20170308154941686,0.379671478271484
20170308154941687,-0.741849517822266
20170308154941688,-2.88570938110352
20170308154941689,0.791658782958984
20170308154941690,-0.940213775634766
20170308154941691,-2.84756240844727
20170308154941692,0.791658782958984
20170308154941693,-1.16146621704102
20170308154941694,-2.71023330688477
20170308154941695,0.982393646240234
20170308154941696,-1.10043106079102
20170308154941697,-2.71786270141602
20170308154941698,0.837435150146484
20170308154941699,-1.38271865844727
20170308154941700,-2.61105117797852
20170308154941701,0.692476654052734
20170308154941702,-1.37508926391602
20170308154941703,-2.64156875610352
20170308154941704,0.730623626708984
20170308154941705,-1.19961318969727
20170308154941706,-2.69497451782227
20170308154941707,0.959505462646484
20170308154941708,-1.19961318969727
20170308154941709,-2.60342178344727
20170308154941710,0.730623626708984
20170308154941711,-1.14620742797852
20170308154941712,-2.66445693969727
20170308154941713,0.738253021240234
20170308154941714,-1.36745986938477
20170308154941715,-2.60342178344727
20170308154941716,0.951876068115234
20170308154941717,-1.45138320922852
20170308154941718,-2.61105117797852
20170308154941719,0.745882415771484
20170308154941720,-1.41323623657227
20170308154941721,-2.65682754516602
20170308154941722,0.784029388427734
20170308154941723,-1.74130020141602
20170308154941724,-2.38216934204102
20170308154941725,0.570406341552734
20170308154941726,-1.71841201782227
20170308154941727,-2.25246963500977
20170308154941728,0.646700286865234
20170308154941729,-1.81759414672852
20170308154941730,-2.19906387329102
20170308154941731,0.784029388427734
20170308154941732,-2.06173477172852
20170308154941733,-2.09988174438477
20170308154941734,0.585665130615234
20170308154941735,-2.06936416625977
20170308154941736,-2.05410537719727
20170308154941737,0.715364837646484
20170308154941738,-2.19906387329102
20170308154941739,-1.97018203735352
20170308154941740,0.677217864990234
20170308154941741,-2.28298721313477
20170308154941742,-1.75655899047852
20170308154941743,0.608553314208984
20170308154941744,-2.14565811157227
20170308154941745,-1.93203506469727
20170308154941746,0.845064544677734
20170308154941747,-2.23721084594727
20170308154941748,-1.77944717407227
20170308154941749,0.654329681396484
20170308154941750,-2.32876358032227
20170308154941751,-1.66500625610352
20170308154941752,0.478853607177734
20170308154941753,-2.27535781860352
20170308154941754,-1.69552383422852
20170308154941755,0.753511810302734
20170308154941756,-2.36691055297852
20170308154941757,-1.71841201782227
20170308154941758,0.608553314208984
20170308154941759,-2.32876358032227
20170308154941760,-1.66500625610352
20170308154941761,0.692476654052734
20170308154941762,-2.38979873657227
20170308154941763,-1.61160049438477
20170308154941764,0.646700286865234
20170308154941765,-2.51949844360352
20170308154941766,-1.48190078735352
20170308154941767,0.524629974365234
20170308154941768,-2.86282119750977
20170308154941769,-1.27590713500977
20170308154941770,0.555147552490234
20170308154941771,-3.00015029907227
20170308154941772,-1.00887832641602
20170308154941773,0.440706634521484
20170308154941774,-2.81704483032227
20170308154941775,-1.14620742797852
20170308154941776,0.570406341552734
20170308154941777,-2.80178604125977
20170308154941778,-1.37508926391602
20170308154941779,0.524629974365234
20170308154941780,-2.96963272094727
20170308154941781,-1.10806045532227
20170308154941782,0.463594818115234
20170308154941783,-2.87807998657227
20170308154941784,-1.20724258422852
20170308154941785,0.761141204833984
20170308154941786,-2.64919815063477
20170308154941787,-1.31405410766602
20170308154941788,0.753511810302734
20170308154941789,-2.86282119750977
20170308154941790,-1.13857803344727
20170308154941791,0.570406341552734
20170308154941792,-2.87045059204102
20170308154941793,-1.09280166625977
20170308154941794,0.486483001708984
20170308154941795,-2.96963272094727
20170308154941796,-1.07754287719727
20170308154941797,0.486483001708984
20170308154941798,-2.93911514282227
20170308154941799,-0.985990142822266
20170308154941800,0.539888763427734
20170308154941801,-2.99252090454102
20170308154941802,-0.696073150634766
20170308154941803,0.616182708740234
20170308154941804,-2.95437393188477
20170308154941805,-0.703702545166016
20170308154941806,0.410189056396484
20170308154941807,-2.94674453735352
20170308154941808,-0.947843170166016
20170308154941809,0.311006927490234
20170308154941810,-2.93911514282227
20170308154941811,-0.703702545166016
20170308154941812,0.311006927490234
20170308154941813,-2.99252090454102
20170308154941814,-0.253568267822266
20170308154941815,0.0744956970214844
20170308154941816,-2.93911514282227
20170308154941817,-0.184903717041016
20170308154941818,-0.0246864318847656
20170308154941819,-3.00015029907227
20170308154941820,-0.230680084228516
20170308154941821,-0.0857215881347656
20170308154941822,-2.95437393188477
20170308154941823,-0.0552040100097656
20170308154941824,-0.238309478759766
20170308154941825,-2.93148574829102
20170308154941826,0.0821250915527344
20170308154941827,-0.406156158447266
20170308154941828,-2.90859756469727
20170308154941829,0.280489349365234
20170308154941830,-0.375638580322266
20170308154941831,-2.89333877563477
20170308154941832,0.654329681396484
20170308154941833,-0.787625885009766
20170308154941834,-2.80941543579102
20170308154941835,0.585665130615234
20170308154941836,-0.787625885009766
20170308154941837,-2.79415664672852
20170308154941838,0.883211517333984
20170308154941839,-0.940213775634766
20170308154941840,-2.78652725219727
20170308154941841,0.852693939208984
20170308154941842,-1.00124893188477
20170308154941843,-2.77126846313477
20170308154941844,0.608553314208984
20170308154941845,-1.00887832641602
20170308154941846,-2.83993301391602
20170308154941847,0.700106048583984
20170308154941848,-1.11568984985352
20170308154941849,-2.83993301391602
20170308154941850,0.677217864990234
20170308154941851,-1.03939590454102
20170308154941852,-2.74838027954102
20170308154941853,0.982393646240234
20170308154941854,-1.23776016235352
20170308154941855,-2.55764541625977
20170308154941856,0.692476654052734
20170308154941857,-1.46664199829102
20170308154941858,-2.61105117797852
20170308154941859,0.898470306396484
20170308154941860,-1.61160049438477
20170308154941861,-2.52712783813477
20170308154941862,0.730623626708984
20170308154941863,-1.59634170532227
20170308154941864,-2.55764541625977
20170308154941865,0.761141204833984
20170308154941866,-1.66500625610352
20170308154941867,-2.40505752563477
20170308154941868,0.684847259521484
20170308154941869,-1.85574111938477
20170308154941870,-2.26772842407227
20170308154941871,0.715364837646484
20170308154941872,-1.90914688110352
20170308154941873,-2.18380508422852
20170308154941874,0.761141204833984
20170308154941875,-2.06173477172852
20170308154941876,-2.07699356079102
20170308154941877,0.700106048583984
20170308154941878,-2.10751113891602
20170308154941879,-1.90914688110352
20170308154941880,0.806917572021484
20170308154941881,-2.22958145141602
20170308154941882,-1.95492324829102
20170308154941883,0.585665130615234
20170308154941884,-1.99307022094727
20170308154941885,-1.99307022094727
20170308154941886,0.784029388427734
20170308154941887,-1.97781143188477
20170308154941888,-1.92440567016602
20170308154941889,0.555147552490234
20170308154941890,-2.08462295532227
20170308154941891,-1.94729385375977
20170308154941892,0.578035736083984
20170308154941893,-2.24484024047852
20170308154941894,-1.81759414672852
20170308154941895,0.799288177490234
20170308154941896,-2.34402236938477
20170308154941897,-1.71078262329102
20170308154941898,0.722994232177734
20170308154941899,-2.60342178344727
20170308154941900,-1.38271865844727
20170308154941901,0.555147552490234
20170308154941902,-2.87045059204102
20170308154941903,-1.23013076782227
20170308154941904,0.585665130615234
20170308154941905,-3.06118545532227
20170308154941906,-1.03176651000977
20170308154941907,0.501741790771484
20170308154941908,-2.93911514282227
20170308154941909,-0.993619537353516
20170308154941910,0.486483001708984
20170308154941911,-3.00015029907227
20170308154941912,-1.06228408813477
20170308154941913,0.486483001708984
20170308154941914,-2.96200332641602
20170308154941915,-1.03176651000977
20170308154941916,0.631441497802734
20170308154941917,-2.90859756469727
20170308154941918,-0.909696197509766
20170308154941919,0.471224212646484
20170308154941920,-2.88570938110352
20170308154941921,-0.795255279541016
20170308154941922,0.417818450927734
20170308154941923,-2.99252090454102
20170308154941924,-0.703702545166016
20170308154941925,0.379671478271484
20170308154941926,-2.93911514282227
20170308154941927,-0.635037994384766
20170308154941928,0.311006927490234
20170308154941929,-2.96200332641602
20170308154941930,-0.985990142822266
20170308154941931,0.364412689208984
20170308154941932,-2.90859756469727
20170308154941933,-1.06991348266602
20170308154941934,0.433077239990234
20170308154941935,-2.97726211547852
20170308154941936,-0.947843170166016
20170308154941937,0.616182708740234
20170308154941938,-2.93911514282227
20170308154941939,-1.03939590454102
20170308154941940,0.478853607177734
20170308154941941,-3.01540908813477
20170308154941942,-1.07754287719727
20170308154941943,0.387300872802734
20170308154941944,-2.95437393188477
20170308154941945,-0.848661041259766
20170308154941946,0.379671478271484
20170308154941947,-2.98489151000977
20170308154941948,-0.863919830322266
20170308154941949,0.356783294677734
20170308154941950,-2.94674453735352
20170308154941951,-0.718961334228516
20170308154941952,0.288118743896484
20170308154941953,-2.92385635375977
20170308154941954,-0.779996490478516
20170308154941955,0.394930267333984
20170308154941956,-2.95437393188477
20170308154941957,-0.795255279541016
20170308154941958,0.433077239990234
20170308154941959,-2.96200332641602
20170308154941960,-0.635037994384766
20170308154941961,0.333895111083984
20170308154941962,-2.95437393188477
20170308154941963,-0.505338287353516
20170308154941964,0.166048431396484
20170308154941965,-3.00015029907227
20170308154941966,-0.184903717041016
20170308154941967,-0.108609771728516
20170308154941968,-2.95437393188477
20170308154941969,0.0058311462402344
20170308154941970,-0.299344635009766
20170308154941971,-2.94674453735352
20170308154941972,0.433077239990234
20170308154941973,-0.535855865478516
20170308154941974,-2.88570938110352
20170308154941975,0.394930267333984
20170308154941976,-0.726590728759766
20170308154941977,-2.87045059204102
20170308154941978,0.608553314208984
20170308154941979,-0.924954986572266
20170308154941980,-2.86282119750977
20170308154941981,0.578035736083984
20170308154941982,-0.894437408447266
20170308154941983,-2.79415664672852
20170308154941984,0.524629974365234
20170308154941985,-0.902066802978516
20170308154941986,-2.73312149047852
20170308154941987,1.04342880249023
20170308154941988,-0.932584381103516
20170308154941989,-2.67971572875977
20170308154941990,0.707735443115234
20170308154941991,-1.25301895141602
20170308154941992,-2.58053359985352
20170308154941993,1.05868759155273
20170308154941994,-1.37508926391602
20170308154941995,-2.46609268188477
20170308154941996,0.837435150146484
20170308154941997,-1.61160049438477
20170308154941998,-2.30587539672852
20170308154941999,0.700106048583984
20170308154942000,-1.67263565063477
20170308154942001,-2.33639297485352
20170308154942002,0.715364837646484
20170308154942003,-1.65737686157227
20170308154942004,-2.34402236938477
20170308154942005,0.806917572021484
20170308154942006,-1.64211807250977
20170308154942007,-2.37453994750977
20170308154942008,0.875582122802734
20170308154942009,-1.74130020141602
20170308154942010,-2.26009902954102
20170308154942011,0.745882415771484
20170308154942012,-1.84811172485352
20170308154942013,-2.24484024047852
20170308154942014,0.585665130615234
20170308154942015,-1.90914688110352
20170308154942016,-2.22958145141602
20170308154942017,0.677217864990234
20170308154942018,-1.75655899047852
20170308154942019,-2.30587539672852
20170308154942020,0.669588470458984
20170308154942021,-1.90151748657227
20170308154942022,-1.95492324829102
20170308154942023,0.585665130615234
20170308154942024,-2.19143447875977
20170308154942025,-1.92440567016602
20170308154942026,0.570406341552734
20170308154942027,-2.09988174438477
20170308154942028,-2.10751113891602
20170308154942029,0.860323333740234
20170308154942030,-2.22195205688477
20170308154942031,-1.87099990844727
20170308154942032,0.837435150146484
20170308154942033,-2.34402236938477
20170308154942034,-1.75655899047852
20170308154942035,0.814546966552734
20170308154942036,-2.35928115844727
20170308154942037,-1.61160049438477
20170308154942038,0.753511810302734
20170308154942039,-2.28298721313477
20170308154942040,-1.80233535766602
20170308154942041,0.776399993896484
20170308154942042,-2.34402236938477
20170308154942043,-1.77181777954102
20170308154942044,0.700106048583984
20170308154942045,-2.40505752563477
20170308154942046,-1.78707656860352
20170308154942047,0.684847259521484
20170308154942048,-2.19143447875977
20170308154942049,-1.89388809204102
20170308154942050,0.753511810302734
20170308154942051,-2.13039932250977
20170308154942052,-1.93203506469727
20170308154942053,0.753511810302734
20170308154942054,-2.14565811157227
20170308154942055,-2.11514053344727
20170308154942056,0.463594818115234
20170308154942057,-1.86337051391602
20170308154942058,-2.27535781860352
20170308154942059,0.837435150146484
20170308154942060,-2.00069961547852
20170308154942061,-2.09988174438477
20170308154942062,0.738253021240234
20170308154942063,-2.03884658813477
20170308154942064,-2.05410537719727
20170308154942065,0.753511810302734
20170308154942066,-2.06936416625977
20170308154942067,-2.03884658813477
20170308154942068,0.616182708740234
20170308154942069,-1.94729385375977
20170308154942070,-2.13802871704102
20170308154942071,0.715364837646484
20170308154942072,-1.89388809204102
20170308154942073,-2.06173477172852
20170308154942074,0.585665130615234
20170308154942075,-1.85574111938477
20170308154942076,-2.03121719360352
20170308154942077,0.677217864990234
20170308154942078,-1.95492324829102
20170308154942079,-2.08462295532227
20170308154942080,0.669588470458984
20170308154942081,-1.94729385375977
20170308154942082,-2.04647598266602
20170308154942083,0.578035736083984
20170308154942084,-2.06936416625977
20170308154942085,-2.10751113891602
20170308154942086,0.852693939208984
20170308154942087,-1.95492324829102
20170308154942088,-2.00069961547852
20170308154942089,0.677217864990234
20170308154942090,-2.07699356079102
20170308154942091,-1.93966445922852
20170308154942092,0.646700286865234
20170308154942093,-2.18380508422852
20170308154942094,-1.90151748657227
20170308154942095,0.745882415771484
20170308154942096,-2.36691055297852
20170308154942097,-1.75655899047852
20170308154942098,0.829805755615234
20170308154942099,-2.62630996704102
20170308154942100,-1.42086563110352
20170308154942101,0.677217864990234
20170308154942102,-2.79415664672852
20170308154942103,-1.41323623657227
20170308154942104,0.562776947021484
20170308154942105,-2.77126846313477
20170308154942106,-1.20724258422852
20170308154942107,0.494112396240234
20170308154942108,-2.93148574829102
20170308154942109,-1.06991348266602
20170308154942110,0.440706634521484
20170308154942111,-2.93911514282227
20170308154942112,-0.619779205322266
20170308154942113,0.600923919677734
20170308154942114,-3.02303848266602
20170308154942115,-0.451932525634766
20170308154942116,0.0363487243652344
20170308154942117,-2.96963272094727
20170308154942118,-0.238309478759766
20170308154942119,-0.0246864318847656
20170308154942120,-2.96200332641602
20170308154942121,-0.0933509826660156
20170308154942122,-0.291715240478516
20170308154942123,-2.97726211547852
20170308154942124,-0.192533111572266
20170308154942125,-0.299344635009766
20170308154942126,-2.96200332641602
20170308154942127,0.249971771240234
20170308154942128,-0.329862213134766
20170308154942129,-2.83230361938477
20170308154942130,0.333895111083984
20170308154942131,-0.703702545166016
20170308154942132,-2.86282119750977
20170308154942133,0.539888763427734
20170308154942134,-0.612149810791016
20170308154942135,-2.80941543579102
20170308154942136,0.761141204833984
20170308154942137,-1.04702529907227
20170308154942138,-2.74838027954102
20170308154942139,0.745882415771484
20170308154942140,-1.08517227172852
20170308154942141,-2.83230361938477
20170308154942142,0.967134857177734
20170308154942143,-1.23776016235352
20170308154942144,-2.61105117797852
20170308154942145,0.722994232177734
20170308154942146,-1.58871231079102
20170308154942147,-2.34402236938477
20170308154942148,0.616182708740234
20170308154942149,-1.73367080688477
20170308154942150,-2.32876358032227
20170308154942151,0.784029388427734
20170308154942152,-1.87862930297852
20170308154942153,-2.08462295532227
20170308154942154,0.776399993896484
20170308154942155,-2.11514053344727
20170308154942156,-2.03884658813477
20170308154942157,0.631441497802734
20170308154942158,-2.19906387329102
20170308154942159,-1.97781143188477
20170308154942160,0.600923919677734
20170308154942161,-2.16854629516602
20170308154942162,-1.83285293579102
20170308154942163,0.784029388427734
20170308154942164,-2.23721084594727
20170308154942165,-1.90151748657227
20170308154942166,0.784029388427734
20170308154942167,-2.13039932250977
20170308154942168,-2.00069961547852
20170308154942169,0.707735443115234
20170308154942170,-2.06173477172852
20170308154942171,-1.94729385375977
20170308154942172,0.890840911865234
20170308154942173,-2.17617568969727
20170308154942174,-1.77181777954102
20170308154942175,0.951876068115234
20170308154942176,-2.33639297485352
20170308154942177,-1.60397109985352
20170308154942178,0.600923919677734
20170308154942179,-2.27535781860352
20170308154942180,-1.73367080688477
20170308154942181,0.715364837646484
20170308154942182,-2.32876358032227
20170308154942183,-1.70315322875977
20170308154942184,0.639070892333984
20170308154942185,-2.35165176391602
20170308154942186,-1.58871231079102
20170308154942187,0.639070892333984
20170308154942188,-2.41268692016602
20170308154942189,-1.64974746704102
20170308154942190,0.791658782958984
20170308154942191,-2.49661026000977
20170308154942192,-1.52004776000977
20170308154942193,0.661959075927734
20170308154942194,-2.50423965454102
20170308154942195,-1.47427139282227
20170308154942196,0.631441497802734
20170308154942197,-2.65682754516602
20170308154942198,-1.36745986938477
20170308154942199,0.654329681396484
20170308154942200,-2.76363906860352
20170308154942201,-1.25301895141602
20170308154942202,0.639070892333984
20170308154942203,-2.81704483032227
20170308154942204,-1.28353652954102
20170308154942205,0.600923919677734
20170308154942206,-2.76363906860352
20170308154942207,-1.22250137329102
20170308154942208,0.639070892333984
20170308154942209,-2.64156875610352
20170308154942210,-1.22250137329102
20170308154942211,0.639070892333984
20170308154942212,-2.82467422485352
20170308154942213,-1.10043106079102
20170308154942214,0.547518157958984
20170308154942215,-2.89333877563477
20170308154942216,-1.06991348266602
20170308154942217,0.478853607177734
20170308154942218,-2.94674453735352
20170308154942219,-1.23013076782227
20170308154942220,0.562776947021484
20170308154942221,-2.86282119750977
20170308154942222,-1.19961318969727
20170308154942223,0.517000579833984
20170308154942224,-2.80178604125977
20170308154942225,-1.26064834594727
20170308154942226,0.677217864990234
20170308154942227,-2.77126846313477
20170308154942228,-1.25301895141602
20170308154942229,0.600923919677734
20170308154942230,-2.87807998657227
20170308154942231,-1.28353652954102
20170308154942232,0.570406341552734
20170308154942233,-3.00015029907227
20170308154942234,-1.38271865844727
20170308154942235,0.646700286865234
20170308154942236,-2.56527481079102
20170308154942237,-1.35983047485352
20170308154942238,0.661959075927734
20170308154942239,-2.54238662719727
20170308154942240,-1.40560684204102
20170308154942241,0.600923919677734
20170308154942242,-2.49661026000977
20170308154942243,-1.55056533813477
20170308154942244,0.669588470458984
20170308154942245,-2.45083389282227
20170308154942246,-1.52767715454102
20170308154942247,0.768770599365234
20170308154942248,-2.49661026000977
20170308154942249,-1.48953018188477
20170308154942250,0.700106048583984
20170308154942251,-2.49661026000977
20170308154942252,-1.58108291625977
20170308154942253,0.654329681396484
20170308154942254,-2.26009902954102
20170308154942255,-1.74130020141602
20170308154942256,0.600923919677734
20170308154942257,-2.24484024047852
20170308154942258,-1.75655899047852
20170308154942259,0.890840911865234
20170308154942260,-2.21432266235352
20170308154942261,-1.87099990844727
20170308154942262,0.707735443115234
20170308154942263,-2.32113418579102
20170308154942264,-1.75655899047852
20170308154942265,0.623812103271484
20170308154942266,-2.13802871704102
20170308154942267,-1.81759414672852
20170308154942268,0.806917572021484
20170308154942269,-2.04647598266602
20170308154942270,-2.01595840454102
20170308154942271,0.730623626708984
20170308154942272,-2.05410537719727
20170308154942273,-2.08462295532227
20170308154942274,0.692476654052734
20170308154942275,-1.93966445922852
20170308154942276,-2.25246963500977
20170308154942277,0.654329681396484
20170308154942278,-1.77181777954102
20170308154942279,-2.29061660766602
20170308154942280,0.822176361083984
20170308154942281,-1.69552383422852
20170308154942282,-2.34402236938477
20170308154942283,0.639070892333984
20170308154942284,-1.64974746704102
20170308154942285,-2.35165176391602
20170308154942286,0.654329681396484
20170308154942287,-1.58871231079102
20170308154942288,-2.33639297485352
20170308154942289,0.722994232177734
20170308154942290,-1.72604141235352
20170308154942291,-2.24484024047852
20170308154942292,0.845064544677734
20170308154942293,-1.89388809204102
20170308154942294,-2.20669326782227
20170308154942295,0.547518157958984
20170308154942296,-2.09225234985352
20170308154942297,-2.13802871704102
20170308154942298,0.684847259521484
20170308154942299,-2.10751113891602
20170308154942300,-2.02358779907227
20170308154942301,0.623812103271484
20170308154942302,-2.12276992797852
20170308154942303,-1.97018203735352
20170308154942304,0.616182708740234
20170308154942305,-2.37453994750977
20170308154942306,-1.83285293579102
20170308154942307,0.631441497802734
20170308154942308,-2.44320449829102
20170308154942309,-1.61160049438477
20170308154942310,0.669588470458984
20170308154942311,-2.39742813110352
20170308154942312,-1.52004776000977
20170308154942313,0.623812103271484
20170308154942314,-2.61868057250977
20170308154942315,-1.44375381469727
20170308154942316,0.608553314208984
20170308154942317,-2.55764541625977
20170308154942318,-1.31405410766602
20170308154942319,0.684847259521484
20170308154942320,-2.80178604125977
20170308154942321,-1.16146621704102
20170308154942322,0.639070892333984
20170308154942323,-2.98489151000977
20170308154942324,-1.02413711547852
20170308154942325,0.501741790771484
20170308154942326,-2.97726211547852
20170308154942327,-0.970731353759766
20170308154942328,0.455965423583984
20170308154942329,-2.94674453735352
20170308154942330,-0.924954986572266
20170308154942331,0.433077239990234
20170308154942332,-2.93911514282227
20170308154942333,-0.512967681884766
20170308154942334,0.303377532958984
20170308154942335,-2.96200332641602
20170308154942336,-0.375638580322266
20170308154942337,0.0210899353027344
20170308154942338,-2.95437393188477
20170308154942339,-0.139127349853516
20170308154942340,-0.245938873291016
20170308154942341,-2.88570938110352
20170308154942342,0.219454193115234
20170308154942343,-0.390897369384766
20170308154942344,-2.90859756469727
20170308154942345,0.440706634521484
20170308154942346,-0.650296783447266
20170308154942347,-2.94674453735352
20170308154942348,0.555147552490234
20170308154942349,-0.848661041259766
20170308154942350,-2.80941543579102
20170308154942351,0.517000579833984
20170308154942352,-0.871549224853516
20170308154942353,-2.82467422485352
20170308154942354,0.509371185302734
20170308154942355,-0.902066802978516
20170308154942356,-2.74075088500977
20170308154942357,0.539888763427734
20170308154942358,-0.955472564697266
20170308154942359,-2.77889785766602
20170308154942360,0.806917572021484
20170308154942361,-0.863919830322266
20170308154942362,-2.80178604125977
20170308154942363,0.875582122802734
20170308154942364,-1.10043106079102
20170308154942365,-2.76363906860352
20170308154942366,0.845064544677734
20170308154942367,-1.11568984985352
20170308154942368,-2.64156875610352
20170308154942369,0.806917572021484
20170308154942370,-1.32168350219727
20170308154942371,-2.58053359985352
20170308154942372,0.890840911865234
20170308154942373,-1.38271865844727
20170308154942374,-2.47372207641602
20170308154942375,0.700106048583984
20170308154942376,-1.43612442016602
20170308154942377,-2.55001602172852
20170308154942378,0.730623626708984
20170308154942379,-1.47427139282227
20170308154942380,-2.55001602172852
20170308154942381,0.806917572021484
20170308154942382,-1.50478897094727
20170308154942383,-2.61105117797852
20170308154942384,0.768770599365234
20170308154942385,-1.55819473266602
20170308154942386,-2.48135147094727
20170308154942387,0.684847259521484
20170308154942388,-1.58871231079102
20170308154942389,-2.31350479125977
20170308154942390,0.776399993896484
20170308154942391,-1.93203506469727
20170308154942392,-2.25246963500977
20170308154942393,0.730623626708984
20170308154942394,-1.78707656860352
20170308154942395,-2.19906387329102
20170308154942396,0.768770599365234
20170308154942397,-1.97018203735352
20170308154942398,-2.02358779907227
20170308154942399,0.700106048583984
20170308154942400,-1.98544082641602
20170308154942401,-2.09225234985352
20170308154942402,0.722994232177734
20170308154942403,-2.07699356079102
20170308154942404,-1.93203506469727
20170308154942405,0.700106048583984
20170308154942406,-2.09988174438477
20170308154942407,-1.99307022094727
20170308154942408,0.730623626708984
20170308154942409,-2.13802871704102
20170308154942410,-2.13039932250977
20170308154942411,0.677217864990234
20170308154942412,-1.99307022094727
20170308154942413,-2.02358779907227
20170308154942414,0.753511810302734
20170308154942415,-2.17617568969727
20170308154942416,-1.84811172485352
20170308154942417,0.646700286865234
20170308154942418,-2.18380508422852
20170308154942419,-1.79470596313477
20170308154942420,0.684847259521484
20170308154942421,-2.35165176391602
20170308154942422,-1.65737686157227
20170308154942423,0.600923919677734
20170308154942424,-2.41268692016602
20170308154942425,-1.67263565063477
20170308154942426,0.837435150146484
20170308154942427,-2.51949844360352
20170308154942428,-1.56582412719727
20170308154942429,0.562776947021484
20170308154942430,-2.41268692016602
20170308154942431,-1.56582412719727
20170308154942432,0.646700286865234
20170308154942433,-2.57290420532227
20170308154942434,-1.48953018188477
20170308154942435,0.631441497802734
20170308154942436,-2.49661026000977
20170308154942437,-1.44375381469727
20170308154942438,0.829805755615234
20170308154942439,-2.51186904907227
20170308154942440,-1.42086563110352
20170308154942441,0.677217864990234
20170308154942442,-2.69497451782227
20170308154942443,-1.32931289672852
20170308154942444,0.585665130615234
20170308154942445,-2.90096817016602
20170308154942446,-1.26827774047852
20170308154942447,0.623812103271484
20170308154942448,-2.75600967407227
20170308154942449,-1.48190078735352
20170308154942450,0.585665130615234
20170308154942451,-2.79415664672852
20170308154942452,-1.23776016235352
20170308154942453,0.661959075927734
20170308154942454,-2.81704483032227
20170308154942455,-1.26064834594727
20170308154942456,0.562776947021484
20170308154942457,-2.83230361938477
20170308154942458,-1.23013076782227
20170308154942459,0.578035736083984
20170308154942460,-2.77126846313477
20170308154942461,-1.37508926391602
20170308154942462,0.600923919677734
20170308154942463,-2.80178604125977
20170308154942464,-1.32168350219727
20170308154942465,0.578035736083984
20170308154942466,-2.87045059204102
20170308154942467,-1.00124893188477
20170308154942468,0.471224212646484
20170308154942469,-3.04592666625977
20170308154942470,-0.932584381103516
20170308154942471,0.372042083740234
20170308154942472,-2.93911514282227
20170308154942473,-0.978360748291016
20170308154942474,0.585665130615234
20170308154942475,-2.93148574829102
20170308154942476,-0.825772857666016
20170308154942477,0.471224212646484
20170308154942478,-2.96200332641602
20170308154942479,-0.764737701416016
20170308154942480,0.349153900146484
20170308154942481,-2.93148574829102
20170308154942482,-0.818143463134766
20170308154942483,0.433077239990234
20170308154942484,-2.87807998657227
20170308154942485,-0.520597076416016
20170308154942486,0.341524505615234
20170308154942487,-2.95437393188477
20170308154942488,-0.421414947509766
20170308154942489,-0.0017982482910156
20170308154942490,-2.98489151000977
20170308154942491,-0.184903717041016
20170308154942492,-0.291715240478516
20170308154942493,-2.86282119750977
20170308154942494,0.234712982177734
20170308154942495,-0.512967681884766
20170308154942496,-2.91622695922852
20170308154942497,0.188936614990234
20170308154942498,-0.574002838134766
20170308154942499,-2.93911514282227
20170308154942500,0.280489349365234
20170308154942501,-0.589261627197266
20170308154942502,-2.83230361938477
20170308154942503,0.600923919677734
20170308154942504,-0.528226470947266
20170308154942505,-2.80178604125977
20170308154942506,0.379671478271484
20170308154942507,-0.543485260009766
20170308154942508,-2.92385635375977
20170308154942509,0.593294525146484
20170308154942510,-0.894437408447266
20170308154942511,-2.87045059204102
20170308154942512,0.478853607177734
20170308154942513,-0.993619537353516
20170308154942514,-2.90859756469727
20170308154942515,0.776399993896484
20170308154942516,-1.13094863891602
20170308154942517,-2.83230361938477
20170308154942518,0.585665130615234
20170308154942519,-0.917325592041016
20170308154942520,-2.75600967407227
20170308154942521,0.875582122802734
20170308154942522,-1.20724258422852
20170308154942523,-2.55001602172852
20170308154942524,0.791658782958984
20170308154942525,-1.17672500610352
20170308154942526,-2.60342178344727
20170308154942527,0.715364837646484
20170308154942528,-1.23013076782227
20170308154942529,-2.64919815063477
20170308154942530,0.852693939208984
20170308154942531,-1.34457168579102
20170308154942532,-2.65682754516602
20170308154942533,0.852693939208984
20170308154942534,-1.44375381469727
20170308154942535,-2.47372207641602
20170308154942536,0.814546966552734
20170308154942537,-1.66500625610352
20170308154942538,-2.42794570922852
20170308154942539,0.677217864990234
20170308154942540,-1.62685928344727
20170308154942541,-2.48898086547852
20170308154942542,0.738253021240234
20170308154942543,-1.76418838500977
20170308154942544,-2.21432266235352
20170308154942545,0.791658782958984
20170308154942546,-1.83285293579102
20170308154942547,-2.26772842407227
20170308154942548,0.776399993896484
20170308154942549,-1.87099990844727
20170308154942550,-2.28298721313477
20170308154942551,0.661959075927734
20170308154942552,-1.72604141235352
20170308154942553,-2.34402236938477
20170308154942554,0.768770599365234
20170308154942555,-1.89388809204102
20170308154942556,-2.15328750610352
20170308154942557,0.799288177490234
20170308154942558,-1.82522354125977
20170308154942559,-2.17617568969727
20170308154942560,0.784029388427734
20170308154942561,-1.80996475219727
20170308154942562,-2.27535781860352
20170308154942563,0.715364837646484
20170308154942564,-1.71841201782227
20170308154942565,-2.36691055297852
20170308154942566,0.829805755615234
20170308154942567,-1.71841201782227
20170308154942568,-2.35928115844727
20170308154942569,0.722994232177734
20170308154942570,-1.58108291625977
20170308154942571,-2.26009902954102
20170308154942572,0.852693939208984
20170308154942573,-1.75655899047852
20170308154942574,-2.42794570922852
20170308154942575,0.768770599365234
20170308154942576,-1.71078262329102
20170308154942577,-2.42794570922852
20170308154942578,0.898470306396484
20170308154942579,-1.65737686157227
20170308154942580,-2.37453994750977
20170308154942581,0.959505462646484
20170308154942582,-1.59634170532227
20170308154942583,-2.30587539672852
20170308154942584,0.669588470458984
20170308154942585,-1.59634170532227
20170308154942586,-2.38216934204102
20170308154942587,0.745882415771484
20170308154942588,-1.55819473266602
20170308154942589,-2.38979873657227
20170308154942590,0.692476654052734
20170308154942591,-1.59634170532227
20170308154942592,-2.52712783813477
20170308154942593,0.654329681396484
20170308154942594,-1.72604141235352
20170308154942595,-2.38216934204102
20170308154942596,0.608553314208984
20170308154942597,-1.61160049438477
20170308154942598,-2.42794570922852
20170308154942599,1.00528182983398
20170308154942600,-1.74892959594727
20170308154942601,-2.30587539672852
20170308154942602,0.631441497802734
20170308154942603,-1.77944717407227
20170308154942604,-2.20669326782227
20170308154942605,0.646700286865234
20170308154942606,-1.87862930297852
20170308154942607,-1.96255264282227
20170308154942608,0.600923919677734
20170308154942609,-1.97781143188477
20170308154942610,-2.06936416625977
20170308154942611,0.684847259521484
20170308154942612,-2.09988174438477
20170308154942613,-2.03884658813477
20170308154942614,0.654329681396484
20170308154942615,-2.19906387329102
20170308154942616,-2.07699356079102
20170308154942617,0.677217864990234
20170308154942618,-2.02358779907227
20170308154942619,-1.98544082641602
20170308154942620,0.791658782958984
20170308154942621,-2.16854629516602
20170308154942622,-1.86337051391602
20170308154942623,0.722994232177734
20170308154942624,-2.30587539672852
20170308154942625,-1.81759414672852
20170308154942626,0.677217864990234
20170308154942627,-2.22195205688477
20170308154942628,-1.84811172485352
20170308154942629,0.684847259521484
20170308154942630,-2.19143447875977
20170308154942631,-1.80233535766602
20170308154942632,0.639070892333984
20170308154942633,-2.18380508422852
20170308154942634,-1.84048233032227
20170308154942635,0.692476654052734
20170308154942636,-2.35928115844727
20170308154942637,-1.71078262329102
20170308154942638,0.715364837646484
20170308154942639,-2.47372207641602
20170308154942640,-1.64211807250977
20170308154942641,0.745882415771484
20170308154942642,-2.45083389282227
20170308154942643,-1.47427139282227
20170308154942644,0.814546966552734
20170308154942645,-2.49661026000977
20170308154942646,-1.43612442016602
20170308154942647,0.722994232177734
20170308154942648,-2.71786270141602
20170308154942649,-1.29879531860352
20170308154942650,0.707735443115234
20170308154942651,-2.93148574829102
20170308154942652,-1.07754287719727
20170308154942653,0.478853607177734
20170308154942654,-2.99252090454102
20170308154942655,-0.932584381103516
20170308154942656,0.455965423583984
20170308154942657,-2.95437393188477
20170308154942658,-0.749478912353516
20170308154942659,0.318636322021484
20170308154942660,-2.96963272094727
20170308154942661,-0.642667388916016
20170308154942662,0.227083587646484
20170308154942663,-2.91622695922852
20170308154942664,-0.512967681884766
20170308154942665,0.0973838806152344
20170308154942666,-3.00015029907227
20170308154942667,-0.0399452209472656
20170308154942668,-0.390897369384766
20170308154942669,-2.90859756469727
20170308154942670,0.311006927490234
20170308154942671,-0.589261627197266
20170308154942672,-2.89333877563477
20170308154942673,0.372042083740234
20170308154942674,-0.795255279541016
20170308154942675,-2.88570938110352
20170308154942676,0.623812103271484
20170308154942677,-0.940213775634766
20170308154942678,-2.80178604125977
20170308154942679,0.654329681396484
20170308154942680,-0.993619537353516
20170308154942681,-2.76363906860352
20170308154942682,0.684847259521484
20170308154942683,-1.10806045532227
20170308154942684,-2.68734512329102
20170308154942685,0.753511810302734
20170308154942686,-1.10806045532227
20170308154942687,-2.64156875610352
20170308154942688,0.829805755615234
20170308154942689,-0.978360748291016
20170308154942690,-2.65682754516602
20170308154942691,0.944246673583984
20170308154942692,-1.29116592407227
20170308154942693,-2.53475723266602
20170308154942694,0.715364837646484
20170308154942695,-1.24538955688477
20170308154942696,-2.59579238891602
20170308154942697,0.768770599365234
20170308154942698,-1.37508926391602
20170308154942699,-2.50423965454102
20170308154942700,0.906099700927734
20170308154942701,-1.38271865844727
20170308154942702,-2.53475723266602
20170308154942703,0.791658782958984
20170308154942704,-1.42086563110352
20170308154942705,-2.58816299438477
20170308154942706,0.860323333740234
20170308154942707,-1.55056533813477
20170308154942708,-2.55764541625977
20170308154942709,0.684847259521484
20170308154942710,-1.44375381469727
20170308154942711,-2.47372207641602
20170308154942712,0.700106048583984
20170308154942713,-1.48190078735352
20170308154942714,-2.58816299438477
20170308154942715,0.722994232177734
20170308154942716,-1.44375381469727
20170308154942717,-2.59579238891602
20170308154942718,0.829805755615234
20170308154942719,-1.46664199829102
20170308154942720,-2.48898086547852
20170308154942721,0.700106048583984
20170308154942722,-1.62685928344727
20170308154942723,-2.45083389282227
20170308154942724,0.906099700927734
20170308154942725,-1.66500625610352
20170308154942726,-2.34402236938477
20170308154942727,0.730623626708984
20170308154942728,-1.78707656860352
20170308154942729,-2.23721084594727
20170308154942730,0.585665130615234
20170308154942731,-1.79470596313477
20170308154942732,-2.23721084594727
20170308154942733,0.845064544677734
20170308154942734,-1.84048233032227
20170308154942735,-2.13039932250977
20170308154942736,0.738253021240234
20170308154942737,-1.99307022094727
20170308154942738,-2.06173477172852
20170308154942739,0.974764251708984
20170308154942740,-2.08462295532227
20170308154942741,-1.90151748657227
20170308154942742,0.753511810302734
20170308154942743,-2.26772842407227
20170308154942744,-1.73367080688477
20170308154942745,0.661959075927734
20170308154942746,-2.32876358032227
20170308154942747,-1.85574111938477
20170308154942748,0.600923919677734
20170308154942749,-2.13802871704102
20170308154942750,-1.94729385375977
20170308154942751,0.654329681396484
20170308154942752,-2.13802871704102
20170308154942753,-1.97018203735352
20170308154942754,0.616182708740234
20170308154942755,-2.13039932250977
20170308154942756,-1.94729385375977
20170308154942757,0.616182708740234
20170308154942758,-2.13039932250977
20170308154942759,-2.03121719360352
20170308154942760,0.822176361083984
20170308154942761,-2.13039932250977
20170308154942762,-1.77181777954102
20170308154942763,0.639070892333984
20170308154942764,-2.26772842407227
20170308154942765,-1.80996475219727
20170308154942766,0.661959075927734
20170308154942767,-2.37453994750977
20170308154942768,-1.74130020141602
20170308154942769,0.661959075927734
20170308154942770,-2.22195205688477
20170308154942771,-1.90151748657227
20170308154942772,0.448336029052734
20170308154942773,-2.01595840454102
20170308154942774,-2.18380508422852
20170308154942775,0.616182708740234
20170308154942776,-1.74892959594727
20170308154942777,-2.31350479125977
20170308154942778,0.639070892333984
20170308154942779,-1.55819473266602
20170308154942780,-2.45083389282227
20170308154942781,0.639070892333984
20170308154942782,-1.51241836547852
20170308154942783,-2.53475723266602
20170308154942784,0.761141204833984
20170308154942785,-1.54293594360352
20170308154942786,-2.47372207641602
20170308154942787,0.738253021240234
20170308154942788,-1.43612442016602
20170308154942789,-2.55764541625977
20170308154942790,0.860323333740234
20170308154942791,-1.58871231079102
20170308154942792,-2.52712783813477
20170308154942793,0.791658782958984
20170308154942794,-1.55056533813477
20170308154942795,-2.50423965454102
20170308154942796,0.860323333740234
20170308154942797,-1.52004776000977
20170308154942798,-2.51949844360352
20170308154942799,0.799288177490234
20170308154942800,-1.58108291625977
20170308154942801,-2.48898086547852
20170308154942802,0.715364837646484
20170308154942803,-1.46664199829102
20170308154942804,-2.51186904907227
20170308154942805,0.967134857177734
20170308154942806,-1.52004776000977
20170308154942807,-2.49661026000977
20170308154942808,0.928987884521484
20170308154942809,-1.64974746704102
20170308154942810,-2.38216934204102
20170308154942811,0.646700286865234
20170308154942812,-1.79470596313477
20170308154942813,-2.33639297485352
20170308154942814,0.829805755615234
20170308154942815,-1.74892959594727
20170308154942816,-2.22958145141602
20170308154942817,0.684847259521484
20170308154942818,-1.86337051391602
20170308154942819,-2.02358779907227
20170308154942820,0.730623626708984
20170308154942821,-2.07699356079102
20170308154942822,-1.90914688110352
20170308154942823,0.722994232177734
20170308154942824,-2.39742813110352
20170308154942825,-1.51241836547852
20170308154942826,0.707735443115234
20170308154942827,-2.80178604125977
20170308154942828,-1.14620742797852
20170308154942829,0.639070892333984
20170308154942830,-2.92385635375977
20170308154942831,-1.06991348266602
20170308154942832,0.532259368896484
20170308154942833,-2.96963272094727
20170308154942834,-0.833402252197266
20170308154942835,0.517000579833984
20170308154942836,-2.97726211547852
20170308154942837,-0.627408599853516
20170308154942838,0.448336029052734
20170308154942839,-2.97726211547852
20170308154942840,-0.421414947509766
20170308154942841,0.0668663024902344
20170308154942842,-2.96963272094727
20170308154942843,-0.261197662353516
20170308154942844,-0.177274322509766
20170308154942845,-2.99252090454102
20170308154942846,-0.0017982482910156
20170308154942847,-0.337491607666016
20170308154942848,-2.94674453735352
20170308154942849,0.333895111083984
20170308154942850,-0.451932525634766
20170308154942851,-2.83230361938477
20170308154942852,0.372042083740234
20170308154942853,-0.718961334228516
20170308154942854,-2.83230361938477
20170308154942855,0.600923919677734
20170308154942856,-0.940213775634766
20170308154942857,-2.81704483032227
20170308154942858,0.791658782958984
20170308154942859,-1.19198379516602
20170308154942860,-2.74838027954102
20170308154942861,0.898470306396484
20170308154942862,-1.34457168579102
20170308154942863,-2.58816299438477
20170308154942864,0.822176361083984
20170308154942865,-1.55819473266602
20170308154942866,-2.34402236938477
20170308154942867,0.730623626708984
20170308154942868,-1.76418838500977
20170308154942869,-2.29061660766602
20170308154942870,0.860323333740234
20170308154942871,-1.92440567016602
20170308154942872,-2.11514053344727
20170308154942873,0.776399993896484
20170308154942874,-2.07699356079102
20170308154942875,-2.01595840454102
20170308154942876,0.654329681396484
20170308154942877,-2.00069961547852
20170308154942878,-2.16854629516602
20170308154942879,0.654329681396484
20170308154942880,-1.90914688110352
20170308154942881,-2.25246963500977
20170308154942882,0.616182708740234
20170308154942883,-1.89388809204102
20170308154942884,-2.12276992797852
20170308154942885,0.570406341552734
20170308154942886,-1.88625869750977
20170308154942887,-2.12276992797852
20170308154942888,0.700106048583984
20170308154942889,-1.93966445922852
20170308154942890,-2.04647598266602
20170308154942891,0.784029388427734
20170308154942892,-2.03121719360352
20170308154942893,-1.94729385375977
20170308154942894,0.661959075927734
20170308154942895,-2.06936416625977
20170308154942896,-1.96255264282227
20170308154942897,0.578035736083984
20170308154942898,-2.17617568969727
20170308154942899,-1.95492324829102
20170308154942900,0.692476654052734
20170308154942901,-2.21432266235352
20170308154942902,-1.88625869750977
20170308154942903,0.700106048583984
20170308154942904,-2.10751113891602
20170308154942905,-2.02358779907227
20170308154942906,0.684847259521484
20170308154942907,-2.03884658813477
20170308154942908,-2.08462295532227
20170308154942909,0.852693939208984
20170308154942910,-2.26009902954102
20170308154942911,-1.49715957641602
20170308154942912,0.616182708740234
20170308154942913,-2.33639297485352
20170308154942914,-1.85574111938477
20170308154942915,0.593294525146484
20170308154942916,-2.22958145141602
20170308154942917,-1.80996475219727
20170308154942918,0.814546966552734
20170308154942919,-2.30587539672852
20170308154942920,-1.69552383422852
20170308154942921,0.837435150146484
20170308154942922,-2.43557510375977
20170308154942923,-1.53530654907227
20170308154942924,0.646700286865234
20170308154942925,-2.73312149047852
20170308154942926,-1.45138320922852
20170308154942927,0.570406341552734
20170308154942928,-2.76363906860352
20170308154942929,-1.33694229125977
20170308154942930,0.684847259521484
20170308154942931,-2.72549209594727
20170308154942932,-1.32168350219727
20170308154942933,0.501741790771484
20170308154942934,-2.77889785766602
20170308154942935,-1.26064834594727
20170308154942936,0.570406341552734
20170308154942937,-2.92385635375977
20170308154942938,-1.12331924438477
20170308154942939,0.524629974365234
20170308154942940,-2.93148574829102
20170308154942941,-0.932584381103516
20170308154942942,0.585665130615234
20170308154942943,-2.96963272094727
20170308154942944,-0.779996490478516
20170308154942945,0.402559661865234
20170308154942946,-2.96200332641602
20170308154942947,-0.657926177978516
20170308154942948,0.311006927490234
20170308154942949,-2.93148574829102
20170308154942950,-0.772367095947266
20170308154942951,0.356783294677734
20170308154942952,-2.90096817016602
20170308154942953,-0.482450103759766
20170308154942954,0.288118743896484
20170308154942955,-2.93148574829102
20170308154942956,-0.696073150634766
20170308154942957,0.265230560302734
20170308154942958,-2.99252090454102
20170308154942959,-0.551114654541016
20170308154942960,0.181307220458984
20170308154942961,-3.04592666625977
20170308154942962,-0.261197662353516
20170308154942963,-0.0704627990722656
20170308154942964,-3.00015029907227
20170308154942965,-0.162015533447266
20170308154942966,-0.291715240478516
20170308154942967,-2.97726211547852
20170308154942968,0.0668663024902344
20170308154942969,-0.505338287353516
20170308154942970,-2.90859756469727
20170308154942971,0.471224212646484
20170308154942972,-0.841031646728516
20170308154942973,-2.87807998657227
20170308154942974,0.753511810302734
20170308154942975,-1.00124893188477
20170308154942976,-2.82467422485352
20170308154942977,0.730623626708984
20170308154942978,-1.05465469360352
20170308154942979,-2.88570938110352
20170308154942980,0.776399993896484
20170308154942981,-1.20724258422852
20170308154942982,-2.71023330688477
20170308154942983,0.822176361083984
20170308154942984,-1.39797744750977
20170308154942985,-2.48135147094727
20170308154942986,0.883211517333984
20170308154942987,-1.89388809204102
20170308154942988,-2.35165176391602
20170308154942989,0.684847259521484
20170308154942990,-1.87862930297852
20170308154942991,-2.35165176391602
20170308154942992,0.661959075927734
20170308154942993,-1.67263565063477
20170308154942994,-2.39742813110352
20170308154942995,0.776399993896484
20170308154942996,-1.86337051391602
20170308154942997,-2.16854629516602
20170308154942998,0.799288177490234
20170308154942999,-2.10751113891602
20170308154943000,-1.92440567016602
20170308154943001,0.700106048583984
20170308154943002,-2.11514053344727
20170308154943003,-1.90151748657227
20170308154943004,0.799288177490234
20170308154943005,-2.23721084594727
20170308154943006,-1.81759414672852
20170308154943007,0.753511810302734
20170308154943008,-2.30587539672852
20170308154943009,-1.74892959594727
20170308154943010,0.677217864990234
20170308154943011,-2.48135147094727
20170308154943012,-1.55819473266602
20170308154943013,0.539888763427734
20170308154943014,-2.56527481079102
20170308154943015,-1.51241836547852
20170308154943016,0.646700286865234
20170308154943017,-2.51949844360352
20170308154943018,-1.50478897094727
20170308154943019,0.623812103271484
20170308154943020,-2.50423965454102
20170308154943021,-1.59634170532227
20170308154943022,0.623812103271484
20170308154943023,-2.51949844360352
20170308154943024,-1.49715957641602
20170308154943025,0.799288177490234
20170308154943026,-2.64919815063477
20170308154943027,-1.36745986938477
20170308154943028,0.639070892333984
20170308154943029,-2.90859756469727
20170308154943030,-1.15383682250977
20170308154943031,0.585665130615234
20170308154943032,-2.87045059204102
20170308154943033,-1.12331924438477
20170308154943034,0.532259368896484
20170308154943035,-2.80941543579102
20170308154943036,-1.17672500610352
20170308154943037,0.524629974365234
20170308154943038,-2.90096817016602
20170308154943039,-1.04702529907227
20170308154943040,0.425447845458984
20170308154943041,-2.98489151000977
20170308154943042,-1.20724258422852
20170308154943043,0.494112396240234
20170308154943044,-2.92385635375977
20170308154943045,-1.17672500610352
20170308154943046,0.509371185302734
20170308154943047,-2.82467422485352
20170308154943048,-1.17672500610352
20170308154943049,0.547518157958984
20170308154943050,-2.94674453735352
20170308154943051,-0.932584381103516
20170308154943052,0.417818450927734
20170308154943053,-2.95437393188477
20170308154943054,-0.924954986572266
20170308154943055,0.471224212646484
20170308154943056,-2.93911514282227
20170308154943057,-0.940213775634766
20170308154943058,0.463594818115234
20170308154943059,-3.04592666625977
20170308154943060,-0.818143463134766
20170308154943061,0.295748138427734
20170308154943062,-2.93148574829102
20170308154943063,-0.871549224853516
20170308154943064,0.433077239990234
20170308154943065,-2.98489151000977
20170308154943066,-0.970731353759766
20170308154943067,0.394930267333984
20170308154943068,-2.88570938110352
20170308154943069,-1.00124893188477
20170308154943070,0.486483001708984
20170308154943071,-2.98489151000977
20170308154943072,-0.993619537353516
20170308154943073,0.509371185302734
20170308154943074,-2.97726211547852
20170308154943075,-0.955472564697266
20170308154943076,0.524629974365234
20170308154943077,-2.93911514282227
20170308154943078,-1.01650772094727
20170308154943079,0.532259368896484
20170308154943080,-2.94674453735352
20170308154943081,-0.902066802978516
20170308154943082,0.349153900146484
20170308154943083,-2.97726211547852
20170308154943084,-1.06228408813477
20170308154943085,0.379671478271484
20170308154943086,-2.93148574829102
20170308154943087,-1.05465469360352
20170308154943088,0.478853607177734
20170308154943089,-2.78652725219727
20170308154943090,-1.30642471313477
20170308154943091,0.593294525146484
20170308154943092,-2.75600967407227
20170308154943093,-1.39034805297852
20170308154943094,0.585665130615234
20170308154943095,-2.74838027954102
20170308154943096,-1.23013076782227
20170308154943097,0.448336029052734
20170308154943098,-2.76363906860352
20170308154943099,-1.22250137329102
20170308154943100,0.593294525146484
20170308154943101,-2.97726211547852
20170308154943102,-1.19198379516602
20170308154943103,0.486483001708984
20170308154943104,-2.94674453735352
20170308154943105,-1.07754287719727
20170308154943106,0.616182708740234
20170308154943107,-2.95437393188477
20170308154943108,-0.947843170166016
20170308154943109,0.455965423583984
20170308154943110,-2.93911514282227
20170308154943111,-0.673184967041016
20170308154943112,0.272859954833984
20170308154943113,-2.97726211547852
20170308154943114,-0.619779205322266
20170308154943115,0.249971771240234
20170308154943116,-3.00777969360352
20170308154943117,-0.459561920166016
20170308154943118,0.196566009521484
20170308154943119,-2.97726211547852
20170308154943120,-0.406156158447266
20170308154943121,0.0821250915527344
20170308154943122,-2.93148574829102
20170308154943123,-0.429044342041016
20170308154943124,-0.0628334045410156
20170308154943125,-2.98489151000977
20170308154943126,-0.329862213134766
20170308154943127,-0.131497955322266
20170308154943128,-2.96200332641602
20170308154943129,-0.0475746154785156
20170308154943130,-0.276456451416016
20170308154943131,-2.96200332641602
20170308154943132,-0.238309478759766
20170308154943133,-0.169644927978516
20170308154943134,-2.98489151000977
20170308154943135,-0.0399452209472656
20170308154943136,-0.123868560791016
20170308154943137,-2.90859756469727
20170308154943138,0.135530853271484
20170308154943139,-0.375638580322266
20170308154943140,-2.90096817016602
20170308154943141,0.112642669677734
20170308154943142,-0.474820709228516
20170308154943143,-2.87045059204102
20170308154943144,0.433077239990234
20170308154943145,-0.673184967041016
20170308154943146,-2.79415664672852
20170308154943147,0.402559661865234
20170308154943148,-0.688443756103516
20170308154943149,-2.86282119750977
20170308154943150,0.669588470458984
20170308154943151,-0.932584381103516
20170308154943152,-2.80941543579102
20170308154943153,0.883211517333984
20170308154943154,-1.19961318969727
20170308154943155,-2.61868057250977
20170308154943156,0.852693939208984
20170308154943157,-1.52004776000977
20170308154943158,-2.55001602172852
20170308154943159,0.722994232177734
20170308154943160,-1.46664199829102
20170308154943161,-2.62630996704102
20170308154943162,0.936617279052734
20170308154943163,-1.53530654907227
20170308154943164,-2.55001602172852
20170308154943165,0.654329681396484
20170308154943166,-1.48190078735352
20170308154943167,-2.39742813110352
20170308154943168,0.654329681396484
20170308154943169,-1.64211807250977
20170308154943170,-2.42031631469727
20170308154943171,0.814546966552734
20170308154943172,-1.64974746704102
20170308154943173,-2.36691055297852
20170308154943174,0.715364837646484
20170308154943175,-1.93966445922852
20170308154943176,-2.04647598266602
20170308154943177,0.867952728271484
20170308154943178,-2.10751113891602
20170308154943179,-1.95492324829102
20170308154943180,0.799288177490234
20170308154943181,-2.26009902954102
20170308154943182,-1.86337051391602
20170308154943183,0.700106048583984
20170308154943184,-2.35165176391602
20170308154943185,-1.64974746704102
20170308154943186,0.677217864990234
20170308154943187,-2.65682754516602
20170308154943188,-1.55819473266602
20170308154943189,0.768770599365234
20170308154943190,-2.85519180297852
20170308154943191,-1.25301895141602
20170308154943192,0.639070892333984
20170308154943193,-2.88570938110352
20170308154943194,-1.06991348266602
20170308154943195,0.455965423583984
20170308154943196,-2.86282119750977
20170308154943197,-1.06991348266602
20170308154943198,0.646700286865234
20170308154943199,-2.87807998657227
20170308154943200,-1.12331924438477
20170308154943201,0.440706634521484
20170308154943202,-2.88570938110352
20170308154943203,-1.24538955688477
20170308154943204,0.539888763427734
20170308154943205,-2.90859756469727
20170308154943206,-1.16909561157227
20170308154943207,0.387300872802734
20170308154943208,-2.90859756469727
20170308154943209,-1.12331924438477
20170308154943210,0.478853607177734
20170308154943211,-2.83993301391602
20170308154943212,-0.902066802978516
20170308154943213,0.486483001708984
20170308154943214,-3.05355606079102
20170308154943215,-1.07754287719727
20170308154943216,0.517000579833984
20170308154943217,-2.97726211547852
20170308154943218,-1.06228408813477
20170308154943219,0.318636322021484
20170308154943220,-2.80941543579102
20170308154943221,-1.26827774047852
20170308154943222,0.570406341552734
20170308154943223,-2.83993301391602
20170308154943224,-1.24538955688477
20170308154943225,0.745882415771484
20170308154943226,-2.81704483032227
20170308154943227,-1.33694229125977
20170308154943228,0.684847259521484
20170308154943229,-2.77889785766602
20170308154943230,-1.29879531860352
20170308154943231,0.501741790771484
20170308154943232,-2.75600967407227
20170308154943233,-1.33694229125977
20170308154943234,0.608553314208984
20170308154943235,-2.96963272094727
20170308154943236,-1.23013076782227
20170308154943237,0.433077239990234
20170308154943238,-2.83993301391602
20170308154943239,-1.16909561157227
20170308154943240,0.700106048583984
20170308154943241,-2.87045059204102
20170308154943242,-1.12331924438477
20170308154943243,0.631441497802734
20170308154943244,-2.90096817016602
20170308154943245,-0.970731353759766
20170308154943246,0.402559661865234
20170308154943247,-3.00015029907227
20170308154943248,-0.909696197509766
20170308154943249,0.608553314208984
20170308154943250,-2.98489151000977
20170308154943251,-1.02413711547852
20170308154943252,0.356783294677734
20170308154943253,-2.94674453735352
20170308154943254,-0.963101959228516
20170308154943255,0.585665130615234
20170308154943256,-2.99252090454102
20170308154943257,-0.985990142822266
20170308154943258,0.379671478271484
20170308154943259,-2.98489151000977
20170308154943260,-1.11568984985352
20170308154943261,0.639070892333984
20170308154943262,-2.94674453735352
20170308154943263,-1.08517227172852
20170308154943264,0.425447845458984
20170308154943265,-2.89333877563477
20170308154943266,-1.10043106079102
20170308154943267,0.539888763427734
20170308154943268,-2.98489151000977
20170308154943269,-1.09280166625977
20170308154943270,0.463594818115234
20170308154943271,-2.91622695922852
20170308154943272,-1.10806045532227
20170308154943273,0.639070892333984
20170308154943274,-2.93911514282227
20170308154943275,-0.924954986572266
20170308154943276,0.326265716552734
20170308154943277,-2.95437393188477
20170308154943278,-1.03939590454102
20170308154943279,0.425447845458984
20170308154943280,-2.94674453735352
20170308154943281,-1.14620742797852
20170308154943282,0.417818450927734
20170308154943283,-2.95437393188477
20170308154943284,-1.06228408813477
20170308154943285,0.379671478271484
20170308154943286,-2.97726211547852
20170308154943287,-1.03176651000977
20170308154943288,0.448336029052734
20170308154943289,-3.03829727172852
20170308154943290,-0.856290435791016
20170308154943291,0.349153900146484
20170308154943292,-3.00777969360352
20170308154943293,-0.879178619384766
20170308154943294,0.463594818115234
20170308154943295,-2.97726211547852
20170308154943296,-0.825772857666016
20170308154943297,0.257601165771484
20170308154943298,-3.02303848266602
20170308154943299,-0.734220123291016
20170308154943300,0.219454193115234
20170308154943301,-2.99252090454102
20170308154943302,-0.680814361572266
20170308154943303,0.234712982177734
20170308154943304,-2.93148574829102
20170308154943305,-0.749478912353516
20170308154943306,0.326265716552734
20170308154943307,-2.84756240844727
20170308154943308,-0.924954986572266
20170308154943309,0.417818450927734
20170308154943310,-2.93911514282227
20170308154943311,-1.13857803344727
20170308154943312,0.471224212646484
20170308154943313,-3.00015029907227
20170308154943314,-1.11568984985352
20170308154943315,0.593294525146484
20170308154943316,-2.91622695922852
20170308154943317,-0.947843170166016
20170308154943318,0.585665130615234
20170308154943319,-2.98489151000977
20170308154943320,-1.06991348266602
20170308154943321,0.394930267333984
20170308154943322,-2.92385635375977
20170308154943323,-1.09280166625977
20170308154943324,0.455965423583984
20170308154943325,-2.91622695922852
20170308154943326,-1.17672500610352
20170308154943327,0.517000579833984
20170308154943328,-2.96963272094727
20170308154943329,-1.03939590454102
20170308154943330,0.562776947021484
20170308154943331,-2.99252090454102
20170308154943332,-1.06991348266602
20170308154943333,0.486483001708984
20170308154943334,-3.05355606079102
20170308154943335,-0.940213775634766
20170308154943336,0.387300872802734
20170308154943337,-2.91622695922852
20170308154943338,-0.917325592041016
20170308154943339,0.379671478271484
20170308154943340,-3.04592666625977
20170308154943341,-0.703702545166016
20170308154943342,0.303377532958984
20170308154943343,-2.96963272094727
20170308154943344,-0.398526763916016
20170308154943345,0.0973838806152344
20170308154943346,-3.00015029907227
20170308154943347,-0.245938873291016
20170308154943348,-0.162015533447266
20170308154943349,-3.00015029907227
20170308154943350,-0.184903717041016
20170308154943351,-0.0475746154785156
20170308154943352,-3.02303848266602
20170308154943353,0.0744956970214844
20170308154943354,-0.421414947509766
20170308154943355,-2.87045059204102
20170308154943356,0.379671478271484
20170308154943357,-0.467191314697266
20170308154943358,-2.83230361938477
20170308154943359,0.394930267333984
20170308154943360,-0.703702545166016
20170308154943361,-2.85519180297852
20170308154943362,0.822176361083984
20170308154943363,-1.07754287719727
20170308154943364,-2.75600967407227
20170308154943365,0.776399993896484
20170308154943366,-1.09280166625977
20170308154943367,-2.79415664672852
20170308154943368,0.837435150146484
20170308154943369,-1.12331924438477
20170308154943370,-2.67971572875977
20170308154943371,0.776399993896484
20170308154943372,-1.42086563110352
20170308154943373,-2.57290420532227
20170308154943374,0.684847259521484
20170308154943375,-1.47427139282227
20170308154943376,-2.58053359985352
20170308154943377,0.753511810302734
20170308154943378,-1.47427139282227
20170308154943379,-2.45083389282227
20170308154943380,0.700106048583984
20170308154943381,-1.80996475219727
20170308154943382,-2.19906387329102
20170308154943383,0.806917572021484
20170308154943384,-1.97018203735352
20170308154943385,-2.12276992797852
20170308154943386,0.845064544677734
20170308154943387,-2.09225234985352
20170308154943388,-1.88625869750977
20170308154943389,0.761141204833984
20170308154943390,-2.11514053344727
20170308154943391,-1.85574111938477
20170308154943392,0.784029388427734
20170308154943393,-2.27535781860352
20170308154943394,-1.83285293579102
20170308154943395,0.791658782958984
20170308154943396,-2.26772842407227
20170308154943397,-1.72604141235352
20170308154943398,0.867952728271484
20170308154943399,-2.49661026000977
20170308154943400,-1.50478897094727
20170308154943401,0.661959075927734
20170308154943402,-2.47372207641602
20170308154943403,-1.52004776000977
20170308154943404,0.875582122802734
20170308154943405,-2.42794570922852
20170308154943406,-1.47427139282227
20170308154943407,0.631441497802734
20170308154943408,-2.58053359985352
20170308154943409,-1.45901260375977
20170308154943410,0.707735443115234
20170308154943411,-2.65682754516602
20170308154943412,-1.42849502563477
20170308154943413,0.570406341552734
20170308154943414,-2.74838027954102
20170308154943415,-1.34457168579102
20170308154943416,0.738253021240234
20170308154943417,-2.87807998657227
20170308154943418,-1.19961318969727
20170308154943419,0.486483001708984
20170308154943420,-2.92385635375977
20170308154943421,-1.16909561157227
20170308154943422,0.547518157958984
20170308154943423,-2.94674453735352
20170308154943424,-1.13094863891602
20170308154943425,0.639070892333984
20170308154943426,-3.05355606079102
20170308154943427,-1.01650772094727
20170308154943428,0.417818450927734
20170308154943429,-2.82467422485352
20170308154943430,-1.26064834594727
20170308154943431,0.509371185302734
20170308154943432,-2.96200332641602
20170308154943433,-1.00124893188477
20170308154943434,0.654329681396484
20170308154943435,-2.88570938110352
20170308154943436,-0.970731353759766
20170308154943437,0.532259368896484
20170308154943438,-2.90096817016602
20170308154943439,-0.787625885009766
20170308154943440,0.372042083740234
20170308154943441,-2.98489151000977
20170308154943442,-0.772367095947266
20170308154943443,0.341524505615234
20170308154943444,-2.96200332641602
20170308154943445,-0.619779205322266
20170308154943446,0.349153900146484
20170308154943447,-2.92385635375977
20170308154943448,-0.886808013916016
20170308154943449,0.311006927490234
20170308154943450,-2.90859756469727
20170308154943451,-1.03176651000977
20170308154943452,0.463594818115234
20170308154943453,-2.95437393188477
20170308154943454,-0.902066802978516
20170308154943455,0.532259368896484
20170308154943456,-2.94674453735352
20170308154943457,-0.856290435791016
20170308154943458,0.539888763427734
20170308154943459,-2.95437393188477
20170308154943460,-0.665555572509766
20170308154943461,0.387300872802734
20170308154943462,-2.99252090454102
20170308154943463,-0.764737701416016
20170308154943464,0.372042083740234
20170308154943465,-3.00015029907227
20170308154943466,-0.650296783447266
20170308154943467,0.303377532958984
20170308154943468,-3.00777969360352
20170308154943469,-0.505338287353516
20170308154943470,0.211824798583984
20170308154943471,-2.94674453735352
20170308154943472,-0.566373443603516
20170308154943473,0.372042083740234
20170308154943474,-2.94674453735352
20170308154943475,-0.612149810791016
20170308154943476,0.173677825927734
20170308154943477,-2.91622695922852
20170308154943478,-0.474820709228516
20170308154943479,0.0821250915527344
20170308154943480,-2.97726211547852
20170308154943481,-0.490079498291016
20170308154943482,0.127901458740234
20170308154943483,-2.88570938110352
20170308154943484,-0.474820709228516
20170308154943485,0.0897544860839844
20170308154943486,-2.92385635375977
20170308154943487,-0.375638580322266
20170308154943488,-0.0780921936035156
20170308154943489,-2.92385635375977
20170308154943490,-0.0780921936035156
20170308154943491,-0.154386138916016
20170308154943492,-2.95437393188477
20170308154943493,0.173677825927734
20170308154943494,-0.406156158447266
20170308154943495,-2.89333877563477
20170308154943496,-0.0780921936035156
20170308154943497,-0.406156158447266
20170308154943498,-2.89333877563477
20170308154943499,0.166048431396484
20170308154943500,-0.497708892822266
20170308154943501,-2.87045059204102
20170308154943502,0.410189056396484
20170308154943503,-0.688443756103516
20170308154943504,-2.95437393188477
20170308154943505,0.745882415771484
20170308154943506,-0.978360748291016
20170308154943507,-2.81704483032227
20170308154943508,0.753511810302734
20170308154943509,-0.757108306884766
20170308154943510,-2.78652725219727
20170308154943511,0.913729095458984
20170308154943512,-1.11568984985352
20170308154943513,-2.68734512329102
20170308154943514,0.829805755615234
20170308154943515,-1.23776016235352
20170308154943516,-2.62630996704102
20170308154943517,0.822176361083984
20170308154943518,-1.42849502563477
20170308154943519,-2.50423965454102
20170308154943520,0.799288177490234
20170308154943521,-1.50478897094727
20170308154943522,-2.41268692016602
20170308154943523,0.738253021240234
20170308154943524,-1.73367080688477
20170308154943525,-2.33639297485352
20170308154943526,0.761141204833984
20170308154943527,-2.08462295532227
20170308154943528,-2.00832901000977
20170308154943529,0.822176361083984
20170308154943530,-2.26009902954102
20170308154943531,-2.00832901000977
20170308154943532,0.791658782958984
20170308154943533,-2.21432266235352
20170308154943534,-1.93203506469727
20170308154943535,0.722994232177734
20170308154943536,-2.23721084594727
20170308154943537,-1.84048233032227
20170308154943538,0.585665130615234
20170308154943539,-2.19906387329102
20170308154943540,-1.67263565063477
20170308154943541,0.814546966552734
20170308154943542,-2.77889785766602
20170308154943543,-1.42849502563477
20170308154943544,0.562776947021484
20170308154943545,-2.70260391235352
20170308154943546,-1.39034805297852
20170308154943547,0.608553314208984
20170308154943548,-2.95437393188477
20170308154943549,-1.15383682250977
20170308154943550,0.593294525146484
20170308154943551,-3.04592666625977
20170308154943552,-0.993619537353516
20170308154943553,0.501741790771484
20170308154943554,-3.01540908813477
20170308154943555,-0.963101959228516
20170308154943556,0.639070892333984
20170308154943557,-3.00015029907227
20170308154943558,-0.955472564697266
20170308154943559,0.463594818115234
20170308154943560,-2.98489151000977
20170308154943561,-0.924954986572266
20170308154943562,0.471224212646484
20170308154943563,-2.90859756469727
20170308154943564,-1.02413711547852
20170308154943565,0.555147552490234
20170308154943566,-2.96200332641602
20170308154943567,-0.886808013916016
20170308154943568,0.425447845458984
20170308154943569,-2.97726211547852
20170308154943570,-0.871549224853516
20170308154943571,0.341524505615234
20170308154943572,-2.90859756469727
20170308154943573,-0.848661041259766
20170308154943574,0.532259368896484
20170308154943575,-2.89333877563477
20170308154943576,-1.04702529907227
20170308154943577,0.661959075927734
20170308154943578,-2.87045059204102
20170308154943579,-0.970731353759766
20170308154943580,0.440706634521484
20170308154943581,-2.98489151000977
20170308154943582,-0.810514068603516
20170308154943583,0.364412689208984
20170308154943584,-2.93911514282227
20170308154943585,-0.879178619384766
20170308154943586,0.417818450927734
20170308154943587,-2.92385635375977
20170308154943588,-0.902066802978516
20170308154943589,0.433077239990234
20170308154943590,-3.00015029907227
20170308154943591,-0.924954986572266
20170308154943592,0.333895111083984
20170308154943593,-2.96963272094727
20170308154943594,-0.940213775634766
20170308154943595,0.440706634521484
20170308154943596,-2.95437393188477
20170308154943597,-0.749478912353516
20170308154943598,0.555147552490234
20170308154943599,-2.90096817016602
20170308154943600,-0.657926177978516
20170308154943601,0.341524505615234
20170308154943602,-2.93911514282227
20170308154943603,-0.772367095947266
20170308154943604,0.326265716552734
20170308154943605,-2.93148574829102
20170308154943606,-0.779996490478516
20170308154943607,0.356783294677734
20170308154943608,-2.93148574829102
20170308154943609,-0.848661041259766
20170308154943610,0.425447845458984
20170308154943611,-2.90859756469727
20170308154943612,-0.932584381103516
20170308154943613,0.608553314208984
20170308154943614,-2.96200332641602
20170308154943615,-1.10043106079102
20170308154943616,0.417818450927734
20170308154943617,-2.84756240844727
20170308154943618,-1.13094863891602
20170308154943619,0.517000579833984
20170308154943620,-2.82467422485352
20170308154943621,-1.16146621704102
20170308154943622,0.494112396240234
20170308154943623,-2.74075088500977
20170308154943624,-1.38271865844727
20170308154943625,0.791658782958984
20170308154943626,-2.72549209594727
20170308154943627,-1.38271865844727
20170308154943628,0.570406341552734
20170308154943629,-2.77126846313477
20170308154943630,-1.37508926391602
20170308154943631,0.722994232177734
20170308154943632,-2.85519180297852
20170308154943633,-1.23013076782227
20170308154943634,0.646700286865234
20170308154943635,-2.90859756469727
20170308154943636,-1.19198379516602
20170308154943637,0.455965423583984
20170308154943638,-2.95437393188477
20170308154943639,-1.09280166625977
20170308154943640,0.532259368896484
20170308154943641,-2.92385635375977
20170308154943642,-0.970731353759766
20170308154943643,0.578035736083984
20170308154943644,-3.03066787719727
20170308154943645,-0.673184967041016
20170308154943646,0.349153900146484
20170308154943647,-2.90096817016602
20170308154943648,-0.558744049072266
20170308154943649,0.349153900146484
20170308154943650,-2.95437393188477
20170308154943651,-0.650296783447266
20170308154943652,0.272859954833984
20170308154943653,-2.92385635375977
20170308154943654,-0.451932525634766
20170308154943655,0.150789642333984
20170308154943656,-2.96963272094727
20170308154943657,-0.398526763916016
20170308154943658,0.0516075134277344
20170308154943659,-2.91622695922852
20170308154943660,-0.108609771728516
20170308154943661,-0.116239166259766
20170308154943662,-2.93148574829102
20170308154943663,-0.177274322509766
20170308154943664,-0.123868560791016
20170308154943665,-2.94674453735352
20170308154943666,0.0134605407714844
20170308154943667,-0.291715240478516
20170308154943668,-2.96963272094727
20170308154943669,0.326265716552734
20170308154943670,-0.535855865478516
20170308154943671,-2.89333877563477
20170308154943672,0.455965423583984
20170308154943673,-0.764737701416016
20170308154943674,-2.86282119750977
20170308154943675,0.455965423583984
20170308154943676,-0.772367095947266
20170308154943677,-2.89333877563477
20170308154943678,0.631441497802734
20170308154943679,-0.932584381103516
20170308154943680,-2.83993301391602
20170308154943681,0.677217864990234
20170308154943682,-0.795255279541016
20170308154943683,-2.78652725219727
20170308154943684,0.814546966552734
20170308154943685,-1.03176651000977
20170308154943686,-2.71023330688477
20170308154943687,0.928987884521484
20170308154943688,-1.40560684204102
20170308154943689,-2.52712783813477
20170308154943690,0.959505462646484
20170308154943691,-1.61160049438477
20170308154943692,-2.45846328735352
20170308154943693,0.768770599365234
20170308154943694,-1.78707656860352
20170308154943695,-2.27535781860352
20170308154943696,0.684847259521484
20170308154943697,-1.84811172485352
20170308154943698,-2.19906387329102
20170308154943699,0.639070892333984
20170308154943700,-2.06936416625977
20170308154943701,-2.06173477172852
20170308154943702,0.661959075927734
20170308154943703,-2.19143447875977
20170308154943704,-1.89388809204102
20170308154943705,0.753511810302734
20170308154943706,-2.30587539672852
20170308154943707,-1.80233535766602
20170308154943708,0.913729095458984
20170308154943709,-2.24484024047852
20170308154943710,-1.72604141235352
20170308154943711,0.684847259521484
20170308154943712,-2.32876358032227
20170308154943713,-1.73367080688477
20170308154943714,0.776399993896484
20170308154943715,-2.36691055297852
20170308154943716,-1.67263565063477
20170308154943717,0.753511810302734
20170308154943718,-2.49661026000977
20170308154943719,-1.49715957641602
20170308154943720,0.707735443115234
20170308154943721,-2.74075088500977
20170308154943722,-1.22250137329102
20170308154943723,0.654329681396484
20170308154943724,-2.64919815063477
20170308154943725,-1.36745986938477
20170308154943726,0.852693939208984
20170308154943727,-2.61868057250977
20170308154943728,-1.29116592407227
20170308154943729,0.639070892333984
20170308154943730,-2.75600967407227
20170308154943731,-1.29879531860352
20170308154943732,0.661959075927734
20170308154943733,-2.80941543579102
20170308154943734,-1.28353652954102
20170308154943735,0.730623626708984
20170308154943736,-2.93148574829102
20170308154943737,-1.14620742797852
20170308154943738,0.738253021240234
20170308154943739,-2.86282119750977
20170308154943740,-1.15383682250977
20170308154943741,0.539888763427734
20170308154943742,-3.03066787719727
20170308154943743,-1.06228408813477
20170308154943744,0.394930267333984
20170308154943745,-2.93911514282227
20170308154943746,-0.863919830322266
20170308154943747,0.433077239990234
20170308154943748,-3.02303848266602
20170308154943749,-0.932584381103516
20170308154943750,0.402559661865234
20170308154943751,-3.08407363891602
20170308154943752,-0.665555572509766
20170308154943753,0.547518157958984
20170308154943754,-2.99252090454102
20170308154943755,-0.711331939697266
20170308154943756,0.288118743896484
20170308154943757,-2.90859756469727
20170308154943758,-0.772367095947266
20170308154943759,0.166048431396484
20170308154943760,-2.96963272094727
20170308154943761,-0.764737701416016
20170308154943762,0.387300872802734
20170308154943763,-2.96963272094727
20170308154943764,-0.726590728759766
20170308154943765,0.593294525146484
20170308154943766,-2.93911514282227
20170308154943767,-0.863919830322266
20170308154943768,0.433077239990234
20170308154943769,-2.92385635375977
20170308154943770,-0.764737701416016
20170308154943771,0.364412689208984
20170308154943772,-2.94674453735352
20170308154943773,-0.596891021728516
20170308154943774,0.494112396240234
20170308154943775,-3.00777969360352
20170308154943776,-0.535855865478516
20170308154943777,0.196566009521484
20170308154943778,-2.92385635375977
20170308154943779,-0.467191314697266
20170308154943780,0.181307220458984
20170308154943781,-2.93148574829102
20170308154943782,-0.589261627197266
20170308154943783,0.372042083740234
20170308154943784,-2.94674453735352
20170308154943785,-0.734220123291016
20170308154943786,0.326265716552734
20170308154943787,-2.93911514282227
20170308154943788,-0.741849517822266
20170308154943789,0.356783294677734
20170308154943790,-2.91622695922852
20170308154943791,-0.543485260009766
20170308154943792,0.257601165771484
20170308154943793,-2.98489151000977
20170308154943794,-0.581632232666016
20170308154943795,0.227083587646484
20170308154943796,-2.97726211547852
20170308154943797,-0.566373443603516
20170308154943798,0.326265716552734
20170308154943799,-2.89333877563477
20170308154943800,-0.558744049072266
20170308154943801,0.242342376708984
20170308154943802,-2.95437393188477
20170308154943803,-0.459561920166016
20170308154943804,0.188936614990234
20170308154943805,-2.96200332641602
20170308154943806,-0.406156158447266
20170308154943807,0.0439781188964844
20170308154943808,-2.93911514282227
20170308154943809,-0.451932525634766
20170308154943810,0.204195404052734
20170308154943811,-2.92385635375977
20170308154943812,-0.306974029541016
20170308154943813,0.127901458740234
20170308154943814,-2.99252090454102
20170308154943815,-0.337491607666016
20170308154943816,0.0516075134277344
20170308154943817,-2.90096817016602
20170308154943818,-0.131497955322266
20170308154943819,-0.162015533447266
20170308154943820,-2.90859756469727
20170308154943821,-0.0017982482910156
20170308154943822,-0.398526763916016
20170308154943823,-2.83230361938477
20170308154943824,0.349153900146484
20170308154943825,-0.635037994384766
20170308154943826,-2.93148574829102
20170308154943827,0.471224212646484
20170308154943828,-0.772367095947266
20170308154943829,-2.90096817016602
20170308154943830,0.623812103271484
20170308154943831,-0.749478912353516
20170308154943832,-2.84756240844727
20170308154943833,0.684847259521484
20170308154943834,-1.16146621704102
20170308154943835,-2.69497451782227
20170308154943836,0.730623626708984
20170308154943837,-1.36745986938477
20170308154943838,-2.64919815063477
20170308154943839,0.883211517333984
20170308154943840,-1.58871231079102
20170308154943841,-2.48898086547852
20170308154943842,0.730623626708984
20170308154943843,-1.42849502563477
20170308154943844,-2.47372207641602
20170308154943845,0.776399993896484
20170308154943846,-1.64974746704102
20170308154943847,-2.38979873657227
20170308154943848,0.837435150146484
20170308154943849,-1.64974746704102
20170308154943850,-2.34402236938477
20170308154943851,0.761141204833984
20170308154943852,-1.85574111938477
20170308154943853,-2.21432266235352
20170308154943854,0.661959075927734
20170308154943855,-1.80996475219727
20170308154943856,-2.29824600219727
20170308154943857,0.761141204833984
20170308154943858,-1.93203506469727
20170308154943859,-2.13039932250977
20170308154943860,0.692476654052734
20170308154943861,-2.00069961547852
20170308154943862,-1.99307022094727
20170308154943863,0.707735443115234
20170308154943864,-2.13802871704102
20170308154943865,-1.77181777954102
20170308154943866,0.730623626708984
20170308154943867,-2.43557510375977
20170308154943868,-1.52004776000977
20170308154943869,0.761141204833984
20170308154943870,-2.51949844360352
20170308154943871,-1.62685928344727
20170308154943872,0.722994232177734
20170308154943873,-2.27535781860352
20170308154943874,-1.78707656860352
20170308154943875,0.677217864990234
20170308154943876,-2.18380508422852
20170308154943877,-1.81759414672852
20170308154943878,0.799288177490234
20170308154943879,-2.31350479125977
20170308154943880,-1.62685928344727
20170308154943881,0.722994232177734
20170308154943882,-2.68734512329102
20170308154943883,-1.43612442016602
20170308154943884,0.768770599365234
20170308154943885,-2.90096817016602
20170308154943886,-1.21487197875977
20170308154943887,0.661959075927734
20170308154943888,-2.86282119750977
20170308154943889,-1.16909561157227
20170308154943890,0.608553314208984
20170308154943891,-2.77889785766602
20170308154943892,-1.19198379516602
20170308154943893,0.524629974365234
20170308154943894,-2.64919815063477
20170308154943895,-1.45901260375977
20170308154943896,0.646700286865234
20170308154943897,-2.72549209594727
20170308154943898,-1.34457168579102
20170308154943899,0.700106048583984
20170308154943900,-2.75600967407227
20170308154943901,-1.28353652954102
20170308154943902,0.761141204833984
20170308154943903,-2.76363906860352
20170308154943904,-1.02413711547852
20170308154943905,0.585665130615234
20170308154943906,-2.88570938110352
20170308154943907,-1.06991348266602
20170308154943908,0.707735443115234
20170308154943909,-2.95437393188477
20170308154943910,-0.985990142822266
20170308154943911,0.478853607177734
20170308154943912,-2.93911514282227
20170308154943913,-0.871549224853516
20170308154943914,0.478853607177734
20170308154943915,-3.00015029907227
20170308154943916,-0.566373443603516
20170308154943917,0.288118743896484
20170308154943918,-2.92385635375977
20170308154943919,-0.657926177978516
20170308154943920,0.272859954833984
20170308154943921,-2.91622695922852
20170308154943922,-0.627408599853516
20170308154943923,0.379671478271484
20170308154943924,-2.96963272094727
20170308154943925,-0.718961334228516
20170308154943926,0.288118743896484
20170308154943927,-2.96963272094727
20170308154943928,-0.329862213134766
20170308154943929,0.127901458740234
20170308154943930,-2.90859756469727
20170308154943931,-0.352750396728516
20170308154943932,0.120272064208984
20170308154943933,-2.89333877563477
20170308154943934,-0.421414947509766
20170308154943935,0.181307220458984
20170308154943936,-2.98489151000977
20170308154943937,-0.444303131103516
20170308154943938,0.0516075134277344
20170308154943939,-2.90096817016602
20170308154943940,-0.0246864318847656
20170308154943941,-0.131497955322266
20170308154943942,-2.85519180297852
20170308154943943,0.196566009521484
20170308154943944,-0.131497955322266
20170308154943945,-2.85519180297852
20170308154943946,0.166048431396484
20170308154943947,-0.413785552978516
20170308154943948,-2.82467422485352
20170308154943949,0.364412689208984
20170308154943950,-0.467191314697266
20170308154943951,-2.81704483032227
20170308154943952,0.478853607177734
20170308154943953,-0.680814361572266
20170308154943954,-2.80178604125977
20170308154943955,0.463594818115234
20170308154943956,-0.688443756103516
20170308154943957,-2.86282119750977
20170308154943958,0.623812103271484
20170308154943959,-0.779996490478516
20170308154943960,-2.89333877563477
20170308154943961,0.562776947021484
20170308154943962,-0.917325592041016
20170308154943963,-2.77126846313477
20170308154943964,0.677217864990234
20170308154943965,-0.886808013916016
20170308154943966,-2.73312149047852
20170308154943967,0.661959075927734
20170308154943968,-0.947843170166016
20170308154943969,-2.76363906860352
20170308154943970,0.814546966552734
20170308154943971,-1.10043106079102
20170308154943972,-2.66445693969727
20170308154943973,0.913729095458984
20170308154943974,-1.35983047485352
20170308154943975,-2.45846328735352
20170308154943976,0.768770599365234
20170308154943977,-1.62685928344727
20170308154943978,-2.38216934204102
20170308154943979,0.722994232177734
20170308154943980,-1.74892959594727
20170308154943981,-2.28298721313477
20170308154943982,0.753511810302734
20170308154943983,-1.93966445922852
20170308154943984,-2.32876358032227
20170308154943985,0.692476654052734
20170308154943986,-1.94729385375977
20170308154943987,-2.25246963500977
20170308154943988,0.860323333740234
20170308154943989,-2.08462295532227
20170308154943990,-1.89388809204102
20170308154943991,0.837435150146484
20170308154943992,-2.38979873657227
20170308154943993,-1.64974746704102
20170308154943994,0.661959075927734
20170308154943995,-2.49661026000977
20170308154943996,-1.47427139282227
20170308154943997,0.715364837646484
20170308154943998,-2.77126846313477
20170308154943999,-1.31405410766602
20170308154944000,0.631441497802734
20170308154944001,-2.97726211547852
20170308154944002,-1.16146621704102
20170308154944003,0.486483001708984
20170308154944004,-2.81704483032227
20170308154944005,-1.15383682250977
20170308154944006,0.616182708740234
20170308154944007,-2.85519180297852
20170308154944008,-1.12331924438477
20170308154944009,0.745882415771484
20170308154944010,-2.94674453735352
20170308154944011,-1.05465469360352
20170308154944012,0.555147552490234
20170308154944013,-2.89333877563477
20170308154944014,-0.772367095947266
20170308154944015,0.433077239990234
20170308154944016,-2.91622695922852
20170308154944017,-0.627408599853516
20170308154944018,0.295748138427734
20170308154944019,-2.95437393188477
20170308154944020,-0.444303131103516
20170308154944021,0.143160247802734
20170308154944022,-2.89333877563477
20170308154944023,-0.383267974853516
20170308154944024,0.242342376708984
20170308154944025,-2.87807998657227
20170308154944026,-0.230680084228516
20170308154944027,0.120272064208984
20170308154944028,-2.91622695922852
20170308154944029,-0.429044342041016
20170308154944030,0.181307220458984
20170308154944031,-2.88570938110352
20170308154944032,-0.406156158447266
20170308154944033,0.0897544860839844
20170308154944034,-2.87045059204102
20170308154944035,-0.406156158447266
20170308154944036,0.0668663024902344
20170308154944037,-2.84756240844727
20170308154944038,-0.383267974853516
20170308154944039,0.272859954833984
20170308154944040,-2.94674453735352
20170308154944041,-0.551114654541016
20170308154944042,0.135530853271484
20170308154944043,-2.94674453735352
20170308154944044,-0.337491607666016
20170308154944045,0.0439781188964844
20170308154944046,-2.96200332641602
20170308154944047,-0.474820709228516
20170308154944048,0.127901458740234
20170308154944049,-2.87045059204102
20170308154944050,-0.551114654541016
20170308154944051,0.204195404052734
20170308154944052,-2.80178604125977
20170308154944053,-0.635037994384766
20170308154944054,0.303377532958984
20170308154944055,-2.93911514282227
20170308154944056,-0.512967681884766
20170308154944057,0.196566009521484
20170308154944058,-2.86282119750977
20170308154944059,-0.306974029541016
20170308154944060,0.0058311462402344
20170308154944061,-2.98489151000977
20170308154944062,-0.337491607666016
20170308154944063,0.0210899353027344
20170308154944064,-2.93911514282227
20170308154944065,-0.390897369384766
20170308154944066,-0.0857215881347656
20170308154944067,-2.92385635375977
20170308154944068,-0.383267974853516
20170308154944069,0.0744956970214844
20170308154944070,-2.89333877563477
20170308154944071,-0.543485260009766
20170308154944072,0.105013275146484
20170308154944073,-2.93911514282227
20170308154944074,-0.429044342041016
20170308154944075,0.112642669677734
20170308154944076,-2.97726211547852
20170308154944077,-0.390897369384766
20170308154944078,-0.0017982482910156
20170308154944079,-2.91622695922852
20170308154944080,-0.0628334045410156
20170308154944081,-0.207791900634766
20170308154944082,-2.95437393188477
20170308154944083,0.272859954833984
20170308154944084,-0.459561920166016
20170308154944085,-2.89333877563477
20170308154944086,0.394930267333984
20170308154944087,-0.551114654541016
20170308154944088,-2.81704483032227
20170308154944089,0.433077239990234
20170308154944090,-0.604520416259766
20170308154944091,-2.83993301391602
20170308154944092,0.730623626708984
20170308154944093,-0.863919830322266
20170308154944094,-2.74838027954102
20170308154944095,0.867952728271484
20170308154944096,-0.970731353759766
20170308154944097,-2.72549209594727
20170308154944098,0.646700286865234
20170308154944099,-1.16146621704102
20170308154944100,-2.77889785766602
20170308154944101,0.921358489990234
20170308154944102,-0.978360748291016
20170308154944103,-2.69497451782227
20170308154944104,0.799288177490234
20170308154944105,-1.35983047485352
20170308154944106,-2.57290420532227
20170308154944107,0.814546966552734
20170308154944108,-1.70315322875977
20170308154944109,-2.26772842407227
20170308154944110,0.654329681396484
20170308154944111,-1.92440567016602
20170308154944112,-2.24484024047852
20170308154944113,0.707735443115234
20170308154944114,-1.90151748657227
20170308154944115,-2.19143447875977
20170308154944116,0.768770599365234
20170308154944117,-2.01595840454102
20170308154944118,-2.06173477172852
20170308154944119,0.646700286865234
20170308154944120,-2.16854629516602
20170308154944121,-1.80233535766602
20170308154944122,0.776399993896484
20170308154944123,-2.31350479125977
20170308154944124,-1.80996475219727
20170308154944125,0.654329681396484
20170308154944126,-2.42031631469727
20170308154944127,-1.63448867797852
20170308154944128,0.631441497802734
20170308154944129,-2.38979873657227
20170308154944130,-1.51241836547852
20170308154944131,0.700106048583984
20170308154944132,-2.57290420532227
20170308154944133,-1.42849502563477
20170308154944134,0.639070892333984
20170308154944135,-2.61105117797852
20170308154944136,-1.32931289672852
20170308154944137,0.791658782958984
20170308154944138,-2.78652725219727
20170308154944139,-1.17672500610352
20170308154944140,0.539888763427734
20170308154944141,-2.71023330688477
20170308154944142,-1.22250137329102
20170308154944143,0.806917572021484
20170308154944144,-2.87807998657227
20170308154944145,-1.19198379516602
20170308154944146,0.570406341552734
20170308154944147,-2.66445693969727
20170308154944148,-1.39797744750977
20170308154944149,0.692476654052734
20170308154944150,-2.71023330688477
20170308154944151,-1.16146621704102
20170308154944152,0.776399993896484
20170308154944153,-2.74838027954102
20170308154944154,-1.22250137329102
20170308154944155,0.623812103271484
20170308154944156,-2.85519180297852
20170308154944157,-1.12331924438477
20170308154944158,0.745882415771484
20170308154944159,-2.82467422485352
20170308154944160,-1.12331924438477
20170308154944161,0.486483001708984
20170308154944162,-2.86282119750977
20170308154944163,-0.856290435791016
20170308154944164,0.448336029052734
20170308154944165,-3.00777969360352
20170308154944166,-0.886808013916016
20170308154944167,0.394930267333984
20170308154944168,-2.93911514282227
20170308154944169,-0.787625885009766
20170308154944170,0.600923919677734
20170308154944171,-2.90096817016602
20170308154944172,-0.650296783447266
20170308154944173,0.356783294677734
20170308154944174,-2.91622695922852
20170308154944175,-0.680814361572266
20170308154944176,0.288118743896484
20170308154944177,-2.98489151000977
20170308154944178,-0.741849517822266
20170308154944179,0.463594818115234
20170308154944180,-2.90859756469727
20170308154944181,-0.673184967041016
20170308154944182,0.272859954833984
20170308154944183,-2.87045059204102
20170308154944184,-0.451932525634766
20170308154944185,0.135530853271484
20170308154944186,-2.92385635375977
20170308154944187,-0.406156158447266
20170308154944188,0.0516075134277344
20170308154944189,-2.95437393188477
20170308154944190,-0.421414947509766
20170308154944191,0.234712982177734
20170308154944192,-2.97726211547852
20170308154944193,-0.589261627197266
20170308154944194,0.234712982177734
20170308154944195,-2.87045059204102
20170308154944196,-0.291715240478516
20170308154944197,0.196566009521484
20170308154944198,-2.89333877563477
20170308154944199,-0.291715240478516
20170308154944200,-0.0246864318847656
20170308154944201,-2.92385635375977
20170308154944202,-0.322232818603516
20170308154944203,-0.0857215881347656
20170308154944204,-2.96963272094727
20170308154944205,-0.238309478759766
20170308154944206,0.0744956970214844
20170308154944207,-2.87807998657227
20170308154944208,-0.314603424072266
20170308154944209,-0.0246864318847656
20170308154944210,-2.96963272094727
20170308154944211,-0.184903717041016
20170308154944212,-0.154386138916016
20170308154944213,-3.00777969360352
20170308154944214,-0.413785552978516
20170308154944215,-0.0933509826660156
20170308154944216,-2.98489151000977
20170308154944217,-0.276456451416016
20170308154944218,-0.0552040100097656
20170308154944219,-2.81704483032227
20170308154944220,-0.329862213134766
20170308154944221,-0.0323158264160156
20170308154944222,-2.84756240844727
20170308154944223,-0.368009185791016
20170308154944224,-0.0399452209472656
20170308154944225,-2.88570938110352
20170308154944226,-0.123868560791016
20170308154944227,-0.268827056884766
20170308154944228,-2.83230361938477
20170308154944229,0.0821250915527344
20170308154944230,-0.375638580322266
20170308154944231,-2.88570938110352
20170308154944232,0.257601165771484
20170308154944233,-0.474820709228516
20170308154944234,-2.86282119750977
20170308154944235,0.181307220458984
20170308154944236,-0.535855865478516
20170308154944237,-2.86282119750977
20170308154944238,0.387300872802734
20170308154944239,-0.650296783447266
20170308154944240,-2.83230361938477
20170308154944241,0.684847259521484
20170308154944242,-0.665555572509766
20170308154944243,-2.85519180297852
20170308154944244,0.852693939208984
20170308154944245,-1.08517227172852
20170308154944246,-2.72549209594727
20170308154944247,0.860323333740234
20170308154944248,-1.31405410766602
20170308154944249,-2.71786270141602
20170308154944250,0.852693939208984
20170308154944251,-1.51241836547852
20170308154944252,-2.59579238891602
20170308154944253,0.730623626708984
20170308154944254,-1.61922988891602
20170308154944255,-2.37453994750977
20170308154944256,0.684847259521484
20170308154944257,-1.77181777954102
20170308154944258,-2.34402236938477
20170308154944259,0.761141204833984
20170308154944260,-1.77181777954102
20170308154944261,-2.38216934204102
20170308154944262,0.692476654052734
20170308154944263,-1.87099990844727
20170308154944264,-2.10751113891602
20170308154944265,0.692476654052734
20170308154944266,-2.01595840454102
20170308154944267,-2.04647598266602
20170308154944268,0.906099700927734
20170308154944269,-2.09988174438477
20170308154944270,-2.03884658813477
20170308154944271,0.745882415771484
20170308154944272,-2.22958145141602
20170308154944273,-1.71078262329102
20170308154944274,0.791658782958984
20170308154944275,-2.38979873657227
20170308154944276,-1.62685928344727
20170308154944277,0.776399993896484
20170308154944278,-2.47372207641602
20170308154944279,-1.72604141235352
20170308154944280,0.684847259521484
20170308154944281,-2.53475723266602
20170308154944282,-1.55819473266602
20170308154944283,0.570406341552734
20170308154944284,-2.51186904907227
20170308154944285,-1.49715957641602
20170308154944286,0.753511810302734
20170308154944287,-2.52712783813477
20170308154944288,-1.45138320922852
20170308154944289,0.692476654052734
20170308154944290,-2.77126846313477
20170308154944291,-1.31405410766602
20170308154944292,0.753511810302734
20170308154944293,-2.83230361938477
20170308154944294,-1.30642471313477
20170308154944295,0.486483001708984
20170308154944296,-2.80178604125977
20170308154944297,-1.26064834594727
20170308154944298,0.639070892333984
20170308154944299,-2.85519180297852
20170308154944300,-1.31405410766602
20170308154944301,0.471224212646484
20170308154944302,-2.81704483032227
20170308154944303,-1.22250137329102
20170308154944304,0.524629974365234
20170308154944305,-2.94674453735352
20170308154944306,-1.12331924438477
20170308154944307,0.547518157958984
20170308154944308,-2.96963272094727
20170308154944309,-1.00887832641602
20170308154944310,0.440706634521484
20170308154944311,-2.93911514282227
20170308154944312,-1.11568984985352
20170308154944313,0.631441497802734
20170308154944314,-2.96963272094727
20170308154944315,-0.856290435791016
20170308154944316,0.333895111083984
20170308154944317,-2.96963272094727
20170308154944318,-0.711331939697266
20170308154944319,0.333895111083984
20170308154944320,-2.93911514282227
20170308154944321,-0.650296783447266
20170308154944322,0.509371185302734
20170308154944323,-2.89333877563477
20170308154944324,-0.711331939697266
20170308154944325,0.288118743896484
20170308154944326,-3.02303848266602
20170308154944327,-0.619779205322266
20170308154944328,0.242342376708984
20170308154944329,-2.87045059204102
20170308154944330,-0.635037994384766
20170308154944331,0.173677825927734
20170308154944332,-3.03829727172852
20170308154944333,-0.299344635009766
20170308154944334,0.0592369079589844
20170308154944335,-2.95437393188477
20170308154944336,-0.169644927978516
20170308154944337,-0.154386138916016
20170308154944338,-3.00015029907227
20170308154944339,-0.291715240478516
20170308154944340,-0.162015533447266
20170308154944341,-3.00777969360352
20170308154944342,0.120272064208984
20170308154944343,-0.375638580322266
20170308154944344,-2.86282119750977
20170308154944345,0.143160247802734
20170308154944346,-0.413785552978516
20170308154944347,-2.84756240844727
20170308154944348,0.0592369079589844
20170308154944349,-0.238309478759766
20170308154944350,-2.85519180297852
20170308154944351,0.227083587646484
20170308154944352,-0.459561920166016
20170308154944353,-2.80178604125977
20170308154944354,0.318636322021484
20170308154944355,-0.368009185791016
20170308154944356,-2.80178604125977
20170308154944357,0.196566009521484
20170308154944358,-0.444303131103516
20170308154944359,-2.88570938110352
20170308154944360,-0.0628334045410156
20170308154944361,-0.169644927978516
20170308154944362,-2.90096817016602
20170308154944363,0.272859954833984
20170308154944364,-0.360379791259766
20170308154944365,-2.82467422485352
20170308154944366,0.417818450927734
20170308154944367,-0.650296783447266
20170308154944368,-2.84756240844727
20170308154944369,0.524629974365234
20170308154944370,-0.787625885009766
20170308154944371,-2.84756240844727
20170308154944372,0.394930267333984
20170308154944373,-0.749478912353516
20170308154944374,-2.90859756469727
20170308154944375,0.539888763427734
20170308154944376,-0.764737701416016
20170308154944377,-2.76363906860352
20170308154944378,0.532259368896484
20170308154944379,-0.802884674072266
20170308154944380,-2.81704483032227
20170308154944381,0.814546966552734
20170308154944382,-0.963101959228516
20170308154944383,-2.81704483032227
20170308154944384,0.715364837646484
20170308154944385,-0.947843170166016
20170308154944386,-2.77889785766602
20170308154944387,0.936617279052734
20170308154944388,-1.17672500610352
20170308154944389,-2.77126846313477
20170308154944390,0.845064544677734
20170308154944391,-1.39034805297852
20170308154944392,-2.42031631469727
20170308154944393,0.867952728271484
20170308154944394,-1.75655899047852
20170308154944395,-2.32876358032227
20170308154944396,0.776399993896484
20170308154944397,-1.97018203735352
20170308154944398,-2.17617568969727
20170308154944399,0.631441497802734
20170308154944400,-2.16091690063477
20170308154944401,-1.90151748657227
20170308154944402,0.707735443115234
20170308154944403,-2.35165176391602
20170308154944404,-1.73367080688477
20170308154944405,0.745882415771484
20170308154944406,-2.42794570922852
20170308154944407,-1.52767715454102
20170308154944408,0.738253021240234
20170308154944409,-2.74838027954102
20170308154944410,-1.39034805297852
20170308154944411,0.707735443115234
20170308154944412,-2.91622695922852
20170308154944413,-1.19198379516602
20170308154944414,0.730623626708984
20170308154944415,-2.95437393188477
20170308154944416,-1.12331924438477
20170308154944417,0.517000579833984
20170308154944418,-2.94674453735352
20170308154944419,-1.00887832641602
20170308154944420,0.448336029052734
20170308154944421,-2.91622695922852
20170308154944422,-1.06991348266602
20170308154944423,0.517000579833984
20170308154944424,-2.94674453735352
20170308154944425,-1.06991348266602
20170308154944426,0.448336029052734
20170308154944427,-2.86282119750977
20170308154944428,-1.16909561157227
20170308154944429,0.700106048583984
20170308154944430,-3.02303848266602
20170308154944431,-0.947843170166016
20170308154944432,0.372042083740234
20170308154944433,-3.01540908813477
20170308154944434,-0.810514068603516
20170308154944435,0.356783294677734
20170308154944436,-2.93911514282227
20170308154944437,-0.757108306884766
20170308154944438,0.387300872802734
20170308154944439,-2.91622695922852
20170308154944440,-0.696073150634766
20170308154944441,0.547518157958984
20170308154944442,-2.90096817016602
20170308154944443,-0.741849517822266
20170308154944444,0.318636322021484
20170308154944445,-2.90096817016602
20170308154944446,-0.596891021728516
20170308154944447,0.249971771240234
20170308154944448,-2.96963272094727
20170308154944449,-0.520597076416016
20170308154944450,0.181307220458984
20170308154944451,-2.98489151000977
20170308154944452,-0.436673736572266
20170308154944453,0.0210899353027344
20170308154944454,-2.86282119750977
20170308154944455,-0.482450103759766
20170308154944456,0.135530853271484
20170308154944457,-2.93911514282227
20170308154944458,-0.421414947509766
20170308154944459,0.135530853271484
20170308154944460,-2.93148574829102
20170308154944461,-0.459561920166016
20170308154944462,0.0592369079589844
20170308154944463,-2.88570938110352
20170308154944464,-0.459561920166016
20170308154944465,-0.0552040100097656
20170308154944466,-2.94674453735352
20170308154944467,-0.360379791259766
20170308154944468,0.0668663024902344
20170308154944469,-2.91622695922852
20170308154944470,-0.520597076416016
20170308154944471,0.105013275146484
20170308154944472,-2.96963272094727
20170308154944473,-0.558744049072266
20170308154944474,0.158419036865234
20170308154944475,-2.85519180297852
20170308154944476,-0.741849517822266
20170308154944477,0.311006927490234
20170308154944478,-2.87807998657227
20170308154944479,-0.551114654541016
20170308154944480,0.181307220458984
20170308154944481,-2.90859756469727
20170308154944482,-0.474820709228516
20170308154944483,0.0439781188964844
20170308154944484,-3.01540908813477
20170308154944485,-0.398526763916016
20170308154944486,0.0210899353027344
20170308154944487,-2.96963272094727
20170308154944488,-0.0857215881347656
20170308154944489,-0.360379791259766
20170308154944490,-2.89333877563477
20170308154944491,-0.0552040100097656
20170308154944492,-0.314603424072266
20170308154944493,-2.91622695922852
20170308154944494,0.211824798583984
20170308154944495,-0.215421295166016
20170308154944496,-2.88570938110352
20170308154944497,0.379671478271484
20170308154944498,-0.444303131103516
20170308154944499,-2.87045059204102
20170308154944500,0.684847259521484
20170308154944501,-0.894437408447266
20170308154944502,-2.81704483032227
20170308154944503,0.242342376708984
20170308154944504,-0.627408599853516
20170308154944505,-2.91622695922852
20170308154944506,0.425447845458984
20170308154944507,-0.497708892822266
20170308154944508,-2.83993301391602
20170308154944509,0.249971771240234
20170308154944510,-0.551114654541016
20170308154944511,-2.77889785766602
20170308154944512,0.455965423583984
20170308154944513,-0.535855865478516
20170308154944514,-2.77126846313477
20170308154944515,0.410189056396484
20170308154944516,-0.718961334228516
20170308154944517,-2.80178604125977
20170308154944518,0.486483001708984
20170308154944519,-0.497708892822266
20170308154944520,-2.84756240844727
20170308154944521,0.616182708740234
20170308154944522,-0.673184967041016
20170308154944523,-2.84756240844727
20170308154944524,0.593294525146484
20170308154944525,-0.886808013916016
20170308154944526,-2.81704483032227
20170308154944527,0.845064544677734
20170308154944528,-1.00124893188477
20170308154944529,-2.77889785766602
20170308154944530,0.860323333740234
20170308154944531,-1.12331924438477
20170308154944532,-2.69497451782227
20170308154944533,0.837435150146484
20170308154944534,-1.23776016235352
20170308154944535,-2.60342178344727
20170308154944536,0.883211517333984
20170308154944537,-1.50478897094727
20170308154944538,-2.47372207641602
20170308154944539,0.753511810302734
20170308154944540,-1.75655899047852
20170308154944541,-2.31350479125977
20170308154944542,0.707735443115234
20170308154944543,-1.89388809204102
20170308154944544,-2.16091690063477
20170308154944545,0.722994232177734
20170308154944546,-2.13039932250977
20170308154944547,-1.88625869750977
20170308154944548,0.669588470458984
20170308154944549,-2.35165176391602
20170308154944550,-1.69552383422852
20170308154944551,0.875582122802734
20170308154944552,-2.33639297485352
20170308154944553,-1.56582412719727
20170308154944554,0.883211517333984
20170308154944555,-2.51949844360352
20170308154944556,-1.56582412719727
20170308154944557,0.745882415771484
20170308154944558,-2.57290420532227
20170308154944559,-1.40560684204102
20170308154944560,0.608553314208984
20170308154944561,-2.75600967407227
20170308154944562,-1.28353652954102
20170308154944563,0.715364837646484
20170308154944564,-2.93148574829102
20170308154944565,-1.08517227172852
20170308154944566,0.570406341552734
20170308154944567,-2.93911514282227
20170308154944568,-0.825772857666016
20170308154944569,0.555147552490234
20170308154944570,-2.98489151000977
20170308154944571,-0.688443756103516
20170308154944572,0.402559661865234
20170308154944573,-2.91622695922852
20170308154944574,-0.680814361572266
20170308154944575,0.303377532958984
20170308154944576,-2.90096817016602
20170308154944577,-0.657926177978516
20170308154944578,0.295748138427734
20170308154944579,-3.01540908813477
20170308154944580,-0.291715240478516
20170308154944581,0.105013275146484
20170308154944582,-3.01540908813477
20170308154944583,-0.238309478759766
20170308154944584,-0.207791900634766
20170308154944585,-2.93911514282227
20170308154944586,0.0744956970214844
20170308154944587,-0.421414947509766
20170308154944588,-2.95437393188477
20170308154944589,0.181307220458984
20170308154944590,-0.474820709228516
20170308154944591,-2.88570938110352
20170308154944592,0.394930267333984
20170308154944593,-0.574002838134766
20170308154944594,-2.82467422485352
20170308154944595,0.326265716552734
20170308154944596,-0.673184967041016
20170308154944597,-2.91622695922852
20170308154944598,0.585665130615234
20170308154944599,-0.871549224853516
20170308154944600,-2.84756240844727
20170308154944601,0.425447845458984
20170308154944602,-0.612149810791016
20170308154944603,-2.82467422485352
20170308154944604,0.234712982177734
20170308154944605,-0.490079498291016
20170308154944606,-2.80941543579102
20170308154944607,0.181307220458984
20170308154944608,-0.444303131103516
20170308154944609,-2.84756240844727
20170308154944610,0.0973838806152344
20170308154944611,-0.390897369384766
20170308154944612,-2.94674453735352
20170308154944613,-0.139127349853516
20170308154944614,-0.306974029541016
20170308154944615,-2.94674453735352
20170308154944616,-0.0399452209472656
20170308154944617,-0.436673736572266
20170308154944618,-2.90859756469727
20170308154944619,-0.0704627990722656
20170308154944620,-0.352750396728516
20170308154944621,-3.02303848266602
20170308154944622,0.204195404052734
20170308154944623,-0.436673736572266
20170308154944624,-2.87807998657227
20170308154944625,0.295748138427734
20170308154944626,-0.535855865478516
20170308154944627,-2.84756240844727
20170308154944628,0.196566009521484
20170308154944629,-0.528226470947266
20170308154944630,-2.83230361938477
20170308154944631,0.234712982177734
20170308154944632,-0.345121002197266
20170308154944633,-2.86282119750977
20170308154944634,0.463594818115234
20170308154944635,-0.734220123291016
20170308154944636,-2.86282119750977
20170308154944637,0.356783294677734
20170308154944638,-0.657926177978516
20170308154944639,-2.86282119750977
20170308154944640,0.455965423583984
20170308154944641,-0.398526763916016
20170308154944642,-2.78652725219727
20170308154944643,0.280489349365234
20170308154944644,-0.627408599853516
20170308154944645,-2.88570938110352
20170308154944646,0.303377532958984
20170308154944647,-0.696073150634766
20170308154944648,-2.83993301391602
20170308154944649,0.532259368896484
20170308154944650,-0.772367095947266
20170308154944651,-2.84756240844727
20170308154944652,0.684847259521484
20170308154944653,-0.886808013916016
20170308154944654,-2.80941543579102
20170308154944655,0.646700286865234
20170308154944656,-0.947843170166016
20170308154944657,-2.77126846313477
20170308154944658,0.791658782958984
20170308154944659,-1.05465469360352
20170308154944660,-2.71786270141602
20170308154944661,0.745882415771484
20170308154944662,-1.22250137329102
20170308154944663,-2.70260391235352
20170308154944664,0.860323333740234
20170308154944665,-1.15383682250977
20170308154944666,-2.71786270141602
20170308154944667,0.913729095458984
20170308154944668,-1.46664199829102
20170308154944669,-2.48135147094727
20170308154944670,0.730623626708984
20170308154944671,-1.72604141235352
20170308154944672,-2.35928115844727
20170308154944673,0.898470306396484
20170308154944674,-1.90151748657227
20170308154944675,-2.06936416625977
20170308154944676,0.799288177490234
20170308154944677,-2.12276992797852
20170308154944678,-1.83285293579102
20170308154944679,0.692476654052734
20170308154944680,-2.38979873657227
20170308154944681,-1.50478897094727
20170308154944682,0.692476654052734
20170308154944683,-2.68734512329102
20170308154944684,-1.32931289672852
20170308154944685,0.600923919677734
20170308154944686,-2.91622695922852
20170308154944687,-1.14620742797852
20170308154944688,0.524629974365234
20170308154944689,-2.94674453735352
20170308154944690,-1.08517227172852
20170308154944691,0.593294525146484
20170308154944692,-3.04592666625977
20170308154944693,-1.15383682250977
20170308154944694,0.631441497802734
20170308154944695,-2.93148574829102
20170308154944696,-1.13094863891602
20170308154944697,0.669588470458984
20170308154944698,-2.91622695922852
20170308154944699,-0.978360748291016
20170308154944700,0.562776947021484
20170308154944701,-2.95437393188477
20170308154944702,-0.917325592041016
20170308154944703,0.349153900146484
20170308154944704,-2.96963272094727
20170308154944705,-0.940213775634766
20170308154944706,0.440706634521484
20170308154944707,-2.99252090454102
20170308154944708,-0.779996490478516
20170308154944709,0.394930267333984
20170308154944710,-3.02303848266602
20170308154944711,-0.566373443603516
20170308154944712,0.166048431396484
20170308154944713,-2.98489151000977
20170308154944714,-0.375638580322266
20170308154944715,-0.131497955322266
20170308154944716,-3.04592666625977
20170308154944717,-0.0094276428222656
20170308154944718,-0.154386138916016
20170308154944719,-2.96200332641602
20170308154944720,0.0897544860839844
20170308154944721,-0.352750396728516
20170308154944722,-2.92385635375977
20170308154944723,0.188936614990234
20170308154944724,-0.215421295166016
20170308154944725,-2.87807998657227
20170308154944726,-0.0399452209472656
20170308154944727,-0.291715240478516
20170308154944728,-2.90096817016602
20170308154944729,0.173677825927734
20170308154944730,-0.451932525634766
20170308154944731,-2.89333877563477
20170308154944732,0.204195404052734
20170308154944733,-0.551114654541016
20170308154944734,-2.87807998657227
20170308154944735,0.249971771240234
20170308154944736,-0.543485260009766
20170308154944737,-2.85519180297852
20170308154944738,0.517000579833984
20170308154944739,-0.711331939697266
20170308154944740,-2.83993301391602
20170308154944741,0.219454193115234
20170308154944742,-0.566373443603516
20170308154944743,-2.92385635375977
20170308154944744,0.509371185302734
20170308154944745,-0.902066802978516
20170308154944746,-2.83993301391602
20170308154944747,0.440706634521484
20170308154944748,-0.650296783447266
20170308154944749,-2.90096817016602
20170308154944750,0.478853607177734
20170308154944751,-0.825772857666016
20170308154944752,-2.81704483032227
20170308154944753,0.715364837646484
20170308154944754,-0.924954986572266
20170308154944755,-2.78652725219727
20170308154944756,0.776399993896484
20170308154944757,-1.05465469360352
20170308154944758,-2.84756240844727
20170308154944759,0.806917572021484
20170308154944760,-1.10043106079102
20170308154944761,-2.71023330688477
20170308154944762,0.875582122802734
20170308154944763,-1.16909561157227
20170308154944764,-2.73312149047852
20170308154944765,0.661959075927734
20170308154944766,-1.11568984985352
20170308154944767,-2.74838027954102
20170308154944768,0.646700286865234
20170308154944769,-1.07754287719727
20170308154944770,-2.71023330688477
20170308154944771,0.745882415771484
20170308154944772,-1.17672500610352
20170308154944773,-2.70260391235352
20170308154944774,0.776399993896484
20170308154944775,-1.16146621704102
20170308154944776,-2.65682754516602
20170308154944777,0.990023040771484
20170308154944778,-1.29879531860352
20170308154944779,-2.65682754516602
20170308154944780,0.829805755615234
20170308154944781,-1.41323623657227
20170308154944782,-2.64156875610352
20170308154944783,0.715364837646484
20170308154944784,-1.40560684204102
20170308154944785,-2.58816299438477
20170308154944786,0.745882415771484
20170308154944787,-1.42849502563477
20170308154944788,-2.55001602172852
20170308154944789,0.768770599365234
20170308154944790,-1.55819473266602
20170308154944791,-2.55001602172852
20170308154944792,0.677217864990234
20170308154944793,-1.47427139282227
20170308154944794,-2.56527481079102
20170308154944795,0.677217864990234
20170308154944796,-1.52767715454102
20170308154944797,-2.57290420532227
20170308154944798,0.692476654052734
20170308154944799,-1.68789443969727
20170308154944800,-2.45083389282227
20170308154944801,0.906099700927734
20170308154944802,-1.61922988891602
20170308154944803,-2.42794570922852
20170308154944804,0.814546966552734
20170308154944805,-1.95492324829102
20170308154944806,-2.10751113891602
20170308154944807,0.875582122802734
20170308154944808,-2.13039932250977
20170308154944809,-1.91677627563477
20170308154944810,0.722994232177734
20170308154944811,-2.25246963500977
20170308154944812,-1.80233535766602
20170308154944813,0.738253021240234
20170308154944814,-2.36691055297852
20170308154944815,-1.62685928344727
20170308154944816,0.867952728271484
20170308154944817,-2.52712783813477
20170308154944818,-1.55056533813477
20170308154944819,0.661959075927734
20170308154944820,-2.67208633422852
20170308154944821,-1.36745986938477
20170308154944822,0.677217864990234
20170308154944823,-2.92385635375977
20170308154944824,-0.902066802978516
20170308154944825,0.578035736083984
20170308154944826,-2.98489151000977
20170308154944827,-0.566373443603516
20170308154944828,0.211824798583984
20170308154944829,-3.00015029907227
20170308154944830,-0.352750396728516
20170308154944831,0.0439781188964844
20170308154944832,-3.03829727172852
20170308154944833,-0.0628334045410156
20170308154944834,-0.184903717041016
20170308154944835,-2.93911514282227
20170308154944836,0.204195404052734
20170308154944837,-0.512967681884766
20170308154944838,-2.87807998657227
20170308154944839,0.280489349365234
20170308154944840,-0.497708892822266
20170308154944841,-2.91622695922852
20170308154944842,0.188936614990234
20170308154944843,-0.467191314697266
20170308154944844,-2.92385635375977
20170308154944845,0.150789642333984
20170308154944846,-0.520597076416016
20170308154944847,-2.90859756469727
20170308154944848,0.463594818115234
20170308154944849,-0.673184967041016
20170308154944850,-2.90859756469727
20170308154944851,0.646700286865234
20170308154944852,-0.917325592041016
20170308154944853,-2.86282119750977
20170308154944854,0.898470306396484
20170308154944855,-1.17672500610352
20170308154944856,-2.63393936157227
20170308154944857,0.761141204833984
20170308154944858,-1.08517227172852
20170308154944859,-2.73312149047852
20170308154944860,0.898470306396484
20170308154944861,-1.40560684204102
20170308154944862,-2.62630996704102
20170308154944863,0.791658782958984
20170308154944864,-1.34457168579102
20170308154944865,-2.56527481079102
20170308154944866,0.967134857177734
20170308154944867,-1.56582412719727
20170308154944868,-2.42031631469727
20170308154944869,0.745882415771484
20170308154944870,-1.77181777954102
20170308154944871,-2.31350479125977
20170308154944872,0.692476654052734
20170308154944873,-1.64211807250977
20170308154944874,-2.32113418579102
20170308154944875,0.890840911865234
20170308154944876,-1.76418838500977
20170308154944877,-2.33639297485352
20170308154944878,0.753511810302734
20170308154944879,-1.88625869750977
20170308154944880,-2.34402236938477
20170308154944881,0.585665130615234
20170308154944882,-1.81759414672852
20170308154944883,-2.26772842407227
20170308154944884,0.631441497802734
20170308154944885,-1.71841201782227
20170308154944886,-2.38979873657227
20170308154944887,0.600923919677734
20170308154944888,-1.68789443969727
20170308154944889,-2.43557510375977
20170308154944890,0.852693939208984
20170308154944891,-1.67263565063477
20170308154944892,-2.35165176391602
20170308154944893,0.631441497802734
20170308154944894,-1.59634170532227
20170308154944895,-2.34402236938477
20170308154944896,0.639070892333984
20170308154944897,-1.62685928344727
20170308154944898,-2.49661026000977
20170308154944899,0.745882415771484
20170308154944900,-1.52767715454102
20170308154944901,-2.49661026000977
20170308154944902,0.822176361083984
20170308154944903,-1.42086563110352
20170308154944904,-2.45846328735352
20170308154944905,0.715364837646484
20170308154944906,-1.66500625610352
20170308154944907,-2.28298721313477
20170308154944908,0.867952728271484
20170308154944909,-1.61160049438477
20170308154944910,-2.21432266235352
20170308154944911,0.875582122802734
20170308154944912,-1.89388809204102
20170308154944913,-2.19906387329102
20170308154944914,0.623812103271484
20170308154944915,-1.75655899047852
20170308154944916,-2.33639297485352
20170308154944917,0.799288177490234
20170308154944918,-1.87099990844727
20170308154944919,-2.12276992797852
20170308154944920,0.784029388427734
20170308154944921,-2.03884658813477
20170308154944922,-1.98544082641602
20170308154944923,0.669588470458984
20170308154944924,-2.22195205688477
20170308154944925,-1.84048233032227
20170308154944926,0.722994232177734
20170308154944927,-2.40505752563477
20170308154944928,-1.71841201782227
20170308154944929,0.867952728271484
20170308154944930,-2.27535781860352
20170308154944931,-1.80233535766602
20170308154944932,0.661959075927734
20170308154944933,-2.41268692016602
20170308154944934,-1.61160049438477
20170308154944935,0.837435150146484
20170308154944936,-2.58053359985352
20170308154944937,-1.40560684204102
20170308154944938,0.776399993896484
20170308154944939,-2.70260391235352
20170308154944940,-1.19961318969727
20170308154944941,0.600923919677734
20170308154944942,-2.83230361938477
20170308154944943,-1.20724258422852
20170308154944944,0.600923919677734
20170308154944945,-2.68734512329102
20170308154944946,-1.08517227172852
20170308154944947,0.593294525146484
20170308154944948,-2.89333877563477
20170308154944949,-1.09280166625977
20170308154944950,0.509371185302734
20170308154944951,-3.03066787719727
20170308154944952,-0.848661041259766
20170308154944953,0.410189056396484
20170308154944954,-2.93911514282227
20170308154944955,-0.642667388916016
20170308154944956,0.265230560302734
20170308154944957,-2.93911514282227
20170308154944958,-0.444303131103516
20170308154944959,0.127901458740234
20170308154944960,-2.99252090454102
20170308154944961,-0.192533111572266
20170308154944962,-0.0323158264160156
20170308154944963,-2.94674453735352
20170308154944964,-0.169644927978516
20170308154944965,-0.169644927978516
20170308154944966,-2.96963272094727
20170308154944967,-0.230680084228516
20170308154944968,-0.177274322509766
20170308154944969,-2.93148574829102
20170308154944970,-0.0704627990722656
20170308154944971,-0.154386138916016
20170308154944972,-2.93148574829102
20170308154944973,0.211824798583984
20170308154944974,-0.482450103759766
20170308154944975,-2.86282119750977
20170308154944976,0.211824798583984
20170308154944977,-0.635037994384766
20170308154944978,-2.94674453735352
20170308154944979,0.646700286865234
20170308154944980,-0.947843170166016
20170308154944981,-2.79415664672852
20170308154944982,0.784029388427734
20170308154944983,-1.13094863891602
20170308154944984,-2.75600967407227
20170308154944985,0.974764251708984
20170308154944986,-1.16146621704102
20170308154944987,-2.80178604125977
20170308154944988,0.692476654052734
20170308154944989,-1.01650772094727
20170308154944990,-2.76363906860352
20170308154944991,0.707735443115234
20170308154944992,-1.01650772094727
20170308154944993,-2.74075088500977
20170308154944994,0.677217864990234
20170308154944995,-1.04702529907227
20170308154944996,-2.83230361938477
20170308154944997,0.722994232177734
20170308154944998,-0.909696197509766
20170308154944999,-2.79415664672852
20170308154945000,0.814546966552734
20170308154945001,-1.20724258422852
20170308154945002,-2.72549209594727
20170308154945003,0.814546966552734
20170308154945004,-1.23776016235352
20170308154945005,-2.71786270141602
20170308154945006,0.799288177490234
20170308154945007,-1.08517227172852
20170308154945008,-2.74075088500977
20170308154945009,0.761141204833984
20170308154945010,-1.26064834594727
20170308154945011,-2.77126846313477
20170308154945012,0.707735443115234
20170308154945013,-1.13094863891602
20170308154945014,-2.75600967407227
20170308154945015,0.860323333740234
20170308154945016,-1.27590713500977
20170308154945017,-2.71786270141602
20170308154945018,0.684847259521484
20170308154945019,-1.42086563110352
20170308154945020,-2.49661026000977
20170308154945021,0.799288177490234
20170308154945022,-1.62685928344727
20170308154945023,-2.45846328735352
20170308154945024,0.890840911865234
20170308154945025,-1.42086563110352
20170308154945026,-2.48135147094727
20170308154945027,0.799288177490234
20170308154945028,-1.37508926391602
20170308154945029,-2.43557510375977
20170308154945030,0.768770599365234
20170308154945031,-1.35220108032227
20170308154945032,-2.46609268188477
20170308154945033,0.761141204833984
20170308154945034,-1.68026504516602
20170308154945035,-2.38979873657227
20170308154945036,0.631441497802734
20170308154945037,-1.54293594360352
20170308154945038,-2.42031631469727
20170308154945039,0.631441497802734
20170308154945040,-1.56582412719727
20170308154945041,-2.43557510375977
20170308154945042,0.623812103271484
20170308154945043,-1.61922988891602
20170308154945044,-2.45083389282227
20170308154945045,0.585665130615234
20170308154945046,-1.60397109985352
20170308154945047,-2.34402236938477
20170308154945048,0.608553314208984
20170308154945049,-1.70315322875977
20170308154945050,-2.48898086547852
20170308154945051,0.715364837646484
20170308154945052,-1.61922988891602
20170308154945053,-2.38979873657227
20170308154945054,0.684847259521484
20170308154945055,-1.46664199829102
20170308154945056,-2.48135147094727
20170308154945057,0.692476654052734
20170308154945058,-1.59634170532227
20170308154945059,-2.50423965454102
20170308154945060,0.738253021240234
20170308154945061,-1.77944717407227
20170308154945062,-2.32876358032227
20170308154945063,0.715364837646484
20170308154945064,-1.74892959594727
20170308154945065,-2.13802871704102
20170308154945066,0.745882415771484
20170308154945067,-1.80233535766602
20170308154945068,-2.18380508422852
20170308154945069,0.852693939208984
20170308154945070,-1.80996475219727
20170308154945071,-2.09225234985352
20170308154945072,0.677217864990234
20170308154945073,-1.90151748657227
20170308154945074,-2.04647598266602
20170308154945075,0.860323333740234
20170308154945076,-2.16854629516602
20170308154945077,-1.89388809204102
20170308154945078,0.776399993896484
20170308154945079,-2.27535781860352
20170308154945080,-1.83285293579102
20170308154945081,0.623812103271484
20170308154945082,-2.22195205688477
20170308154945083,-1.87099990844727
20170308154945084,0.700106048583984
20170308154945085,-2.29061660766602
20170308154945086,-1.82522354125977
20170308154945087,0.631441497802734
20170308154945088,-2.26772842407227
20170308154945089,-1.69552383422852
20170308154945090,0.646700286865234
20170308154945091,-2.37453994750977
20170308154945092,-1.55819473266602
20170308154945093,0.669588470458984
20170308154945094,-2.58816299438477
20170308154945095,-1.42086563110352
20170308154945096,0.600923919677734
20170308154945097,-2.54238662719727
20170308154945098,-1.52767715454102
20170308154945099,0.555147552490234
20170308154945100,-2.79415664672852
20170308154945101,-1.38271865844727
20170308154945102,0.692476654052734
20170308154945103,-2.45083389282227
20170308154945104,-1.48953018188477
20170308154945105,0.524629974365234
20170308154945106,-2.51186904907227
20170308154945107,-1.52004776000977
20170308154945108,0.684847259521484
20170308154945109,-2.69497451782227
20170308154945110,-1.39034805297852
20170308154945111,0.501741790771484
20170308154945112,-2.58053359985352
20170308154945113,-1.41323623657227
20170308154945114,0.570406341552734
20170308154945115,-2.55001602172852
20170308154945116,-1.45138320922852
20170308154945117,0.547518157958984
20170308154945118,-2.61105117797852
20170308154945119,-1.31405410766602
20170308154945120,0.623812103271484
20170308154945121,-2.82467422485352
20170308154945122,-1.05465469360352
20170308154945123,0.600923919677734
20170308154945124,-2.96963272094727
20170308154945125,-0.947843170166016
20170308154945126,0.509371185302734
20170308154945127,-3.03066787719727
20170308154945128,-0.833402252197266
20170308154945129,0.364412689208984
20170308154945130,-2.97726211547852
20170308154945131,-0.642667388916016
20170308154945132,0.394930267333984
20170308154945133,-2.99252090454102
20170308154945134,-0.467191314697266
20170308154945135,0.112642669677734
20170308154945136,-2.93148574829102
20170308154945137,-0.383267974853516
20170308154945138,0.120272064208984
20170308154945139,-3.00777969360352
20170308154945140,-0.0857215881347656
20170308154945141,-0.123868560791016
20170308154945142,-2.96200332641602
20170308154945143,0.196566009521484
20170308154945144,-0.528226470947266
20170308154945145,-2.94674453735352
20170308154945146,0.173677825927734
20170308154945147,-0.612149810791016
20170308154945148,-2.96200332641602
20170308154945149,0.402559661865234
20170308154945150,-0.505338287353516
20170308154945151,-2.87807998657227
20170308154945152,0.509371185302734
20170308154945153,-0.703702545166016
20170308154945154,-2.85519180297852
20170308154945155,0.745882415771484
20170308154945156,-1.01650772094727
20170308154945157,-2.74075088500977
20170308154945158,0.875582122802734
20170308154945159,-1.10806045532227
20170308154945160,-2.67208633422852
20170308154945161,0.875582122802734
20170308154945162,-1.48953018188477
20170308154945163,-2.45083389282227
20170308154945164,0.974764251708984
20170308154945165,-1.55819473266602
20170308154945166,-2.36691055297852
20170308154945167,0.585665130615234
20170308154945168,-1.72604141235352
20170308154945169,-2.29061660766602
20170308154945170,0.646700286865234
20170308154945171,-1.68026504516602
20170308154945172,-2.30587539672852
20170308154945173,0.654329681396484
20170308154945174,-1.93203506469727
20170308154945175,-2.14565811157227
20170308154945176,0.562776947021484
20170308154945177,-1.88625869750977
20170308154945178,-2.06936416625977
20170308154945179,0.669588470458984
20170308154945180,-2.19143447875977
20170308154945181,-1.90151748657227
20170308154945182,0.761141204833984
20170308154945183,-2.37453994750977
20170308154945184,-1.69552383422852
20170308154945185,0.730623626708984
20170308154945186,-2.38979873657227
20170308154945187,-1.66500625610352
20170308154945188,0.661959075927734
20170308154945189,-2.32113418579102
20170308154945190,-1.79470596313477
20170308154945191,0.608553314208984
20170308154945192,-2.17617568969727
20170308154945193,-1.92440567016602
20170308154945194,0.837435150146484
20170308154945195,-2.18380508422852
20170308154945196,-1.92440567016602
20170308154945197,0.646700286865234
20170308154945198,-2.19906387329102
20170308154945199,-1.82522354125977
20170308154945200,0.616182708740234
20170308154945201,-2.25246963500977
20170308154945202,-1.79470596313477
20170308154945203,0.677217864990234
20170308154945204,-2.42794570922852
20170308154945205,-1.58871231079102
20170308154945206,0.631441497802734
20170308154945207,-2.55764541625977
20170308154945208,-1.49715957641602
20170308154945209,0.585665130615234
20170308154945210,-2.42031631469727
20170308154945211,-1.63448867797852
20170308154945212,0.639070892333984
20170308154945213,-2.46609268188477
20170308154945214,-1.64211807250977
20170308154945215,0.661959075927734
20170308154945216,-2.50423965454102
20170308154945217,-1.58108291625977
20170308154945218,0.852693939208984
20170308154945219,-2.63393936157227
20170308154945220,-1.39797744750977
20170308154945221,0.600923919677734
20170308154945222,-2.54238662719727
20170308154945223,-1.42086563110352
20170308154945224,0.593294525146484
20170308154945225,-2.62630996704102
20170308154945226,-1.45901260375977
20170308154945227,0.829805755615234
20170308154945228,-2.74838027954102
20170308154945229,-1.39797744750977
20170308154945230,0.608553314208984
20170308154945231,-2.53475723266602
20170308154945232,-1.49715957641602
20170308154945233,0.730623626708984
20170308154945234,-2.45846328735352
20170308154945235,-1.58871231079102
20170308154945236,0.616182708740234
20170308154945237,-2.12276992797852
20170308154945238,-1.68026504516602
20170308154945239,0.639070892333984
20170308154945240,-2.16854629516602
20170308154945241,-1.68789443969727
20170308154945242,0.768770599365234
20170308154945243,-2.28298721313477
20170308154945244,-1.73367080688477
20170308154945245,0.623812103271484
20170308154945246,-2.13039932250977
20170308154945247,-1.86337051391602
20170308154945248,0.768770599365234
20170308154945249,-2.19906387329102
20170308154945250,-2.00069961547852
20170308154945251,0.677217864990234
20170308154945252,-2.13039932250977
20170308154945253,-2.13039932250977
20170308154945254,0.814546966552734
20170308154945255,-2.04647598266602
20170308154945256,-2.14565811157227
20170308154945257,0.684847259521484
20170308154945258,-2.08462295532227
20170308154945259,-2.00832901000977
20170308154945260,0.845064544677734
20170308154945261,-2.03884658813477
20170308154945262,-2.14565811157227
20170308154945263,0.799288177490234
20170308154945264,-1.80996475219727
20170308154945265,-2.24484024047852
20170308154945266,0.799288177490234
20170308154945267,-1.85574111938477
20170308154945268,-2.09988174438477
20170308154945269,0.852693939208984
20170308154945270,-2.00832901000977
20170308154945271,-2.03884658813477
20170308154945272,0.753511810302734
20170308154945273,-2.15328750610352
20170308154945274,-1.93203506469727
20170308154945275,0.791658782958984
20170308154945276,-2.25246963500977
20170308154945277,-1.80996475219727
20170308154945278,0.654329681396484
20170308154945279,-2.20669326782227
20170308154945280,-1.92440567016602
20170308154945281,0.791658782958984
20170308154945282,-2.15328750610352
20170308154945283,-2.01595840454102
20170308154945284,0.692476654052734
20170308154945285,-2.21432266235352
20170308154945286,-1.97018203735352
20170308154945287,0.738253021240234
20170308154945288,-2.15328750610352
20170308154945289,-1.86337051391602
20170308154945290,0.867952728271484
20170308154945291,-2.26009902954102
20170308154945292,-1.73367080688477
20170308154945293,0.661959075927734
20170308154945294,-2.36691055297852
20170308154945295,-1.65737686157227
20170308154945296,0.608553314208984
20170308154945297,-2.44320449829102
20170308154945298,-1.60397109985352
20170308154945299,0.692476654052734
20170308154945300,-2.54238662719727
20170308154945301,-1.45901260375977
20170308154945302,0.631441497802734
20170308154945303,-2.77126846313477
20170308154945304,-1.33694229125977
20170308154945305,0.631441497802734
20170308154945306,-2.79415664672852
20170308154945307,-1.18435440063477
20170308154945308,0.593294525146484
20170308154945309,-2.77126846313477
20170308154945310,-1.19961318969727
20170308154945311,0.654329681396484
20170308154945312,-2.95437393188477
20170308154945313,-1.02413711547852
20170308154945314,0.494112396240234
20170308154945315,-3.03066787719727
20170308154945316,-1.00887832641602
20170308154945317,0.501741790771484
20170308154945318,-2.95437393188477
20170308154945319,-0.955472564697266
20170308154945320,0.517000579833984
20170308154945321,-3.01540908813477
20170308154945322,-0.596891021728516
20170308154945323,0.494112396240234
20170308154945324,-2.99252090454102
20170308154945325,-0.398526763916016
20170308154945326,0.227083587646484
20170308154945327,-3.02303848266602
20170308154945328,-0.306974029541016
20170308154945329,-0.146756744384766
20170308154945330,-2.90859756469727
20170308154945331,0.196566009521484
20170308154945332,-0.444303131103516
20170308154945333,-2.90859756469727
20170308154945334,0.394930267333984
20170308154945335,-0.451932525634766
20170308154945336,-2.85519180297852
20170308154945337,0.341524505615234
20170308154945338,-0.734220123291016
20170308154945339,-2.84756240844727
20170308154945340,0.532259368896484
20170308154945341,-0.902066802978516
20170308154945342,-2.80941543579102
20170308154945343,0.745882415771484
20170308154945344,-1.08517227172852
20170308154945345,-2.74838027954102
20170308154945346,0.867952728271484
20170308154945347,-1.28353652954102
20170308154945348,-2.59579238891602
20170308154945349,0.768770599365234
20170308154945350,-1.48190078735352
20170308154945351,-2.50423965454102
20170308154945352,0.997652435302734
20170308154945353,-1.68026504516602
20170308154945354,-2.35165176391602
20170308154945355,0.768770599365234
20170308154945356,-1.84048233032227
20170308154945357,-2.18380508422852
20170308154945358,0.730623626708984
20170308154945359,-1.83285293579102
20170308154945360,-2.20669326782227
20170308154945361,0.814546966552734
20170308154945362,-1.91677627563477
20170308154945363,-2.18380508422852
20170308154945364,0.707735443115234
20170308154945365,-1.96255264282227
20170308154945366,-1.95492324829102
20170308154945367,0.677217864990234
20170308154945368,-2.07699356079102
20170308154945369,-1.92440567016602
20170308154945370,0.715364837646484
20170308154945371,-2.17617568969727
20170308154945372,-1.90914688110352
20170308154945373,0.684847259521484
20170308154945374,-2.11514053344727
20170308154945375,-1.97781143188477
20170308154945376,0.852693939208984
20170308154945377,-2.25246963500977
20170308154945378,-1.87862930297852
20170308154945379,0.654329681396484
20170308154945380,-2.26009902954102
20170308154945381,-1.76418838500977
20170308154945382,0.707735443115234
20170308154945383,-2.27535781860352
20170308154945384,-1.78707656860352
20170308154945385,0.707735443115234
20170308154945386,-2.29824600219727
20170308154945387,-1.66500625610352
20170308154945388,0.669588470458984
20170308154945389,-2.29061660766602
20170308154945390,-1.73367080688477
20170308154945391,0.646700286865234
20170308154945392,-2.32876358032227
20170308154945393,-1.85574111938477
20170308154945394,0.593294525146484
20170308154945395,-2.24484024047852
20170308154945396,-1.97018203735352
20170308154945397,0.715364837646484
20170308154945398,-2.26009902954102
20170308154945399,-1.94729385375977
20170308154945400,0.684847259521484
20170308154945401,-2.15328750610352
20170308154945402,-1.87862930297852
20170308154945403,0.631441497802734
20170308154945404,-2.16091690063477
20170308154945405,-1.79470596313477
20170308154945406,0.700106048583984
20170308154945407,-2.19906387329102
20170308154945408,-1.78707656860352
20170308154945409,0.753511810302734
20170308154945410,-2.42794570922852
20170308154945411,-1.69552383422852
20170308154945412,0.707735443115234
20170308154945413,-2.44320449829102
20170308154945414,-1.55056533813477
20170308154945415,0.684847259521484
20170308154945416,-2.67208633422852
20170308154945417,-1.51241836547852
20170308154945418,0.623812103271484
20170308154945419,-2.58816299438477
20170308154945420,-1.42849502563477
20170308154945421,0.547518157958984
20170308154945422,-2.55764541625977
20170308154945423,-1.71078262329102
20170308154945424,0.677217864990234
20170308154945425,-2.54238662719727
20170308154945426,-1.42086563110352
20170308154945427,0.829805755615234
20170308154945428,-2.69497451782227
20170308154945429,-1.39034805297852
20170308154945430,0.639070892333984
20170308154945431,-2.59579238891602
20170308154945432,-1.52004776000977
20170308154945433,0.730623626708984
20170308154945434,-2.48898086547852
20170308154945435,-1.54293594360352
20170308154945436,0.661959075927734
20170308154945437,-2.38979873657227
20170308154945438,-1.50478897094727
20170308154945439,0.661959075927734
20170308154945440,-2.30587539672852
20170308154945441,-1.47427139282227
20170308154945442,0.753511810302734
20170308154945443,-2.56527481079102
20170308154945444,-1.38271865844727
20170308154945445,0.585665130615234
20170308154945446,-2.61868057250977
20170308154945447,-1.42849502563477
20170308154945448,0.707735443115234
20170308154945449,-2.49661026000977
20170308154945450,-1.50478897094727
20170308154945451,0.677217864990234
20170308154945452,-2.60342178344727
20170308154945453,-1.42086563110352
20170308154945454,0.700106048583984
20170308154945455,-2.67208633422852
20170308154945456,-1.15383682250977
20170308154945457,0.517000579833984
20170308154945458,-2.79415664672852
20170308154945459,-1.24538955688477
20170308154945460,0.654329681396484
20170308154945461,-2.61105117797852
20170308154945462,-1.39034805297852
20170308154945463,0.578035736083984
20170308154945464,-2.55764541625977
20170308154945465,-1.43612442016602
20170308154945466,0.547518157958984
20170308154945467,-2.43557510375977
20170308154945468,-1.46664199829102
20170308154945469,0.707735443115234
20170308154945470,-2.70260391235352
20170308154945471,-1.36745986938477
20170308154945472,0.661959075927734
20170308154945473,-2.51949844360352
20170308154945474,-1.39034805297852
20170308154945475,0.768770599365234
20170308154945476,-2.52712783813477
20170308154945477,-1.27590713500977
20170308154945478,0.669588470458984
20170308154945479,-2.65682754516602
20170308154945480,-1.29879531860352
20170308154945481,0.784029388427734
20170308154945482,-2.93911514282227
20170308154945483,-1.02413711547852
20170308154945484,0.578035736083984
20170308154945485,-2.97726211547852
20170308154945486,-0.894437408447266
20170308154945487,0.417818450927734
20170308154945488,-3.02303848266602
20170308154945489,-0.436673736572266
20170308154945490,0.234712982177734
20170308154945491,-2.88570938110352
20170308154945492,-0.444303131103516
20170308154945493,0.295748138427734
20170308154945494,-2.97726211547852
20170308154945495,-0.390897369384766
20170308154945496,-0.0170570373535156
20170308154945497,-2.89333877563477
20170308154945498,-0.139127349853516
20170308154945499,-0.230680084228516
20170308154945500,-2.92385635375977
20170308154945501,0.0973838806152344
20170308154945502,-0.429044342041016
20170308154945503,-2.90859756469727
20170308154945504,0.524629974365234
20170308154945505,-0.688443756103516
20170308154945506,-2.80941543579102
20170308154945507,0.517000579833984
20170308154945508,-0.879178619384766
20170308154945509,-2.87045059204102
20170308154945510,0.936617279052734
20170308154945511,-1.23013076782227
20170308154945512,-2.63393936157227
20170308154945513,0.814546966552734
20170308154945514,-1.39034805297852
20170308154945515,-2.54238662719727
20170308154945516,0.776399993896484
20170308154945517,-1.75655899047852
20170308154945518,-2.21432266235352
20170308154945519,0.745882415771484
20170308154945520,-1.97781143188477
20170308154945521,-2.00069961547852
20170308154945522,0.845064544677734
20170308154945523,-2.16091690063477
20170308154945524,-1.84811172485352
20170308154945525,0.768770599365234
20170308154945526,-2.25246963500977
20170308154945527,-1.71078262329102
20170308154945528,0.883211517333984
20170308154945529,-2.37453994750977
20170308154945530,-1.73367080688477
20170308154945531,0.692476654052734
20170308154945532,-2.19143447875977
20170308154945533,-1.90151748657227
20170308154945534,0.890840911865234
20170308154945535,-2.17617568969727
20170308154945536,-1.95492324829102
20170308154945537,0.578035736083984
20170308154945538,-2.21432266235352
20170308154945539,-1.90914688110352
20170308154945540,0.822176361083984
20170308154945541,-2.19906387329102
20170308154945542,-1.83285293579102
20170308154945543,0.700106048583984
20170308154945544,-2.27535781860352
20170308154945545,-1.75655899047852
20170308154945546,0.799288177490234
20170308154945547,-2.41268692016602
20170308154945548,-1.59634170532227
20170308154945549,0.684847259521484
20170308154945550,-2.56527481079102
20170308154945551,-1.53530654907227
20170308154945552,0.684847259521484
20170308154945553,-2.52712783813477
20170308154945554,-1.46664199829102
20170308154945555,0.585665130615234
20170308154945556,-2.67971572875977
20170308154945557,-1.38271865844727
20170308154945558,0.677217864990234
20170308154945559,-2.76363906860352
20170308154945560,-1.36745986938477
20170308154945561,0.593294525146484
20170308154945562,-2.63393936157227
20170308154945563,-1.40560684204102
20170308154945564,0.745882415771484
20170308154945565,-2.49661026000977
20170308154945566,-1.33694229125977
20170308154945567,0.639070892333984
20170308154945568,-2.79415664672852
20170308154945569,-1.29116592407227
20170308154945570,0.585665130615234
20170308154945571,-2.70260391235352
20170308154945572,-1.32168350219727
20170308154945573,0.677217864990234
20170308154945574,-2.83993301391602
20170308154945575,-1.12331924438477
20170308154945576,0.692476654052734
20170308154945577,-2.83230361938477
20170308154945578,-1.15383682250977
20170308154945579,0.593294525146484
20170308154945580,-2.91622695922852
20170308154945581,-1.01650772094727
20170308154945582,0.433077239990234
20170308154945583,-2.96963272094727
20170308154945584,-0.970731353759766
20170308154945585,0.440706634521484
20170308154945586,-2.96963272094727
20170308154945587,-0.833402252197266
20170308154945588,0.562776947021484
20170308154945589,-2.95437393188477
20170308154945590,-0.574002838134766
20170308154945591,0.311006927490234
20170308154945592,-2.88570938110352
20170308154945593,-0.574002838134766
20170308154945594,0.486483001708984
20170308154945595,-2.85519180297852
20170308154945596,-0.886808013916016
20170308154945597,0.425447845458984
20170308154945598,-2.82467422485352
20170308154945599,-0.917325592041016
20170308154945600,0.463594818115234
20170308154945601,-2.87045059204102
20170308154945602,-0.955472564697266
20170308154945603,0.692476654052734
20170308154945604,-2.84756240844727
20170308154945605,-1.03939590454102
20170308154945606,0.715364837646484
20170308154945607,-2.85519180297852
20170308154945608,-1.03939590454102
20170308154945609,0.486483001708984
20170308154945610,-2.84756240844727
20170308154945611,-1.11568984985352
20170308154945612,0.524629974365234
20170308154945613,-2.88570938110352
20170308154945614,-1.13094863891602
20170308154945615,0.463594818115234
20170308154945616,-2.87045059204102
20170308154945617,-1.16909561157227
20170308154945618,0.600923919677734
20170308154945619,-2.89333877563477
20170308154945620,-1.19198379516602
20170308154945621,0.639070892333984
20170308154945622,-2.96963272094727
20170308154945623,-1.02413711547852
20170308154945624,0.578035736083984
20170308154945625,-2.97726211547852
20170308154945626,-0.833402252197266
20170308154945627,0.417818450927734
20170308154945628,-2.93148574829102
20170308154945629,-0.802884674072266
20170308154945630,0.417818450927734
20170308154945631,-2.97726211547852
20170308154945632,-0.635037994384766
20170308154945633,0.326265716552734
20170308154945634,-3.03829727172852
20170308154945635,-0.474820709228516
20170308154945636,0.188936614990234
20170308154945637,-2.91622695922852
20170308154945638,-0.635037994384766
20170308154945639,0.166048431396484
20170308154945640,-2.93911514282227
20170308154945641,-0.535855865478516
20170308154945642,0.196566009521484
20170308154945643,-2.91622695922852
20170308154945644,-0.306974029541016
20170308154945645,0.0897544860839844
20170308154945646,-2.90096817016602
20170308154945647,-0.245938873291016
20170308154945648,0.0516075134277344
20170308154945649,-2.89333877563477
20170308154945650,-0.146756744384766
20170308154945651,-0.223050689697266
20170308154945652,-2.92385635375977
20170308154945653,0.341524505615234
20170308154945654,-0.528226470947266
20170308154945655,-2.89333877563477
20170308154945656,0.661959075927734
20170308154945657,-0.749478912353516
20170308154945658,-2.87045059204102
20170308154945659,0.837435150146484
20170308154945660,-1.03939590454102
20170308154945661,-2.72549209594727
20170308154945662,0.944246673583984
20170308154945663,-1.08517227172852
20170308154945664,-2.72549209594727
20170308154945665,0.814546966552734
20170308154945666,-1.28353652954102
20170308154945667,-2.72549209594727
20170308154945668,0.822176361083984
20170308154945669,-1.32168350219727
20170308154945670,-2.52712783813477
20170308154945671,0.806917572021484
20170308154945672,-1.48953018188477
20170308154945673,-2.46609268188477
20170308154945674,0.837435150146484
20170308154945675,-1.61922988891602
20170308154945676,-2.42794570922852
20170308154945677,0.707735443115234
20170308154945678,-1.70315322875977
20170308154945679,-2.31350479125977
20170308154945680,0.722994232177734
20170308154945681,-1.83285293579102
20170308154945682,-2.19906387329102
20170308154945683,0.700106048583984
20170308154945684,-1.87862930297852
20170308154945685,-2.06936416625977
20170308154945686,0.753511810302734
20170308154945687,-2.08462295532227
20170308154945688,-1.92440567016602
20170308154945689,0.791658782958984
20170308154945690,-2.16854629516602
20170308154945691,-1.87862930297852
20170308154945692,0.913729095458984
20170308154945693,-2.25246963500977
20170308154945694,-1.89388809204102
20170308154945695,0.753511810302734
20170308154945696,-2.20669326782227
20170308154945697,-1.64211807250977
20170308154945698,0.738253021240234
20170308154945699,-2.45083389282227
20170308154945700,-1.58108291625977
20170308154945701,0.578035736083984
20170308154945702,-2.46609268188477
20170308154945703,-1.58108291625977
20170308154945704,0.639070892333984
20170308154945705,-2.47372207641602
20170308154945706,-1.48190078735352
20170308154945707,0.623812103271484
20170308154945708,-2.45846328735352
20170308154945709,-1.36745986938477
20170308154945710,0.616182708740234
20170308154945711,-2.52712783813477
20170308154945712,-1.45901260375977
20170308154945713,0.654329681396484
20170308154945714,-2.73312149047852
20170308154945715,-1.32168350219727
20170308154945716,0.570406341552734
20170308154945717,-2.91622695922852
20170308154945718,-1.26827774047852
20170308154945719,0.631441497802734
20170308154945720,-2.84756240844727
20170308154945721,-1.13857803344727
20170308154945722,0.776399993896484
20170308154945723,-2.85519180297852
20170308154945724,-1.16909561157227
20170308154945725,0.623812103271484
20170308154945726,-2.80941543579102
20170308154945727,-1.26064834594727
20170308154945728,0.532259368896484
20170308154945729,-2.87045059204102
20170308154945730,-1.22250137329102
20170308154945731,0.539888763427734
20170308154945732,-2.83993301391602
20170308154945733,-1.24538955688477
20170308154945734,0.494112396240234
20170308154945735,-2.80941543579102
20170308154945736,-1.20724258422852
20170308154945737,0.547518157958984
20170308154945738,-2.91622695922852
20170308154945739,-1.08517227172852
20170308154945740,0.448336029052734
20170308154945741,-2.94674453735352
20170308154945742,-1.23013076782227
20170308154945743,0.501741790771484
20170308154945744,-2.86282119750977
20170308154945745,-1.16909561157227
20170308154945746,0.509371185302734
20170308154945747,-2.74075088500977
20170308154945748,-1.29116592407227
20170308154945749,0.539888763427734
20170308154945750,-2.80178604125977
20170308154945751,-1.26827774047852
20170308154945752,0.722994232177734
20170308154945753,-2.77889785766602
20170308154945754,-1.00887832641602
20170308154945755,0.440706634521484
20170308154945756,-2.83230361938477
20170308154945757,-1.16146621704102
20170308154945758,0.547518157958984
20170308154945759,-2.83230361938477
20170308154945760,-1.16909561157227
20170308154945761,0.532259368896484
20170308154945762,-2.74075088500977
20170308154945763,-1.23013076782227
20170308154945764,0.608553314208984
20170308154945765,-2.85519180297852
20170308154945766,-1.17672500610352
20170308154945767,0.547518157958984
20170308154945768,-2.84756240844727
20170308154945769,-1.20724258422852
20170308154945770,0.616182708740234
20170308154945771,-2.93911514282227
20170308154945772,-1.05465469360352
20170308154945773,0.448336029052734
20170308154945774,-2.87045059204102
20170308154945775,-0.787625885009766
20170308154945776,0.532259368896484
20170308154945777,-2.89333877563477
20170308154945778,-0.841031646728516
20170308154945779,0.616182708740234
20170308154945780,-2.91622695922852
20170308154945781,-0.726590728759766
20170308154945782,0.486483001708984
20170308154945783,-2.87807998657227
20170308154945784,-0.825772857666016
20170308154945785,0.379671478271484
20170308154945786,-2.89333877563477
20170308154945787,-0.787625885009766
20170308154945788,0.394930267333984
20170308154945789,-3.02303848266602
20170308154945790,-0.604520416259766
20170308154945791,0.326265716552734
20170308154945792,-3.00777969360352
20170308154945793,-0.284085845947266
20170308154945794,0.0668663024902344
20170308154945795,-2.92385635375977
20170308154945796,-0.0704627990722656
20170308154945797,-0.169644927978516
20170308154945798,-2.86282119750977
20170308154945799,-0.146756744384766
20170308154945800,-0.238309478759766
20170308154945801,-2.96200332641602
20170308154945802,0.166048431396484
20170308154945803,-0.375638580322266
20170308154945804,-2.81704483032227
20170308154945805,0.0287193298339844
20170308154945806,-0.360379791259766
20170308154945807,-2.85519180297852
20170308154945808,0.463594818115234
20170308154945809,-0.551114654541016
20170308154945810,-2.80178604125977
20170308154945811,0.524629974365234
20170308154945812,-0.779996490478516
20170308154945813,-2.89333877563477
20170308154945814,0.661959075927734
20170308154945815,-0.741849517822266
20170308154945816,-2.79415664672852
20170308154945817,0.745882415771484
20170308154945818,-0.978360748291016
20170308154945819,-2.76363906860352
20170308154945820,0.845064544677734
20170308154945821,-1.13094863891602
20170308154945822,-2.65682754516602
20170308154945823,0.799288177490234
20170308154945824,-1.15383682250977
20170308154945825,-2.72549209594727
20170308154945826,0.890840911865234
20170308154945827,-1.26064834594727
20170308154945828,-2.71023330688477
20170308154945829,0.753511810302734
20170308154945830,-1.21487197875977
20170308154945831,-2.60342178344727
20170308154945832,0.822176361083984
20170308154945833,-1.29116592407227
20170308154945834,-2.64919815063477
20170308154945835,0.799288177490234
20170308154945836,-1.26064834594727
20170308154945837,-2.57290420532227
20170308154945838,0.753511810302734
20170308154945839,-1.20724258422852
20170308154945840,-2.65682754516602
20170308154945841,0.860323333740234
20170308154945842,-1.36745986938477
20170308154945843,-2.64156875610352
20170308154945844,0.791658782958984
20170308154945845,-1.29116592407227
20170308154945846,-2.45846328735352
20170308154945847,0.822176361083984
20170308154945848,-1.68789443969727
20170308154945849,-2.30587539672852
20170308154945850,0.722994232177734
20170308154945851,-1.87862930297852
20170308154945852,-2.16854629516602
20170308154945853,0.890840911865234
20170308154945854,-2.06173477172852
20170308154945855,-2.07699356079102
20170308154945856,0.768770599365234
20170308154945857,-2.09225234985352
20170308154945858,-1.87862930297852
20170308154945859,0.845064544677734
20170308154945860,-2.05410537719727
20170308154945861,-1.98544082641602
20170308154945862,0.845064544677734
20170308154945863,-2.22958145141602
20170308154945864,-1.95492324829102
20170308154945865,0.753511810302734
20170308154945866,-2.19906387329102
20170308154945867,-1.94729385375977
20170308154945868,0.700106048583984
20170308154945869,-2.29824600219727
20170308154945870,-1.77181777954102
20170308154945871,0.722994232177734
20170308154945872,-2.41268692016602
20170308154945873,-1.55819473266602
20170308154945874,0.700106048583984
20170308154945875,-2.37453994750977
20170308154945876,-1.40560684204102
20170308154945877,0.707735443115234
20170308154945878,-2.65682754516602
20170308154945879,-1.47427139282227
20170308154945880,0.616182708740234
20170308154945881,-2.52712783813477
20170308154945882,-1.58871231079102
20170308154945883,0.684847259521484
20170308154945884,-2.53475723266602
20170308154945885,-1.54293594360352
20170308154945886,0.661959075927734
20170308154945887,-2.57290420532227
20170308154945888,-1.44375381469727
20170308154945889,0.539888763427734
20170308154945890,-2.47372207641602
20170308154945891,-1.55056533813477
20170308154945892,0.738253021240234
20170308154945893,-2.35928115844727
20170308154945894,-1.48190078735352
20170308154945895,0.829805755615234
20170308154945896,-2.58053359985352
20170308154945897,-1.36745986938477
20170308154945898,0.677217864990234
20170308154945899,-2.64919815063477
20170308154945900,-1.33694229125977
20170308154945901,0.555147552490234
20170308154945902,-2.78652725219727
20170308154945903,-1.20724258422852
20170308154945904,0.600923919677734
20170308154945905,-2.75600967407227
20170308154945906,-1.18435440063477
20170308154945907,0.593294525146484
20170308154945908,-2.91622695922852
20170308154945909,-1.03176651000977
20170308154945910,0.532259368896484
20170308154945911,-2.91622695922852
20170308154945912,-0.963101959228516
20170308154945913,0.631441497802734
20170308154945914,-2.96963272094727
20170308154945915,-0.985990142822266
20170308154945916,0.311006927490234
20170308154945917,-2.98489151000977
20170308154945918,-1.10806045532227
20170308154945919,0.478853607177734
20170308154945920,-3.00015029907227
20170308154945921,-0.589261627197266
20170308154945922,0.455965423583984
20170308154945923,-2.94674453735352
20170308154945924,-0.459561920166016
20170308154945925,0.219454193115234
20170308154945926,-2.96200332641602
20170308154945927,-0.581632232666016
20170308154945928,0.204195404052734
20170308154945929,-3.00777969360352
20170308154945930,-0.375638580322266
20170308154945931,0.112642669677734
20170308154945932,-2.85519180297852
20170308154945933,-0.490079498291016
20170308154945934,0.135530853271484
20170308154945935,-2.87045059204102
20170308154945936,-0.299344635009766
20170308154945937,0.0516075134277344
20170308154945938,-2.89333877563477
20170308154945939,-0.245938873291016
20170308154945940,0.112642669677734
20170308154945941,-2.90859756469727
20170308154945942,-0.261197662353516
20170308154945943,-0.139127349853516
20170308154945944,-2.92385635375977
20170308154945945,-0.169644927978516
20170308154945946,-0.154386138916016
20170308154945947,-2.89333877563477
20170308154945948,-0.0246864318847656
20170308154945949,-0.306974029541016
20170308154945950,-2.93148574829102
20170308154945951,0.127901458740234
20170308154945952,-0.253568267822266
20170308154945953,-2.83230361938477
20170308154945954,0.112642669677734
20170308154945955,-0.589261627197266
20170308154945956,-2.87045059204102
20170308154945957,0.471224212646484
20170308154945958,-0.635037994384766
20170308154945959,-2.85519180297852
20170308154945960,0.280489349365234
20170308154945961,-0.436673736572266
20170308154945962,-2.83230361938477
20170308154945963,0.280489349365234
20170308154945964,-0.482450103759766
20170308154945965,-2.82467422485352
20170308154945966,0.272859954833984
20170308154945967,-0.650296783447266
20170308154945968,-2.87807998657227
20170308154945969,0.509371185302734
20170308154945970,-0.833402252197266
20170308154945971,-2.82467422485352
20170308154945972,0.845064544677734
20170308154945973,-1.18435440063477
20170308154945974,-2.71023330688477
20170308154945975,0.852693939208984
20170308154945976,-1.33694229125977
20170308154945977,-2.58816299438477
20170308154945978,0.814546966552734
20170308154945979,-1.45901260375977
20170308154945980,-2.56527481079102
20170308154945981,0.722994232177734
20170308154945982,-1.74130020141602
20170308154945983,-2.37453994750977
20170308154945984,0.715364837646484
20170308154945985,-1.81759414672852
20170308154945986,-2.38216934204102
20170308154945987,0.776399993896484
20170308154945988,-1.77944717407227
20170308154945989,-2.26009902954102
20170308154945990,0.906099700927734
20170308154945991,-1.82522354125977
20170308154945992,-2.15328750610352
20170308154945993,0.593294525146484
20170308154945994,-1.99307022094727
20170308154945995,-2.05410537719727
20170308154945996,0.860323333740234
20170308154945997,-2.29824600219727
20170308154945998,-1.83285293579102
20170308154945999,0.593294525146484
20170308154946000,-2.29061660766602
20170308154946001,-1.77944717407227
20170308154946002,0.669588470458984
20170308154946003,-2.46609268188477
20170308154946004,-1.56582412719727
20170308154946005,0.669588470458984
20170308154946006,-2.62630996704102
20170308154946007,-1.45901260375977
20170308154946008,0.631441497802734
20170308154946009,-2.68734512329102
20170308154946010,-1.50478897094727
20170308154946011,0.631441497802734
20170308154946012,-2.47372207641602
20170308154946013,-1.51241836547852
20170308154946014,0.661959075927734
20170308154946015,-2.45846328735352
20170308154946016,-1.58871231079102
20170308154946017,0.753511810302734
20170308154946018,-2.43557510375977
20170308154946019,-1.62685928344727
20170308154946020,0.623812103271484
20170308154946021,-2.61105117797852
20170308154946022,-1.21487197875977
20170308154946023,0.578035736083984
20170308154946024,-2.72549209594727
20170308154946025,-1.17672500610352
20170308154946026,0.608553314208984
20170308154946027,-2.91622695922852
20170308154946028,-1.06991348266602
20170308154946029,0.448336029052734
20170308154946030,-3.00777969360352
20170308154946031,-0.841031646728516
20170308154946032,0.379671478271484
20170308154946033,-2.94674453735352
20170308154946034,-0.772367095947266
20170308154946035,0.379671478271484
20170308154946036,-2.91622695922852
20170308154946037,-0.490079498291016
20170308154946038,0.227083587646484
20170308154946039,-2.88570938110352
20170308154946040,-0.429044342041016
20170308154946041,0.120272064208984
20170308154946042,-2.94674453735352
20170308154946043,-0.535855865478516
20170308154946044,0.272859954833984
20170308154946045,-2.94674453735352
20170308154946046,-0.444303131103516
20170308154946047,0.0897544860839844
20170308154946048,-2.93148574829102
20170308154946049,-0.551114654541016
20170308154946050,0.158419036865234
20170308154946051,-2.94674453735352
20170308154946052,-0.543485260009766
20170308154946053,0.372042083740234
20170308154946054,-2.94674453735352
20170308154946055,-0.635037994384766
20170308154946056,0.166048431396484
20170308154946057,-2.95437393188477
20170308154946058,-0.444303131103516
20170308154946059,0.0821250915527344
20170308154946060,-2.94674453735352
20170308154946061,-0.528226470947266
20170308154946062,0.204195404052734
20170308154946063,-2.93911514282227
20170308154946064,-0.497708892822266
20170308154946065,0.105013275146484
20170308154946066,-2.90096817016602
20170308154946067,-0.436673736572266
20170308154946068,0.265230560302734
20170308154946069,-2.96200332641602
20170308154946070,-0.436673736572266
20170308154946071,0.0439781188964844
20170308154946072,-2.90096817016602
20170308154946073,-0.421414947509766
20170308154946074,0.112642669677734
20170308154946075,-2.93911514282227
20170308154946076,-0.581632232666016
20170308154946077,0.219454193115234
20170308154946078,-2.94674453735352
20170308154946079,-0.642667388916016
20170308154946080,0.288118743896484
20170308154946081,-2.92385635375977
20170308154946082,-0.612149810791016
20170308154946083,0.280489349365234
20170308154946084,-3.00777969360352
20170308154946085,-0.444303131103516
20170308154946086,0.265230560302734
20170308154946087,-2.93148574829102
20170308154946088,-0.352750396728516
20170308154946089,-0.123868560791016
20170308154946090,-3.00015029907227
20170308154946091,-0.0017982482910156
20170308154946092,-0.276456451416016
20170308154946093,-2.91622695922852
20170308154946094,0.410189056396484
20170308154946095,-0.535855865478516
20170308154946096,-2.84756240844727
20170308154946097,0.425447845458984
20170308154946098,-0.711331939697266
20170308154946099,-2.90859756469727
20170308154946100,0.639070892333984
20170308154946101,-0.787625885009766
20170308154946102,-2.82467422485352
20170308154946103,0.745882415771484
20170308154946104,-0.993619537353516
20170308154946105,-2.77889785766602
20170308154946106,0.707735443115234
20170308154946107,-1.01650772094727
20170308154946108,-2.77889785766602
20170308154946109,0.860323333740234
20170308154946110,-1.11568984985352
20170308154946111,-2.80941543579102
20170308154946112,0.837435150146484
20170308154946113,-1.27590713500977
20170308154946114,-2.60342178344727
20170308154946115,0.806917572021484
20170308154946116,-1.52004776000977
20170308154946117,-2.44320449829102
20170308154946118,0.883211517333984
20170308154946119,-1.77181777954102
20170308154946120,-2.29824600219727
20170308154946121,0.784029388427734
20170308154946122,-2.23721084594727
20170308154946123,-1.79470596313477
20170308154946124,0.738253021240234
20170308154946125,-2.29824600219727
20170308154946126,-1.65737686157227
20170308154946127,0.692476654052734
20170308154946128,-2.48898086547852
20170308154946129,-1.48190078735352
20170308154946130,0.654329681396484
20170308154946131,-2.74838027954102
20170308154946132,-1.18435440063477
20170308154946133,0.555147552490234
20170308154946134,-2.96200332641602
20170308154946135,-1.03176651000977
20170308154946136,0.478853607177734
20170308154946137,-2.97726211547852
20170308154946138,-0.955472564697266
20170308154946139,0.448336029052734
20170308154946140,-3.00015029907227
20170308154946141,-0.886808013916016
20170308154946142,0.600923919677734
20170308154946143,-2.98489151000977
20170308154946144,-0.596891021728516
20170308154946145,0.448336029052734
20170308154946146,-2.90096817016602
20170308154946147,-0.749478912353516
20170308154946148,0.288118743896484
20170308154946149,-3.05355606079102
20170308154946150,-0.497708892822266
20170308154946151,0.249971771240234
20170308154946152,-2.95437393188477
20170308154946153,-0.528226470947266
20170308154946154,0.135530853271484
20170308154946155,-3.05355606079102
20170308154946156,-0.291715240478516
20170308154946157,0.0744956970214844
20170308154946158,-2.91622695922852
20170308154946159,-0.184903717041016
20170308154946160,-0.0094276428222656
20170308154946161,-2.87807998657227
20170308154946162,-0.314603424072266
20170308154946163,-0.131497955322266
20170308154946164,-2.92385635375977
20170308154946165,0.0058311462402344
20170308154946166,-0.223050689697266
20170308154946167,-2.87807998657227
20170308154946168,0.440706634521484
20170308154946169,-0.642667388916016
20170308154946170,-2.91622695922852
20170308154946171,0.455965423583984
20170308154946172,-0.635037994384766
20170308154946173,-2.87807998657227
20170308154946174,0.509371185302734
20170308154946175,-0.451932525634766
20170308154946176,-2.74075088500977
20170308154946177,0.326265716552734
20170308154946178,-0.665555572509766
20170308154946179,-2.90859756469727
20170308154946180,0.349153900146484
20170308154946181,-0.711331939697266
20170308154946182,-2.83993301391602
20170308154946183,0.394930267333984
20170308154946184,-0.787625885009766
20170308154946185,-2.83993301391602
20170308154946186,0.219454193115234
20170308154946187,-0.535855865478516
20170308154946188,-2.84756240844727
20170308154946189,0.158419036865234
20170308154946190,-0.436673736572266
20170308154946191,-2.86282119750977
20170308154946192,0.150789642333984
20170308154946193,-0.421414947509766
20170308154946194,-2.83993301391602
20170308154946195,-0.0246864318847656
20170308154946196,-0.314603424072266
20170308154946197,-2.90096817016602
20170308154946198,-0.192533111572266
20170308154946199,-0.207791900634766
20170308154946200,-2.95437393188477
20170308154946201,-0.0323158264160156
20170308154946202,-0.238309478759766
20170308154946203,-2.87807998657227
20170308154946204,-0.0780921936035156
20170308154946205,-0.261197662353516
20170308154946206,-2.86282119750977
20170308154946207,0.272859954833984
20170308154946208,-0.558744049072266
20170308154946209,-2.89333877563477
20170308154946210,0.486483001708984
20170308154946211,-0.772367095947266
20170308154946212,-2.90096817016602
20170308154946213,0.608553314208984
20170308154946214,-0.696073150634766
20170308154946215,-2.78652725219727
20170308154946216,0.707735443115234
20170308154946217,-1.06991348266602
20170308154946218,-2.79415664672852
20170308154946219,0.951876068115234
20170308154946220,-1.03939590454102
20170308154946221,-2.73312149047852
20170308154946222,0.806917572021484
20170308154946223,-1.23776016235352
20170308154946224,-2.59579238891602
20170308154946225,0.753511810302734
20170308154946226,-1.23013076782227
20170308154946227,-2.59579238891602
20170308154946228,0.829805755615234
20170308154946229,-1.19198379516602
20170308154946230,-2.63393936157227
20170308154946231,0.990023040771484
20170308154946232,-1.32931289672852
20170308154946233,-2.56527481079102
20170308154946234,0.791658782958984
20170308154946235,-1.40560684204102
20170308154946236,-2.55001602172852
20170308154946237,0.806917572021484
20170308154946238,-1.64974746704102
20170308154946239,-2.35165176391602
20170308154946240,0.738253021240234
20170308154946241,-1.57345352172852
20170308154946242,-2.27535781860352
20170308154946243,0.715364837646484
20170308154946244,-1.80233535766602
20170308154946245,-2.22958145141602
20170308154946246,0.867952728271484
20170308154946247,-2.17617568969727
20170308154946248,-1.79470596313477
20170308154946249,0.799288177490234
20170308154946250,-2.42031631469727
20170308154946251,-1.50478897094727
20170308154946252,0.608553314208984
20170308154946253,-2.35928115844727
20170308154946254,-1.67263565063477
20170308154946255,0.661959075927734
20170308154946256,-2.32876358032227
20170308154946257,-1.60397109985352
20170308154946258,0.715364837646484
20170308154946259,-2.75600967407227
20170308154946260,-1.23013076782227
20170308154946261,0.661959075927734
20170308154946262,-3.00015029907227
20170308154946263,-1.02413711547852
20170308154946264,0.517000579833984
20170308154946265,-2.94674453735352
20170308154946266,-0.841031646728516
20170308154946267,0.471224212646484
20170308154946268,-3.00777969360352
20170308154946269,-0.612149810791016
20170308154946270,0.333895111083984
20170308154946271,-3.00777969360352
20170308154946272,-0.192533111572266
20170308154946273,-0.0170570373535156
20170308154946274,-2.90096817016602
20170308154946275,-0.192533111572266
20170308154946276,-0.0552040100097656
20170308154946277,-2.92385635375977
20170308154946278,-0.200162506103516
20170308154946279,-0.162015533447266
20170308154946280,-2.96200332641602
20170308154946281,0.188936614990234
20170308154946282,-0.345121002197266
20170308154946283,-2.88570938110352
20170308154946284,0.501741790771484
20170308154946285,-0.635037994384766
20170308154946286,-2.85519180297852
20170308154946287,0.761141204833984
20170308154946288,-0.963101959228516
20170308154946289,-2.85519180297852
20170308154946290,0.822176361083984
20170308154946291,-0.993619537353516
20170308154946292,-2.85519180297852
20170308154946293,0.646700286865234
20170308154946294,-0.894437408447266
20170308154946295,-2.81704483032227
20170308154946296,0.761141204833984
20170308154946297,-0.932584381103516
20170308154946298,-2.80941543579102
20170308154946299,0.890840911865234
20170308154946300,-1.06228408813477
20170308154946301,-2.83993301391602
20170308154946302,0.883211517333984
20170308154946303,-1.13857803344727
20170308154946304,-2.74075088500977
20170308154946305,0.867952728271484
20170308154946306,-1.19198379516602
20170308154946307,-2.66445693969727
20170308154946308,0.784029388427734
20170308154946309,-1.28353652954102
20170308154946310,-2.60342178344727
20170308154946311,0.982393646240234
20170308154946312,-1.31405410766602
20170308154946313,-2.64919815063477
20170308154946314,0.951876068115234
20170308154946315,-1.42086563110352
20170308154946316,-2.51186904907227
20170308154946317,0.715364837646484
20170308154946318,-1.53530654907227
20170308154946319,-2.32876358032227
20170308154946320,0.722994232177734
20170308154946321,-1.73367080688477
20170308154946322,-2.42031631469727
20170308154946323,0.883211517333984
20170308154946324,-1.64974746704102
20170308154946325,-2.26009902954102
20170308154946326,0.745882415771484
20170308154946327,-1.65737686157227
20170308154946328,-2.45846328735352
20170308154946329,0.753511810302734
20170308154946330,-1.68026504516602
20170308154946331,-2.37453994750977
20170308154946332,0.906099700927734
20170308154946333,-1.75655899047852
20170308154946334,-2.30587539672852
20170308154946335,0.654329681396484
20170308154946336,-1.92440567016602
20170308154946337,-2.16091690063477
20170308154946338,0.684847259521484
20170308154946339,-2.00832901000977
20170308154946340,-2.06173477172852
20170308154946341,0.677217864990234
20170308154946342,-1.94729385375977
20170308154946343,-2.16091690063477
20170308154946344,0.631441497802734
20170308154946345,-1.83285293579102
20170308154946346,-2.39742813110352
20170308154946347,0.608553314208984
20170308154946348,-1.74892959594727
20170308154946349,-2.45083389282227
20170308154946350,0.700106048583984
20170308154946351,-1.61160049438477
20170308154946352,-2.42031631469727
20170308154946353,0.669588470458984
20170308154946354,-1.65737686157227
20170308154946355,-2.31350479125977
20170308154946356,0.852693939208984
20170308154946357,-1.96255264282227
20170308154946358,-2.13802871704102
20170308154946359,0.639070892333984
20170308154946360,-1.83285293579102
20170308154946361,-2.16091690063477
20170308154946362,0.722994232177734
20170308154946363,-1.95492324829102
20170308154946364,-2.03884658813477
20170308154946365,0.883211517333984
20170308154946366,-2.17617568969727
20170308154946367,-1.91677627563477
20170308154946368,0.646700286865234
20170308154946369,-2.04647598266602
20170308154946370,-2.00832901000977
20170308154946371,0.906099700927734
20170308154946372,-2.06936416625977
20170308154946373,-1.98544082641602
20170308154946374,0.654329681396484
20170308154946375,-1.94729385375977
20170308154946376,-2.10751113891602
20170308154946377,0.616182708740234
20170308154946378,-1.82522354125977
20170308154946379,-2.36691055297852
20170308154946380,0.631441497802734
20170308154946381,-1.72604141235352
20170308154946382,-2.32876358032227
20170308154946383,0.555147552490234
20170308154946384,-1.77944717407227
20170308154946385,-2.35928115844727
20170308154946386,0.700106048583984
20170308154946387,-1.92440567016602
20170308154946388,-2.22195205688477
20170308154946389,0.715364837646484
20170308154946390,-1.90151748657227
20170308154946391,-2.18380508422852
20170308154946392,0.654329681396484
20170308154946393,-1.84811172485352
20170308154946394,-2.19143447875977
20170308154946395,0.578035736083984
20170308154946396,-1.77944717407227
20170308154946397,-2.17617568969727
20170308154946398,0.616182708740234
20170308154946399,-1.80996475219727
20170308154946400,-2.12276992797852
20170308154946401,0.677217864990234
20170308154946402,-2.03884658813477
20170308154946403,-2.05410537719727
20170308154946404,0.753511810302734
20170308154946405,-2.09988174438477
20170308154946406,-1.92440567016602
20170308154946407,0.883211517333984
20170308154946408,-2.16091690063477
20170308154946409,-1.91677627563477
20170308154946410,0.593294525146484
20170308154946411,-2.03121719360352
20170308154946412,-2.03121719360352
20170308154946413,0.684847259521484
20170308154946414,-2.12276992797852
20170308154946415,-1.91677627563477
20170308154946416,0.593294525146484
20170308154946417,-2.08462295532227
20170308154946418,-2.03121719360352
20170308154946419,0.608553314208984
20170308154946420,-2.16854629516602
20170308154946421,-1.98544082641602
20170308154946422,0.661959075927734
20170308154946423,-2.04647598266602
20170308154946424,-1.97018203735352
20170308154946425,0.669588470458984
20170308154946426,-2.22195205688477
20170308154946427,-1.70315322875977
20170308154946428,0.677217864990234
20170308154946429,-2.47372207641602
20170308154946430,-1.52004776000977
20170308154946431,0.738253021240234
20170308154946432,-2.83230361938477
20170308154946433,-1.21487197875977
20170308154946434,0.715364837646484
20170308154946435,-2.90096817016602
20170308154946436,-1.16909561157227
20170308154946437,0.471224212646484
20170308154946438,-2.90859756469727
20170308154946439,-1.17672500610352
20170308154946440,0.532259368896484
20170308154946441,-2.91622695922852
20170308154946442,-0.917325592041016
20170308154946443,0.669588470458984
20170308154946444,-2.90859756469727
20170308154946445,-0.978360748291016
20170308154946446,0.532259368896484
20170308154946447,-2.79415664672852
20170308154946448,-1.15383682250977
20170308154946449,0.677217864990234
20170308154946450,-2.86282119750977
20170308154946451,-1.16909561157227
20170308154946452,0.486483001708984
20170308154946453,-2.86282119750977
20170308154946454,-1.08517227172852
20170308154946455,0.402559661865234
20170308154946456,-2.93148574829102
20170308154946457,-1.07754287719727
20170308154946458,0.532259368896484
20170308154946459,-3.00777969360352
20170308154946460,-0.604520416259766
20170308154946461,0.379671478271484
20170308154946462,-2.95437393188477
20170308154946463,-0.451932525634766
20170308154946464,0.318636322021484
20170308154946465,-2.94674453735352
20170308154946466,-0.276456451416016
20170308154946467,-0.108609771728516
20170308154946468,-3.00777969360352
20170308154946469,-0.0857215881347656
20170308154946470,-0.238309478759766
20170308154946471,-2.94674453735352
20170308154946472,0.211824798583984
20170308154946473,-0.451932525634766
20170308154946474,-2.89333877563477
20170308154946475,0.517000579833984
20170308154946476,-0.535855865478516
20170308154946477,-2.75600967407227
20170308154946478,0.616182708740234
20170308154946479,-0.574002838134766
20170308154946480,-2.80941543579102
20170308154946481,0.600923919677734
20170308154946482,-0.833402252197266
20170308154946483,-2.89333877563477
20170308154946484,0.471224212646484
20170308154946485,-0.902066802978516
20170308154946486,-2.86282119750977
20170308154946487,0.463594818115234
20170308154946488,-0.673184967041016
20170308154946489,-2.81704483032227
20170308154946490,0.562776947021484
20170308154946491,-0.856290435791016
20170308154946492,-2.85519180297852
20170308154946493,0.600923919677734
20170308154946494,-0.978360748291016
20170308154946495,-2.80178604125977
20170308154946496,0.745882415771484
20170308154946497,-1.06991348266602
20170308154946498,-2.82467422485352
20170308154946499,0.837435150146484
20170308154946500,-1.13857803344727
20170308154946501,-2.73312149047852
20170308154946502,0.745882415771484
20170308154946503,-1.22250137329102
20170308154946504,-2.73312149047852
20170308154946505,0.700106048583984
20170308154946506,-1.13857803344727
20170308154946507,-2.77126846313477
20170308154946508,0.967134857177734
20170308154946509,-1.20724258422852
20170308154946510,-2.67971572875977
20170308154946511,0.738253021240234
20170308154946512,-1.23776016235352
20170308154946513,-2.68734512329102
20170308154946514,1.00528182983398
20170308154946515,-1.26827774047852
20170308154946516,-2.71786270141602
20170308154946517,0.730623626708984
20170308154946518,-1.07754287719727
20170308154946519,-2.67208633422852
20170308154946520,0.761141204833984
20170308154946521,-1.03939590454102
20170308154946522,-2.66445693969727
20170308154946523,0.745882415771484
20170308154946524,-1.11568984985352
20170308154946525,-2.59579238891602
20170308154946526,0.753511810302734
20170308154946527,-1.07754287719727
20170308154946528,-2.64919815063477
20170308154946529,0.738253021240234
20170308154946530,-1.26064834594727
20170308154946531,-2.61105117797852
20170308154946532,0.768770599365234
20170308154946533,-1.53530654907227
20170308154946534,-2.64919815063477
20170308154946535,0.745882415771484
20170308154946536,-1.48953018188477
20170308154946537,-2.59579238891602
20170308154946538,0.684847259521484
20170308154946539,-1.39034805297852
20170308154946540,-2.59579238891602
20170308154946541,0.722994232177734
20170308154946542,-1.43612442016602
20170308154946543,-2.51186904907227
20170308154946544,0.784029388427734
20170308154946545,-1.52767715454102
20170308154946546,-2.61868057250977
20170308154946547,0.898470306396484
20170308154946548,-1.39034805297852
20170308154946549,-2.63393936157227
20170308154946550,0.913729095458984
20170308154946551,-1.45901260375977
20170308154946552,-2.58816299438477
20170308154946553,0.944246673583984
20170308154946554,-1.42086563110352
20170308154946555,-2.59579238891602
20170308154946556,0.906099700927734
20170308154946557,-1.29116592407227
20170308154946558,-2.58816299438477
20170308154946559,0.768770599365234
20170308154946560,-1.03939590454102
20170308154946561,-2.67208633422852
20170308154946562,0.715364837646484
20170308154946563,-1.23013076782227
20170308154946564,-2.67208633422852
20170308154946565,0.745882415771484
20170308154946566,-1.42086563110352
20170308154946567,-2.60342178344727
20170308154946568,0.784029388427734
20170308154946569,-1.42849502563477
20170308154946570,-2.52712783813477
20170308154946571,0.707735443115234
20170308154946572,-1.55819473266602
20170308154946573,-2.59579238891602
20170308154946574,0.707735443115234
20170308154946575,-1.33694229125977
20170308154946576,-2.48898086547852
20170308154946577,0.646700286865234
20170308154946578,-1.53530654907227
20170308154946579,-2.54238662719727
20170308154946580,0.921358489990234
20170308154946581,-1.60397109985352
20170308154946582,-2.51186904907227
20170308154946583,0.715364837646484
20170308154946584,-1.72604141235352
20170308154946585,-2.36691055297852
20170308154946586,0.692476654052734
20170308154946587,-1.93966445922852
20170308154946588,-2.21432266235352
20170308154946589,0.661959075927734
20170308154946590,-2.12276992797852
20170308154946591,-2.00069961547852
20170308154946592,0.600923919677734
20170308154946593,-2.03884658813477
20170308154946594,-2.03121719360352
20170308154946595,0.867952728271484
20170308154946596,-2.22958145141602
20170308154946597,-1.89388809204102
20170308154946598,0.684847259521484
20170308154946599,-2.42794570922852
20170308154946600,-1.67263565063477
20170308154946601,0.562776947021484
20170308154946602,-2.46609268188477
20170308154946603,-1.55819473266602
20170308154946604,0.761141204833984
20170308154946605,-2.69497451782227
20170308154946606,-1.35220108032227
20170308154946607,0.692476654052734
20170308154946608,-3.03829727172852
20170308154946609,-1.00887832641602
20170308154946610,0.509371185302734
20170308154946611,-3.02303848266602
20170308154946612,-0.581632232666016
20170308154946613,0.227083587646484
20170308154946614,-2.96200332641602
20170308154946615,-0.291715240478516
20170308154946616,-0.0857215881347656
20170308154946617,-3.05355606079102
20170308154946618,-0.108609771728516
20170308154946619,-0.223050689697266
20170308154946620,-3.03066787719727
20170308154946621,-0.223050689697266
20170308154946622,-0.253568267822266
20170308154946623,-2.98489151000977
20170308154946624,-0.200162506103516
20170308154946625,-0.245938873291016
20170308154946626,-2.98489151000977
20170308154946627,-0.139127349853516
20170308154946628,-0.169644927978516
20170308154946629,-2.92385635375977
20170308154946630,-0.0857215881347656
20170308154946631,-0.276456451416016
20170308154946632,-2.94674453735352
20170308154946633,-0.223050689697266
20170308154946634,-0.245938873291016
20170308154946635,-2.96963272094727
20170308154946636,-0.100980377197266
20170308154946637,-0.322232818603516
20170308154946638,-2.93911514282227
20170308154946639,0.181307220458984
20170308154946640,-0.322232818603516
20170308154946641,-2.93911514282227
20170308154946642,0.295748138427734
20170308154946643,-0.574002838134766
20170308154946644,-2.82467422485352
20170308154946645,0.433077239990234
20170308154946646,-0.734220123291016
20170308154946647,-2.84756240844727
20170308154946648,0.539888763427734
20170308154946649,-0.619779205322266
20170308154946650,-2.83993301391602
20170308154946651,0.524629974365234
20170308154946652,-0.894437408447266
20170308154946653,-2.90859756469727
20170308154946654,0.639070892333984
20170308154946655,-0.802884674072266
20170308154946656,-2.77889785766602
20170308154946657,0.532259368896484
20170308154946658,-0.734220123291016
20170308154946659,-2.75600967407227
20170308154946660,0.654329681396484
20170308154946661,-1.03939590454102
20170308154946662,-2.78652725219727
20170308154946663,0.722994232177734
20170308154946664,-1.10043106079102
20170308154946665,-2.83993301391602
20170308154946666,0.822176361083984
20170308154946667,-1.13857803344727
20170308154946668,-2.87045059204102
20170308154946669,0.654329681396484
20170308154946670,-1.06228408813477
20170308154946671,-2.78652725219727
20170308154946672,0.677217864990234
20170308154946673,-0.978360748291016
20170308154946674,-2.83230361938477
20170308154946675,0.921358489990234
20170308154946676,-1.02413711547852
20170308154946677,-2.82467422485352
20170308154946678,0.806917572021484
20170308154946679,-1.16909561157227
20170308154946680,-2.78652725219727
20170308154946681,0.852693939208984
20170308154946682,-1.29879531860352
20170308154946683,-2.67208633422852
20170308154946684,0.768770599365234
20170308154946685,-1.42086563110352
20170308154946686,-2.61868057250977
20170308154946687,0.776399993896484
20170308154946688,-1.32931289672852
20170308154946689,-2.55764541625977
20170308154946690,0.784029388427734
20170308154946691,-1.39797744750977
20170308154946692,-2.60342178344727
20170308154946693,0.837435150146484
20170308154946694,-1.51241836547852
20170308154946695,-2.51949844360352
20170308154946696,0.784029388427734
20170308154946697,-1.37508926391602
20170308154946698,-2.55001602172852
20170308154946699,0.684847259521484
20170308154946700,-1.41323623657227
20170308154946701,-2.45083389282227
20170308154946702,0.730623626708984
20170308154946703,-1.55819473266602
20170308154946704,-2.51949844360352
20170308154946705,0.768770599365234
20170308154946706,-1.76418838500977
20170308154946707,-2.41268692016602
20170308154946708,0.776399993896484
20170308154946709,-2.03884658813477
20170308154946710,-2.06936416625977
20170308154946711,0.890840911865234
20170308154946712,-2.10751113891602
20170308154946713,-2.11514053344727
20170308154946714,0.806917572021484
20170308154946715,-2.19143447875977
20170308154946716,-1.94729385375977
20170308154946717,0.776399993896484
20170308154946718,-2.17617568969727
20170308154946719,-1.77181777954102
20170308154946720,0.852693939208984
20170308154946721,-2.57290420532227
20170308154946722,-1.42849502563477
20170308154946723,0.799288177490234
20170308154946724,-2.83993301391602
20170308154946725,-1.19961318969727
20170308154946726,0.661959075927734
20170308154946727,-3.02303848266602
20170308154946728,-1.05465469360352
20170308154946729,0.539888763427734
20170308154946730,-3.01540908813477
20170308154946731,-0.863919830322266
20170308154946732,0.524629974365234
20170308154946733,-2.94674453735352
20170308154946734,-0.474820709228516
20170308154946735,0.265230560302734
20170308154946736,-2.93148574829102
20170308154946737,-0.375638580322266
20170308154946738,-0.0399452209472656
20170308154946739,-3.02303848266602
20170308154946740,-0.200162506103516
20170308154946741,-0.238309478759766
20170308154946742,-2.87045059204102
20170308154946743,-0.291715240478516
20170308154946744,-0.223050689697266
20170308154946745,-2.89333877563477
20170308154946746,-0.200162506103516
20170308154946747,-0.268827056884766
20170308154946748,-2.92385635375977
20170308154946749,-0.100980377197266
20170308154946750,-0.245938873291016
20170308154946751,-2.96200332641602
20170308154946752,0.0744956970214844
20170308154946753,-0.482450103759766
20170308154946754,-2.89333877563477
20170308154946755,0.501741790771484
20170308154946756,-0.810514068603516
20170308154946757,-2.96200332641602
20170308154946758,0.722994232177734
20170308154946759,-0.947843170166016
20170308154946760,-2.79415664672852
20170308154946761,0.898470306396484
20170308154946762,-1.13094863891602
20170308154946763,-2.71023330688477
20170308154946764,0.875582122802734
20170308154946765,-1.02413711547852
20170308154946766,-2.67208633422852
20170308154946767,1.04342880249023
20170308154946768,-1.39034805297852
20170308154946769,-2.53475723266602
20170308154946770,0.784029388427734
20170308154946771,-1.24538955688477
20170308154946772,-2.52712783813477
20170308154946773,0.974764251708984
20170308154946774,-1.50478897094727
20170308154946775,-2.36691055297852
20170308154946776,0.768770599365234
20170308154946777,-1.83285293579102
20170308154946778,-2.19906387329102
20170308154946779,0.715364837646484
20170308154946780,-1.90914688110352
20170308154946781,-2.19143447875977
20170308154946782,0.745882415771484
20170308154946783,-1.99307022094727
20170308154946784,-2.02358779907227
20170308154946785,0.639070892333984
20170308154946786,-1.93203506469727
20170308154946787,-2.14565811157227
20170308154946788,0.806917572021484
20170308154946789,-1.91677627563477
20170308154946790,-2.19143447875977
20170308154946791,0.684847259521484
20170308154946792,-1.88625869750977
20170308154946793,-2.07699356079102
20170308154946794,0.799288177490234
20170308154946795,-1.98544082641602
20170308154946796,-2.13802871704102
20170308154946797,0.715364837646484
20170308154946798,-2.19143447875977
20170308154946799,-2.14565811157227
20170308154946800,0.738253021240234
20170308154946801,-2.09225234985352
20170308154946802,-2.03884658813477
20170308154946803,0.890840911865234
20170308154946804,-2.11514053344727
20170308154946805,-1.97781143188477
20170308154946806,0.600923919677734
20170308154946807,-1.91677627563477
20170308154946808,-2.22195205688477
20170308154946809,0.669588470458984
20170308154946810,-1.84811172485352
20170308154946811,-2.27535781860352
20170308154946812,0.845064544677734
20170308154946813,-2.00069961547852
20170308154946814,-2.10751113891602
20170308154946815,0.822176361083984
20170308154946816,-2.06173477172852
20170308154946817,-2.09988174438477
20170308154946818,0.578035736083984
20170308154946819,-1.91677627563477
20170308154946820,-2.26772842407227
20170308154946821,0.715364837646484
20170308154946822,-1.98544082641602
20170308154946823,-2.00069961547852
20170308154946824,0.608553314208984
20170308154946825,-1.96255264282227
20170308154946826,-2.06173477172852
20170308154946827,0.692476654052734
20170308154946828,-2.17617568969727
20170308154946829,-1.90151748657227
20170308154946830,0.722994232177734
20170308154946831,-2.34402236938477
20170308154946832,-1.95492324829102
20170308154946833,0.578035736083984
20170308154946834,-2.26772842407227
20170308154946835,-1.93966445922852
20170308154946836,0.593294525146484
20170308154946837,-2.20669326782227
20170308154946838,-1.86337051391602
20170308154946839,0.799288177490234
20170308154946840,-2.15328750610352
20170308154946841,-1.88625869750977
20170308154946842,0.654329681396484
20170308154946843,-2.25246963500977
20170308154946844,-1.90151748657227
20170308154946845,0.585665130615234
20170308154946846,-2.38216934204102
20170308154946847,-1.86337051391602
20170308154946848,0.700106048583984
20170308154946849,-2.42031631469727
20170308154946850,-1.60397109985352
20170308154946851,0.814546966552734
20170308154946852,-2.41268692016602
20170308154946853,-1.68789443969727
20170308154946854,0.707735443115234
20170308154946855,-2.37453994750977
20170308154946856,-1.61160049438477
20170308154946857,0.707735443115234
20170308154946858,-2.73312149047852
20170308154946859,-1.26064834594727
20170308154946860,0.570406341552734
20170308154946861,-2.71786270141602
20170308154946862,-1.35983047485352
20170308154946863,0.784029388427734
20170308154946864,-2.67208633422852
20170308154946865,-1.28353652954102
20170308154946866,0.570406341552734
20170308154946867,-2.81704483032227
20170308154946868,-1.29116592407227
20170308154946869,0.608553314208984
20170308154946870,-2.86282119750977
20170308154946871,-1.18435440063477
20170308154946872,0.677217864990234
20170308154946873,-2.93148574829102
20170308154946874,-1.03939590454102
20170308154946875,0.524629974365234
20170308154946876,-3.01540908813477
20170308154946877,-0.825772857666016
20170308154946878,0.425447845458984
20170308154946879,-2.98489151000977
20170308154946880,-0.581632232666016
20170308154946881,0.249971771240234
20170308154946882,-2.96200332641602
20170308154946883,-0.429044342041016
20170308154946884,0.0058311462402344
20170308154946885,-3.03829727172852
20170308154946886,-0.207791900634766
20170308154946887,-0.207791900634766
20170308154946888,-2.95437393188477
20170308154946889,0.127901458740234
20170308154946890,-0.268827056884766
20170308154946891,-2.83993301391602
20170308154946892,0.295748138427734
20170308154946893,-0.345121002197266
20170308154946894,-2.84756240844727
20170308154946895,0.593294525146484
20170308154946896,-0.711331939697266
20170308154946897,-2.83993301391602
20170308154946898,0.463594818115234
20170308154946899,-0.696073150634766
20170308154946900,-2.90859756469727
20170308154946901,0.700106048583984
20170308154946902,-0.985990142822266
20170308154946903,-2.77126846313477
20170308154946904,0.829805755615234
20170308154946905,-1.20724258422852
20170308154946906,-2.64919815063477
20170308154946907,0.761141204833984
20170308154946908,-1.25301895141602
20170308154946909,-2.58816299438477
20170308154946910,0.867952728271484
20170308154946911,-1.50478897094727
20170308154946912,-2.48898086547852
20170308154946913,0.761141204833984
20170308154946914,-1.74892959594727
20170308154946915,-2.31350479125977
20170308154946916,0.753511810302734
20170308154946917,-1.97018203735352
20170308154946918,-1.99307022094727
20170308154946919,0.890840911865234
20170308154946920,-2.17617568969727
20170308154946921,-1.84048233032227
20170308154946922,0.837435150146484
20170308154946923,-2.32113418579102
20170308154946924,-1.64211807250977
20170308154946925,0.806917572021484
20170308154946926,-2.32113418579102
20170308154946927,-1.52767715454102
20170308154946928,0.829805755615234
20170308154946929,-2.55764541625977
20170308154946930,-1.50478897094727
20170308154946931,0.784029388427734
20170308154946932,-2.67971572875977
20170308154946933,-1.39797744750977
20170308154946934,0.578035736083984
20170308154946935,-2.76363906860352
20170308154946936,-1.36745986938477
20170308154946937,0.661959075927734
20170308154946938,-2.90859756469727
20170308154946939,-1.15383682250977
20170308154946940,0.684847259521484
20170308154946941,-2.91622695922852
20170308154946942,-1.10806045532227
20170308154946943,0.745882415771484
20170308154946944,-2.92385635375977
20170308154946945,-0.985990142822266
20170308154946946,0.738253021240234
20170308154946947,-2.89333877563477
20170308154946948,-0.993619537353516
20170308154946949,0.463594818115234
20170308154946950,-2.92385635375977
20170308154946951,-1.01650772094727
20170308154946952,0.471224212646484
20170308154946953,-2.90096817016602
20170308154946954,-1.12331924438477
20170308154946955,0.524629974365234
20170308154946956,-2.89333877563477
20170308154946957,-1.11568984985352
20170308154946958,0.547518157958984
20170308154946959,-2.90859756469727
20170308154946960,-0.993619537353516
20170308154946961,0.448336029052734
20170308154946962,-2.94674453735352
20170308154946963,-1.10806045532227
20170308154946964,0.608553314208984
20170308154946965,-2.90096817016602
20170308154946966,-1.06991348266602
20170308154946967,0.433077239990234
20170308154946968,-3.01540908813477
20170308154946969,-0.833402252197266
20170308154946970,0.379671478271484
20170308154946971,-2.96963272094727
20170308154946972,-0.810514068603516
20170308154946973,0.387300872802734
20170308154946974,-3.01540908813477
20170308154946975,-0.734220123291016
20170308154946976,0.410189056396484
20170308154946977,-2.96963272094727
20170308154946978,-0.871549224853516
20170308154946979,0.394930267333984
20170308154946980,-2.93911514282227
20170308154946981,-0.795255279541016
20170308154946982,0.333895111083984
20170308154946983,-2.94674453735352
20170308154946984,-0.985990142822266
20170308154946985,0.608553314208984
20170308154946986,-2.95437393188477
20170308154946987,-1.13857803344727
20170308154946988,0.463594818115234
20170308154946989,-2.93911514282227
20170308154946990,-0.947843170166016
20170308154946991,0.394930267333984
20170308154946992,-3.00015029907227
20170308154946993,-0.886808013916016
20170308154946994,0.494112396240234
20170308154946995,-3.02303848266602
20170308154946996,-0.902066802978516
20170308154946997,0.410189056396484
20170308154946998,-2.95437393188477
20170308154946999,-0.955472564697266
20170308154947000,0.463594818115234
20170308154947001,-2.92385635375977
20170308154947002,-1.13094863891602
20170308154947003,0.448336029052734
20170308154947004,-2.98489151000977
20170308154947005,-0.978360748291016
20170308154947006,0.517000579833984
20170308154947007,-2.95437393188477
20170308154947008,-0.718961334228516
20170308154947009,0.387300872802734
20170308154947010,-2.98489151000977
20170308154947011,-0.680814361572266
20170308154947012,0.333895111083984
20170308154947013,-3.04592666625977
20170308154947014,-0.879178619384766
20170308154947015,0.494112396240234
20170308154947016,-2.89333877563477
20170308154947017,-0.863919830322266
20170308154947018,0.387300872802734
20170308154947019,-2.89333877563477
20170308154947020,-1.05465469360352
20170308154947021,0.578035736083984
20170308154947022,-2.95437393188477
20170308154947023,-0.978360748291016
20170308154947024,0.478853607177734
20170308154947025,-2.84756240844727
20170308154947026,-1.14620742797852
20170308154947027,0.608553314208984
20170308154947028,-2.78652725219727
20170308154947029,-1.21487197875977
20170308154947030,0.707735443115234
20170308154947031,-2.90859756469727
20170308154947032,-1.16909561157227
20170308154947033,0.440706634521484
20170308154947034,-2.89333877563477
20170308154947035,-1.22250137329102
20170308154947036,0.745882415771484
20170308154947037,-2.79415664672852
20170308154947038,-1.28353652954102
20170308154947039,0.425447845458984
20170308154947040,-2.64919815063477
20170308154947041,-1.37508926391602
20170308154947042,0.616182708740234
20170308154947043,-2.71023330688477
20170308154947044,-1.55056533813477
20170308154947045,0.578035736083984
20170308154947046,-2.62630996704102
20170308154947047,-1.40560684204102
20170308154947048,0.730623626708984
20170308154947049,-2.71786270141602
20170308154947050,-1.46664199829102
20170308154947051,0.478853607177734
20170308154947052,-2.55764541625977
20170308154947053,-1.37508926391602
20170308154947054,0.799288177490234
20170308154947055,-2.62630996704102
20170308154947056,-1.40560684204102
20170308154947057,0.776399993896484
20170308154947058,-2.68734512329102
20170308154947059,-1.35983047485352
20170308154947060,0.578035736083984
20170308154947061,-2.60342178344727
20170308154947062,-1.40560684204102
20170308154947063,0.501741790771484
20170308154947064,-2.52712783813477
20170308154947065,-1.58108291625977
20170308154947066,0.661959075927734
20170308154947067,-2.50423965454102
20170308154947068,-1.55056533813477
20170308154947069,0.578035736083984
20170308154947070,-2.46609268188477
20170308154947071,-1.58871231079102
20170308154947072,0.608553314208984
20170308154947073,-2.33639297485352
20170308154947074,-1.77944717407227
20170308154947075,0.692476654052734
20170308154947076,-2.29824600219727
20170308154947077,-1.83285293579102
20170308154947078,0.707735443115234
20170308154947079,-2.31350479125977
20170308154947080,-1.79470596313477
20170308154947081,0.562776947021484
20170308154947082,-2.26009902954102
20170308154947083,-1.74892959594727
20170308154947084,0.661959075927734
20170308154947085,-2.44320449829102
20170308154947086,-1.74892959594727
20170308154947087,0.860323333740234
20170308154947088,-2.30587539672852
20170308154947089,-1.82522354125977
20170308154947090,0.875582122802734
20170308154947091,-2.26009902954102
20170308154947092,-1.81759414672852
20170308154947093,0.608553314208984
20170308154947094,-2.27535781860352
20170308154947095,-1.64211807250977
20170308154947096,0.677217864990234
20170308154947097,-2.28298721313477
20170308154947098,-1.69552383422852
20170308154947099,0.669588470458984
20170308154947100,-2.19143447875977
20170308154947101,-1.79470596313477
20170308154947102,0.616182708740234
20170308154947103,-2.25246963500977
20170308154947104,-1.83285293579102
20170308154947105,0.761141204833984
20170308154947106,-2.32113418579102
20170308154947107,-1.60397109985352
20170308154947108,0.654329681396484
20170308154947109,-2.55001602172852
20170308154947110,-1.30642471313477
20170308154947111,0.639070892333984
20170308154947112,-2.75600967407227
20170308154947113,-1.29116592407227
20170308154947114,0.639070892333984
20170308154947115,-2.81704483032227
20170308154947116,-1.20724258422852
20170308154947117,0.585665130615234
20170308154947118,-3.06118545532227
20170308154947119,-1.04702529907227
20170308154947120,0.608553314208984
20170308154947121,-2.97726211547852
20170308154947122,-0.833402252197266
20170308154947123,0.440706634521484
20170308154947124,-2.95437393188477
20170308154947125,-0.711331939697266
20170308154947126,0.364412689208984
20170308154947127,-2.96963272094727
20170308154947128,-0.429044342041016
20170308154947129,0.0821250915527344
20170308154947130,-2.96963272094727
20170308154947131,-0.238309478759766
20170308154947132,-0.0475746154785156
20170308154947133,-2.93148574829102
20170308154947134,0.0744956970214844
20170308154947135,-0.451932525634766
20170308154947136,-2.83230361938477
20170308154947137,0.295748138427734
20170308154947138,-0.665555572509766
20170308154947139,-2.85519180297852
20170308154947140,0.623812103271484
20170308154947141,-0.863919830322266
20170308154947142,-2.90096817016602
20170308154947143,0.707735443115234
20170308154947144,-0.917325592041016
20170308154947145,-2.85519180297852
20170308154947146,0.814546966552734
20170308154947147,-1.19198379516602
20170308154947148,-2.73312149047852
20170308154947149,1.02817001342773
20170308154947150,-1.40560684204102
20170308154947151,-2.51186904907227
20170308154947152,0.692476654052734
20170308154947153,-1.38271865844727
20170308154947154,-2.61105117797852
20170308154947155,0.684847259521484
20170308154947156,-1.48190078735352
20170308154947157,-2.62630996704102
20170308154947158,0.799288177490234
20170308154947159,-1.64974746704102
20170308154947160,-2.51949844360352
20170308154947161,0.677217864990234
20170308154947162,-1.58871231079102
20170308154947163,-2.45083389282227
20170308154947164,0.715364837646484
20170308154947165,-1.75655899047852
20170308154947166,-2.40505752563477
20170308154947167,0.661959075927734
20170308154947168,-1.91677627563477
20170308154947169,-2.22195205688477
20170308154947170,0.700106048583984
20170308154947171,-2.00832901000977
20170308154947172,-2.07699356079102
20170308154947173,0.738253021240234
20170308154947174,-2.06173477172852
20170308154947175,-1.98544082641602
20170308154947176,0.654329681396484
20170308154947177,-2.03884658813477
20170308154947178,-2.00069961547852
20170308154947179,0.524629974365234
20170308154947180,-2.11514053344727
20170308154947181,-1.96255264282227
20170308154947182,0.791658782958984
20170308154947183,-2.06936416625977
20170308154947184,-1.97018203735352
20170308154947185,0.639070892333984
20170308154947186,-2.16854629516602
20170308154947187,-1.91677627563477
20170308154947188,0.715364837646484
20170308154947189,-2.12276992797852
20170308154947190,-2.03121719360352
20170308154947191,0.707735443115234
20170308154947192,-2.19906387329102
20170308154947193,-1.96255264282227
20170308154947194,0.692476654052734
20170308154947195,-2.10751113891602
20170308154947196,-2.00069961547852
20170308154947197,0.906099700927734
20170308154947198,-2.13039932250977
20170308154947199,-1.93203506469727
20170308154947200,0.669588470458984
20170308154947201,-2.27535781860352
20170308154947202,-1.87099990844727
20170308154947203,0.616182708740234
20170308154947204,-2.16854629516602
20170308154947205,-1.95492324829102
20170308154947206,0.639070892333984
20170308154947207,-2.16854629516602
20170308154947208,-1.90151748657227
20170308154947209,0.669588470458984
20170308154947210,-2.31350479125977
20170308154947211,-1.81759414672852
20170308154947212,0.692476654052734
20170308154947213,-2.42031631469727
20170308154947214,-1.68789443969727
20170308154947215,0.608553314208984
20170308154947216,-2.57290420532227
20170308154947217,-1.43612442016602
20170308154947218,0.639070892333984
20170308154947219,-2.85519180297852
20170308154947220,-1.25301895141602
20170308154947221,0.768770599365234
20170308154947222,-2.81704483032227
20170308154947223,-1.25301895141602
20170308154947224,0.623812103271484
20170308154947225,-2.75600967407227
20170308154947226,-1.36745986938477
20170308154947227,0.639070892333984
20170308154947228,-2.83230361938477
20170308154947229,-1.19198379516602
20170308154947230,0.745882415771484
20170308154947231,-2.88570938110352
20170308154947232,-1.04702529907227
20170308154947233,0.455965423583984
20170308154947234,-2.91622695922852
20170308154947235,-0.963101959228516
20170308154947236,0.486483001708984
20170308154947237,-2.95437393188477
20170308154947238,-0.657926177978516
20170308154947239,0.349153900146484
20170308154947240,-2.97726211547852
20170308154947241,-0.657926177978516
20170308154947242,0.349153900146484
20170308154947243,-2.93148574829102
20170308154947244,-0.505338287353516
20170308154947245,0.318636322021484
20170308154947246,-2.90859756469727
20170308154947247,-0.444303131103516
20170308154947248,0.112642669677734
20170308154947249,-2.93911514282227
20170308154947250,-0.467191314697266
20170308154947251,-0.0399452209472656
20170308154947252,-2.98489151000977
20170308154947253,-0.383267974853516
20170308154947254,0.143160247802734
20170308154947255,-2.85519180297852
20170308154947256,-0.429044342041016
20170308154947257,0.0363487243652344
20170308154947258,-2.92385635375977
20170308154947259,-0.253568267822266
20170308154947260,0.105013275146484
20170308154947261,-2.84756240844727
20170308154947262,-0.131497955322266
20170308154947263,-0.322232818603516
20170308154947264,-2.90859756469727
20170308154947265,0.0058311462402344
20170308154947266,-0.276456451416016
20170308154947267,-2.89333877563477
20170308154947268,0.173677825927734
20170308154947269,-0.482450103759766
20170308154947270,-2.80941543579102
20170308154947271,0.356783294677734
20170308154947272,-0.612149810791016
20170308154947273,-2.84756240844727
20170308154947274,0.562776947021484
20170308154947275,-0.764737701416016
20170308154947276,-2.84756240844727
20170308154947277,0.692476654052734
20170308154947278,-0.932584381103516
20170308154947279,-2.83993301391602
20170308154947280,0.707735443115234
20170308154947281,-1.08517227172852
20170308154947282,-2.88570938110352
20170308154947283,0.860323333740234
20170308154947284,-1.03939590454102
20170308154947285,-2.79415664672852
20170308154947286,0.806917572021484
20170308154947287,-1.20724258422852
20170308154947288,-2.71023330688477
20170308154947289,0.738253021240234
20170308154947290,-1.30642471313477
20170308154947291,-2.58816299438477
20170308154947292,0.799288177490234
20170308154947293,-1.47427139282227
20170308154947294,-2.48898086547852
20170308154947295,1.01291122436523
20170308154947296,-1.41323623657227
20170308154947297,-2.62630996704102
20170308154947298,0.791658782958984
20170308154947299,-1.42086563110352
20170308154947300,-2.48898086547852
20170308154947301,0.692476654052734
20170308154947302,-1.59634170532227
20170308154947303,-2.33639297485352
20170308154947304,0.768770599365234
20170308154947305,-1.82522354125977
20170308154947306,-2.14565811157227
20170308154947307,0.715364837646484
20170308154947308,-2.04647598266602
20170308154947309,-1.94729385375977
20170308154947310,0.799288177490234
20170308154947311,-2.13802871704102
20170308154947312,-1.85574111938477
20170308154947313,0.661959075927734
20170308154947314,-2.22958145141602
20170308154947315,-1.93966445922852
20170308154947316,0.600923919677734
20170308154947317,-2.19906387329102
20170308154947318,-1.87862930297852
20170308154947319,0.593294525146484
20170308154947320,-2.23721084594727
20170308154947321,-1.90914688110352
20170308154947322,0.715364837646484
20170308154947323,-2.23721084594727
20170308154947324,-1.81759414672852
20170308154947325,0.715364837646484
20170308154947326,-2.29824600219727
20170308154947327,-1.65737686157227
20170308154947328,0.684847259521484
20170308154947329,-2.29824600219727
20170308154947330,-1.84811172485352
20170308154947331,0.738253021240234
20170308154947332,-2.30587539672852
20170308154947333,-1.74130020141602
20170308154947334,0.707735443115234
20170308154947335,-2.40505752563477
20170308154947336,-1.86337051391602
20170308154947337,0.608553314208984
20170308154947338,-2.22195205688477
20170308154947339,-1.88625869750977
20170308154947340,0.616182708740234
20170308154947341,-2.06173477172852
20170308154947342,-1.91677627563477
20170308154947343,0.761141204833984
20170308154947344,-2.16854629516602
20170308154947345,-1.99307022094727
20170308154947346,0.661959075927734
20170308154947347,-2.00069961547852
20170308154947348,-2.00832901000977
20170308154947349,0.784029388427734
20170308154947350,-2.03884658813477
20170308154947351,-1.98544082641602
20170308154947352,0.722994232177734
20170308154947353,-2.10751113891602
20170308154947354,-1.90151748657227
20170308154947355,0.700106048583984
20170308154947356,-2.06173477172852
20170308154947357,-1.96255264282227
20170308154947358,0.715364837646484
20170308154947359,-2.16091690063477
20170308154947360,-1.77944717407227
20170308154947361,0.745882415771484
20170308154947362,-2.31350479125977
20170308154947363,-1.81759414672852
20170308154947364,0.722994232177734
20170308154947365,-2.32876358032227
20170308154947366,-1.77944717407227
20170308154947367,0.722994232177734
20170308154947368,-2.34402236938477
20170308154947369,-1.66500625610352
20170308154947370,0.707735443115234
20170308154947371,-2.48135147094727
20170308154947372,-1.52767715454102
20170308154947373,0.707735443115234
20170308154947374,-2.61105117797852
20170308154947375,-1.45138320922852
20170308154947376,0.669588470458984
20170308154947377,-2.76363906860352
20170308154947378,-1.25301895141602
20170308154947379,0.600923919677734
20170308154947380,-2.82467422485352
20170308154947381,-1.07754287719727
20170308154947382,0.532259368896484
20170308154947383,-2.87807998657227
20170308154947384,-1.05465469360352
20170308154947385,0.562776947021484
20170308154947386,-2.96200332641602
20170308154947387,-0.802884674072266
20170308154947388,0.448336029052734
20170308154947389,-2.94674453735352
20170308154947390,-0.871549224853516
20170308154947391,0.623812103271484
20170308154947392,-2.91622695922852
20170308154947393,-0.741849517822266
20170308154947394,0.494112396240234
20170308154947395,-2.95437393188477
20170308154947396,-0.589261627197266
20170308154947397,0.272859954833984
20170308154947398,-2.92385635375977
20170308154947399,-0.474820709228516
20170308154947400,0.135530853271484
20170308154947401,-2.95437393188477
20170308154947402,-0.429044342041016
20170308154947403,0.234712982177734
20170308154947404,-2.93148574829102
20170308154947405,-0.276456451416016
20170308154947406,-0.184903717041016
20170308154947407,-2.88570938110352
20170308154947408,0.0134605407714844
20170308154947409,-0.329862213134766
20170308154947410,-2.89333877563477
20170308154947411,0.196566009521484
20170308154947412,-0.451932525634766
20170308154947413,-2.89333877563477
20170308154947414,0.501741790771484
20170308154947415,-0.459561920166016
20170308154947416,-2.80178604125977
20170308154947417,0.600923919677734
20170308154947418,-0.657926177978516
20170308154947419,-2.80178604125977
20170308154947420,0.440706634521484
20170308154947421,-0.726590728759766
20170308154947422,-2.80178604125977
20170308154947423,0.524629974365234
20170308154947424,-0.818143463134766
20170308154947425,-2.74838027954102
20170308154947426,0.585665130615234
20170308154947427,-0.795255279541016
20170308154947428,-2.77889785766602
20170308154947429,0.738253021240234
20170308154947430,-0.886808013916016
20170308154947431,-2.81704483032227
20170308154947432,0.860323333740234
20170308154947433,-1.03176651000977
20170308154947434,-2.77889785766602
20170308154947435,0.837435150146484
20170308154947436,-1.34457168579102
20170308154947437,-2.54238662719727
20170308154947438,0.814546966552734
20170308154947439,-1.30642471313477
20170308154947440,-2.49661026000977
20170308154947441,0.806917572021484
20170308154947442,-1.45901260375977
20170308154947443,-2.38979873657227
20170308154947444,0.730623626708984
20170308154947445,-1.52004776000977
20170308154947446,-2.46609268188477
20170308154947447,0.784029388427734
20170308154947448,-1.68026504516602
20170308154947449,-2.35928115844727
20170308154947450,0.654329681396484
20170308154947451,-1.74892959594727
20170308154947452,-2.45083389282227
20170308154947453,0.722994232177734
20170308154947454,-1.71078262329102
20170308154947455,-2.45083389282227
20170308154947456,0.745882415771484
20170308154947457,-1.68789443969727
20170308154947458,-2.45083389282227
20170308154947459,0.928987884521484
20170308154947460,-1.47427139282227
20170308154947461,-2.35928115844727
20170308154947462,0.677217864990234
20170308154947463,-1.60397109985352
20170308154947464,-2.45083389282227
20170308154947465,0.776399993896484
20170308154947466,-1.64974746704102
20170308154947467,-2.32876358032227
20170308154947468,0.806917572021484
20170308154947469,-1.92440567016602
20170308154947470,-2.17617568969727
20170308154947471,0.745882415771484
20170308154947472,-1.83285293579102
20170308154947473,-2.04647598266602
20170308154947474,0.799288177490234
20170308154947475,-2.23721084594727
20170308154947476,-1.86337051391602
20170308154947477,0.715364837646484
20170308154947478,-2.29824600219727
20170308154947479,-1.72604141235352
20170308154947480,0.661959075927734
20170308154947481,-2.32113418579102
20170308154947482,-1.74892959594727
20170308154947483,0.906099700927734
20170308154947484,-2.32113418579102
20170308154947485,-1.66500625610352
20170308154947486,0.684847259521484
20170308154947487,-2.37453994750977
20170308154947488,-1.57345352172852
20170308154947489,0.738253021240234
20170308154947490,-2.51186904907227
20170308154947491,-1.42849502563477
20170308154947492,0.631441497802734
20170308154947493,-2.55001602172852
20170308154947494,-1.40560684204102
20170308154947495,0.539888763427734
20170308154947496,-2.78652725219727
20170308154947497,-1.37508926391602
20170308154947498,0.616182708740234
20170308154947499,-2.64156875610352
20170308154947500,-1.32168350219727
20170308154947501,0.639070892333984
20170308154947502,-2.79415664672852
20170308154947503,-1.26827774047852
20170308154947504,0.761141204833984
20170308154947505,-2.86282119750977
20170308154947506,-1.16146621704102
20170308154947507,0.478853607177734
20170308154947508,-2.91622695922852
20170308154947509,-1.23013076782227
20170308154947510,0.608553314208984
20170308154947511,-2.87045059204102
20170308154947512,-1.11568984985352
20170308154947513,0.471224212646484
20170308154947514,-2.90096817016602
20170308154947515,-1.10043106079102
20170308154947516,0.524629974365234
20170308154947517,-2.83993301391602
20170308154947518,-1.27590713500977
20170308154947519,0.784029388427734
20170308154947520,-2.75600967407227
20170308154947521,-1.23013076782227
20170308154947522,0.616182708740234
20170308154947523,-2.95437393188477
20170308154947524,-0.917325592041016
20170308154947525,0.486483001708984
20170308154947526,-2.96963272094727
20170308154947527,-0.978360748291016
20170308154947528,0.524629974365234
20170308154947529,-2.87807998657227
20170308154947530,-0.604520416259766
20170308154947531,0.616182708740234
20170308154947532,-2.93148574829102
20170308154947533,-0.604520416259766
20170308154947534,0.227083587646484
20170308154947535,-3.03829727172852
20170308154947536,-0.566373443603516
20170308154947537,0.204195404052734
20170308154947538,-2.98489151000977
20170308154947539,-0.406156158447266
20170308154947540,-0.0552040100097656
20170308154947541,-2.92385635375977
20170308154947542,-0.230680084228516
20170308154947543,-0.100980377197266
20170308154947544,-2.98489151000977
20170308154947545,-0.0780921936035156
20170308154947546,-0.230680084228516
20170308154947547,-2.96200332641602
20170308154947548,-0.0017982482910156
20170308154947549,-0.352750396728516
20170308154947550,-2.85519180297852
20170308154947551,-0.0094276428222656
20170308154947552,-0.383267974853516
20170308154947553,-2.91622695922852
20170308154947554,0.127901458740234
20170308154947555,-0.383267974853516
20170308154947556,-2.84756240844727
20170308154947557,0.387300872802734
20170308154947558,-0.566373443603516
20170308154947559,-2.80941543579102
20170308154947560,0.646700286865234
20170308154947561,-0.673184967041016
20170308154947562,-2.77126846313477
20170308154947563,0.791658782958984
20170308154947564,-1.06228408813477
20170308154947565,-2.74838027954102
20170308154947566,0.883211517333984
20170308154947567,-1.08517227172852
20170308154947568,-2.73312149047852
20170308154947569,0.845064544677734
20170308154947570,-1.15383682250977
20170308154947571,-2.73312149047852
20170308154947572,0.875582122802734
20170308154947573,-1.13857803344727
20170308154947574,-2.60342178344727
20170308154947575,0.738253021240234
20170308154947576,-1.32931289672852
20170308154947577,-2.51186904907227
20170308154947578,1.02054061889648
20170308154947579,-1.68026504516602
20170308154947580,-2.43557510375977
20170308154947581,0.883211517333984
20170308154947582,-1.79470596313477
20170308154947583,-2.27535781860352
20170308154947584,0.860323333740234
20170308154947585,-1.79470596313477
20170308154947586,-2.19906387329102
20170308154947587,0.692476654052734
20170308154947588,-1.86337051391602
20170308154947589,-2.13802871704102
20170308154947590,0.806917572021484
20170308154947591,-1.95492324829102
20170308154947592,-2.15328750610352
20170308154947593,0.784029388427734
20170308154947594,-2.02358779907227
20170308154947595,-2.01595840454102
20170308154947596,0.730623626708984
20170308154947597,-2.13802871704102
20170308154947598,-1.84048233032227
20170308154947599,0.707735443115234
20170308154947600,-2.27535781860352
20170308154947601,-1.62685928344727
20170308154947602,0.883211517333984
20170308154947603,-2.30587539672852
20170308154947604,-1.58871231079102
20170308154947605,0.730623626708984
20170308154947606,-2.35165176391602
20170308154947607,-1.48953018188477
20170308154947608,0.837435150146484
20170308154947609,-2.43557510375977
20170308154947610,-1.52004776000977
20170308154947611,0.730623626708984
20170308154947612,-2.38216934204102
20170308154947613,-1.47427139282227
20170308154947614,0.570406341552734
20170308154947615,-2.44320449829102
20170308154947616,-1.48190078735352
20170308154947617,0.806917572021484
20170308154947618,-2.72549209594727
20170308154947619,-1.42086563110352
20170308154947620,0.661959075927734
20170308154947621,-2.48135147094727
20170308154947622,-1.51241836547852
20170308154947623,0.578035736083984
20170308154947624,-2.45083389282227
20170308154947625,-1.61160049438477
20170308154947626,0.661959075927734
20170308154947627,-2.58816299438477
20170308154947628,-1.36745986938477
20170308154947629,0.562776947021484
20170308154947630,-2.82467422485352
20170308154947631,-1.29879531860352
20170308154947632,0.585665130615234
20170308154947633,-2.89333877563477
20170308154947634,-1.21487197875977
20170308154947635,0.517000579833984
20170308154947636,-2.74075088500977
20170308154947637,-1.40560684204102
20170308154947638,0.616182708740234
20170308154947639,-2.69497451782227
20170308154947640,-1.46664199829102
20170308154947641,0.585665130615234
20170308154947642,-2.61105117797852
20170308154947643,-1.42086563110352
20170308154947644,0.585665130615234
20170308154947645,-2.57290420532227
20170308154947646,-1.45138320922852
20170308154947647,0.654329681396484
20170308154947648,-2.71786270141602
20170308154947649,-1.32931289672852
20170308154947650,0.600923919677734
20170308154947651,-2.79415664672852
20170308154947652,-1.26064834594727
20170308154947653,0.524629974365234
20170308154947654,-2.80178604125977
20170308154947655,-1.20724258422852
20170308154947656,0.585665130615234
20170308154947657,-2.87807998657227
20170308154947658,-0.978360748291016
20170308154947659,0.562776947021484
20170308154947660,-2.98489151000977
20170308154947661,-0.703702545166016
20170308154947662,0.379671478271484
20170308154947663,-2.94674453735352
20170308154947664,-0.902066802978516
20170308154947665,0.631441497802734
20170308154947666,-2.94674453735352
20170308154947667,-0.726590728759766
20170308154947668,0.593294525146484
20170308154947669,-2.96200332641602
20170308154947670,-0.497708892822266
20170308154947671,0.204195404052734
20170308154947672,-3.09170303344727
20170308154947673,-0.596891021728516
20170308154947674,0.272859954833984
20170308154947675,-2.92385635375977
20170308154947676,-0.642667388916016
20170308154947677,0.478853607177734
20170308154947678,-2.90859756469727
20170308154947679,-0.467191314697266
20170308154947680,0.372042083740234
20170308154947681,-2.90096817016602
20170308154947682,-0.429044342041016
20170308154947683,0.135530853271484
20170308154947684,-2.95437393188477
20170308154947685,-0.230680084228516
20170308154947686,-0.139127349853516
20170308154947687,-2.87807998657227
20170308154947688,0.0668663024902344
20170308154947689,-0.116239166259766
20170308154947690,-2.83230361938477
20170308154947691,0.372042083740234
20170308154947692,-0.566373443603516
20170308154947693,-2.82467422485352
20170308154947694,0.761141204833984
20170308154947695,-0.894437408447266
20170308154947696,-2.80941543579102
20170308154947697,0.898470306396484
20170308154947698,-1.13857803344727
20170308154947699,-2.64156875610352
20170308154947700,0.898470306396484
20170308154947701,-1.52767715454102
20170308154947702,-2.50423965454102
20170308154947703,0.829805755615234
20170308154947704,-1.74130020141602
20170308154947705,-2.26009902954102
20170308154947706,0.761141204833984
20170308154947707,-1.99307022094727
20170308154947708,-2.06936416625977
20170308154947709,0.784029388427734
20170308154947710,-2.21432266235352
20170308154947711,-1.76418838500977
20170308154947712,0.768770599365234
20170308154947713,-2.54238662719727
20170308154947714,-1.39797744750977
20170308154947715,0.677217864990234
20170308154947716,-2.87045059204102
20170308154947717,-1.11568984985352
20170308154947718,0.555147552490234
20170308154947719,-3.00015029907227
20170308154947720,-1.01650772094727
20170308154947721,0.364412689208984
20170308154947722,-3.03066787719727
20170308154947723,-0.802884674072266
20170308154947724,0.402559661865234
20170308154947725,-3.03829727172852
20170308154947726,-0.604520416259766
20170308154947727,0.303377532958984
20170308154947728,-2.92385635375977
20170308154947729,-0.635037994384766
20170308154947730,0.532259368896484
20170308154947731,-2.91622695922852
20170308154947732,-0.436673736572266
20170308154947733,0.127901458740234
20170308154947734,-3.00777969360352
20170308154947735,-0.253568267822266
20170308154947736,-0.100980377197266
20170308154947737,-2.92385635375977
20170308154947738,-0.429044342041016
20170308154947739,-0.0475746154785156
20170308154947740,-2.94674453735352
20170308154947741,-0.528226470947266
20170308154947742,0.188936614990234
20170308154947743,-2.88570938110352
20170308154947744,-0.528226470947266
20170308154947745,0.196566009521484
20170308154947746,-2.93148574829102
20170308154947747,-0.375638580322266
20170308154947748,-0.0017982482910156
20170308154947749,-2.90096817016602
20170308154947750,-0.360379791259766
20170308154947751,-0.0628334045410156
20170308154947752,-2.96963272094727
20170308154947753,-0.558744049072266
20170308154947754,0.150789642333984
20170308154947755,-2.95437393188477
20170308154947756,-0.467191314697266
20170308154947757,0.0973838806152344
20170308154947758,-2.90096817016602
20170308154947759,-0.383267974853516
20170308154947760,0.120272064208984
20170308154947761,-2.94674453735352
20170308154947762,-0.329862213134766
20170308154947763,0.0439781188964844
20170308154947764,-2.96200332641602
20170308154947765,-0.375638580322266
20170308154947766,0.211824798583984
20170308154947767,-2.95437393188477
20170308154947768,-0.383267974853516
20170308154947769,0.0668663024902344
20170308154947770,-2.90859756469727
20170308154947771,-0.314603424072266
20170308154947772,0.188936614990234
20170308154947773,-2.97726211547852
20170308154947774,-0.291715240478516
20170308154947775,-0.0246864318847656
20170308154947776,-2.93911514282227
20170308154947777,-0.322232818603516
20170308154947778,-0.0094276428222656
20170308154947779,-2.84756240844727
20170308154947780,-0.207791900634766
20170308154947781,0.0134605407714844
20170308154947782,-2.88570938110352
20170308154947783,-0.413785552978516
20170308154947784,-0.0017982482910156
20170308154947785,-2.96200332641602
20170308154947786,-0.284085845947266
20170308154947787,-0.131497955322266
20170308154947788,-2.92385635375977
20170308154947789,-0.177274322509766
20170308154947790,-0.116239166259766
20170308154947791,-2.96963272094727
20170308154947792,-0.253568267822266
20170308154947793,-0.0628334045410156
20170308154947794,-2.88570938110352
20170308154947795,-0.276456451416016
20170308154947796,-0.0246864318847656
20170308154947797,-2.87807998657227
20170308154947798,-0.253568267822266
20170308154947799,-0.192533111572266
20170308154947800,-2.93148574829102
20170308154947801,-0.253568267822266
20170308154947802,0.0592369079589844
20170308154947803,-2.97726211547852
20170308154947804,-0.100980377197266
20170308154947805,-0.108609771728516
20170308154947806,-2.98489151000977
20170308154947807,-0.0323158264160156
20170308154947808,-0.200162506103516
20170308154947809,-2.90096817016602
20170308154947810,-0.0933509826660156
20170308154947811,-0.230680084228516
20170308154947812,-2.83993301391602
20170308154947813,0.326265716552734
20170308154947814,-0.535855865478516
20170308154947815,-2.85519180297852
20170308154947816,0.265230560302734
20170308154947817,-0.566373443603516
20170308154947818,-2.84756240844727
20170308154947819,0.288118743896484
20170308154947820,-0.680814361572266
20170308154947821,-2.81704483032227
20170308154947822,0.517000579833984
20170308154947823,-0.772367095947266
20170308154947824,-2.82467422485352
20170308154947825,0.501741790771484
20170308154947826,-0.787625885009766
20170308154947827,-2.86282119750977
20170308154947828,0.768770599365234
20170308154947829,-0.940213775634766
20170308154947830,-2.88570938110352
20170308154947831,0.768770599365234
20170308154947832,-1.14620742797852
20170308154947833,-2.65682754516602
20170308154947834,0.768770599365234
20170308154947835,-1.21487197875977
20170308154947836,-2.74838027954102
20170308154947837,1.01291122436523
20170308154947838,-1.05465469360352
20170308154947839,-2.68734512329102
20170308154947840,0.814546966552734
20170308154947841,-1.40560684204102
20170308154947842,-2.55764541625977
20170308154947843,0.753511810302734
20170308154947844,-1.58108291625977
20170308154947845,-2.52712783813477
20170308154947846,0.867952728271484
20170308154947847,-1.62685928344727
20170308154947848,-2.42031631469727
20170308154947849,0.661959075927734
20170308154947850,-1.66500625610352
20170308154947851,-2.31350479125977
20170308154947852,0.692476654052734
20170308154947853,-1.77181777954102
20170308154947854,-2.14565811157227
20170308154947855,0.761141204833984
20170308154947856,-2.15328750610352
20170308154947857,-2.14565811157227
20170308154947858,0.784029388427734
20170308154947859,-2.14565811157227
20170308154947860,-1.94729385375977
20170308154947861,0.860323333740234
20170308154947862,-2.42794570922852
20170308154947863,-1.61160049438477
20170308154947864,0.570406341552734
20170308154947865,-2.17617568969727
20170308154947866,-1.74892959594727
20170308154947867,0.578035736083984
20170308154947868,-2.32113418579102
20170308154947869,-1.64974746704102
20170308154947870,0.669588470458984
20170308154947871,-2.53475723266602
20170308154947872,-1.61160049438477
20170308154947873,0.761141204833984
20170308154947874,-2.69497451782227
20170308154947875,-1.35220108032227
20170308154947876,0.722994232177734
20170308154947877,-2.93911514282227
20170308154947878,-1.34457168579102
20170308154947879,0.539888763427734
20170308154947880,-2.78652725219727
20170308154947881,-1.39034805297852
20170308154947882,0.570406341552734
20170308154947883,-2.71023330688477
20170308154947884,-1.45138320922852
20170308154947885,0.562776947021484
20170308154947886,-2.76363906860352
20170308154947887,-1.24538955688477
20170308154947888,0.501741790771484
20170308154947889,-2.76363906860352
20170308154947890,-1.38271865844727
20170308154947891,0.753511810302734
20170308154947892,-2.69497451782227
20170308154947893,-1.27590713500977
20170308154947894,0.623812103271484
20170308154947895,-2.84756240844727
20170308154947896,-1.23013076782227
20170308154947897,0.524629974365234
20170308154947898,-2.68734512329102
20170308154947899,-1.29879531860352
20170308154947900,0.570406341552734
20170308154947901,-2.67208633422852
20170308154947902,-1.39034805297852
20170308154947903,0.539888763427734
20170308154947904,-2.66445693969727
20170308154947905,-1.45901260375977
20170308154947906,0.623812103271484
20170308154947907,-2.74838027954102
20170308154947908,-1.58871231079102
20170308154947909,0.517000579833984
20170308154947910,-2.39742813110352
20170308154947911,-1.42086563110352
20170308154947912,0.623812103271484
20170308154947913,-2.54238662719727
20170308154947914,-1.51241836547852
20170308154947915,0.829805755615234
20170308154947916,-2.52712783813477
20170308154947917,-1.55819473266602
20170308154947918,0.806917572021484
20170308154947919,-2.65682754516602
20170308154947920,-1.48953018188477
20170308154947921,0.524629974365234
20170308154947922,-2.61868057250977
20170308154947923,-1.46664199829102
20170308154947924,0.730623626708984
20170308154947925,-2.43557510375977
20170308154947926,-1.55819473266602
20170308154947927,0.631441497802734
20170308154947928,-2.60342178344727
20170308154947929,-1.57345352172852
20170308154947930,0.761141204833984
20170308154947931,-2.54238662719727
20170308154947932,-1.67263565063477
20170308154947933,0.600923919677734
20170308154947934,-2.51186904907227
20170308154947935,-1.50478897094727
20170308154947936,0.578035736083984
20170308154947937,-2.69497451782227
20170308154947938,-1.43612442016602
20170308154947939,0.539888763427734
20170308154947940,-2.62630996704102
20170308154947941,-1.37508926391602
20170308154947942,0.593294525146484
20170308154947943,-2.55001602172852
20170308154947944,-1.45901260375977
20170308154947945,0.623812103271484
20170308154947946,-2.62630996704102
20170308154947947,-1.35983047485352
20170308154947948,0.776399993896484
20170308154947949,-2.88570938110352
20170308154947950,-1.21487197875977
20170308154947951,0.509371185302734
20170308154947952,-2.97726211547852
20170308154947953,-1.10043106079102
20170308154947954,0.517000579833984
20170308154947955,-3.02303848266602
20170308154947956,-0.627408599853516
20170308154947957,0.326265716552734
20170308154947958,-3.01540908813477
20170308154947959,-0.337491607666016
20170308154947960,0.242342376708984
20170308154947961,-3.00777969360352
20170308154947962,-0.337491607666016
20170308154947963,-0.0094276428222656
20170308154947964,-3.04592666625977
20170308154947965,-0.261197662353516
20170308154947966,-0.0704627990722656
20170308154947967,-2.95437393188477
20170308154947968,-0.0628334045410156
20170308154947969,-0.230680084228516
20170308154947970,-2.87807998657227
20170308154947971,0.0134605407714844
20170308154947972,-0.390897369384766
20170308154947973,-2.89333877563477
20170308154947974,0.249971771240234
20170308154947975,-0.551114654541016
20170308154947976,-2.86282119750977
20170308154947977,0.600923919677734
20170308154947978,-0.772367095947266
20170308154947979,-2.83993301391602
20170308154947980,0.684847259521484
20170308154947981,-0.833402252197266
20170308154947982,-2.85519180297852
20170308154947983,0.616182708740234
20170308154947984,-0.947843170166016
20170308154947985,-2.82467422485352
20170308154947986,0.784029388427734
20170308154947987,-1.06991348266602
20170308154947988,-2.82467422485352
20170308154947989,0.845064544677734
20170308154947990,-1.25301895141602
20170308154947991,-2.65682754516602
20170308154947992,0.822176361083984
20170308154947993,-1.35220108032227
20170308154947994,-2.70260391235352
20170308154947995,0.799288177490234
20170308154947996,-1.32931289672852
20170308154947997,-2.58053359985352
20170308154947998,0.784029388427734
20170308154947999,-1.65737686157227
20170308154948000,-2.44320449829102
20170308154948001,0.837435150146484
20170308154948002,-1.72604141235352
20170308154948003,-2.46609268188477
20170308154948004,0.806917572021484
20170308154948005,-1.86337051391602
20170308154948006,-2.19143447875977
20170308154948007,0.791658782958984
20170308154948008,-2.01595840454102
20170308154948009,-2.05410537719727
20170308154948010,0.684847259521484
20170308154948011,-2.17617568969727
20170308154948012,-1.93966445922852
20170308154948013,0.639070892333984
20170308154948014,-2.30587539672852
20170308154948015,-1.70315322875977
20170308154948016,0.928987884521484
20170308154948017,-2.44320449829102
20170308154948018,-1.71078262329102
20170308154948019,0.822176361083984
20170308154948020,-2.37453994750977
20170308154948021,-1.57345352172852
20170308154948022,0.936617279052734
20170308154948023,-2.44320449829102
20170308154948024,-1.54293594360352
20170308154948025,0.600923919677734
20170308154948026,-2.47372207641602
20170308154948027,-1.55056533813477
20170308154948028,0.692476654052734
20170308154948029,-2.71786270141602
20170308154948030,-1.32931289672852
20170308154948031,0.585665130615234
20170308154948032,-2.84756240844727
20170308154948033,-1.21487197875977
20170308154948034,0.669588470458984
20170308154948035,-2.80941543579102
20170308154948036,-1.09280166625977
20170308154948037,0.608553314208984
20170308154948038,-2.91622695922852
20170308154948039,-0.955472564697266
20170308154948040,0.524629974365234
20170308154948041,-2.90096817016602
20170308154948042,-0.657926177978516
20170308154948043,0.280489349365234
20170308154948044,-2.90859756469727
20170308154948045,-0.688443756103516
20170308154948046,0.509371185302734
20170308154948047,-2.95437393188477
20170308154948048,-0.627408599853516
20170308154948049,0.265230560302734
20170308154948050,-3.00015029907227
20170308154948051,-0.520597076416016
20170308154948052,0.105013275146484
20170308154948053,-2.96963272094727
20170308154948054,-0.650296783447266
20170308154948055,0.333895111083984
20170308154948056,-2.98489151000977
20170308154948057,-0.520597076416016
20170308154948058,0.173677825927734
20170308154948059,-2.95437393188477
20170308154948060,-0.497708892822266
20170308154948061,0.105013275146484
20170308154948062,-2.92385635375977
20170308154948063,-0.474820709228516
20170308154948064,0.0210899353027344
20170308154948065,-2.94674453735352
20170308154948066,-0.322232818603516
20170308154948067,-0.116239166259766
20170308154948068,-2.95437393188477
20170308154948069,-0.0475746154785156
20170308154948070,-0.299344635009766
20170308154948071,-3.09170303344727
20170308154948072,0.120272064208984
20170308154948073,-0.375638580322266
20170308154948074,-2.91622695922852
20170308154948075,0.265230560302734
20170308154948076,-0.497708892822266
20170308154948077,-2.86282119750977
20170308154948078,0.410189056396484
20170308154948079,-0.688443756103516
20170308154948080,-2.80941543579102
20170308154948081,0.372042083740234
20170308154948082,-0.535855865478516
20170308154948083,-2.77889785766602
20170308154948084,0.135530853271484
20170308154948085,-0.505338287353516
20170308154948086,-2.89333877563477
20170308154948087,0.265230560302734
20170308154948088,-0.642667388916016
20170308154948089,-2.87807998657227
20170308154948090,0.570406341552734
20170308154948091,-0.909696197509766
20170308154948092,-2.80178604125977
20170308154948093,0.654329681396484
20170308154948094,-0.924954986572266
20170308154948095,-2.84756240844727
20170308154948096,0.631441497802734
20170308154948097,-0.924954986572266
20170308154948098,-2.87045059204102
20170308154948099,0.715364837646484
20170308154948100,-0.993619537353516
20170308154948101,-2.76363906860352
20170308154948102,0.768770599365234
20170308154948103,-1.10043106079102
20170308154948104,-2.75600967407227
20170308154948105,0.982393646240234
20170308154948106,-1.29116592407227
20170308154948107,-2.62630996704102
20170308154948108,0.730623626708984
20170308154948109,-1.35983047485352
20170308154948110,-2.50423965454102
20170308154948111,1.01291122436523
20170308154948112,-1.62685928344727
20170308154948113,-2.42031631469727
20170308154948114,0.692476654052734
20170308154948115,-1.52767715454102
20170308154948116,-2.45846328735352
20170308154948117,0.677217864990234
20170308154948118,-1.68789443969727
20170308154948119,-2.42794570922852
20170308154948120,0.745882415771484
20170308154948121,-1.79470596313477
20170308154948122,-2.38216934204102
20170308154948123,0.639070892333984
20170308154948124,-1.69552383422852
20170308154948125,-2.32113418579102
20170308154948126,0.677217864990234
20170308154948127,-1.71078262329102
20170308154948128,-2.30587539672852
20170308154948129,0.684847259521484
20170308154948130,-1.86337051391602
20170308154948131,-2.17617568969727
20170308154948132,0.883211517333984
20170308154948133,-2.29061660766602
20170308154948134,-1.74130020141602
20170308154948135,0.616182708740234
20170308154948136,-2.49661026000977
20170308154948137,-1.48190078735352
20170308154948138,0.753511810302734
20170308154948139,-2.68734512329102
20170308154948140,-1.35983047485352
20170308154948141,0.585665130615234
20170308154948142,-2.94674453735352
20170308154948143,-1.15383682250977
20170308154948144,0.578035736083984
20170308154948145,-2.96200332641602
20170308154948146,-0.917325592041016
20170308154948147,0.349153900146484
20170308154948148,-2.93911514282227
20170308154948149,-0.848661041259766
20170308154948150,0.372042083740234
20170308154948151,-2.99252090454102
20170308154948152,-0.612149810791016
20170308154948153,0.143160247802734
20170308154948154,-2.97726211547852
20170308154948155,-0.368009185791016
20170308154948156,0.105013275146484
20170308154948157,-2.99252090454102
20170308154948158,-0.329862213134766
20170308154948159,-0.0399452209472656
20170308154948160,-2.87807998657227
20170308154948161,-0.337491607666016
20170308154948162,-0.0170570373535156
20170308154948163,-2.90859756469727
20170308154948164,-0.368009185791016
20170308154948165,-0.0552040100097656
20170308154948166,-3.03829727172852
20170308154948167,-0.390897369384766
20170308154948168,-0.0399452209472656
20170308154948169,-3.02303848266602
20170308154948170,-0.467191314697266
20170308154948171,-0.0857215881347656
20170308154948172,-3.00015029907227
20170308154948173,-0.345121002197266
20170308154948174,-0.100980377197266
20170308154948175,-3.03066787719727
20170308154948176,-0.0704627990722656
20170308154948177,-0.162015533447266
20170308154948178,-2.94674453735352
20170308154948179,-0.200162506103516
20170308154948180,-0.215421295166016
20170308154948181,-2.96963272094727
20170308154948182,-0.123868560791016
20170308154948183,-0.238309478759766
20170308154948184,-2.84756240844727
20170308154948185,-0.0399452209472656
20170308154948186,-0.314603424072266
20170308154948187,-2.86282119750977
20170308154948188,0.143160247802734
20170308154948189,-0.413785552978516
20170308154948190,-2.88570938110352
20170308154948191,0.219454193115234
20170308154948192,-0.436673736572266
20170308154948193,-2.87045059204102
20170308154948194,0.387300872802734
20170308154948195,-0.520597076416016
20170308154948196,-2.86282119750977
20170308154948197,0.356783294677734
20170308154948198,-0.619779205322266
20170308154948199,-2.80178604125977
20170308154948200,0.249971771240234
20170308154948201,-0.482450103759766
20170308154948202,-2.90096817016602
20170308154948203,0.242342376708984
20170308154948204,-0.665555572509766
20170308154948205,-2.97726211547852
20170308154948206,0.280489349365234
20170308154948207,-0.589261627197266
20170308154948208,-2.87807998657227
20170308154948209,0.280489349365234
20170308154948210,-0.574002838134766
20170308154948211,-2.85519180297852
20170308154948212,0.196566009521484
20170308154948213,-0.444303131103516
20170308154948214,-2.87807998657227
20170308154948215,-0.245938873291016
20170308154948216,-0.360379791259766
20170308154948217,-2.89333877563477
20170308154948218,-0.116239166259766
20170308154948219,-0.306974029541016
20170308154948220,-3.04592666625977
20170308154948221,-0.154386138916016
20170308154948222,-0.0780921936035156
20170308154948223,-2.90096817016602
20170308154948224,0.0134605407714844
20170308154948225,-0.238309478759766
20170308154948226,-2.87807998657227
20170308154948227,-0.322232818603516
20170308154948228,-0.116239166259766
20170308154948229,-2.91622695922852
20170308154948230,-0.0323158264160156
20170308154948231,-0.368009185791016
20170308154948232,-2.90859756469727
20170308154948233,-0.169644927978516
20170308154948234,-0.0780921936035156
20170308154948235,-2.88570938110352
20170308154948236,-0.245938873291016
20170308154948237,-0.238309478759766
20170308154948238,-2.88570938110352
20170308154948239,-0.154386138916016
20170308154948240,-0.253568267822266
20170308154948241,-2.95437393188477
20170308154948242,-0.352750396728516
20170308154948243,-0.0323158264160156
20170308154948244,-2.96963272094727
20170308154948245,-0.566373443603516
20170308154948246,0.127901458740234
20170308154948247,-2.94674453735352
20170308154948248,-0.757108306884766
20170308154948249,0.265230560302734
20170308154948250,-2.96200332641602
20170308154948251,-0.635037994384766
20170308154948252,0.387300872802734
20170308154948253,-3.00015029907227
20170308154948254,-0.566373443603516
20170308154948255,0.181307220458984
20170308154948256,-2.97726211547852
20170308154948257,-0.551114654541016
20170308154948258,0.379671478271484
20170308154948259,-2.95437393188477
20170308154948260,-0.589261627197266
20170308154948261,0.227083587646484
20170308154948262,-2.91622695922852
20170308154948263,-0.512967681884766
20170308154948264,0.158419036865234
20170308154948265,-2.97726211547852
20170308154948266,-0.482450103759766
20170308154948267,0.0744956970214844
20170308154948268,-2.91622695922852
20170308154948269,-0.459561920166016
20170308154948270,0.219454193115234
20170308154948271,-2.87045059204102
20170308154948272,-0.268827056884766
20170308154948273,0.0287193298339844
20170308154948274,-2.89333877563477
20170308154948275,-0.253568267822266
20170308154948276,-0.0780921936035156
20170308154948277,-2.97726211547852
20170308154948278,-0.406156158447266
20170308154948279,-0.0857215881347656
20170308154948280,-3.06881484985352
20170308154948281,-0.177274322509766
20170308154948282,-0.200162506103516
20170308154948283,-2.90096817016602
20170308154948284,-0.299344635009766
20170308154948285,0.0134605407714844
20170308154948286,-2.94674453735352
20170308154948287,-0.413785552978516
20170308154948288,0.0210899353027344
20170308154948289,-2.92385635375977
20170308154948290,0.127901458740234
20170308154948291,-0.284085845947266
20170308154948292,-2.91622695922852
20170308154948293,0.0897544860839844
20170308154948294,-0.360379791259766
20170308154948295,-2.91622695922852
20170308154948296,0.227083587646484
20170308154948297,-0.551114654541016
20170308154948298,-2.90096817016602
20170308154948299,0.471224212646484
20170308154948300,-0.779996490478516
20170308154948301,-2.85519180297852
20170308154948302,0.745882415771484
20170308154948303,-1.06228408813477
20170308154948304,-2.84756240844727
20170308154948305,0.700106048583984
20170308154948306,-1.13094863891602
20170308154948307,-2.78652725219727
20170308154948308,0.806917572021484
20170308154948309,-1.34457168579102
20170308154948310,-2.51186904907227
20170308154948311,0.791658782958984
20170308154948312,-1.67263565063477
20170308154948313,-2.31350479125977
20170308154948314,0.738253021240234
20170308154948315,-1.90914688110352
20170308154948316,-2.00069961547852
20170308154948317,0.845064544677734
20170308154948318,-2.29061660766602
20170308154948319,-1.78707656860352
20170308154948320,0.562776947021484
20170308154948321,-2.26772842407227
20170308154948322,-1.84811172485352
20170308154948323,0.730623626708984
20170308154948324,-2.31350479125977
20170308154948325,-1.60397109985352
20170308154948326,0.707735443115234
20170308154948327,-2.58816299438477
20170308154948328,-1.42086563110352
20170308154948329,0.684847259521484
20170308154948330,-2.69497451782227
20170308154948331,-1.35983047485352
20170308154948332,0.707735443115234
20170308154948333,-2.73312149047852
20170308154948334,-1.43612442016602
20170308154948335,0.455965423583984
20170308154948336,-2.77889785766602
20170308154948337,-1.36745986938477
20170308154948338,0.501741790771484
20170308154948339,-2.79415664672852
20170308154948340,-1.45901260375977
20170308154948341,0.600923919677734
20170308154948342,-2.66445693969727
20170308154948343,-1.43612442016602
20170308154948344,0.661959075927734
20170308154948345,-2.69497451782227
20170308154948346,-1.36745986938477
20170308154948347,0.631441497802734
20170308154948348,-2.74075088500977
20170308154948349,-1.35983047485352
20170308154948350,0.745882415771484
20170308154948351,-2.93148574829102
20170308154948352,-1.13094863891602
20170308154948353,0.478853607177734
20170308154948354,-2.90859756469727
20170308154948355,-1.03939590454102
20170308154948356,0.539888763427734
20170308154948357,-3.00015029907227
20170308154948358,-0.688443756103516
20170308154948359,0.372042083740234
20170308154948360,-2.94674453735352
20170308154948361,-0.497708892822266
20170308154948362,0.257601165771484
20170308154948363,-2.89333877563477
20170308154948364,-0.566373443603516
20170308154948365,0.150789642333984
20170308154948366,-2.93911514282227
20170308154948367,-0.551114654541016
20170308154948368,0.112642669677734
20170308154948369,-3.03829727172852
20170308154948370,-0.352750396728516
20170308154948371,-0.0704627990722656
20170308154948372,-3.01540908813477
20170308154948373,-0.398526763916016
20170308154948374,-0.131497955322266
20170308154948375,-3.00777969360352
20170308154948376,-0.146756744384766
20170308154948377,-0.238309478759766
20170308154948378,-2.90859756469727
20170308154948379,-0.0017982482910156
20170308154948380,-0.451932525634766
20170308154948381,-2.96200332641602
20170308154948382,0.326265716552734
20170308154948383,-0.459561920166016
20170308154948384,-2.87807998657227
20170308154948385,0.364412689208984
20170308154948386,-0.650296783447266
20170308154948387,-2.84756240844727
20170308154948388,0.425447845458984
20170308154948389,-0.764737701416016
20170308154948390,-2.90096817016602
20170308154948391,0.295748138427734
20170308154948392,-0.711331939697266
20170308154948393,-2.87045059204102
20170308154948394,0.478853607177734
20170308154948395,-0.551114654541016
20170308154948396,-2.82467422485352
20170308154948397,0.288118743896484
20170308154948398,-0.612149810791016
20170308154948399,-2.84756240844727
20170308154948400,0.478853607177734
20170308154948401,-0.757108306884766
20170308154948402,-2.85519180297852
20170308154948403,0.272859954833984
20170308154948404,-0.665555572509766
20170308154948405,-2.86282119750977
20170308154948406,0.280489349365234
20170308154948407,-0.612149810791016
20170308154948408,-2.85519180297852
20170308154948409,0.127901458740234
20170308154948410,-0.482450103759766
20170308154948411,-2.83993301391602
20170308154948412,0.295748138427734
20170308154948413,-0.345121002197266
20170308154948414,-2.92385635375977
20170308154948415,0.112642669677734
20170308154948416,-0.200162506103516
20170308154948417,-2.91622695922852
20170308154948418,0.0821250915527344
20170308154948419,-0.474820709228516
20170308154948420,-2.90859756469727
20170308154948421,0.135530853271484
20170308154948422,-0.375638580322266
20170308154948423,-2.92385635375977
20170308154948424,0.303377532958984
20170308154948425,-0.520597076416016
20170308154948426,-2.92385635375977
20170308154948427,0.249971771240234
20170308154948428,-0.520597076416016
20170308154948429,-2.87045059204102
20170308154948430,0.227083587646484
20170308154948431,-0.482450103759766
20170308154948432,-2.90859756469727
20170308154948433,0.0134605407714844
20170308154948434,-0.520597076416016
20170308154948435,-2.83993301391602
20170308154948436,0.288118743896484
20170308154948437,-0.352750396728516
20170308154948438,-2.85519180297852
20170308154948439,0.150789642333984
20170308154948440,-0.551114654541016
20170308154948441,-2.82467422485352
20170308154948442,0.372042083740234
20170308154948443,-0.558744049072266
20170308154948444,-2.79415664672852
20170308154948445,0.280489349365234
20170308154948446,-0.459561920166016
20170308154948447,-2.82467422485352
20170308154948448,-0.0323158264160156
20170308154948449,-0.100980377197266
20170308154948450,-2.92385635375977
20170308154948451,0.0897544860839844
20170308154948452,-0.238309478759766
20170308154948453,-2.90096817016602
20170308154948454,-0.0552040100097656
20170308154948455,-0.284085845947266
20170308154948456,-2.93911514282227
20170308154948457,-0.108609771728516
20170308154948458,-0.207791900634766
20170308154948459,-2.92385635375977
20170308154948460,-0.268827056884766
20170308154948461,0.0744956970214844
20170308154948462,-2.92385635375977
20170308154948463,-0.253568267822266
20170308154948464,-0.131497955322266
20170308154948465,-2.97726211547852
20170308154948466,-0.184903717041016
20170308154948467,-0.230680084228516
20170308154948468,-2.98489151000977
20170308154948469,-0.261197662353516
20170308154948470,-0.123868560791016
20170308154948471,-2.94674453735352
20170308154948472,-0.169644927978516
20170308154948473,-0.0933509826660156
20170308154948474,-2.91622695922852
20170308154948475,-0.116239166259766
20170308154948476,-0.116239166259766
20170308154948477,-2.99252090454102
20170308154948478,-0.421414947509766
20170308154948479,0.0058311462402344
20170308154948480,-2.93911514282227
20170308154948481,-0.444303131103516
20170308154948482,0.295748138427734
20170308154948483,-2.94674453735352
20170308154948484,-0.535855865478516
20170308154948485,0.0973838806152344
20170308154948486,-2.97726211547852
20170308154948487,-0.444303131103516
20170308154948488,0.0897544860839844
20170308154948489,-2.99252090454102
20170308154948490,-0.368009185791016
20170308154948491,-0.108609771728516
20170308154948492,-3.01540908813477
20170308154948493,-0.0323158264160156
20170308154948494,-0.146756744384766
20170308154948495,-2.87807998657227
20170308154948496,0.0897544860839844
20170308154948497,-0.421414947509766
20170308154948498,-2.92385635375977
20170308154948499,0.127901458740234
20170308154948500,-0.482450103759766
20170308154948501,-2.84756240844727
20170308154948502,0.562776947021484
20170308154948503,-0.795255279541016
20170308154948504,-2.80941543579102
20170308154948505,0.822176361083984
20170308154948506,-1.14620742797852
20170308154948507,-2.63393936157227
20170308154948508,0.806917572021484
20170308154948509,-1.37508926391602
20170308154948510,-2.52712783813477
20170308154948511,0.776399993896484
20170308154948512,-1.52767715454102
20170308154948513,-2.59579238891602
20170308154948514,0.814546966552734
20170308154948515,-1.68789443969727
20170308154948516,-2.29061660766602
20170308154948517,0.745882415771484
20170308154948518,-1.81759414672852
20170308154948519,-2.30587539672852
20170308154948520,0.692476654052734
20170308154948521,-1.82522354125977
20170308154948522,-2.22195205688477
20170308154948523,0.722994232177734
20170308154948524,-2.03121719360352
20170308154948525,-2.17617568969727
20170308154948526,0.692476654052734
20170308154948527,-2.06936416625977
20170308154948528,-1.86337051391602
20170308154948529,0.768770599365234
20170308154948530,-2.37453994750977
20170308154948531,-1.48953018188477
20170308154948532,0.860323333740234
20170308154948533,-2.58816299438477
20170308154948534,-1.35220108032227
20170308154948535,0.860323333740234
20170308154948536,-2.85519180297852
20170308154948537,-1.24538955688477
20170308154948538,0.509371185302734
20170308154948539,-2.83993301391602
20170308154948540,-1.28353652954102
20170308154948541,0.822176361083984
20170308154948542,-2.83230361938477
20170308154948543,-1.19961318969727
20170308154948544,0.623812103271484
20170308154948545,-3.03066787719727
20170308154948546,-0.993619537353516
20170308154948547,0.494112396240234
20170308154948548,-3.02303848266602
20170308154948549,-0.825772857666016
20170308154948550,0.600923919677734
20170308154948551,-2.90859756469727
20170308154948552,-0.688443756103516
20170308154948553,0.257601165771484
20170308154948554,-2.91622695922852
20170308154948555,-0.902066802978516
20170308154948556,0.410189056396484
20170308154948557,-3.00015029907227
20170308154948558,-0.810514068603516
20170308154948559,0.425447845458984
20170308154948560,-2.87045059204102
20170308154948561,-0.512967681884766
20170308154948562,0.196566009521484
20170308154948563,-2.95437393188477
20170308154948564,-0.123868560791016
20170308154948565,-0.200162506103516
20170308154948566,-2.93148574829102
20170308154948567,-0.0704627990722656
20170308154948568,-0.215421295166016
20170308154948569,-2.93911514282227
20170308154948570,-0.0704627990722656
20170308154948571,-0.284085845947266
20170308154948572,-2.90096817016602
20170308154948573,0.0287193298339844
20170308154948574,-0.306974029541016
20170308154948575,-2.92385635375977
20170308154948576,-0.0552040100097656
20170308154948577,-0.223050689697266
20170308154948578,-2.88570938110352
20170308154948579,0.150789642333984
20170308154948580,-0.0399452209472656
20170308154948581,-2.89333877563477
20170308154948582,-0.230680084228516
20170308154948583,-0.162015533447266
20170308154948584,-2.94674453735352
20170308154948585,-0.177274322509766
20170308154948586,-0.184903717041016
20170308154948587,-2.87045059204102
20170308154948588,-0.329862213134766
20170308154948589,-0.0857215881347656
20170308154948590,-2.91622695922852
20170308154948591,-0.253568267822266
20170308154948592,-0.0780921936035156
20170308154948593,-2.93148574829102
20170308154948594,-0.314603424072266
20170308154948595,-0.123868560791016
20170308154948596,-2.89333877563477
20170308154948597,-0.360379791259766
20170308154948598,-0.116239166259766
20170308154948599,-2.96963272094727
20170308154948600,-0.0475746154785156
20170308154948601,-0.0399452209472656
20170308154948602,-2.88570938110352
20170308154948603,-0.131497955322266
20170308154948604,-0.154386138916016
20170308154948605,-2.95437393188477
20170308154948606,0.0210899353027344
20170308154948607,-0.322232818603516
20170308154948608,-2.94674453735352
20170308154948609,0.120272064208984
20170308154948610,-0.360379791259766
20170308154948611,-2.88570938110352
20170308154948612,0.0134605407714844
20170308154948613,-0.345121002197266
20170308154948614,-2.87045059204102
20170308154948615,0.158419036865234
20170308154948616,-0.520597076416016
20170308154948617,-2.83230361938477
20170308154948618,0.402559661865234
20170308154948619,-0.612149810791016
20170308154948620,-2.89333877563477
20170308154948621,0.448336029052734
20170308154948622,-0.665555572509766
20170308154948623,-2.83230361938477
20170308154948624,0.372042083740234
20170308154948625,-0.535855865478516
20170308154948626,-2.86282119750977
20170308154948627,0.318636322021484
20170308154948628,-0.696073150634766
20170308154948629,-2.84756240844727
20170308154948630,0.478853607177734
20170308154948631,-0.779996490478516
20170308154948632,-2.80941543579102
20170308154948633,0.585665130615234
20170308154948634,-0.924954986572266
20170308154948635,-2.80178604125977
20170308154948636,0.837435150146484
20170308154948637,-0.909696197509766
20170308154948638,-2.71786270141602
20170308154948639,0.745882415771484
20170308154948640,-1.24538955688477
20170308154948641,-2.69497451782227
20170308154948642,0.700106048583984
20170308154948643,-1.18435440063477
20170308154948644,-2.68734512329102
20170308154948645,0.921358489990234
20170308154948646,-1.00887832641602
20170308154948647,-2.62630996704102
20170308154948648,0.829805755615234
20170308154948649,-1.41323623657227
20170308154948650,-2.55001602172852
20170308154948651,0.906099700927734
20170308154948652,-1.52004776000977
20170308154948653,-2.52712783813477
20170308154948654,0.738253021240234
20170308154948655,-1.62685928344727
20170308154948656,-2.38979873657227
20170308154948657,0.684847259521484
20170308154948658,-1.77944717407227
20170308154948659,-2.24484024047852
20170308154948660,0.684847259521484
20170308154948661,-1.92440567016602
20170308154948662,-2.11514053344727
20170308154948663,0.814546966552734
20170308154948664,-2.23721084594727
20170308154948665,-1.97018203735352
20170308154948666,0.715364837646484
20170308154948667,-2.38216934204102
20170308154948668,-1.59634170532227
20170308154948669,0.639070892333984
20170308154948670,-2.60342178344727
20170308154948671,-1.29879531860352
20170308154948672,0.600923919677734
20170308154948673,-2.69497451782227
20170308154948674,-1.39797744750977
20170308154948675,0.784029388427734
20170308154948676,-2.87045059204102
20170308154948677,-1.17672500610352
20170308154948678,0.722994232177734
20170308154948679,-2.93148574829102
20170308154948680,-1.10806045532227
20170308154948681,0.616182708740234
20170308154948682,-2.92385635375977
20170308154948683,-0.741849517822266
20170308154948684,0.379671478271484
20170308154948685,-2.97726211547852
20170308154948686,-0.474820709228516
20170308154948687,0.158419036865234
20170308154948688,-2.93911514282227
20170308154948689,-0.383267974853516
20170308154948690,0.204195404052734
20170308154948691,-2.90859756469727
20170308154948692,-0.390897369384766
20170308154948693,0.0668663024902344
20170308154948694,-3.01540908813477
20170308154948695,-0.345121002197266
20170308154948696,0.158419036865234
20170308154948697,-2.89333877563477
20170308154948698,-0.314603424072266
20170308154948699,0.0821250915527344
20170308154948700,-2.89333877563477
20170308154948701,-0.261197662353516
20170308154948702,-0.215421295166016
20170308154948703,-2.99252090454102
20170308154948704,-0.0399452209472656
20170308154948705,-0.253568267822266
20170308154948706,-2.98489151000977
20170308154948707,0.0058311462402344
20170308154948708,-0.345121002197266
20170308154948709,-2.92385635375977
20170308154948710,0.211824798583984
20170308154948711,-0.337491607666016
20170308154948712,-2.88570938110352
20170308154948713,-0.0323158264160156
20170308154948714,-0.352750396728516
20170308154948715,-2.84756240844727
20170308154948716,0.173677825927734
20170308154948717,-0.482450103759766
20170308154948718,-2.82467422485352
20170308154948719,0.120272064208984
20170308154948720,-0.398526763916016
20170308154948721,-3.00777969360352
20170308154948722,0.105013275146484
20170308154948723,-0.390897369384766
20170308154948724,-2.81704483032227
20170308154948725,0.0668663024902344
20170308154948726,-0.459561920166016
20170308154948727,-2.83993301391602
20170308154948728,0.410189056396484
20170308154948729,-0.505338287353516
20170308154948730,-2.82467422485352
20170308154948731,0.440706634521484
20170308154948732,-0.688443756103516
20170308154948733,-2.80941543579102
20170308154948734,0.578035736083984
20170308154948735,-0.871549224853516
20170308154948736,-2.96963272094727
20170308154948737,0.654329681396484
20170308154948738,-0.963101959228516
20170308154948739,-2.79415664672852
20170308154948740,0.639070892333984
20170308154948741,-0.970731353759766
20170308154948742,-2.83993301391602
20170308154948743,0.570406341552734
20170308154948744,-0.764737701416016
20170308154948745,-2.79415664672852
20170308154948746,0.639070892333984
20170308154948747,-1.02413711547852
20170308154948748,-2.83993301391602
20170308154948749,0.547518157958984
20170308154948750,-0.963101959228516
20170308154948751,-2.74838027954102
20170308154948752,0.684847259521484
20170308154948753,-1.01650772094727
20170308154948754,-2.84756240844727
20170308154948755,0.646700286865234
20170308154948756,-0.894437408447266
20170308154948757,-2.79415664672852
20170308154948758,0.585665130615234
20170308154948759,-0.863919830322266
20170308154948760,-2.74838027954102
20170308154948761,0.463594818115234
20170308154948762,-0.779996490478516
20170308154948763,-2.74838027954102
20170308154948764,0.692476654052734
20170308154948765,-0.886808013916016
20170308154948766,-2.77126846313477
20170308154948767,0.494112396240234
20170308154948768,-0.787625885009766
20170308154948769,-2.80178604125977
20170308154948770,0.455965423583984
20170308154948771,-0.635037994384766
20170308154948772,-2.84756240844727
20170308154948773,0.280489349365234
20170308154948774,-0.596891021728516
20170308154948775,-2.72549209594727
20170308154948776,0.249971771240234
20170308154948777,-0.543485260009766
20170308154948778,-2.94674453735352
20170308154948779,0.150789642333984
20170308154948780,-0.451932525634766
20170308154948781,-2.83993301391602
20170308154948782,0.0668663024902344
20170308154948783,-0.215421295166016
20170308154948784,-2.83993301391602
20170308154948785,0.181307220458984
20170308154948786,-0.543485260009766
20170308154948787,-2.84756240844727
20170308154948788,0.326265716552734
20170308154948789,-0.368009185791016
20170308154948790,-2.80941543579102
20170308154948791,0.211824798583984
20170308154948792,-0.551114654541016
20170308154948793,-2.81704483032227
20170308154948794,0.257601165771484
20170308154948795,-0.322232818603516
20170308154948796,-2.77889785766602
20170308154948797,0.356783294677734
20170308154948798,-0.589261627197266
20170308154948799,-2.80178604125977
20170308154948800,0.700106048583984
20170308154948801,-0.718961334228516
20170308154948802,-2.83230361938477
20170308154948803,0.593294525146484
20170308154948804,-0.894437408447266
20170308154948805,-2.81704483032227
20170308154948806,0.578035736083984
20170308154948807,-0.886808013916016
20170308154948808,-2.77126846313477
20170308154948809,0.593294525146484
20170308154948810,-0.772367095947266
20170308154948811,-2.67971572875977
20170308154948812,0.921358489990234
20170308154948813,-1.09280166625977
20170308154948814,-2.73312149047852
20170308154948815,0.646700286865234
20170308154948816,-1.07754287719727
20170308154948817,-2.74075088500977
20170308154948818,0.928987884521484
20170308154948819,-1.25301895141602
20170308154948820,-2.61105117797852
20170308154948821,0.715364837646484
20170308154948822,-1.48190078735352
20170308154948823,-2.45083389282227
20170308154948824,0.761141204833984
20170308154948825,-1.71841201782227
20170308154948826,-2.20669326782227
20170308154948827,0.936617279052734
20170308154948828,-2.00832901000977
20170308154948829,-1.92440567016602
20170308154948830,0.814546966552734
20170308154948831,-2.25246963500977
20170308154948832,-1.57345352172852
20170308154948833,0.738253021240234
20170308154948834,-2.59579238891602
20170308154948835,-1.35220108032227
20170308154948836,0.822176361083984
20170308154948837,-2.74075088500977
20170308154948838,-1.24538955688477
20170308154948839,0.661959075927734
20170308154948840,-2.82467422485352
20170308154948841,-1.08517227172852
20170308154948842,0.822176361083984
20170308154948843,-2.92385635375977
20170308154948844,-0.924954986572266
20170308154948845,0.539888763427734
20170308154948846,-2.90096817016602
20170308154948847,-0.718961334228516
20170308154948848,0.425447845458984
20170308154948849,-2.98489151000977
20170308154948850,-0.642667388916016
20170308154948851,0.326265716552734
20170308154948852,-3.00015029907227
20170308154948853,-0.451932525634766
20170308154948854,0.288118743896484
20170308154948855,-2.98489151000977
20170308154948856,-0.444303131103516
20170308154948857,0.112642669677734
20170308154948858,-2.90859756469727
20170308154948859,-0.360379791259766
20170308154948860,0.0973838806152344
20170308154948861,-2.89333877563477
20170308154948862,-0.383267974853516
20170308154948863,-0.0017982482910156
20170308154948864,-2.97726211547852
20170308154948865,-0.169644927978516
20170308154948866,-0.146756744384766
20170308154948867,-2.86282119750977
20170308154948868,-0.108609771728516
20170308154948869,-0.177274322509766
20170308154948870,-2.98489151000977
20170308154948871,-0.162015533447266
20170308154948872,-0.0399452209472656
20170308154948873,-3.00777969360352
20170308154948874,0.105013275146484
20170308154948875,-0.413785552978516
20170308154948876,-2.90096817016602
20170308154948877,0.539888763427734
20170308154948878,-0.825772857666016
20170308154948879,-2.86282119750977
20170308154948880,0.707735443115234
20170308154948881,-1.09280166625977
20170308154948882,-2.87807998657227
20170308154948883,0.585665130615234
20170308154948884,-0.909696197509766
20170308154948885,-2.90859756469727
20170308154948886,0.486483001708984
20170308154948887,-0.947843170166016
20170308154948888,-2.81704483032227
20170308154948889,0.715364837646484
20170308154948890,-1.00124893188477
20170308154948891,-2.72549209594727
20170308154948892,0.928987884521484
20170308154948893,-1.30642471313477
20170308154948894,-2.46609268188477
20170308154948895,0.753511810302734
20170308154948896,-1.58871231079102
20170308154948897,-2.47372207641602
20170308154948898,0.822176361083984
20170308154948899,-1.46664199829102
20170308154948900,-2.45846328735352
20170308154948901,0.951876068115234
20170308154948902,-1.55056533813477
20170308154948903,-2.41268692016602
20170308154948904,0.761141204833984
20170308154948905,-1.52767715454102
20170308154948906,-2.45846328735352
20170308154948907,0.928987884521484
20170308154948908,-1.45138320922852
20170308154948909,-2.51949844360352
20170308154948910,0.990023040771484
20170308154948911,-1.38271865844727
20170308154948912,-2.67971572875977
20170308154948913,0.692476654052734
20170308154948914,-1.31405410766602
20170308154948915,-2.54238662719727
20170308154948916,0.921358489990234
20170308154948917,-1.37508926391602
20170308154948918,-2.56527481079102
20170308154948919,0.906099700927734
20170308154948920,-1.23013076782227
20170308154948921,-2.58816299438477
20170308154948922,0.791658782958984
20170308154948923,-1.26064834594727
20170308154948924,-2.58816299438477
20170308154948925,0.799288177490234
20170308154948926,-1.32168350219727
20170308154948927,-2.55764541625977
20170308154948928,0.738253021240234
20170308154948929,-1.35983047485352
20170308154948930,-2.53475723266602
20170308154948931,0.951876068115234
20170308154948932,-1.41323623657227
20170308154948933,-2.52712783813477
20170308154948934,0.906099700927734
20170308154948935,-1.61160049438477
20170308154948936,-2.50423965454102
20170308154948937,0.745882415771484
20170308154948938,-1.52767715454102
20170308154948939,-2.43557510375977
20170308154948940,0.822176361083984
20170308154948941,-1.39034805297852
20170308154948942,-2.48135147094727
20170308154948943,0.776399993896484
20170308154948944,-1.69552383422852
20170308154948945,-2.29824600219727
20170308154948946,0.745882415771484
20170308154948947,-1.56582412719727
20170308154948948,-2.49661026000977
20170308154948949,0.722994232177734
20170308154948950,-1.38271865844727
20170308154948951,-2.61105117797852
20170308154948952,0.761141204833984
20170308154948953,-1.30642471313477
20170308154948954,-2.60342178344727
20170308154948955,0.730623626708984
20170308154948956,-1.19198379516602
20170308154948957,-2.68734512329102
20170308154948958,0.761141204833984
20170308154948959,-1.16909561157227
20170308154948960,-2.64919815063477
20170308154948961,0.753511810302734
20170308154948962,-1.29116592407227
20170308154948963,-2.62630996704102
20170308154948964,0.822176361083984
20170308154948965,-1.46664199829102
20170308154948966,-2.45083389282227
20170308154948967,0.623812103271484
20170308154948968,-1.54293594360352
20170308154948969,-2.51949844360352
20170308154948970,0.776399993896484
20170308154948971,-1.36745986938477
20170308154948972,-2.51949844360352
20170308154948973,0.761141204833984
20170308154948974,-1.53530654907227
20170308154948975,-2.50423965454102
20170308154948976,0.852693939208984
20170308154948977,-1.52767715454102
20170308154948978,-2.50423965454102
20170308154948979,0.631441497802734
20170308154948980,-1.34457168579102
20170308154948981,-2.55764541625977
20170308154948982,0.791658782958984
20170308154948983,-1.57345352172852
20170308154948984,-2.35928115844727
20170308154948985,0.875582122802734
20170308154948986,-1.79470596313477
20170308154948987,-2.29824600219727
20170308154948988,0.646700286865234
20170308154948989,-1.85574111938477
20170308154948990,-2.25246963500977
20170308154948991,0.692476654052734
20170308154948992,-1.97018203735352
20170308154948993,-2.19906387329102
20170308154948994,0.692476654052734
20170308154948995,-2.03884658813477
20170308154948996,-2.00069961547852
20170308154948997,0.860323333740234
20170308154948998,-2.16854629516602
20170308154948999,-1.68026504516602
20170308154949000,0.867952728271484
20170308154949001,-2.26772842407227
20170308154949002,-1.75655899047852
20170308154949003,0.791658782958984
20170308154949004,-2.28298721313477
20170308154949005,-1.61922988891602
20170308154949006,0.738253021240234
20170308154949007,-2.64156875610352
20170308154949008,-1.30642471313477
20170308154949009,0.631441497802734
20170308154949010,-2.80941543579102
20170308154949011,-1.26064834594727
20170308154949012,0.806917572021484
20170308154949013,-2.76363906860352
20170308154949014,-1.20724258422852
20170308154949015,0.661959075927734
20170308154949016,-2.94674453735352
20170308154949017,-0.970731353759766
20170308154949018,0.501741790771484
20170308154949019,-2.99252090454102
20170308154949020,-0.711331939697266
20170308154949021,0.341524505615234
20170308154949022,-3.00777969360352
20170308154949023,-0.543485260009766
20170308154949024,0.364412689208984
20170308154949025,-2.94674453735352
20170308154949026,-0.398526763916016
20170308154949027,0.0973838806152344
20170308154949028,-2.96200332641602
20170308154949029,-0.276456451416016
20170308154949030,-0.0933509826660156
20170308154949031,-2.91622695922852
20170308154949032,-0.268827056884766
20170308154949033,-0.0399452209472656
20170308154949034,-2.88570938110352
20170308154949035,-0.177274322509766
20170308154949036,-0.192533111572266
20170308154949037,-2.96200332641602
20170308154949038,-0.131497955322266
20170308154949039,-0.223050689697266
20170308154949040,-2.94674453735352
20170308154949041,0.173677825927734
20170308154949042,-0.459561920166016
20170308154949043,-2.83230361938477
20170308154949044,0.440706634521484
20170308154949045,-0.528226470947266
20170308154949046,-2.83230361938477
20170308154949047,0.494112396240234
20170308154949048,-0.818143463134766
20170308154949049,-2.77889785766602
20170308154949050,0.639070892333984
20170308154949051,-0.924954986572266
20170308154949052,-2.82467422485352
20170308154949053,0.631441497802734
20170308154949054,-0.947843170166016
20170308154949055,-2.78652725219727
20170308154949056,0.646700286865234
20170308154949057,-0.741849517822266
20170308154949058,-2.78652725219727
20170308154949059,0.875582122802734
20170308154949060,-1.10043106079102
20170308154949061,-2.76363906860352
20170308154949062,0.768770599365234
20170308154949063,-0.841031646728516
20170308154949064,-2.74075088500977
20170308154949065,0.791658782958984
20170308154949066,-1.06991348266602
20170308154949067,-2.67208633422852
20170308154949068,0.791658782958984
20170308154949069,-1.09280166625977
20170308154949070,-2.74075088500977
20170308154949071,0.921358489990234
20170308154949072,-1.09280166625977
20170308154949073,-2.67208633422852
20170308154949074,0.829805755615234
20170308154949075,-0.978360748291016
20170308154949076,-2.61868057250977
20170308154949077,0.921358489990234
20170308154949078,-1.26827774047852
20170308154949079,-2.48135147094727
20170308154949080,0.814546966552734
20170308154949081,-1.58108291625977
20170308154949082,-2.45846328735352
20170308154949083,0.928987884521484
20170308154949084,-1.50478897094727
20170308154949085,-2.38979873657227
20170308154949086,0.982393646240234
20170308154949087,-1.66500625610352
20170308154949088,-2.26009902954102
20170308154949089,0.684847259521484
20170308154949090,-1.68026504516602
20170308154949091,-2.26009902954102
20170308154949092,0.936617279052734
20170308154949093,-1.75655899047852
20170308154949094,-2.22195205688477
20170308154949095,0.692476654052734
20170308154949096,-1.82522354125977
20170308154949097,-2.12276992797852
20170308154949098,0.745882415771484
20170308154949099,-1.93203506469727
20170308154949100,-2.03121719360352
20170308154949101,0.852693939208984
20170308154949102,-2.11514053344727
20170308154949103,-2.09225234985352
20170308154949104,0.776399993896484
20170308154949105,-2.17617568969727
20170308154949106,-1.90914688110352
20170308154949107,0.768770599365234
20170308154949108,-2.11514053344727
20170308154949109,-1.84811172485352
20170308154949110,0.806917572021484
20170308154949111,-2.16091690063477
20170308154949112,-1.70315322875977
20170308154949113,0.669588470458984
20170308154949114,-2.31350479125977
20170308154949115,-1.64974746704102
20170308154949116,0.707735443115234
20170308154949117,-2.29061660766602
20170308154949118,-1.71078262329102
20170308154949119,0.715364837646484
20170308154949120,-2.29824600219727
20170308154949121,-1.71841201782227
20170308154949122,0.692476654052734
20170308154949123,-2.24484024047852
20170308154949124,-1.56582412719727
20170308154949125,0.745882415771484
20170308154949126,-2.67971572875977
20170308154949127,-1.25301895141602
20170308154949128,0.585665130615234
20170308154949129,-2.88570938110352
20170308154949130,-1.20724258422852
20170308154949131,0.677217864990234
20170308154949132,-3.03829727172852
20170308154949133,-1.07754287719727
20170308154949134,0.547518157958984
20170308154949135,-3.00777969360352
20170308154949136,-1.02413711547852
20170308154949137,0.478853607177734
20170308154949138,-2.93911514282227
20170308154949139,-0.978360748291016
20170308154949140,0.455965423583984
20170308154949141,-2.95437393188477
20170308154949142,-0.711331939697266
20170308154949143,0.425447845458984
20170308154949144,-2.92385635375977
20170308154949145,-0.749478912353516
20170308154949146,0.356783294677734
20170308154949147,-2.96963272094727
20170308154949148,-0.253568267822266
20170308154949149,0.181307220458984
20170308154949150,-2.90859756469727
20170308154949151,0.356783294677734
20170308154949152,-0.490079498291016
20170308154949153,-2.87045059204102
20170308154949154,0.608553314208984
20170308154949155,-0.902066802978516
20170308154949156,-2.83993301391602
20170308154949157,0.913729095458984
20170308154949158,-1.22250137329102
20170308154949159,-2.65682754516602
20170308154949160,0.860323333740234
20170308154949161,-1.35983047485352
20170308154949162,-2.46609268188477
20170308154949163,0.944246673583984
20170308154949164,-1.71078262329102
20170308154949165,-2.27535781860352
20170308154949166,0.799288177490234
20170308154949167,-1.93966445922852
20170308154949168,-2.16854629516602
20170308154949169,0.715364837646484
20170308154949170,-2.11514053344727
20170308154949171,-2.17617568969727
20170308154949172,0.906099700927734
20170308154949173,-2.03884658813477
20170308154949174,-1.97781143188477
20170308154949175,0.768770599365234
20170308154949176,-2.26772842407227
20170308154949177,-1.77181777954102
20170308154949178,0.684847259521484
20170308154949179,-2.16854629516602
20170308154949180,-1.82522354125977
20170308154949181,0.654329681396484
20170308154949182,-2.30587539672852
20170308154949183,-1.82522354125977
20170308154949184,0.639070892333984
20170308154949185,-2.27535781860352
20170308154949186,-1.74892959594727
20170308154949187,0.768770599365234
20170308154949188,-2.33639297485352
20170308154949189,-1.76418838500977
20170308154949190,0.707735443115234
20170308154949191,-2.11514053344727
20170308154949192,-1.90151748657227
20170308154949193,0.616182708740234
20170308154949194,-2.13039932250977
20170308154949195,-1.85574111938477
20170308154949196,0.799288177490234
20170308154949197,-2.31350479125977
20170308154949198,-1.71841201782227
20170308154949199,0.883211517333984
20170308154949200,-2.29824600219727
20170308154949201,-1.74892959594727
20170308154949202,0.707735443115234
20170308154949203,-2.43557510375977
20170308154949204,-1.64974746704102
20170308154949205,0.631441497802734
20170308154949206,-2.40505752563477
20170308154949207,-1.57345352172852
20170308154949208,0.608553314208984
20170308154949209,-2.35165176391602
20170308154949210,-1.77944717407227
20170308154949211,0.654329681396484
20170308154949212,-2.27535781860352
20170308154949213,-1.68789443969727
20170308154949214,0.677217864990234
20170308154949215,-2.55001602172852
20170308154949216,-1.37508926391602
20170308154949217,0.700106048583984
20170308154949218,-2.97726211547852
20170308154949219,-0.978360748291016
20170308154949220,0.463594818115234
20170308154949221,-3.10696182250977
20170308154949222,-0.886808013916016
20170308154949223,0.410189056396484
20170308154949224,-2.94674453735352
20170308154949225,-0.863919830322266
20170308154949226,0.349153900146484
20170308154949227,-2.87807998657227
20170308154949228,-1.10806045532227
20170308154949229,0.494112396240234
20170308154949230,-2.83230361938477
20170308154949231,-1.23013076782227
20170308154949232,0.646700286865234
20170308154949233,-2.67971572875977
20170308154949234,-1.19198379516602
20170308154949235,0.555147552490234
20170308154949236,-2.81704483032227
20170308154949237,-1.19198379516602
20170308154949238,0.600923919677734
20170308154949239,-2.97726211547852
20170308154949240,-1.07754287719727
20170308154949241,0.440706634521484
20170308154949242,-2.98489151000977
20170308154949243,-0.894437408447266
20170308154949244,0.417818450927734
20170308154949245,-2.99252090454102
20170308154949246,-0.711331939697266
20170308154949247,0.402559661865234
20170308154949248,-2.96963272094727
20170308154949249,-0.802884674072266
20170308154949250,0.280489349365234
20170308154949251,-2.97726211547852
20170308154949252,-0.932584381103516
20170308154949253,0.402559661865234
20170308154949254,-3.02303848266602
20170308154949255,-0.978360748291016
20170308154949256,0.501741790771484
20170308154949257,-2.93911514282227
20170308154949258,-0.947843170166016
20170308154949259,0.433077239990234
20170308154949260,-3.00015029907227
20170308154949261,-0.863919830322266
20170308154949262,0.463594818115234
20170308154949263,-2.96200332641602
20170308154949264,-0.741849517822266
20170308154949265,0.372042083740234
20170308154949266,-3.03066787719727
20170308154949267,-0.764737701416016
20170308154949268,0.417818450927734
20170308154949269,-3.00777969360352
20170308154949270,-0.955472564697266
20170308154949271,0.669588470458984
20170308154949272,-2.90096817016602
20170308154949273,-0.802884674072266
20170308154949274,0.387300872802734
20170308154949275,-2.89333877563477
20170308154949276,-1.06228408813477
20170308154949277,0.524629974365234
20170308154949278,-2.92385635375977
20170308154949279,-0.802884674072266
20170308154949280,0.387300872802734
20170308154949281,-2.90859756469727
20170308154949282,-0.772367095947266
20170308154949283,0.394930267333984
20170308154949284,-2.93911514282227
20170308154949285,-0.734220123291016
20170308154949286,0.318636322021484
20170308154949287,-2.96963272094727
20170308154949288,-0.612149810791016
20170308154949289,0.303377532958984
20170308154949290,-2.91622695922852
20170308154949291,-0.749478912353516
20170308154949292,0.318636322021484
20170308154949293,-2.95437393188477
20170308154949294,-0.627408599853516
20170308154949295,0.272859954833984
20170308154949296,-2.96200332641602
20170308154949297,-0.535855865478516
20170308154949298,0.295748138427734
20170308154949299,-2.96963272094727
20170308154949300,-0.558744049072266
20170308154949301,0.204195404052734
20170308154949302,-2.91622695922852
20170308154949303,-0.474820709228516
20170308154949304,0.127901458740234
20170308154949305,-2.93148574829102
20170308154949306,-0.413785552978516
20170308154949307,0.0363487243652344
20170308154949308,-2.93148574829102
20170308154949309,-0.352750396728516
20170308154949310,-0.0780921936035156
20170308154949311,-2.94674453735352
20170308154949312,-0.184903717041016
20170308154949313,-0.0399452209472656
20170308154949314,-2.97726211547852
20170308154949315,0.0668663024902344
20170308154949316,-0.162015533447266
20170308154949317,-2.84756240844727
20170308154949318,0.181307220458984
20170308154949319,-0.474820709228516
20170308154949320,-2.94674453735352
20170308154949321,0.417818450927734
20170308154949322,-0.406156158447266
20170308154949323,-2.84756240844727
20170308154949324,0.654329681396484
20170308154949325,-0.726590728759766
20170308154949326,-2.82467422485352
20170308154949327,0.539888763427734
20170308154949328,-0.772367095947266
20170308154949329,-2.79415664672852
20170308154949330,0.654329681396484
20170308154949331,-0.924954986572266
20170308154949332,-2.79415664672852
20170308154949333,0.692476654052734
20170308154949334,-1.06228408813477
20170308154949335,-2.71786270141602
20170308154949336,0.860323333740234
20170308154949337,-1.34457168579102
20170308154949338,-2.58053359985352
20170308154949339,0.837435150146484
20170308154949340,-1.57345352172852
20170308154949341,-2.45083389282227
20170308154949342,1.02054061889648
20170308154949343,-1.65737686157227
20170308154949344,-2.35928115844727
20170308154949345,0.616182708740234
20170308154949346,-1.79470596313477
20170308154949347,-2.32876358032227
20170308154949348,0.822176361083984
20170308154949349,-1.89388809204102
20170308154949350,-2.19906387329102
20170308154949351,0.700106048583984
20170308154949352,-1.97018203735352
20170308154949353,-2.09225234985352
20170308154949354,0.738253021240234
20170308154949355,-1.98544082641602
20170308154949356,-1.90151748657227
20170308154949357,0.784029388427734
20170308154949358,-2.31350479125977
20170308154949359,-1.74892959594727
20170308154949360,0.822176361083984
20170308154949361,-2.50423965454102
20170308154949362,-1.55819473266602
20170308154949363,0.677217864990234
20170308154949364,-2.67208633422852
20170308154949365,-1.33694229125977
20170308154949366,0.593294525146484
20170308154949367,-2.79415664672852
20170308154949368,-1.23776016235352
20170308154949369,0.806917572021484
20170308154949370,-2.77889785766602
20170308154949371,-1.29116592407227
20170308154949372,0.646700286865234
20170308154949373,-2.87045059204102
20170308154949374,-1.20724258422852
20170308154949375,0.524629974365234
20170308154949376,-2.87045059204102
20170308154949377,-1.21487197875977
20170308154949378,0.562776947021484
20170308154949379,-2.93911514282227
20170308154949380,-1.06228408813477
20170308154949381,0.463594818115234
20170308154949382,-3.02303848266602
20170308154949383,-1.03939590454102
20170308154949384,0.517000579833984
20170308154949385,-2.97726211547852
20170308154949386,-1.03939590454102
20170308154949387,0.578035736083984
20170308154949388,-2.90859756469727
20170308154949389,-0.970731353759766
20170308154949390,0.486483001708984
20170308154949391,-2.95437393188477
20170308154949392,-1.07754287719727
20170308154949393,0.524629974365234
20170308154949394,-2.86282119750977
20170308154949395,-0.886808013916016
20170308154949396,0.616182708740234
20170308154949397,-2.81704483032227
20170308154949398,-1.07754287719727
20170308154949399,0.517000579833984
20170308154949400,-2.77126846313477
20170308154949401,-1.22250137329102
20170308154949402,0.585665130615234
20170308154949403,-2.93148574829102
20170308154949404,-1.19961318969727
20170308154949405,0.677217864990234
20170308154949406,-2.76363906860352
20170308154949407,-1.16909561157227
20170308154949408,0.555147552490234
20170308154949409,-2.94674453735352
20170308154949410,-1.11568984985352
20170308154949411,0.555147552490234
20170308154949412,-2.90859756469727
20170308154949413,-1.10806045532227
20170308154949414,0.761141204833984
20170308154949415,-2.93911514282227
20170308154949416,-1.02413711547852
20170308154949417,0.547518157958984
20170308154949418,-2.89333877563477
20170308154949419,-1.23776016235352
20170308154949420,0.524629974365234
20170308154949421,-2.97726211547852
20170308154949422,-1.18435440063477
20170308154949423,0.501741790771484
20170308154949424,-2.91622695922852
20170308154949425,-1.08517227172852
20170308154949426,0.532259368896484
20170308154949427,-2.96200332641602
20170308154949428,-0.696073150634766
20170308154949429,0.593294525146484
20170308154949430,-2.93148574829102
20170308154949431,-0.680814361572266
20170308154949432,0.333895111083984
20170308154949433,-2.97726211547852
20170308154949434,-0.627408599853516
20170308154949435,0.288118743896484
20170308154949436,-2.90859756469727
20170308154949437,-0.512967681884766
20170308154949438,0.265230560302734
20170308154949439,-2.90859756469727
20170308154949440,-0.535855865478516
20170308154949441,0.387300872802734
20170308154949442,-2.90096817016602
20170308154949443,-0.497708892822266
20170308154949444,0.227083587646484
20170308154949445,-2.87807998657227
20170308154949446,-0.314603424072266
20170308154949447,0.173677825927734
20170308154949448,-2.89333877563477
20170308154949449,-0.413785552978516
20170308154949450,0.105013275146484
20170308154949451,-2.91622695922852
20170308154949452,-0.627408599853516
20170308154949453,0.227083587646484
20170308154949454,-2.97726211547852
20170308154949455,-0.535855865478516
20170308154949456,0.158419036865234
20170308154949457,-2.87045059204102
20170308154949458,-0.627408599853516
20170308154949459,0.288118743896484
20170308154949460,-2.98489151000977
20170308154949461,-0.619779205322266
20170308154949462,0.288118743896484
20170308154949463,-2.88570938110352
20170308154949464,-0.688443756103516
20170308154949465,0.517000579833984
20170308154949466,-2.81704483032227
20170308154949467,-0.795255279541016
20170308154949468,0.387300872802734
20170308154949469,-2.92385635375977
20170308154949470,-0.993619537353516
20170308154949471,0.478853607177734
20170308154949472,-2.99252090454102
20170308154949473,-0.894437408447266
20170308154949474,0.486483001708984
20170308154949475,-2.92385635375977
20170308154949476,-1.06991348266602
20170308154949477,0.532259368896484
20170308154949478,-2.91622695922852
20170308154949479,-1.00124893188477
20170308154949480,0.494112396240234
20170308154949481,-2.90096817016602
20170308154949482,-0.917325592041016
20170308154949483,0.410189056396484
20170308154949484,-2.89333877563477
20170308154949485,-1.01650772094727
20170308154949486,0.440706634521484
20170308154949487,-3.01540908813477
20170308154949488,-0.886808013916016
20170308154949489,0.593294525146484
20170308154949490,-2.95437393188477
20170308154949491,-0.749478912353516
20170308154949492,0.471224212646484
20170308154949493,-2.93911514282227
20170308154949494,-0.558744049072266
20170308154949495,0.303377532958984
20170308154949496,-2.93911514282227
20170308154949497,-0.665555572509766
20170308154949498,0.295748138427734
20170308154949499,-2.97726211547852
20170308154949500,-0.383267974853516
20170308154949501,0.0439781188964844
20170308154949502,-2.95437393188477
20170308154949503,-0.284085845947266
20170308154949504,-0.139127349853516
20170308154949505,-2.92385635375977
20170308154949506,-0.146756744384766
20170308154949507,-0.184903717041016
20170308154949508,-2.90096817016602
20170308154949509,0.173677825927734
20170308154949510,-0.490079498291016
20170308154949511,-2.80941543579102
20170308154949512,0.257601165771484
20170308154949513,-0.276456451416016
20170308154949514,-2.87045059204102
20170308154949515,0.326265716552734
20170308154949516,-0.520597076416016
20170308154949517,-2.81704483032227
20170308154949518,0.722994232177734
20170308154949519,-0.917325592041016
20170308154949520,-2.87807998657227
20170308154949521,0.784029388427734
20170308154949522,-0.924954986572266
20170308154949523,-2.82467422485352
20170308154949524,0.730623626708984
20170308154949525,-0.947843170166016
20170308154949526,-2.81704483032227
20170308154949527,0.906099700927734
20170308154949528,-1.13857803344727
20170308154949529,-2.65682754516602
20170308154949530,0.875582122802734
20170308154949531,-1.48190078735352
20170308154949532,-2.62630996704102
20170308154949533,0.799288177490234
20170308154949534,-1.36745986938477
20170308154949535,-2.49661026000977
20170308154949536,0.829805755615234
20170308154949537,-1.73367080688477
20170308154949538,-2.29061660766602
20170308154949539,0.623812103271484
20170308154949540,-1.81759414672852
20170308154949541,-2.21432266235352
20170308154949542,0.806917572021484
20170308154949543,-2.14565811157227
20170308154949544,-1.91677627563477
20170308154949545,0.616182708740234
20170308154949546,-2.16854629516602
20170308154949547,-1.78707656860352
20170308154949548,0.722994232177734
20170308154949549,-2.39742813110352
20170308154949550,-1.68026504516602
20170308154949551,0.776399993896484
20170308154949552,-2.51949844360352
20170308154949553,-1.50478897094727
20170308154949554,0.722994232177734
20170308154949555,-2.45083389282227
20170308154949556,-1.58871231079102
20170308154949557,0.822176361083984
20170308154949558,-2.35928115844727
20170308154949559,-1.68789443969727
20170308154949560,0.806917572021484
20170308154949561,-2.58816299438477
20170308154949562,-1.45901260375977
20170308154949563,0.738253021240234
20170308154949564,-2.63393936157227
20170308154949565,-1.41323623657227
20170308154949566,0.623812103271484
20170308154949567,-2.45083389282227
20170308154949568,-1.49715957641602
20170308154949569,0.936617279052734
20170308154949570,-2.61868057250977
20170308154949571,-1.47427139282227
20170308154949572,0.585665130615234
20170308154949573,-2.58816299438477
20170308154949574,-1.51241836547852
20170308154949575,0.585665130615234
20170308154949576,-2.58816299438477
20170308154949577,-1.58108291625977
20170308154949578,0.616182708740234
20170308154949579,-2.37453994750977
20170308154949580,-1.76418838500977
20170308154949581,0.753511810302734
20170308154949582,-2.30587539672852
20170308154949583,-1.64974746704102
20170308154949584,0.608553314208984
20170308154949585,-2.26009902954102
20170308154949586,-1.72604141235352
20170308154949587,0.692476654052734
20170308154949588,-2.38979873657227
20170308154949589,-1.54293594360352
20170308154949590,0.639070892333984
20170308154949591,-2.39742813110352
20170308154949592,-1.51241836547852
20170308154949593,0.639070892333984
20170308154949594,-2.57290420532227
20170308154949595,-1.45138320922852
20170308154949596,0.730623626708984
20170308154949597,-2.83230361938477
20170308154949598,-1.23013076782227
20170308154949599,0.661959075927734
20170308154949600,-2.89333877563477
20170308154949601,-1.07754287719727
20170308154949602,0.791658782958984
20170308154949603,-2.87807998657227
20170308154949604,-1.09280166625977
20170308154949605,0.509371185302734
20170308154949606,-2.90096817016602
20170308154949607,-1.19961318969727
20170308154949608,0.646700286865234
20170308154949609,-2.87807998657227
20170308154949610,-1.21487197875977
20170308154949611,0.471224212646484
20170308154949612,-2.90859756469727
20170308154949613,-0.932584381103516
20170308154949614,0.555147552490234
20170308154949615,-2.96963272094727
20170308154949616,-0.963101959228516
20170308154949617,0.295748138427734
20170308154949618,-2.92385635375977
20170308154949619,-1.10806045532227
20170308154949620,0.402559661865234
20170308154949621,-2.86282119750977
20170308154949622,-1.24538955688477
20170308154949623,0.631441497802734
20170308154949624,-2.82467422485352
20170308154949625,-1.17672500610352
20170308154949626,0.555147552490234
20170308154949627,-2.91622695922852
20170308154949628,-1.06991348266602
20170308154949629,0.646700286865234
20170308154949630,-2.88570938110352
20170308154949631,-1.16146621704102
20170308154949632,0.517000579833984
20170308154949633,-2.95437393188477
20170308154949634,-0.932584381103516
20170308154949635,0.463594818115234
20170308154949636,-2.97726211547852
20170308154949637,-0.757108306884766
20170308154949638,0.440706634521484
20170308154949639,-2.93911514282227
20170308154949640,-0.619779205322266
20170308154949641,0.318636322021484
20170308154949642,-2.90859756469727
20170308154949643,-0.589261627197266
20170308154949644,0.394930267333984
20170308154949645,-2.90096817016602
20170308154949646,-0.566373443603516
20170308154949647,0.387300872802734
20170308154949648,-2.91622695922852
20170308154949649,-0.757108306884766
20170308154949650,0.372042083740234
20170308154949651,-2.91622695922852
20170308154949652,-0.726590728759766
20170308154949653,0.433077239990234
20170308154949654,-2.96963272094727
20170308154949655,-0.604520416259766
20170308154949656,0.303377532958984
20170308154949657,-3.01540908813477
20170308154949658,-0.596891021728516
20170308154949659,0.204195404052734
20170308154949660,-3.01540908813477
20170308154949661,-0.421414947509766
20170308154949662,0.0973838806152344
20170308154949663,-3.00777969360352
20170308154949664,-0.215421295166016
20170308154949665,-0.192533111572266
20170308154949666,-2.95437393188477
20170308154949667,0.143160247802734
20170308154949668,-0.306974029541016
20170308154949669,-2.91622695922852
20170308154949670,0.173677825927734
20170308154949671,-0.291715240478516
20170308154949672,-2.85519180297852
20170308154949673,0.219454193115234
20170308154949674,-0.612149810791016
20170308154949675,-2.87807998657227
20170308154949676,0.349153900146484
20170308154949677,-0.627408599853516
20170308154949678,-2.80941543579102
20170308154949679,0.463594818115234
20170308154949680,-0.688443756103516
20170308154949681,-2.83993301391602
20170308154949682,0.486483001708984
20170308154949683,-0.734220123291016
20170308154949684,-2.83993301391602
20170308154949685,0.722994232177734
20170308154949686,-1.00887832641602
20170308154949687,-2.78652725219727
20170308154949688,0.791658782958984
20170308154949689,-1.26827774047852
20170308154949690,-2.68734512329102
20170308154949691,0.913729095458984
20170308154949692,-1.57345352172852
20170308154949693,-2.46609268188477
20170308154949694,0.822176361083984
20170308154949695,-1.71078262329102
20170308154949696,-2.38979873657227
20170308154949697,0.700106048583984
20170308154949698,-1.73367080688477
20170308154949699,-2.20669326782227
20170308154949700,0.837435150146484
20170308154949701,-2.00832901000977
20170308154949702,-2.15328750610352
20170308154949703,0.661959075927734
20170308154949704,-2.16854629516602
20170308154949705,-2.03121719360352
20170308154949706,0.608553314208984
20170308154949707,-2.12276992797852
20170308154949708,-1.87862930297852
20170308154949709,0.669588470458984
20170308154949710,-2.40505752563477
20170308154949711,-1.49715957641602
20170308154949712,0.692476654052734
20170308154949713,-2.80178604125977
20170308154949714,-1.39797744750977
20170308154949715,0.845064544677734
20170308154949716,-2.74838027954102
20170308154949717,-1.40560684204102
20170308154949718,0.822176361083984
20170308154949719,-2.71786270141602
20170308154949720,-1.32168350219727
20170308154949721,0.600923919677734
20170308154949722,-2.90859756469727
20170308154949723,-1.16146621704102
20170308154949724,0.524629974365234
20170308154949725,-2.91622695922852
20170308154949726,-1.10806045532227
20170308154949727,0.517000579833984
20170308154949728,-3.02303848266602
20170308154949729,-0.909696197509766
20170308154949730,0.349153900146484
20170308154949731,-2.93911514282227
20170308154949732,-1.05465469360352
20170308154949733,0.448336029052734
20170308154949734,-2.96200332641602
20170308154949735,-1.03176651000977
20170308154949736,0.394930267333984
20170308154949737,-2.93148574829102
20170308154949738,-0.848661041259766
20170308154949739,0.280489349365234
20170308154949740,-2.96963272094727
20170308154949741,-0.963101959228516
20170308154949742,0.433077239990234
20170308154949743,-2.96200332641602
20170308154949744,-0.841031646728516
20170308154949745,0.333895111083984
20170308154949746,-3.03066787719727
20170308154949747,-0.886808013916016
20170308154949748,0.318636322021484
20170308154949749,-3.00015029907227
20170308154949750,-0.680814361572266
20170308154949751,0.349153900146484
20170308154949752,-2.96963272094727
20170308154949753,-0.650296783447266
20170308154949754,0.272859954833984
20170308154949755,-3.00777969360352
20170308154949756,-0.482450103759766
20170308154949757,0.120272064208984
20170308154949758,-2.96963272094727
20170308154949759,-0.757108306884766
20170308154949760,0.303377532958984
20170308154949761,-2.94674453735352
20170308154949762,-0.787625885009766
20170308154949763,0.303377532958984
20170308154949764,-2.95437393188477
20170308154949765,-0.909696197509766
20170308154949766,0.364412689208984
20170308154949767,-2.96963272094727
20170308154949768,-1.02413711547852
20170308154949769,0.471224212646484
20170308154949770,-2.94674453735352
20170308154949771,-0.841031646728516
20170308154949772,0.372042083740234
20170308154949773,-2.94674453735352
20170308154949774,-0.909696197509766
20170308154949775,0.555147552490234
20170308154949776,-2.96963272094727
20170308154949777,-0.764737701416016
20170308154949778,0.402559661865234
20170308154949779,-2.99252090454102
20170308154949780,-0.688443756103516
20170308154949781,0.288118743896484
20170308154949782,-3.06881484985352
20170308154949783,-0.856290435791016
20170308154949784,0.578035736083984
20170308154949785,-2.90096817016602
20170308154949786,-0.802884674072266
20170308154949787,0.356783294677734
20170308154949788,-2.93911514282227
20170308154949789,-0.673184967041016
20170308154949790,0.417818450927734
20170308154949791,-2.93148574829102
20170308154949792,-0.543485260009766
20170308154949793,0.227083587646484
20170308154949794,-2.87807998657227
20170308154949795,-0.368009185791016
20170308154949796,0.158419036865234
20170308154949797,-2.96200332641602
20170308154949798,-0.398526763916016
20170308154949799,0.181307220458984
20170308154949800,-2.93911514282227
20170308154949801,-0.146756744384766
20170308154949802,-0.184903717041016
20170308154949803,-2.95437393188477
20170308154949804,0.150789642333984
20170308154949805,-0.383267974853516
20170308154949806,-2.93911514282227
20170308154949807,-0.131497955322266
20170308154949808,-0.276456451416016
20170308154949809,-2.93148574829102
20170308154949810,0.0821250915527344
20170308154949811,-0.421414947509766
20170308154949812,-2.84756240844727
20170308154949813,0.0897544860839844
20170308154949814,-0.345121002197266
20170308154949815,-2.94674453735352
20170308154949816,-0.169644927978516
20170308154949817,-0.268827056884766
20170308154949818,-2.90096817016602
20170308154949819,0.227083587646484
20170308154949820,-0.375638580322266
20170308154949821,-2.83230361938477
20170308154949822,-0.253568267822266
20170308154949823,-0.139127349853516
20170308154949824,-2.96963272094727
20170308154949825,-0.0094276428222656
20170308154949826,-0.253568267822266
20170308154949827,-2.93148574829102
20170308154949828,-0.154386138916016
20170308154949829,-0.284085845947266
20170308154949830,-2.89333877563477
20170308154949831,0.0210899353027344
20170308154949832,-0.429044342041016
20170308154949833,-2.89333877563477
20170308154949834,0.417818450927734
20170308154949835,-0.657926177978516
20170308154949836,-2.90859756469727
20170308154949837,0.578035736083984
20170308154949838,-0.757108306884766
20170308154949839,-2.85519180297852
20170308154949840,0.738253021240234
20170308154949841,-1.04702529907227
20170308154949842,-2.81704483032227
20170308154949843,0.875582122802734
20170308154949844,-1.01650772094727
20170308154949845,-2.58816299438477
20170308154949846,0.829805755615234
20170308154949847,-1.33694229125977
20170308154949848,-2.61105117797852
20170308154949849,0.707735443115234
20170308154949850,-1.63448867797852
20170308154949851,-2.41268692016602
20170308154949852,0.890840911865234
20170308154949853,-1.97781143188477
20170308154949854,-2.07699356079102
20170308154949855,0.768770599365234
20170308154949856,-2.19906387329102
20170308154949857,-1.86337051391602
20170308154949858,0.768770599365234
20170308154949859,-2.30587539672852
20170308154949860,-1.66500625610352
20170308154949861,0.845064544677734
20170308154949862,-2.46609268188477
20170308154949863,-1.40560684204102
20170308154949864,0.700106048583984
20170308154949865,-2.68734512329102
20170308154949866,-1.34457168579102
20170308154949867,0.555147552490234
20170308154949868,-2.74075088500977
20170308154949869,-1.25301895141602
20170308154949870,0.677217864990234
20170308154949871,-2.93148574829102
20170308154949872,-1.17672500610352
20170308154949873,0.631441497802734
20170308154949874,-2.98489151000977
20170308154949875,-0.856290435791016
20170308154949876,0.410189056396484
20170308154949877,-3.08407363891602
20170308154949878,-0.596891021728516
20170308154949879,0.288118743896484
20170308154949880,-2.98489151000977
20170308154949881,-0.741849517822266
20170308154949882,0.333895111083984
20170308154949883,-2.95437393188477
20170308154949884,-0.574002838134766
20170308154949885,0.249971771240234
20170308154949886,-2.97726211547852
20170308154949887,-0.635037994384766
20170308154949888,0.455965423583984
20170308154949889,-2.94674453735352
20170308154949890,-0.413785552978516
20170308154949891,0.211824798583984
20170308154949892,-2.90859756469727
20170308154949893,-0.314603424072266
20170308154949894,-0.108609771728516
20170308154949895,-2.96963272094727
20170308154949896,-0.451932525634766
20170308154949897,-0.0017982482910156
20170308154949898,-3.02303848266602
20170308154949899,-0.192533111572266
20170308154949900,-0.131497955322266
20170308154949901,-2.96200332641602
20170308154949902,-0.0780921936035156
20170308154949903,-0.284085845947266
20170308154949904,-2.93148574829102
20170308154949905,-0.0933509826660156
20170308154949906,-0.291715240478516
20170308154949907,-2.96200332641602
20170308154949908,-0.123868560791016
20170308154949909,-0.329862213134766
20170308154949910,-2.93911514282227
20170308154949911,-0.276456451416016
20170308154949912,-0.108609771728516
20170308154949913,-2.97726211547852
20170308154949914,-0.291715240478516
20170308154949915,-0.131497955322266
20170308154949916,-2.95437393188477
20170308154949917,-0.215421295166016
20170308154949918,-0.230680084228516
20170308154949919,-2.97726211547852
20170308154949920,-0.131497955322266
20170308154949921,-0.215421295166016
20170308154949922,-2.95437393188477
20170308154949923,-0.329862213134766
20170308154949924,-0.0399452209472656
20170308154949925,-2.94674453735352
20170308154949926,-0.421414947509766
20170308154949927,-0.0399452209472656
20170308154949928,-2.88570938110352
20170308154949929,-0.360379791259766
20170308154949930,0.0134605407714844
20170308154949931,-2.99252090454102
20170308154949932,-0.490079498291016
20170308154949933,0.0363487243652344
20170308154949934,-2.85519180297852
20170308154949935,-0.520597076416016
20170308154949936,0.105013275146484
20170308154949937,-2.93148574829102
20170308154949938,-0.589261627197266
20170308154949939,0.326265716552734
20170308154949940,-2.80941543579102
20170308154949941,-0.848661041259766
20170308154949942,0.295748138427734
20170308154949943,-2.94674453735352
20170308154949944,-0.917325592041016
20170308154949945,0.303377532958984
20170308154949946,-2.95437393188477
20170308154949947,-0.848661041259766
20170308154949948,0.387300872802734
20170308154949949,-2.95437393188477
20170308154949950,-0.932584381103516
20170308154949951,0.478853607177734
20170308154949952,-2.96963272094727
20170308154949953,-0.757108306884766
20170308154949954,0.303377532958984
20170308154949955,-2.96963272094727
20170308154949956,-0.833402252197266
20170308154949957,0.478853607177734
20170308154949958,-2.91622695922852
20170308154949959,-0.947843170166016
20170308154949960,0.417818450927734
20170308154949961,-2.97726211547852
20170308154949962,-0.795255279541016
20170308154949963,0.318636322021484
20170308154949964,-2.99252090454102
20170308154949965,-0.688443756103516
20170308154949966,0.501741790771484
20170308154949967,-2.90859756469727
20170308154949968,-0.604520416259766
20170308154949969,0.219454193115234
20170308154949970,-2.96200332641602
20170308154949971,-0.566373443603516
20170308154949972,0.112642669677734
20170308154949973,-2.99252090454102
20170308154949974,-0.589261627197266
20170308154949975,0.173677825927734
20170308154949976,-2.98489151000977
20170308154949977,-0.467191314697266
20170308154949978,0.0210899353027344
20170308154949979,-2.90096817016602
20170308154949980,-0.665555572509766
20170308154949981,0.280489349365234
20170308154949982,-2.99252090454102
20170308154949983,-0.848661041259766
20170308154949984,0.463594818115234
20170308154949985,-2.93911514282227
20170308154949986,-0.596891021728516
20170308154949987,0.356783294677734
20170308154949988,-2.92385635375977
20170308154949989,-0.635037994384766
20170308154949990,0.349153900146484
20170308154949991,-2.90859756469727
20170308154949992,-0.650296783447266
20170308154949993,0.211824798583984
20170308154949994,-3.00777969360352
20170308154949995,-0.696073150634766
20170308154949996,0.318636322021484
20170308154949997,-2.97726211547852
20170308154949998,-0.474820709228516
20170308154949999,0.341524505615234
20170308154950000,-2.96963272094727
20170308154950001,-0.520597076416016
20170308154950002,0.143160247802734
20170308154950003,-3.06118545532227
20170308154950004,-0.0704627990722656
20170308154950005,-0.245938873291016
20170308154950006,-2.91622695922852
20170308154950007,0.0439781188964844
20170308154950008,-0.276456451416016
20170308154950009,-2.87807998657227
20170308154950010,0.471224212646484
20170308154950011,-0.383267974853516
20170308154950012,-2.84756240844727
20170308154950013,0.394930267333984
20170308154950014,-0.535855865478516
20170308154950015,-2.88570938110352
20170308154950016,0.471224212646484
20170308154950017,-0.787625885009766
20170308154950018,-2.81704483032227
20170308154950019,0.715364837646484
20170308154950020,-1.07754287719727
20170308154950021,-2.83993301391602
20170308154950022,0.951876068115234
20170308154950023,-1.14620742797852
20170308154950024,-2.77126846313477
20170308154950025,0.921358489990234
20170308154950026,-1.42086563110352
20170308154950027,-2.52712783813477
20170308154950028,0.753511810302734
20170308154950029,-1.68789443969727
20170308154950030,-2.35165176391602
20170308154950031,0.738253021240234
20170308154950032,-1.92440567016602
20170308154950033,-2.30587539672852
20170308154950034,0.875582122802734
20170308154950035,-1.96255264282227
20170308154950036,-2.16854629516602
20170308154950037,0.585665130615234
20170308154950038,-1.93966445922852
20170308154950039,-2.06173477172852
20170308154950040,0.585665130615234
20170308154950041,-2.00832901000977
20170308154950042,-2.03121719360352
20170308154950043,0.715364837646484
20170308154950044,-2.14565811157227
20170308154950045,-1.89388809204102
20170308154950046,0.692476654052734
20170308154950047,-2.01595840454102
20170308154950048,-1.99307022094727
20170308154950049,0.906099700927734
20170308154950050,-2.16091690063477
20170308154950051,-1.80233535766602
20170308154950052,0.700106048583984
20170308154950053,-2.32113418579102
20170308154950054,-1.66500625610352
20170308154950055,0.715364837646484
20170308154950056,-2.33639297485352
20170308154950057,-1.81759414672852
20170308154950058,0.684847259521484
20170308154950059,-2.29061660766602
20170308154950060,-1.72604141235352
20170308154950061,0.646700286865234
20170308154950062,-2.35928115844727
20170308154950063,-1.57345352172852
20170308154950064,0.593294525146484
20170308154950065,-2.25246963500977
20170308154950066,-1.94729385375977
20170308154950067,0.631441497802734
20170308154950068,-2.17617568969727
20170308154950069,-1.87862930297852
20170308154950070,0.669588470458984
20170308154950071,-2.30587539672852
20170308154950072,-1.83285293579102
20170308154950073,0.715364837646484
20170308154950074,-2.25246963500977
20170308154950075,-1.90914688110352
20170308154950076,0.669588470458984
20170308154950077,-2.19143447875977
20170308154950078,-1.79470596313477
20170308154950079,0.722994232177734
20170308154950080,-2.18380508422852
20170308154950081,-1.83285293579102
20170308154950082,0.631441497802734
20170308154950083,-2.22958145141602
20170308154950084,-1.80233535766602
20170308154950085,0.722994232177734
20170308154950086,-2.35928115844727
20170308154950087,-1.81759414672852
20170308154950088,0.677217864990234
20170308154950089,-2.43557510375977
20170308154950090,-1.62685928344727
20170308154950091,0.768770599365234
20170308154950092,-2.51186904907227
20170308154950093,-1.53530654907227
20170308154950094,0.883211517333984
20170308154950095,-2.51186904907227
20170308154950096,-1.53530654907227
20170308154950097,0.860323333740234
20170308154950098,-2.61105117797852
20170308154950099,-1.42086563110352
20170308154950100,0.661959075927734
20170308154950101,-2.85519180297852
20170308154950102,-1.22250137329102
20170308154950103,0.555147552490234
20170308154950104,-2.87045059204102
20170308154950105,-1.29879531860352
20170308154950106,0.585665130615234
20170308154950107,-2.87045059204102
20170308154950108,-1.20724258422852
20170308154950109,0.578035736083984
20170308154950110,-2.86282119750977
20170308154950111,-1.25301895141602
20170308154950112,0.532259368896484
20170308154950113,-2.74838027954102
20170308154950114,-1.25301895141602
20170308154950115,0.517000579833984
20170308154950116,-2.89333877563477
20170308154950117,-1.14620742797852
20170308154950118,0.608553314208984
20170308154950119,-3.00777969360352
20170308154950120,-1.01650772094727
20170308154950121,0.478853607177734
20170308154950122,-2.97726211547852
20170308154950123,-0.917325592041016
20170308154950124,0.448336029052734
20170308154950125,-2.96200332641602
20170308154950126,-0.856290435791016
20170308154950127,0.410189056396484
20170308154950128,-2.89333877563477
20170308154950129,-1.11568984985352
20170308154950130,0.448336029052734
20170308154950131,-2.84756240844727
20170308154950132,-1.13857803344727
20170308154950133,0.700106048583984
20170308154950134,-2.79415664672852
20170308154950135,-1.17672500610352
20170308154950136,0.494112396240234
20170308154950137,-2.73312149047852
20170308154950138,-1.37508926391602
20170308154950139,0.562776947021484
20170308154950140,-2.76363906860352
20170308154950141,-1.35220108032227
20170308154950142,0.547518157958984
20170308154950143,-2.78652725219727
20170308154950144,-1.24538955688477
20170308154950145,0.738253021240234
20170308154950146,-2.85519180297852
20170308154950147,-1.18435440063477
20170308154950148,0.730623626708984
20170308154950149,-2.81704483032227
20170308154950150,-1.18435440063477
20170308154950151,0.547518157958984
20170308154950152,-2.90096817016602
20170308154950153,-1.29879531860352
20170308154950154,0.555147552490234
20170308154950155,-2.96963272094727
20170308154950156,-1.12331924438477
20170308154950157,0.532259368896484
20170308154950158,-3.00015029907227
20170308154950159,-0.795255279541016
20170308154950160,0.433077239990234
20170308154950161,-3.00015029907227
20170308154950162,-0.810514068603516
20170308154950163,0.471224212646484
20170308154950164,-2.94674453735352
20170308154950165,-0.505338287353516
20170308154950166,0.341524505615234
20170308154950167,-2.91622695922852
20170308154950168,-0.505338287353516
20170308154950169,0.234712982177734
20170308154950170,-2.97726211547852
20170308154950171,-0.505338287353516
20170308154950172,0.0897544860839844
20170308154950173,-2.94674453735352
20170308154950174,-0.329862213134766
20170308154950175,0.0897544860839844
20170308154950176,-2.93148574829102
20170308154950177,-0.215421295166016
20170308154950178,-0.0780921936035156
20170308154950179,-2.90096817016602
20170308154950180,0.0973838806152344
20170308154950181,-0.345121002197266
20170308154950182,-2.83993301391602
20170308154950183,0.112642669677734
20170308154950184,-0.497708892822266
20170308154950185,-2.88570938110352
20170308154950186,0.288118743896484
20170308154950187,-0.657926177978516
20170308154950188,-2.86282119750977
20170308154950189,0.562776947021484
20170308154950190,-0.871549224853516
20170308154950191,-2.90096817016602
20170308154950192,0.730623626708984
20170308154950193,-1.06228408813477
20170308154950194,-2.81704483032227
20170308154950195,0.875582122802734
20170308154950196,-1.25301895141602
20170308154950197,-2.61868057250977
20170308154950198,0.692476654052734
20170308154950199,-1.26064834594727
20170308154950200,-2.67208633422852
20170308154950201,0.715364837646484
20170308154950202,-1.36745986938477
20170308154950203,-2.47372207641602
20170308154950204,0.684847259521484
20170308154950205,-1.71841201782227
20170308154950206,-2.37453994750977
20170308154950207,0.730623626708984
20170308154950208,-1.75655899047852
20170308154950209,-2.26009902954102
20170308154950210,0.875582122802734
20170308154950211,-1.90914688110352
20170308154950212,-2.17617568969727
20170308154950213,0.761141204833984
20170308154950214,-1.74130020141602
20170308154950215,-2.19906387329102
20170308154950216,0.906099700927734
20170308154950217,-1.91677627563477
20170308154950218,-2.16854629516602
20170308154950219,0.799288177490234
20170308154950220,-1.88625869750977
20170308154950221,-2.26009902954102
20170308154950222,0.799288177490234
20170308154950223,-1.97018203735352
20170308154950224,-2.04647598266602
20170308154950225,0.883211517333984
20170308154950226,-2.26772842407227
20170308154950227,-1.82522354125977
20170308154950228,0.745882415771484
20170308154950229,-2.33639297485352
20170308154950230,-1.71841201782227
20170308154950231,0.722994232177734
20170308154950232,-2.44320449829102
20170308154950233,-1.53530654907227
20170308154950234,0.753511810302734
20170308154950235,-2.65682754516602
20170308154950236,-1.47427139282227
20170308154950237,0.639070892333984
20170308154950238,-2.61105117797852
20170308154950239,-1.39797744750977
20170308154950240,0.593294525146484
20170308154950241,-2.63393936157227
20170308154950242,-1.45901260375977
20170308154950243,0.555147552490234
20170308154950244,-2.56527481079102
20170308154950245,-1.43612442016602
20170308154950246,0.623812103271484
20170308154950247,-2.67208633422852
20170308154950248,-1.29116592407227
20170308154950249,0.524629974365234
20170308154950250,-2.68734512329102
20170308154950251,-1.27590713500977
20170308154950252,0.654329681396484
20170308154950253,-2.87045059204102
20170308154950254,-1.13094863891602
20170308154950255,0.570406341552734
20170308154950256,-2.91622695922852
20170308154950257,-1.13857803344727
20170308154950258,0.455965423583984
20170308154950259,-2.93148574829102
20170308154950260,-0.978360748291016
20170308154950261,0.517000579833984
20170308154950262,-2.91622695922852
20170308154950263,-1.03939590454102
20170308154950264,0.494112396240234
20170308154950265,-2.93148574829102
20170308154950266,-1.15383682250977
20170308154950267,0.425447845458984
20170308154950268,-2.93911514282227
20170308154950269,-1.21487197875977
20170308154950270,0.425447845458984
20170308154950271,-2.83993301391602
20170308154950272,-1.25301895141602
20170308154950273,0.562776947021484
20170308154950274,-2.83993301391602
20170308154950275,-1.21487197875977
20170308154950276,0.555147552490234
20170308154950277,-2.71023330688477
20170308154950278,-1.39797744750977
20170308154950279,0.661959075927734
20170308154950280,-2.76363906860352
20170308154950281,-1.35220108032227
20170308154950282,0.661959075927734
20170308154950283,-2.77126846313477
20170308154950284,-1.31405410766602
20170308154950285,0.555147552490234
20170308154950286,-2.78652725219727
20170308154950287,-1.29879531860352
20170308154950288,0.654329681396484
20170308154950289,-2.87045059204102
20170308154950290,-1.22250137329102
20170308154950291,0.585665130615234
20170308154950292,-2.64156875610352
20170308154950293,-1.34457168579102
20170308154950294,0.761141204833984
20170308154950295,-2.70260391235352
20170308154950296,-1.32168350219727
20170308154950297,0.677217864990234
20170308154950298,-2.84756240844727
20170308154950299,-1.16909561157227
20170308154950300,0.509371185302734
20170308154950301,-2.96963272094727
20170308154950302,-1.01650772094727
20170308154950303,0.478853607177734
20170308154950304,-2.90096817016602
20170308154950305,-0.894437408447266
20170308154950306,0.532259368896484
20170308154950307,-3.00015029907227
20170308154950308,-0.810514068603516
20170308154950309,0.463594818115234
20170308154950310,-2.93911514282227
20170308154950311,-0.802884674072266
20170308154950312,0.448336029052734
20170308154950313,-2.92385635375977
20170308154950314,-0.863919830322266
20170308154950315,0.494112396240234
20170308154950316,-2.92385635375977
20170308154950317,-0.688443756103516
20170308154950318,0.448336029052734
20170308154950319,-2.94674453735352
20170308154950320,-0.635037994384766
20170308154950321,0.333895111083984
20170308154950322,-2.98489151000977
20170308154950323,-0.505338287353516
20170308154950324,0.188936614990234
20170308154950325,-2.98489151000977
20170308154950326,-0.467191314697266
20170308154950327,0.249971771240234
20170308154950328,-2.92385635375977
20170308154950329,-0.268827056884766
20170308154950330,-0.0704627990722656
20170308154950331,-2.96200332641602
20170308154950332,-0.0094276428222656
20170308154950333,-0.284085845947266
20170308154950334,-2.87807998657227
20170308154950335,0.196566009521484
20170308154950336,-0.490079498291016
20170308154950337,-2.87807998657227
20170308154950338,0.364412689208984
20170308154950339,-0.665555572509766
20170308154950340,-2.81704483032227
20170308154950341,0.341524505615234
20170308154950342,-0.642667388916016
20170308154950343,-2.87045059204102
20170308154950344,0.600923919677734
20170308154950345,-0.833402252197266
20170308154950346,-2.87807998657227
20170308154950347,0.600923919677734
20170308154950348,-0.856290435791016
20170308154950349,-2.73312149047852
20170308154950350,0.898470306396484
20170308154950351,-1.09280166625977
20170308154950352,-2.75600967407227
20170308154950353,0.768770599365234
20170308154950354,-1.06228408813477
20170308154950355,-2.66445693969727
20170308154950356,0.875582122802734
20170308154950357,-1.42086563110352
20170308154950358,-2.56527481079102
20170308154950359,0.700106048583984
20170308154950360,-1.36745986938477
20170308154950361,-2.58053359985352
20170308154950362,0.845064544677734
20170308154950363,-1.54293594360352
20170308154950364,-2.48135147094727
20170308154950365,0.761141204833984
20170308154950366,-1.63448867797852
20170308154950367,-2.31350479125977
20170308154950368,0.913729095458984
20170308154950369,-1.69552383422852
20170308154950370,-2.16854629516602
20170308154950371,0.867952728271484
20170308154950372,-1.90914688110352
20170308154950373,-2.04647598266602
20170308154950374,0.837435150146484
20170308154950375,-2.06936416625977
20170308154950376,-2.06173477172852
20170308154950377,0.578035736083984
20170308154950378,-1.93966445922852
20170308154950379,-2.03121719360352
20170308154950380,0.722994232177734
20170308154950381,-1.98544082641602
20170308154950382,-2.11514053344727
20170308154950383,0.791658782958984
20170308154950384,-2.26772842407227
20170308154950385,-1.68789443969727
20170308154950386,0.608553314208984
20170308154950387,-2.29061660766602
20170308154950388,-1.71078262329102
20170308154950389,0.784029388427734
20170308154950390,-2.64156875610352
20170308154950391,-1.31405410766602
20170308154950392,0.684847259521484
20170308154950393,-2.78652725219727
20170308154950394,-1.39034805297852
20170308154950395,0.822176361083984
20170308154950396,-2.78652725219727
20170308154950397,-1.31405410766602
20170308154950398,0.616182708740234
20170308154950399,-2.91622695922852
20170308154950400,-1.22250137329102
20170308154950401,0.684847259521484
20170308154950402,-2.93911514282227
20170308154950403,-1.05465469360352
20170308154950404,0.448336029052734
20170308154950405,-2.95437393188477
20170308154950406,-1.09280166625977
20170308154950407,0.722994232177734
20170308154950408,-2.96963272094727
20170308154950409,-1.15383682250977
20170308154950410,0.448336029052734
20170308154950411,-2.90096817016602
20170308154950412,-1.06228408813477
20170308154950413,0.501741790771484
20170308154950414,-2.95437393188477
20170308154950415,-1.00887832641602
20170308154950416,0.486483001708984
20170308154950417,-2.95437393188477
20170308154950418,-0.787625885009766
20170308154950419,0.425447845458984
20170308154950420,-2.95437393188477
20170308154950421,-0.779996490478516
20170308154950422,0.394930267333984
20170308154950423,-2.98489151000977
20170308154950424,-0.734220123291016
20170308154950425,0.349153900146484
20170308154950426,-2.90096817016602
20170308154950427,-0.825772857666016
20170308154950428,0.433077239990234
20170308154950429,-3.00015029907227
20170308154950430,-0.879178619384766
20170308154950431,0.509371185302734
20170308154950432,-2.94674453735352
20170308154950433,-0.848661041259766
20170308154950434,0.387300872802734
20170308154950435,-2.93148574829102
20170308154950436,-0.711331939697266
20170308154950437,0.410189056396484
20170308154950438,-3.02303848266602
20170308154950439,-0.810514068603516
20170308154950440,0.524629974365234
20170308154950441,-2.92385635375977
20170308154950442,-0.726590728759766
20170308154950443,0.402559661865234
20170308154950444,-2.96963272094727
20170308154950445,-0.635037994384766
20170308154950446,0.532259368896484
20170308154950447,-2.87807998657227
20170308154950448,-0.436673736572266
20170308154950449,0.150789642333984
20170308154950450,-3.00777969360352
20170308154950451,-0.299344635009766
20170308154950452,-0.0628334045410156
20170308154950453,-2.89333877563477
20170308154950454,-0.131497955322266
20170308154950455,-0.100980377197266
20170308154950456,-2.87045059204102
20170308154950457,-0.108609771728516
20170308154950458,-0.162015533447266
20170308154950459,-2.87807998657227
20170308154950460,0.143160247802734
20170308154950461,-0.284085845947266
20170308154950462,-2.79415664672852
20170308154950463,0.211824798583984
20170308154950464,-0.268827056884766
20170308154950465,-2.81704483032227
20170308154950466,0.486483001708984
20170308154950467,-0.368009185791016
20170308154950468,-2.77126846313477
20170308154950469,0.341524505615234
20170308154950470,-0.589261627197266
20170308154950471,-2.83230361938477
20170308154950472,0.433077239990234
20170308154950473,-0.505338287353516
20170308154950474,-2.80941543579102
20170308154950475,0.860323333740234
20170308154950476,-1.03939590454102
20170308154950477,-2.73312149047852
20170308154950478,0.867952728271484
20170308154950479,-1.29879531860352
20170308154950480,-2.56527481079102
20170308154950481,1.05105819702148
20170308154950482,-1.61922988891602
20170308154950483,-2.32113418579102
20170308154950484,0.959505462646484
20170308154950485,-1.83285293579102
20170308154950486,-2.24484024047852
20170308154950487,0.806917572021484
20170308154950488,-2.06936416625977
20170308154950489,-2.09988174438477
20170308154950490,0.555147552490234
20170308154950491,-2.01595840454102
20170308154950492,-2.03121719360352
20170308154950493,0.753511810302734
20170308154950494,-2.06936416625977
20170308154950495,-1.90151748657227
20170308154950496,0.799288177490234
20170308154950497,-2.32113418579102
20170308154950498,-1.53530654907227
20170308154950499,0.768770599365234
20170308154950500,-2.71023330688477
20170308154950501,-1.25301895141602
20170308154950502,0.684847259521484
20170308154950503,-2.97726211547852
20170308154950504,-1.16146621704102
20170308154950505,0.639070892333984
20170308154950506,-2.86282119750977
20170308154950507,-1.13857803344727
20170308154950508,0.867952728271484
20170308154950509,-2.81704483032227
20170308154950510,-1.23013076782227
20170308154950511,0.448336029052734
20170308154950512,-2.65682754516602
20170308154950513,-1.17672500610352
20170308154950514,0.669588470458984
20170308154950515,-2.81704483032227
20170308154950516,-0.886808013916016
20170308154950517,0.555147552490234
20170308154950518,-2.94674453735352
20170308154950519,-0.612149810791016
20170308154950520,0.501741790771484
20170308154950521,-2.92385635375977
20170308154950522,-0.520597076416016
20170308154950523,0.242342376708984
20170308154950524,-2.93911514282227
20170308154950525,-0.520597076416016
20170308154950526,0.188936614990234
20170308154950527,-2.93148574829102
20170308154950528,-0.642667388916016
20170308154950529,0.318636322021484
20170308154950530,-2.93911514282227
20170308154950531,-0.650296783447266
20170308154950532,0.280489349365234
20170308154950533,-2.91622695922852
20170308154950534,-0.558744049072266
20170308154950535,0.417818450927734
20170308154950536,-2.88570938110352
20170308154950537,-0.673184967041016
20170308154950538,0.204195404052734
20170308154950539,-2.93911514282227
20170308154950540,-0.581632232666016
20170308154950541,0.249971771240234
20170308154950542,-2.93911514282227
20170308154950543,-0.551114654541016
20170308154950544,0.356783294677734
20170308154950545,-2.83230361938477
20170308154950546,-0.322232818603516
20170308154950547,0.0134605407714844
20170308154950548,-2.86282119750977
20170308154950549,-0.223050689697266
20170308154950550,-0.207791900634766
20170308154950551,-2.90859756469727
20170308154950552,-0.169644927978516
20170308154950553,-0.192533111572266
20170308154950554,-2.88570938110352
20170308154950555,-0.169644927978516
20170308154950556,-0.200162506103516
20170308154950557,-2.96963272094727
20170308154950558,-0.368009185791016
20170308154950559,-0.0399452209472656
20170308154950560,-2.90859756469727
20170308154950561,-0.192533111572266
20170308154950562,-0.184903717041016
20170308154950563,-2.90859756469727
20170308154950564,-0.0170570373535156
20170308154950565,-0.253568267822266
20170308154950566,-2.91622695922852
20170308154950567,-0.0857215881347656
20170308154950568,0.0516075134277344
20170308154950569,-2.85519180297852
20170308154950570,-0.162015533447266
20170308154950571,-0.0170570373535156
20170308154950572,-2.93148574829102
20170308154950573,-0.284085845947266
20170308154950574,-0.116239166259766
20170308154950575,-2.91622695922852
20170308154950576,-0.360379791259766
20170308154950577,0.150789642333984
20170308154950578,-2.90859756469727
20170308154950579,-0.383267974853516
20170308154950580,0.0973838806152344
20170308154950581,-2.87045059204102
20170308154950582,-0.520597076416016
20170308154950583,0.173677825927734
20170308154950584,-2.93911514282227
20170308154950585,-0.558744049072266
20170308154950586,0.478853607177734
20170308154950587,-2.85519180297852
20170308154950588,-0.673184967041016
20170308154950589,0.272859954833984
20170308154950590,-2.91622695922852
20170308154950591,-0.680814361572266
20170308154950592,0.463594818115234
20170308154950593,-2.83230361938477
20170308154950594,-0.657926177978516
20170308154950595,0.532259368896484
20170308154950596,-2.92385635375977
20170308154950597,-0.726590728759766
20170308154950598,0.349153900146484
20170308154950599,-2.97726211547852
20170308154950600,-0.680814361572266
20170308154950601,0.257601165771484
20170308154950602,-2.93911514282227
20170308154950603,-0.566373443603516
20170308154950604,0.501741790771484
20170308154950605,-2.90096817016602
20170308154950606,-0.566373443603516
20170308154950607,0.211824798583984
20170308154950608,-2.89333877563477
20170308154950609,-0.482450103759766
20170308154950610,0.143160247802734
20170308154950611,-2.96200332641602
20170308154950612,-0.535855865478516
20170308154950613,0.166048431396484
20170308154950614,-2.96200332641602
20170308154950615,-0.245938873291016
20170308154950616,-0.108609771728516
20170308154950617,-2.93911514282227
20170308154950618,-0.177274322509766
20170308154950619,-0.268827056884766
20170308154950620,-2.83230361938477
20170308154950621,-0.177274322509766
20170308154950622,-0.184903717041016
20170308154950623,-2.88570938110352
20170308154950624,0.0134605407714844
20170308154950625,-0.146756744384766
20170308154950626,-2.89333877563477
20170308154950627,-0.0857215881347656
20170308154950628,-0.207791900634766
20170308154950629,-2.83230361938477
20170308154950630,0.181307220458984
20170308154950631,-0.306974029541016
20170308154950632,-2.88570938110352
20170308154950633,0.143160247802734
20170308154950634,-0.413785552978516
20170308154950635,-2.79415664672852
20170308154950636,0.494112396240234
20170308154950637,-0.734220123291016
20170308154950638,-2.86282119750977
20170308154950639,0.677217864990234
20170308154950640,-0.787625885009766
20170308154950641,-2.80178604125977
20170308154950642,0.677217864990234
20170308154950643,-0.985990142822266
20170308154950644,-2.77889785766602
20170308154950645,0.784029388427734
20170308154950646,-1.03939590454102
20170308154950647,-2.75600967407227
20170308154950648,0.852693939208984
20170308154950649,-0.863919830322266
20170308154950650,-2.76363906860352
20170308154950651,0.677217864990234
20170308154950652,-0.985990142822266
20170308154950653,-2.79415664672852
20170308154950654,0.730623626708984
20170308154950655,-0.985990142822266
20170308154950656,-2.67208633422852
20170308154950657,0.974764251708984
20170308154950658,-1.48190078735352
20170308154950659,-2.46609268188477
20170308154950660,0.829805755615234
20170308154950661,-1.69552383422852
20170308154950662,-2.30587539672852
20170308154950663,0.776399993896484
20170308154950664,-1.90151748657227
20170308154950665,-2.21432266235352
20170308154950666,0.722994232177734
20170308154950667,-1.95492324829102
20170308154950668,-2.06936416625977
20170308154950669,0.738253021240234
20170308154950670,-2.20669326782227
20170308154950671,-2.00069961547852
20170308154950672,0.722994232177734
20170308154950673,-2.20669326782227
20170308154950674,-1.84048233032227
20170308154950675,0.745882415771484
20170308154950676,-2.29061660766602
20170308154950677,-1.86337051391602
20170308154950678,0.913729095458984
20170308154950679,-2.19143447875977
20170308154950680,-1.82522354125977
20170308154950681,0.753511810302734
20170308154950682,-2.35928115844727
20170308154950683,-1.68789443969727
20170308154950684,0.669588470458984
20170308154950685,-2.18380508422852
20170308154950686,-1.75655899047852
20170308154950687,0.707735443115234
20170308154950688,-2.46609268188477
20170308154950689,-1.66500625610352
20170308154950690,0.692476654052734
20170308154950691,-2.56527481079102
20170308154950692,-1.51241836547852
20170308154950693,0.623812103271484
20170308154950694,-2.54238662719727
20170308154950695,-1.48953018188477
20170308154950696,0.722994232177734
20170308154950697,-2.74838027954102
20170308154950698,-1.26064834594727
20170308154950699,0.806917572021484
20170308154950700,-2.81704483032227
20170308154950701,-1.27590713500977
20170308154950702,0.524629974365234
20170308154950703,-2.74838027954102
20170308154950704,-1.30642471313477
20170308154950705,0.738253021240234
20170308154950706,-2.77889785766602
20170308154950707,-1.20724258422852
20170308154950708,0.661959075927734
20170308154950709,-2.87045059204102
20170308154950710,-1.08517227172852
20170308154950711,0.448336029052734
20170308154950712,-2.87807998657227
20170308154950713,-0.841031646728516
20170308154950714,0.585665130615234
20170308154950715,-2.96200332641602
20170308154950716,-0.566373443603516
20170308154950717,0.227083587646484
20170308154950718,-2.91622695922852
20170308154950719,-0.413785552978516
20170308154950720,0.173677825927734
20170308154950721,-2.93911514282227
20170308154950722,-0.436673736572266
20170308154950723,0.0897544860839844
20170308154950724,-2.96200332641602
20170308154950725,-0.383267974853516
20170308154950726,0.0439781188964844
20170308154950727,-2.96200332641602
20170308154950728,-0.276456451416016
20170308154950729,-0.0170570373535156
20170308154950730,-2.82467422485352
20170308154950731,-0.238309478759766
20170308154950732,0.158419036865234
20170308154950733,-2.91622695922852
20170308154950734,-0.299344635009766
20170308154950735,0.0210899353027344
20170308154950736,-2.90096817016602
20170308154950737,-0.345121002197266
20170308154950738,-0.0780921936035156
20170308154950739,-2.93911514282227
20170308154950740,-0.360379791259766
20170308154950741,-0.100980377197266
20170308154950742,-2.93911514282227
20170308154950743,-0.383267974853516
20170308154950744,0.0973838806152344
20170308154950745,-2.93148574829102
20170308154950746,-0.245938873291016
20170308154950747,-0.108609771728516
20170308154950748,-2.84756240844727
20170308154950749,-0.253568267822266
20170308154950750,-0.0552040100097656
20170308154950751,-2.77889785766602
20170308154950752,-0.261197662353516
20170308154950753,0.0973838806152344
20170308154950754,-2.89333877563477
20170308154950755,-0.169644927978516
20170308154950756,-0.131497955322266
20170308154950757,-2.91622695922852
20170308154950758,-0.276456451416016
20170308154950759,0.166048431396484
20170308154950760,-2.87807998657227
20170308154950761,-0.291715240478516
20170308154950762,-0.0094276428222656
20170308154950763,-2.90096817016602
20170308154950764,-0.314603424072266
20170308154950765,-0.116239166259766
20170308154950766,-3.00777969360352
20170308154950767,-0.596891021728516
20170308154950768,0.204195404052734
20170308154950769,-2.96963272094727
20170308154950770,-0.451932525634766
20170308154950771,0.120272064208984
20170308154950772,-2.91622695922852
20170308154950773,-0.558744049072266
20170308154950774,0.311006927490234
20170308154950775,-2.85519180297852
20170308154950776,-0.436673736572266
20170308154950777,0.364412689208984
20170308154950778,-2.90859756469727
20170308154950779,-0.551114654541016
20170308154950780,0.326265716552734
20170308154950781,-2.95437393188477
20170308154950782,-0.589261627197266
20170308154950783,0.257601165771484
20170308154950784,-2.94674453735352
20170308154950785,-0.833402252197266
20170308154950786,0.234712982177734
20170308154950787,-2.91622695922852
20170308154950788,-0.833402252197266
20170308154950789,0.364412689208984
20170308154950790,-2.92385635375977
20170308154950791,-0.718961334228516
20170308154950792,0.410189056396484
20170308154950793,-2.95437393188477
20170308154950794,-0.642667388916016
20170308154950795,0.295748138427734
20170308154950796,-2.88570938110352
20170308154950797,-0.436673736572266
20170308154950798,0.257601165771484
20170308154950799,-2.90859756469727
20170308154950800,-0.451932525634766
20170308154950801,0.341524505615234
20170308154950802,-2.91622695922852
20170308154950803,-0.574002838134766
20170308154950804,0.143160247802734
20170308154950805,-2.94674453735352
20170308154950806,-0.474820709228516
20170308154950807,0.150789642333984
20170308154950808,-2.95437393188477
20170308154950809,-0.207791900634766
20170308154950810,-0.146756744384766
20170308154950811,-2.94674453735352
20170308154950812,-0.184903717041016
20170308154950813,0.0134605407714844
20170308154950814,-2.90096817016602
20170308154950815,0.150789642333984
20170308154950816,-0.337491607666016
20170308154950817,-2.86282119750977
20170308154950818,0.349153900146484
20170308154950819,-0.688443756103516
20170308154950820,-2.84756240844727
20170308154950821,0.524629974365234
20170308154950822,-0.764737701416016
20170308154950823,-2.86282119750977
20170308154950824,0.890840911865234
20170308154950825,-0.894437408447266
20170308154950826,-2.80178604125977
20170308154950827,0.959505462646484
20170308154950828,-1.35983047485352
20170308154950829,-2.60342178344727
20170308154950830,0.822176361083984
20170308154950831,-1.38271865844727
20170308154950832,-2.48898086547852
20170308154950833,0.997652435302734
20170308154950834,-1.56582412719727
20170308154950835,-2.42031631469727
20170308154950836,0.784029388427734
20170308154950837,-1.77181777954102
20170308154950838,-2.13802871704102
20170308154950839,0.661959075927734
20170308154950840,-2.03884658813477
20170308154950841,-1.99307022094727
20170308154950842,0.722994232177734
20170308154950843,-2.23721084594727
20170308154950844,-1.84048233032227
20170308154950845,0.776399993896484
20170308154950846,-2.26772842407227
20170308154950847,-1.77944717407227
20170308154950848,0.639070892333984
20170308154950849,-2.27535781860352
20170308154950850,-1.67263565063477
20170308154950851,0.616182708740234
20170308154950852,-2.35928115844727
20170308154950853,-1.59634170532227
20170308154950854,0.791658782958984
20170308154950855,-2.55764541625977
20170308154950856,-1.45901260375977
20170308154950857,0.661959075927734
20170308154950858,-2.56527481079102
20170308154950859,-1.48190078735352
20170308154950860,0.700106048583984
20170308154950861,-2.71786270141602
20170308154950862,-1.42849502563477
20170308154950863,0.639070892333984
20170308154950864,-2.67971572875977
20170308154950865,-1.39797744750977
20170308154950866,0.600923919677734
20170308154950867,-2.61868057250977
20170308154950868,-1.35220108032227
20170308154950869,0.715364837646484
20170308154950870,-2.67208633422852
20170308154950871,-1.29116592407227
20170308154950872,0.829805755615234
20170308154950873,-2.73312149047852
20170308154950874,-1.34457168579102
20170308154950875,0.822176361083984
20170308154950876,-2.77126846313477
20170308154950877,-1.33694229125977
20170308154950878,0.700106048583984
20170308154950879,-2.76363906860352
20170308154950880,-1.24538955688477
20170308154950881,0.616182708740234
20170308154950882,-2.88570938110352
20170308154950883,-1.09280166625977
20170308154950884,0.707735443115234
20170308154950885,-2.88570938110352
20170308154950886,-1.08517227172852
20170308154950887,0.494112396240234
20170308154950888,-2.91622695922852
20170308154950889,-0.787625885009766
20170308154950890,0.578035736083984
20170308154950891,-2.95437393188477
20170308154950892,-0.894437408447266
20170308154950893,0.433077239990234
20170308154950894,-2.97726211547852
20170308154950895,-0.894437408447266
20170308154950896,0.349153900146484
20170308154950897,-2.90859756469727
20170308154950898,-1.00124893188477
20170308154950899,0.486483001708984
20170308154950900,-3.03066787719727
20170308154950901,-0.947843170166016
20170308154950902,0.417818450927734
20170308154950903,-2.94674453735352
20170308154950904,-0.978360748291016
20170308154950905,0.410189056396484
20170308154950906,-2.89333877563477
20170308154950907,-1.00887832641602
20170308154950908,0.570406341552734
20170308154950909,-2.90096817016602
20170308154950910,-1.10043106079102
20170308154950911,0.532259368896484
20170308154950912,-2.82467422485352
20170308154950913,-1.12331924438477
20170308154950914,0.471224212646484
20170308154950915,-2.85519180297852
20170308154950916,-1.26064834594727
20170308154950917,0.539888763427734
20170308154950918,-2.93911514282227
20170308154950919,-0.993619537353516
20170308154950920,0.440706634521484
20170308154950921,-2.86282119750977
20170308154950922,-1.22250137329102
20170308154950923,0.539888763427734
20170308154950924,-2.92385635375977
20170308154950925,-1.06228408813477
20170308154950926,0.524629974365234
20170308154950927,-2.98489151000977
20170308154950928,-0.947843170166016
20170308154950929,0.448336029052734
20170308154950930,-3.01540908813477
20170308154950931,-0.581632232666016
20170308154950932,0.417818450927734
20170308154950933,-2.91622695922852
20170308154950934,-0.535855865478516
20170308154950935,0.333895111083984
20170308154950936,-2.87807998657227
20170308154950937,-0.368009185791016
20170308154950938,0.0821250915527344
20170308154950939,-3.06118545532227
20170308154950940,-0.360379791259766
20170308154950941,-0.100980377197266
20170308154950942,-2.96200332641602
20170308154950943,-0.215421295166016
20170308154950944,-0.0704627990722656
20170308154950945,-2.93148574829102
20170308154950946,-0.131497955322266
20170308154950947,-0.139127349853516
20170308154950948,-2.85519180297852
20170308154950949,-0.123868560791016
20170308154950950,-0.184903717041016
20170308154950951,-2.89333877563477
20170308154950952,0.265230560302734
20170308154950953,-0.528226470947266
20170308154950954,-2.82467422485352
20170308154950955,0.471224212646484
20170308154950956,-0.764737701416016
20170308154950957,-2.87045059204102
20170308154950958,0.814546966552734
20170308154950959,-0.924954986572266
20170308154950960,-2.81704483032227
20170308154950961,0.715364837646484
20170308154950962,-1.00124893188477
20170308154950963,-2.77889785766602
20170308154950964,0.944246673583984
20170308154950965,-0.909696197509766
20170308154950966,-2.76363906860352
20170308154950967,0.890840911865234
20170308154950968,-1.11568984985352
20170308154950969,-2.72549209594727
20170308154950970,0.715364837646484
20170308154950971,-1.12331924438477
20170308154950972,-2.80941543579102
20170308154950973,0.722994232177734
20170308154950974,-1.03176651000977
20170308154950975,-2.79415664672852
20170308154950976,0.784029388427734
20170308154950977,-1.22250137329102
20170308154950978,-2.66445693969727
20170308154950979,0.730623626708984
20170308154950980,-1.35983047485352
20170308154950981,-2.61105117797852
20170308154950982,0.883211517333984
20170308154950983,-1.48190078735352
20170308154950984,-2.62630996704102
20170308154950985,0.791658782958984
20170308154950986,-1.67263565063477
20170308154950987,-2.40505752563477
20170308154950988,0.654329681396484
20170308154950989,-1.55056533813477
20170308154950990,-2.35928115844727
20170308154950991,0.700106048583984
20170308154950992,-1.42849502563477
20170308154950993,-2.42031631469727
20170308154950994,0.799288177490234
20170308154950995,-1.62685928344727
20170308154950996,-2.32876358032227
20170308154950997,0.784029388427734
20170308154950998,-1.70315322875977
20170308154950999,-2.21432266235352
20170308154951000,0.684847259521484
20170308154951001,-1.77944717407227
20170308154951002,-2.19906387329102
20170308154951003,0.791658782958984
20170308154951004,-1.92440567016602
20170308154951005,-2.19143447875977
20170308154951006,0.822176361083984
20170308154951007,-2.09225234985352
20170308154951008,-1.98544082641602
20170308154951009,0.883211517333984
20170308154951010,-2.16854629516602
20170308154951011,-1.88625869750977
20170308154951012,0.639070892333984
20170308154951013,-2.09225234985352
20170308154951014,-1.73367080688477
20170308154951015,0.768770599365234
20170308154951016,-2.42031631469727
20170308154951017,-1.51241836547852
20170308154951018,0.684847259521484
20170308154951019,-2.59579238891602
20170308154951020,-1.42849502563477
20170308154951021,0.684847259521484
20170308154951022,-2.70260391235352
20170308154951023,-1.43612442016602
20170308154951024,0.814546966552734
20170308154951025,-2.65682754516602
20170308154951026,-1.46664199829102
20170308154951027,0.631441497802734
20170308154951028,-2.86282119750977
20170308154951029,-1.27590713500977
20170308154951030,0.700106048583984
20170308154951031,-2.85519180297852
20170308154951032,-1.10043106079102
20170308154951033,0.517000579833984
20170308154951034,-2.97726211547852
20170308154951035,-1.10043106079102
20170308154951036,0.501741790771484
20170308154951037,-2.96963272094727
20170308154951038,-0.909696197509766
20170308154951039,0.486483001708984
20170308154951040,-2.88570938110352
20170308154951041,-0.818143463134766
20170308154951042,0.562776947021484
20170308154951043,-2.83230361938477
20170308154951044,-0.703702545166016
20170308154951045,0.425447845458984
20170308154951046,-2.96200332641602
20170308154951047,-0.429044342041016
20170308154951048,0.173677825927734
20170308154951049,-2.89333877563477
20170308154951050,-0.451932525634766
20170308154951051,0.120272064208984
20170308154951052,-2.93148574829102
20170308154951053,-0.322232818603516
20170308154951054,-0.116239166259766
20170308154951055,-3.00015029907227
20170308154951056,-0.116239166259766
20170308154951057,-0.306974029541016
20170308154951058,-2.96200332641602
20170308154951059,0.127901458740234
20170308154951060,-0.284085845947266
20170308154951061,-2.93911514282227
20170308154951062,0.234712982177734
20170308154951063,-0.390897369384766
20170308154951064,-2.86282119750977
20170308154951065,0.150789642333984
20170308154951066,-0.451932525634766
20170308154951067,-2.86282119750977
20170308154951068,0.127901458740234
20170308154951069,-0.451932525634766
20170308154951070,-2.90859756469727
20170308154951071,0.387300872802734
20170308154951072,-0.520597076416016
20170308154951073,-2.84756240844727
20170308154951074,0.333895111083984
20170308154951075,-0.604520416259766
20170308154951076,-2.80941543579102
20170308154951077,0.227083587646484
20170308154951078,-0.497708892822266
20170308154951079,-2.79415664672852
20170308154951080,0.219454193115234
20170308154951081,-0.482450103759766
20170308154951082,-2.83993301391602
20170308154951083,0.417818450927734
20170308154951084,-0.635037994384766
20170308154951085,-2.87045059204102
20170308154951086,0.471224212646484
20170308154951087,-0.589261627197266
20170308154951088,-2.87045059204102
20170308154951089,0.669588470458984
20170308154951090,-0.909696197509766
20170308154951091,-2.86282119750977
20170308154951092,0.745882415771484
20170308154951093,-0.894437408447266
20170308154951094,-2.73312149047852
20170308154951095,0.814546966552734
20170308154951096,-1.05465469360352
20170308154951097,-2.71786270141602
20170308154951098,0.875582122802734
20170308154951099,-1.19198379516602
20170308154951100,-2.72549209594727
20170308154951101,0.913729095458984
20170308154951102,-1.48953018188477
20170308154951103,-2.41268692016602
20170308154951104,0.791658782958984
20170308154951105,-1.82522354125977
20170308154951106,-2.16091690063477
20170308154951107,0.776399993896484
20170308154951108,-2.19906387329102
20170308154951109,-1.96255264282227
20170308154951110,0.616182708740234
20170308154951111,-2.16091690063477
20170308154951112,-1.93203506469727
20170308154951113,0.791658782958984
20170308154951114,-2.34402236938477
20170308154951115,-1.72604141235352
20170308154951116,0.722994232177734
20170308154951117,-2.57290420532227
20170308154951118,-1.41323623657227
20170308154951119,0.616182708740234
20170308154951120,-2.77889785766602
20170308154951121,-1.34457168579102
20170308154951122,0.593294525146484
20170308154951123,-2.77889785766602
20170308154951124,-1.23776016235352
20170308154951125,0.623812103271484
20170308154951126,-2.94674453735352
20170308154951127,-1.07754287719727
20170308154951128,0.402559661865234
20170308154951129,-2.93148574829102
20170308154951130,-0.924954986572266
20170308154951131,0.661959075927734
20170308154951132,-2.92385635375977
20170308154951133,-1.01650772094727
20170308154951134,0.547518157958984
20170308154951135,-3.00777969360352
20170308154951136,-0.917325592041016
20170308154951137,0.471224212646484
20170308154951138,-3.01540908813477
20170308154951139,-0.665555572509766
20170308154951140,0.356783294677734
20170308154951141,-3.00015029907227
20170308154951142,-0.574002838134766
20170308154951143,0.333895111083984
20170308154951144,-2.96200332641602
20170308154951145,-0.406156158447266
20170308154951146,0.318636322021484
20170308154951147,-2.95437393188477
20170308154951148,-0.329862213134766
20170308154951149,0.0363487243652344
20170308154951150,-3.00015029907227
20170308154951151,-0.215421295166016
20170308154951152,-0.169644927978516
20170308154951153,-2.96200332641602
20170308154951154,-0.116239166259766
20170308154951155,-0.100980377197266
20170308154951156,-2.98489151000977
20170308154951157,-0.0704627990722656
20170308154951158,-0.192533111572266
20170308154951159,-3.02303848266602
20170308154951160,-0.169644927978516
20170308154951161,-0.169644927978516
20170308154951162,-2.98489151000977
20170308154951163,-0.0780921936035156
20170308154951164,-0.207791900634766
20170308154951165,-2.87807998657227
20170308154951166,0.311006927490234
20170308154951167,-0.375638580322266
20170308154951168,-2.80178604125977
20170308154951169,0.311006927490234
20170308154951170,-0.505338287353516
20170308154951171,-2.78652725219727
20170308154951172,0.394930267333984
20170308154951173,-0.490079498291016
20170308154951174,-2.85519180297852
20170308154951175,0.562776947021484
20170308154951176,-0.802884674072266
20170308154951177,-2.80941543579102
20170308154951178,0.524629974365234
20170308154951179,-0.596891021728516
20170308154951180,-2.83993301391602
20170308154951181,0.440706634521484
20170308154951182,-0.764737701416016
20170308154951183,-2.82467422485352
20170308154951184,0.616182708740234
20170308154951185,-0.825772857666016
20170308154951186,-2.82467422485352
20170308154951187,0.372042083740234
20170308154951188,-0.810514068603516
20170308154951189,-2.86282119750977
20170308154951190,0.387300872802734
20170308154951191,-0.696073150634766
20170308154951192,-2.84756240844727
20170308154951193,0.204195404052734
20170308154951194,-0.512967681884766
20170308154951195,-2.87807998657227
20170308154951196,0.242342376708984
20170308154951197,-0.665555572509766
20170308154951198,-2.83230361938477
20170308154951199,0.448336029052734
20170308154951200,-0.848661041259766
20170308154951201,-2.90859756469727
20170308154951202,0.295748138427734
20170308154951203,-0.574002838134766
20170308154951204,-2.88570938110352
20170308154951205,0.486483001708984
20170308154951206,-0.589261627197266
20170308154951207,-2.86282119750977
20170308154951208,0.433077239990234
20170308154951209,-0.757108306884766
20170308154951210,-2.89333877563477
20170308154951211,0.539888763427734
20170308154951212,-0.924954986572266
20170308154951213,-2.80178604125977
20170308154951214,0.562776947021484
20170308154951215,-0.871549224853516
20170308154951216,-2.86282119750977
20170308154951217,0.265230560302734
20170308154951218,-0.673184967041016
20170308154951219,-2.87807998657227
20170308154951220,0.440706634521484
20170308154951221,-0.718961334228516
20170308154951222,-2.81704483032227
20170308154951223,0.440706634521484
20170308154951224,-0.833402252197266
20170308154951225,-2.80941543579102
20170308154951226,0.623812103271484
20170308154951227,-0.894437408447266
20170308154951228,-2.89333877563477
20170308154951229,0.852693939208984
20170308154951230,-1.04702529907227
20170308154951231,-2.85519180297852
20170308154951232,0.509371185302734
20170308154951233,-0.734220123291016
20170308154951234,-2.81704483032227
20170308154951235,0.646700286865234
20170308154951236,-0.871549224853516
20170308154951237,-2.85519180297852
20170308154951238,0.364412689208984
20170308154951239,-0.474820709228516
20170308154951240,-2.83230361938477
20170308154951241,0.478853607177734
20170308154951242,-0.421414947509766
20170308154951243,-2.83230361938477
20170308154951244,0.463594818115234
20170308154951245,-0.619779205322266
20170308154951246,-2.92385635375977
20170308154951247,0.227083587646484
20170308154951248,-0.520597076416016
20170308154951249,-2.85519180297852
20170308154951250,0.372042083740234
20170308154951251,-0.596891021728516
20170308154951252,-2.81704483032227
20170308154951253,0.219454193115234
20170308154951254,-0.589261627197266
20170308154951255,-2.89333877563477
20170308154951256,0.318636322021484
20170308154951257,-0.520597076416016
20170308154951258,-2.87045059204102
20170308154951259,0.265230560302734
20170308154951260,-0.673184967041016
20170308154951261,-2.80178604125977
20170308154951262,0.318636322021484
20170308154951263,-0.635037994384766
20170308154951264,-2.83993301391602
20170308154951265,0.303377532958984
20170308154951266,-0.528226470947266
20170308154951267,-2.91622695922852
20170308154951268,0.440706634521484
20170308154951269,-0.543485260009766
20170308154951270,-2.82467422485352
20170308154951271,0.333895111083984
20170308154951272,-0.627408599853516
20170308154951273,-2.87045059204102
20170308154951274,0.318636322021484
20170308154951275,-0.474820709228516
20170308154951276,-2.86282119750977
20170308154951277,0.181307220458984
20170308154951278,-0.238309478759766
20170308154951279,-2.80178604125977
20170308154951280,0.127901458740234
20170308154951281,-0.368009185791016
20170308154951282,-2.88570938110352
20170308154951283,0.0134605407714844
20170308154951284,-0.100980377197266
20170308154951285,-2.87045059204102
20170308154951286,0.0592369079589844
20170308154951287,-0.383267974853516
20170308154951288,-2.84756240844727
20170308154951289,-0.253568267822266
20170308154951290,-0.200162506103516
20170308154951291,-2.93911514282227
20170308154951292,0.0287193298339844
20170308154951293,-0.299344635009766
20170308154951294,-2.91622695922852
20170308154951295,0.0058311462402344
20170308154951296,-0.390897369384766
20170308154951297,-2.87807998657227
20170308154951298,0.204195404052734
20170308154951299,-0.589261627197266
20170308154951300,-2.91622695922852
20170308154951301,0.440706634521484
20170308154951302,-0.772367095947266
20170308154951303,-2.92385635375977
20170308154951304,0.524629974365234
20170308154951305,-0.810514068603516
20170308154951306,-2.90096817016602
20170308154951307,0.501741790771484
20170308154951308,-0.825772857666016
20170308154951309,-2.81704483032227
20170308154951310,0.494112396240234
20170308154951311,-0.879178619384766
20170308154951312,-2.80178604125977
20170308154951313,0.593294525146484
20170308154951314,-0.902066802978516
20170308154951315,-2.79415664672852
20170308154951316,0.722994232177734
20170308154951317,-0.940213775634766
20170308154951318,-2.88570938110352
20170308154951319,0.791658782958984
20170308154951320,-0.924954986572266
20170308154951321,-2.74838027954102
20170308154951322,0.829805755615234
20170308154951323,-1.22250137329102
20170308154951324,-2.72549209594727
20170308154951325,0.806917572021484
20170308154951326,-1.23013076782227
20170308154951327,-2.66445693969727
20170308154951328,0.845064544677734
20170308154951329,-1.61922988891602
20170308154951330,-2.42794570922852
20170308154951331,0.799288177490234
20170308154951332,-1.77944717407227
20170308154951333,-2.22958145141602
20170308154951334,0.776399993896484
20170308154951335,-2.05410537719727
20170308154951336,-1.98544082641602
20170308154951337,0.715364837646484
20170308154951338,-2.26772842407227
20170308154951339,-1.64974746704102
20170308154951340,0.784029388427734
20170308154951341,-2.61868057250977
20170308154951342,-1.53530654907227
20170308154951343,0.791658782958984
20170308154951344,-2.68734512329102
20170308154951345,-1.26064834594727
20170308154951346,0.486483001708984
20170308154951347,-2.89333877563477
20170308154951348,-1.03939590454102
20170308154951349,0.570406341552734
20170308154951350,-2.97726211547852
20170308154951351,-0.879178619384766
20170308154951352,0.402559661865234
20170308154951353,-2.96963272094727
20170308154951354,-0.787625885009766
20170308154951355,0.311006927490234
20170308154951356,-2.98489151000977
20170308154951357,-0.665555572509766
20170308154951358,0.341524505615234
20170308154951359,-3.05355606079102
20170308154951360,-0.352750396728516
20170308154951361,0.0134605407714844
20170308154951362,-3.00015029907227
20170308154951363,-0.337491607666016
20170308154951364,-0.0170570373535156
20170308154951365,-3.04592666625977
20170308154951366,-0.192533111572266
20170308154951367,-0.184903717041016
20170308154951368,-3.00015029907227
20170308154951369,0.318636322021484
20170308154951370,-0.467191314697266
20170308154951371,-2.86282119750977
20170308154951372,0.265230560302734
20170308154951373,-0.627408599853516
20170308154951374,-2.80941543579102
20170308154951375,0.562776947021484
20170308154951376,-0.635037994384766
20170308154951377,-2.85519180297852
20170308154951378,0.364412689208984
20170308154951379,-0.718961334228516
20170308154951380,-2.85519180297852
20170308154951381,0.486483001708984
20170308154951382,-0.612149810791016
20170308154951383,-2.76363906860352
20170308154951384,0.356783294677734
20170308154951385,-0.718961334228516
20170308154951386,-2.84756240844727
20170308154951387,0.585665130615234
20170308154951388,-0.619779205322266
20170308154951389,-2.85519180297852
20170308154951390,0.272859954833984
20170308154951391,-0.650296783447266
20170308154951392,-2.89333877563477
20170308154951393,0.0210899353027344
20170308154951394,-0.352750396728516
20170308154951395,-2.81704483032227
20170308154951396,-0.0704627990722656
20170308154951397,-0.215421295166016
20170308154951398,-2.90859756469727
20170308154951399,-0.207791900634766
20170308154951400,-0.123868560791016
20170308154951401,-2.93148574829102
20170308154951402,-0.192533111572266
20170308154951403,-0.200162506103516
20170308154951404,-2.93911514282227
20170308154951405,-0.146756744384766
20170308154951406,-0.268827056884766
20170308154951407,-2.92385635375977
20170308154951408,0.0516075134277344
20170308154951409,-0.482450103759766
20170308154951410,-2.88570938110352
20170308154951411,0.105013275146484
20170308154951412,-0.390897369384766
20170308154951413,-2.88570938110352
20170308154951414,-0.177274322509766
20170308154951415,-0.0704627990722656
20170308154951416,-2.92385635375977
20170308154951417,-0.215421295166016
20170308154951418,-0.177274322509766
20170308154951419,-2.86282119750977
20170308154951420,-0.108609771728516
20170308154951421,-0.223050689697266
20170308154951422,-2.93148574829102
20170308154951423,0.242342376708984
20170308154951424,-0.215421295166016
20170308154951425,-2.83993301391602
20170308154951426,0.0058311462402344
20170308154951427,-0.421414947509766
20170308154951428,-2.95437393188477
20170308154951429,0.173677825927734
20170308154951430,-0.406156158447266
20170308154951431,-2.92385635375977
20170308154951432,0.0287193298339844
20170308154951433,-0.497708892822266
20170308154951434,-3.01540908813477
20170308154951435,0.394930267333984
20170308154951436,-0.566373443603516
20170308154951437,-2.87807998657227
20170308154951438,0.379671478271484
20170308154951439,-0.589261627197266
20170308154951440,-2.92385635375977
20170308154951441,0.478853607177734
20170308154951442,-0.322232818603516
20170308154951443,-2.81704483032227
20170308154951444,0.402559661865234
20170308154951445,-0.635037994384766
20170308154951446,-2.87045059204102
20170308154951447,0.341524505615234
20170308154951448,-0.574002838134766
20170308154951449,-2.90096817016602
20170308154951450,0.280489349365234
20170308154951451,-0.581632232666016
20170308154951452,-2.80178604125977
20170308154951453,0.379671478271484
20170308154951454,-0.505338287353516
20170308154951455,-2.90096817016602
20170308154951456,0.440706634521484
20170308154951457,-0.642667388916016
20170308154951458,-2.89333877563477
20170308154951459,0.829805755615234
20170308154951460,-1.03939590454102
20170308154951461,-2.78652725219727
20170308154951462,0.753511810302734
20170308154951463,-1.11568984985352
20170308154951464,-2.74838027954102
20170308154951465,0.722994232177734
20170308154951466,-1.15383682250977
20170308154951467,-2.78652725219727
20170308154951468,0.753511810302734
20170308154951469,-1.24538955688477
20170308154951470,-2.66445693969727
20170308154951471,0.784029388427734
20170308154951472,-1.55056533813477
20170308154951473,-2.58816299438477
20170308154951474,0.890840911865234
20170308154951475,-1.61160049438477
20170308154951476,-2.48135147094727
20170308154951477,0.661959075927734
20170308154951478,-1.75655899047852
20170308154951479,-2.35928115844727
20170308154951480,0.845064544677734
20170308154951481,-1.82522354125977
20170308154951482,-2.05410537719727
20170308154951483,0.623812103271484
20170308154951484,-2.14565811157227
20170308154951485,-1.80996475219727
20170308154951486,0.730623626708984
20170308154951487,-2.32876358032227
20170308154951488,-1.83285293579102
20170308154951489,0.700106048583984
20170308154951490,-2.43557510375977
20170308154951491,-1.66500625610352
20170308154951492,0.822176361083984
20170308154951493,-2.42794570922852
20170308154951494,-1.69552383422852
20170308154951495,0.677217864990234
20170308154951496,-2.43557510375977
20170308154951497,-1.55056533813477
20170308154951498,0.677217864990234
20170308154951499,-2.66445693969727
20170308154951500,-1.24538955688477
20170308154951501,0.555147552490234
20170308154951502,-2.72549209594727
20170308154951503,-1.39797744750977
20170308154951504,0.684847259521484
20170308154951505,-2.72549209594727
20170308154951506,-1.38271865844727
20170308154951507,0.394930267333984
20170308154951508,-2.96200332641602
20170308154951509,-1.19961318969727
20170308154951510,0.501741790771484
20170308154951511,-2.94674453735352
20170308154951512,-1.00124893188477
20170308154951513,0.402559661865234
20170308154951514,-3.04592666625977
20170308154951515,-0.909696197509766
20170308154951516,0.356783294677734
20170308154951517,-3.08407363891602
20170308154951518,-0.833402252197266
20170308154951519,0.303377532958984
20170308154951520,-2.96963272094727
20170308154951521,-0.642667388916016
20170308154951522,0.333895111083984
20170308154951523,-3.06881484985352
20170308154951524,-0.375638580322266
20170308154951525,-0.0094276428222656
20170308154951526,-2.99252090454102
20170308154951527,0.0287193298339844
20170308154951528,-0.230680084228516
20170308154951529,-2.95437393188477
20170308154951530,0.143160247802734
20170308154951531,-0.192533111572266
20170308154951532,-2.93911514282227
20170308154951533,0.425447845458984
20170308154951534,-0.528226470947266
20170308154951535,-2.89333877563477
20170308154951536,0.311006927490234
20170308154951537,-0.703702545166016
20170308154951538,-2.85519180297852
20170308154951539,0.234712982177734
20170308154951540,-0.451932525634766
20170308154951541,-2.91622695922852
20170308154951542,0.166048431396484
20170308154951543,-0.398526763916016
20170308154951544,-2.87045059204102
20170308154951545,-0.200162506103516
20170308154951546,-0.253568267822266
20170308154951547,-3.00015029907227
20170308154951548,-0.284085845947266
20170308154951549,-0.0857215881347656
20170308154951550,-2.96200332641602
20170308154951551,-0.299344635009766
20170308154951552,0.105013275146484
20170308154951553,-2.76363906860352
20170308154951554,-0.474820709228516
20170308154951555,0.0210899353027344
20170308154951556,-3.02303848266602
20170308154951557,-0.497708892822266
20170308154951558,0.0973838806152344
20170308154951559,-2.93911514282227
20170308154951560,-0.474820709228516
20170308154951561,0.143160247802734
20170308154951562,-2.98489151000977
20170308154951563,-0.451932525634766
20170308154951564,0.158419036865234
20170308154951565,-2.92385635375977
20170308154951566,-0.566373443603516
20170308154951567,0.318636322021484
20170308154951568,-2.97726211547852
20170308154951569,-0.512967681884766
20170308154951570,0.0973838806152344
20170308154951571,-2.97726211547852
20170308154951572,-0.581632232666016
20170308154951573,0.364412689208984
20170308154951574,-2.89333877563477
20170308154951575,-0.535855865478516
20170308154951576,0.166048431396484
20170308154951577,-2.83230361938477
20170308154951578,-0.398526763916016
20170308154951579,0.112642669677734
20170308154951580,-2.96963272094727
20170308154951581,-0.398526763916016
20170308154951582,-0.139127349853516
20170308154951583,-2.94674453735352
20170308154951584,-0.329862213134766
20170308154951585,-0.116239166259766
20170308154951586,-3.00015029907227
20170308154951587,-0.146756744384766
20170308154951588,-0.154386138916016
20170308154951589,-2.93148574829102
20170308154951590,-0.261197662353516
20170308154951591,-0.0552040100097656
20170308154951592,-2.96200332641602
20170308154951593,-0.337491607666016
20170308154951594,-0.0857215881347656
20170308154951595,-2.99252090454102
20170308154951596,-0.223050689697266
20170308154951597,0.150789642333984
20170308154951598,-2.92385635375977
20170308154951599,-0.184903717041016
20170308154951600,-0.146756744384766
20170308154951601,-2.90859756469727
20170308154951602,-0.100980377197266
20170308154951603,-0.261197662353516
20170308154951604,-2.86282119750977
20170308154951605,0.242342376708984
20170308154951606,-0.482450103759766
20170308154951607,-2.91622695922852
20170308154951608,0.517000579833984
20170308154951609,-0.696073150634766
20170308154951610,-2.90859756469727
20170308154951611,0.654329681396484
20170308154951612,-0.741849517822266
20170308154951613,-2.82467422485352
20170308154951614,0.410189056396484
20170308154951615,-0.688443756103516
20170308154951616,-2.86282119750977
20170308154951617,0.639070892333984
20170308154951618,-0.749478912353516
20170308154951619,-2.76363906860352
20170308154951620,0.700106048583984
20170308154951621,-0.985990142822266
20170308154951622,-2.82467422485352
20170308154951623,0.700106048583984
20170308154951624,-1.02413711547852
20170308154951625,-2.80941543579102
20170308154951626,0.883211517333984
20170308154951627,-1.31405410766602
20170308154951628,-2.57290420532227
20170308154951629,0.799288177490234
20170308154951630,-1.32931289672852
20170308154951631,-2.59579238891602
20170308154951632,0.784029388427734
20170308154951633,-1.51241836547852
20170308154951634,-2.47372207641602
20170308154951635,0.669588470458984
20170308154951636,-1.68789443969727
20170308154951637,-2.28298721313477
20170308154951638,0.715364837646484
20170308154951639,-2.08462295532227
20170308154951640,-2.06936416625977
20170308154951641,0.593294525146484
20170308154951642,-2.13039932250977
20170308154951643,-1.92440567016602
20170308154951644,0.799288177490234
20170308154951645,-2.41268692016602
20170308154951646,-1.52004776000977
20170308154951647,0.669588470458984
20170308154951648,-2.72549209594727
20170308154951649,-1.23013076782227
20170308154951650,0.631441497802734
20170308154951651,-2.94674453735352
20170308154951652,-1.00887832641602
20170308154951653,0.448336029052734
20170308154951654,-3.03829727172852
20170308154951655,-0.970731353759766
20170308154951656,0.425447845458984
20170308154951657,-3.00015029907227
20170308154951658,-0.734220123291016
20170308154951659,0.402559661865234
20170308154951660,-2.96200332641602
20170308154951661,-0.543485260009766
20170308154951662,0.204195404052734
20170308154951663,-2.94674453735352
20170308154951664,-0.360379791259766
20170308154951665,0.0897544860839844
20170308154951666,-2.90859756469727
20170308154951667,-0.360379791259766
20170308154951668,-0.108609771728516
20170308154951669,-2.93911514282227
20170308154951670,-0.116239166259766
20170308154951671,-0.207791900634766
20170308154951672,-2.84756240844727
20170308154951673,-0.329862213134766
20170308154951674,0.0058311462402344
20170308154951675,-2.95437393188477
20170308154951676,-0.383267974853516
20170308154951677,0.0668663024902344
20170308154951678,-2.90096817016602
20170308154951679,-0.406156158447266
20170308154951680,-0.0628334045410156
20170308154951681,-2.96963272094727
20170308154951682,-0.146756744384766
20170308154951683,-0.299344635009766
20170308154951684,-2.90859756469727
20170308154951685,0.0363487243652344
20170308154951686,-0.360379791259766
20170308154951687,-2.95437393188477
20170308154951688,0.219454193115234
20170308154951689,-0.520597076416016
20170308154951690,-2.90096817016602
20170308154951691,0.272859954833984
20170308154951692,-0.345121002197266
20170308154951693,-2.86282119750977
20170308154951694,0.417818450927734
20170308154951695,-0.810514068603516
20170308154951696,-2.87045059204102
20170308154951697,0.341524505615234
20170308154951698,-0.467191314697266
20170308154951699,-2.86282119750977
20170308154951700,0.394930267333984
20170308154951701,-0.703702545166016
20170308154951702,-2.81704483032227
20170308154951703,0.349153900146484
20170308154951704,-0.764737701416016
20170308154951705,-2.85519180297852
20170308154951706,0.570406341552734
20170308154951707,-0.802884674072266
20170308154951708,-2.83993301391602
20170308154951709,0.730623626708984
20170308154951710,-0.985990142822266
20170308154951711,-2.79415664672852
20170308154951712,0.593294525146484
20170308154951713,-0.856290435791016
20170308154951714,-2.77889785766602
20170308154951715,0.959505462646484
20170308154951716,-0.841031646728516
20170308154951717,-2.77126846313477
20170308154951718,0.600923919677734
20170308154951719,-0.741849517822266
20170308154951720,-2.80178604125977
20170308154951721,0.478853607177734
20170308154951722,-0.779996490478516
20170308154951723,-2.79415664672852
20170308154951724,0.0744956970214844
20170308154951725,-0.467191314697266
20170308154951726,-2.83993301391602
20170308154951727,0.257601165771484
20170308154951728,-0.589261627197266
20170308154951729,-2.80178604125977
20170308154951730,0.311006927490234
20170308154951731,-0.642667388916016
20170308154951732,-2.83230361938477
20170308154951733,0.684847259521484
20170308154951734,-0.932584381103516
20170308154951735,-2.78652725219727
20170308154951736,0.570406341552734
20170308154951737,-0.825772857666016
20170308154951738,-2.78652725219727
20170308154951739,0.776399993896484
20170308154951740,-1.07754287719727
20170308154951741,-2.73312149047852
20170308154951742,0.944246673583984
20170308154951743,-0.978360748291016
20170308154951744,-2.76363906860352
20170308154951745,0.722994232177734
20170308154951746,-0.932584381103516
20170308154951747,-2.68734512329102
20170308154951748,0.875582122802734
20170308154951749,-1.19961318969727
20170308154951750,-2.62630996704102
20170308154951751,0.684847259521484
20170308154951752,-1.19198379516602
20170308154951753,-2.68734512329102
20170308154951754,0.784029388427734
20170308154951755,-1.17672500610352
20170308154951756,-2.80941543579102
20170308154951757,0.951876068115234
20170308154951758,-1.26064834594727
20170308154951759,-2.69497451782227
20170308154951760,0.852693939208984
20170308154951761,-1.32931289672852
20170308154951762,-2.50423965454102
20170308154951763,0.936617279052734
20170308154951764,-1.59634170532227
20170308154951765,-2.36691055297852
20170308154951766,0.738253021240234
20170308154951767,-1.81759414672852
20170308154951768,-2.35165176391602
20170308154951769,0.776399993896484
20170308154951770,-1.86337051391602
20170308154951771,-2.10751113891602
20170308154951772,0.730623626708984
20170308154951773,-2.05410537719727
20170308154951774,-1.97018203735352
20170308154951775,0.753511810302734
20170308154951776,-2.17617568969727
20170308154951777,-1.80996475219727
20170308154951778,0.753511810302734
20170308154951779,-2.34402236938477
20170308154951780,-1.74892959594727
20170308154951781,0.730623626708984
20170308154951782,-2.44320449829102
20170308154951783,-1.42849502563477
20170308154951784,0.837435150146484
20170308154951785,-2.80178604125977
20170308154951786,-1.22250137329102
20170308154951787,0.440706634521484
20170308154951788,-2.65682754516602
20170308154951789,-1.35983047485352
20170308154951790,0.555147552490234
20170308154951791,-2.63393936157227
20170308154951792,-1.34457168579102
20170308154951793,0.631441497802734
20170308154951794,-2.87045059204102
20170308154951795,-0.932584381103516
20170308154951796,0.616182708740234
20170308154951797,-2.91622695922852
20170308154951798,-0.764737701416016
20170308154951799,0.394930267333984
20170308154951800,-2.95437393188477
20170308154951801,-0.612149810791016
20170308154951802,0.379671478271484
20170308154951803,-2.96963272094727
20170308154951804,-0.596891021728516
20170308154951805,0.471224212646484
20170308154951806,-2.96200332641602
20170308154951807,-0.718961334228516
20170308154951808,0.272859954833984
20170308154951809,-3.00015029907227
20170308154951810,-0.718961334228516
20170308154951811,0.356783294677734
20170308154951812,-3.03829727172852
20170308154951813,-0.551114654541016
20170308154951814,0.311006927490234
20170308154951815,-2.93911514282227
20170308154951816,-0.436673736572266
20170308154951817,0.150789642333984
20170308154951818,-3.08407363891602
20170308154951819,-0.306974029541016
20170308154951820,0.0592369079589844
20170308154951821,-2.98489151000977
20170308154951822,-0.169644927978516
20170308154951823,-0.169644927978516
20170308154951824,-2.90859756469727
20170308154951825,-0.108609771728516
20170308154951826,-0.268827056884766
20170308154951827,-2.93148574829102
20170308154951828,0.166048431396484
20170308154951829,-0.352750396728516
20170308154951830,-2.80178604125977
20170308154951831,0.227083587646484
20170308154951832,-0.459561920166016
20170308154951833,-2.86282119750977
20170308154951834,0.326265716552734
20170308154951835,-0.696073150634766
20170308154951836,-2.81704483032227
20170308154951837,0.532259368896484
20170308154951838,-0.833402252197266
20170308154951839,-2.83230361938477
20170308154951840,0.387300872802734
20170308154951841,-0.749478912353516
20170308154951842,-2.89333877563477
20170308154951843,0.684847259521484
20170308154951844,-0.734220123291016
20170308154951845,-2.83993301391602
20170308154951846,0.837435150146484
20170308154951847,-1.01650772094727
20170308154951848,-2.74838027954102
20170308154951849,0.501741790771484
20170308154951850,-0.856290435791016
20170308154951851,-2.81704483032227
20170308154951852,0.448336029052734
20170308154951853,-0.779996490478516
20170308154951854,-2.91622695922852
20170308154951855,0.471224212646484
20170308154951856,-0.787625885009766
20170308154951857,-2.87807998657227
20170308154951858,0.738253021240234
20170308154951859,-1.05465469360352
20170308154951860,-2.78652725219727
20170308154951861,0.776399993896484
20170308154951862,-1.06991348266602
20170308154951863,-2.73312149047852
20170308154951864,1.05105819702148
20170308154951865,-1.17672500610352
20170308154951866,-2.62630996704102
20170308154951867,0.707735443115234
20170308154951868,-1.00887832641602
20170308154951869,-2.65682754516602
20170308154951870,0.936617279052734
20170308154951871,-1.12331924438477
20170308154951872,-2.76363906860352
20170308154951873,0.967134857177734
20170308154951874,-1.20724258422852
20170308154951875,-2.64156875610352
20170308154951876,0.959505462646484
20170308154951877,-1.28353652954102
20170308154951878,-2.58053359985352
20170308154951879,0.753511810302734
20170308154951880,-1.47427139282227
20170308154951881,-2.55764541625977
20170308154951882,0.692476654052734
20170308154951883,-1.61922988891602
20170308154951884,-2.45083389282227
20170308154951885,0.745882415771484
20170308154951886,-1.71841201782227
20170308154951887,-2.27535781860352
20170308154951888,0.738253021240234
20170308154951889,-1.87099990844727
20170308154951890,-2.42031631469727
20170308154951891,0.631441497802734
20170308154951892,-1.71078262329102
20170308154951893,-2.29061660766602
20170308154951894,0.539888763427734
20170308154951895,-1.64211807250977
20170308154951896,-2.34402236938477
20170308154951897,0.791658782958984
20170308154951898,-1.59634170532227
20170308154951899,-2.16854629516602
20170308154951900,0.753511810302734
20170308154951901,-2.05410537719727
20170308154951902,-2.07699356079102
20170308154951903,0.684847259521484
20170308154951904,-2.03884658813477
20170308154951905,-2.11514053344727
20170308154951906,0.700106048583984
20170308154951907,-2.06173477172852
20170308154951908,-2.12276992797852
20170308154951909,0.707735443115234
20170308154951910,-1.97018203735352
20170308154951911,-2.04647598266602
20170308154951912,0.631441497802734
20170308154951913,-2.01595840454102
20170308154951914,-2.18380508422852
20170308154951915,0.730623626708984
20170308154951916,-1.97018203735352
20170308154951917,-2.09988174438477
20170308154951918,0.715364837646484
20170308154951919,-2.21432266235352
20170308154951920,-1.80233535766602
20170308154951921,0.745882415771484
20170308154951922,-2.49661026000977
20170308154951923,-1.55056533813477
20170308154951924,0.562776947021484
20170308154951925,-2.48135147094727
20170308154951926,-1.43612442016602
20170308154951927,0.654329681396484
20170308154951928,-2.71023330688477
20170308154951929,-1.32931289672852
20170308154951930,0.616182708740234
20170308154951931,-2.80178604125977
20170308154951932,-1.13857803344727
20170308154951933,0.524629974365234
20170308154951934,-3.00015029907227
20170308154951935,-0.917325592041016
20170308154951936,0.433077239990234
20170308154951937,-2.95437393188477
20170308154951938,-0.558744049072266
20170308154951939,0.242342376708984
20170308154951940,-3.00777969360352
20170308154951941,-0.398526763916016
20170308154951942,0.120272064208984
20170308154951943,-2.96200332641602
20170308154951944,-0.306974029541016
20170308154951945,0.0363487243652344
20170308154951946,-2.95437393188477
20170308154951947,-0.253568267822266
20170308154951948,-0.0857215881347656
20170308154951949,-2.93148574829102
20170308154951950,-0.0399452209472656
20170308154951951,-0.306974029541016
20170308154951952,-2.87045059204102
20170308154951953,0.173677825927734
20170308154951954,-0.398526763916016
20170308154951955,-2.89333877563477
20170308154951956,0.372042083740234
20170308154951957,-0.505338287353516
20170308154951958,-2.77889785766602
20170308154951959,0.341524505615234
20170308154951960,-0.627408599853516
20170308154951961,-2.83230361938477
20170308154951962,0.631441497802734
20170308154951963,-0.917325592041016
20170308154951964,-2.80178604125977
20170308154951965,0.829805755615234
20170308154951966,-0.772367095947266
20170308154951967,-2.86282119750977
20170308154951968,0.730623626708984
20170308154951969,-1.04702529907227
20170308154951970,-2.76363906860352
20170308154951971,1.05105819702148
20170308154951972,-1.13094863891602
20170308154951973,-2.72549209594727
20170308154951974,0.692476654052734
20170308154951975,-1.08517227172852
20170308154951976,-2.76363906860352
20170308154951977,0.822176361083984
20170308154951978,-1.20724258422852
20170308154951979,-2.71786270141602
20170308154951980,0.829805755615234
20170308154951981,-1.23013076782227
20170308154951982,-2.66445693969727
20170308154951983,0.944246673583984
20170308154951984,-1.15383682250977
20170308154951985,-2.61105117797852
20170308154951986,0.974764251708984
20170308154951987,-1.32931289672852
20170308154951988,-2.51186904907227
20170308154951989,0.722994232177734
20170308154951990,-1.50478897094727
20170308154951991,-2.42794570922852
20170308154951992,0.738253021240234
20170308154951993,-1.50478897094727
20170308154951994,-2.41268692016602
20170308154951995,0.753511810302734
20170308154951996,-1.63448867797852
20170308154951997,-2.38979873657227
20170308154951998,0.822176361083984
20170308154951999,-1.72604141235352
20170308154952000,-2.28298721313477
20170308154952001,0.677217864990234
20170308154952002,-1.90151748657227
20170308154952003,-2.30587539672852
20170308154952004,0.669588470458984
20170308154952005,-1.84811172485352
20170308154952006,-2.15328750610352
20170308154952007,0.623812103271484
20170308154952008,-2.09225234985352
20170308154952009,-1.94729385375977
20170308154952010,0.646700286865234
20170308154952011,-2.30587539672852
20170308154952012,-1.80996475219727
20170308154952013,0.654329681396484
20170308154952014,-2.19906387329102
20170308154952015,-1.85574111938477
20170308154952016,0.745882415771484
20170308154952017,-2.19143447875977
20170308154952018,-2.09988174438477
20170308154952019,0.486483001708984
20170308154952020,-2.03884658813477
20170308154952021,-2.26009902954102
20170308154952022,0.631441497802734
20170308154952023,-1.74892959594727
20170308154952024,-2.34402236938477
20170308154952025,0.745882415771484
20170308154952026,-1.69552383422852
20170308154952027,-2.22958145141602
20170308154952028,0.654329681396484
20170308154952029,-1.73367080688477
20170308154952030,-2.20669326782227
20170308154952031,0.700106048583984
20170308154952032,-1.77181777954102
20170308154952033,-2.12276992797852
20170308154952034,0.677217864990234
20170308154952035,-1.69552383422852
20170308154952036,-2.18380508422852
20170308154952037,0.845064544677734
20170308154952038,-1.78707656860352
20170308154952039,-2.32876358032227
20170308154952040,0.928987884521484
20170308154952041,-1.59634170532227
20170308154952042,-2.28298721313477
20170308154952043,0.951876068115234
20170308154952044,-1.64974746704102
20170308154952045,-2.33639297485352
20170308154952046,1.05105819702148
20170308154952047,-1.50478897094727
20170308154952048,-2.45846328735352
20170308154952049,0.761141204833984
20170308154952050,-1.69552383422852
20170308154952051,-2.45083389282227
20170308154952052,0.784029388427734
20170308154952053,-1.61922988891602
20170308154952054,-2.36691055297852
20170308154952055,0.600923919677734
20170308154952056,-1.59634170532227
20170308154952057,-2.52712783813477
20170308154952058,0.661959075927734
20170308154952059,-1.60397109985352
20170308154952060,-2.51949844360352
20170308154952061,0.684847259521484
20170308154952062,-1.51241836547852
20170308154952063,-2.58053359985352
20170308154952064,0.753511810302734
20170308154952065,-1.32168350219727
20170308154952066,-2.49661026000977
20170308154952067,0.639070892333984
20170308154952068,-1.34457168579102
20170308154952069,-2.52712783813477
20170308154952070,0.684847259521484
20170308154952071,-1.42849502563477
20170308154952072,-2.42794570922852
20170308154952073,0.753511810302734
20170308154952074,-1.74892959594727
20170308154952075,-2.16854629516602
20170308154952076,0.707735443115234
20170308154952077,-2.05410537719727
20170308154952078,-2.16091690063477
20170308154952079,0.722994232177734
20170308154952080,-2.09988174438477
20170308154952081,-2.02358779907227
20170308154952082,0.814546966552734
20170308154952083,-2.17617568969727
20170308154952084,-1.93203506469727
20170308154952085,0.753511810302734
20170308154952086,-2.32876358032227
20170308154952087,-1.70315322875977
20170308154952088,0.585665130615234
20170308154952089,-2.39742813110352
20170308154952090,-1.56582412719727
20170308154952091,0.738253021240234
20170308154952092,-2.66445693969727
20170308154952093,-1.39034805297852
20170308154952094,0.570406341552734
20170308154952095,-2.80941543579102
20170308154952096,-1.29879531860352
20170308154952097,0.639070892333984
20170308154952098,-2.97726211547852
20170308154952099,-1.05465469360352
20170308154952100,0.578035736083984
20170308154952101,-3.04592666625977
20170308154952102,-0.848661041259766
20170308154952103,0.387300872802734
20170308154952104,-2.96200332641602
20170308154952105,-0.749478912353516
20170308154952106,0.394930267333984
20170308154952107,-2.99252090454102
20170308154952108,-0.627408599853516
20170308154952109,0.181307220458984
20170308154952110,-3.00777969360352
20170308154952111,-0.650296783447266
20170308154952112,0.311006927490234
20170308154952113,-2.93148574829102
20170308154952114,-0.604520416259766
20170308154952115,0.204195404052734
20170308154952116,-2.96200332641602
20170308154952117,-0.650296783447266
20170308154952118,0.234712982177734
20170308154952119,-2.98489151000977
20170308154952120,-0.284085845947266
20170308154952121,0.158419036865234
20170308154952122,-2.87807998657227
20170308154952123,-0.154386138916016
20170308154952124,-0.162015533447266
20170308154952125,-2.88570938110352
20170308154952126,0.0897544860839844
20170308154952127,-0.284085845947266
20170308154952128,-2.84756240844727
20170308154952129,-0.0857215881347656
20170308154952130,-0.322232818603516
20170308154952131,-2.86282119750977
20170308154952132,0.0439781188964844
20170308154952133,-0.276456451416016
20170308154952134,-2.83230361938477
20170308154952135,0.219454193115234
20170308154952136,-0.474820709228516
20170308154952137,-2.83230361938477
20170308154952138,-0.0475746154785156
20170308154952139,-0.467191314697266
20170308154952140,-2.94674453735352
20170308154952141,0.372042083740234
20170308154952142,-0.581632232666016
20170308154952143,-2.84756240844727
20170308154952144,0.242342376708984
20170308154952145,-0.337491607666016
20170308154952146,-2.87807998657227
20170308154952147,0.333895111083984
20170308154952148,-0.650296783447266
20170308154952149,-2.77126846313477
20170308154952150,0.410189056396484
20170308154952151,-0.635037994384766
20170308154952152,-2.90096817016602
20170308154952153,0.631441497802734
20170308154952154,-0.886808013916016
20170308154952155,-2.87045059204102
20170308154952156,0.509371185302734
20170308154952157,-0.841031646728516
20170308154952158,-2.80178604125977
20170308154952159,0.639070892333984
20170308154952160,-0.696073150634766
20170308154952161,-2.70260391235352
20170308154952162,0.539888763427734
20170308154952163,-0.795255279541016
20170308154952164,-2.82467422485352
20170308154952165,0.524629974365234
20170308154952166,-0.902066802978516
20170308154952167,-2.83230361938477
20170308154952168,0.791658782958984
20170308154952169,-0.856290435791016
20170308154952170,-2.84756240844727
20170308154952171,0.623812103271484
20170308154952172,-0.955472564697266
20170308154952173,-2.83993301391602
20170308154952174,0.509371185302734
20170308154952175,-0.833402252197266
20170308154952176,-2.89333877563477
20170308154952177,0.623812103271484
20170308154952178,-0.787625885009766
20170308154952179,-2.80941543579102
20170308154952180,0.753511810302734
20170308154952181,-0.871549224853516
20170308154952182,-2.77126846313477
20170308154952183,0.761141204833984
20170308154952184,-0.886808013916016
20170308154952185,-2.70260391235352
20170308154952186,0.959505462646484
20170308154952187,-1.30642471313477
20170308154952188,-2.66445693969727
20170308154952189,0.684847259521484
20170308154952190,-1.35983047485352
20170308154952191,-2.64919815063477
20170308154952192,0.829805755615234
20170308154952193,-1.34457168579102
20170308154952194,-2.58053359985352
20170308154952195,0.730623626708984
20170308154952196,-1.26064834594727
20170308154952197,-2.51186904907227
20170308154952198,0.768770599365234
20170308154952199,-1.38271865844727
20170308154952200,-2.55001602172852
20170308154952201,0.799288177490234
20170308154952202,-1.51241836547852
20170308154952203,-2.38979873657227
20170308154952204,0.829805755615234
20170308154952205,-1.79470596313477
20170308154952206,-2.33639297485352
20170308154952207,0.753511810302734
20170308154952208,-1.80996475219727
20170308154952209,-2.33639297485352
20170308154952210,0.730623626708984
20170308154952211,-1.63448867797852
20170308154952212,-2.25246963500977
20170308154952213,0.715364837646484
20170308154952214,-1.90914688110352
20170308154952215,-2.03121719360352
20170308154952216,0.730623626708984
20170308154952217,-2.21432266235352
20170308154952218,-1.87862930297852
20170308154952219,0.791658782958984
20170308154952220,-2.38216934204102
20170308154952221,-1.55056533813477
20170308154952222,0.684847259521484
20170308154952223,-2.71023330688477
20170308154952224,-1.26827774047852
20170308154952225,0.585665130615234
20170308154952226,-2.82467422485352
20170308154952227,-1.21487197875977
20170308154952228,0.585665130615234
20170308154952229,-2.74075088500977
20170308154952230,-1.07754287719727
20170308154952231,0.639070892333984
20170308154952232,-3.00015029907227
20170308154952233,-0.772367095947266
20170308154952234,0.478853607177734
20170308154952235,-2.93148574829102
20170308154952236,-0.482450103759766
20170308154952237,0.402559661865234
20170308154952238,-2.92385635375977
20170308154952239,-0.581632232666016
20170308154952240,0.196566009521484
20170308154952241,-2.93148574829102
20170308154952242,-0.497708892822266
20170308154952243,0.257601165771484
20170308154952244,-2.86282119750977
20170308154952245,-0.490079498291016
20170308154952246,0.0668663024902344
20170308154952247,-2.89333877563477
20170308154952248,-0.139127349853516
20170308154952249,-0.154386138916016
20170308154952250,-2.86282119750977
20170308154952251,-0.0094276428222656
20170308154952252,-0.314603424072266
20170308154952253,-2.81704483032227
20170308154952254,0.0058311462402344
20170308154952255,-0.291715240478516
20170308154952256,-2.85519180297852
20170308154952257,-0.207791900634766
20170308154952258,-0.291715240478516
20170308154952259,-2.94674453735352
20170308154952260,0.0363487243652344
20170308154952261,-0.368009185791016
20170308154952262,-2.81704483032227
20170308154952263,0.280489349365234
20170308154952264,-0.482450103759766
20170308154952265,-2.82467422485352
20170308154952266,0.135530853271484
20170308154952267,-0.329862213134766
20170308154952268,-2.85519180297852
20170308154952269,0.135530853271484
20170308154952270,-0.497708892822266
20170308154952271,-2.94674453735352
20170308154952272,0.166048431396484
20170308154952273,-0.444303131103516
20170308154952274,-2.93148574829102
20170308154952275,0.173677825927734
20170308154952276,-0.421414947509766
20170308154952277,-2.87045059204102
20170308154952278,0.0744956970214844
20170308154952279,-0.429044342041016
20170308154952280,-2.76363906860352
20170308154952281,0.249971771240234
20170308154952282,-0.284085845947266
20170308154952283,-2.85519180297852
20170308154952284,0.173677825927734
20170308154952285,-0.383267974853516
20170308154952286,-2.88570938110352
20170308154952287,-0.0017982482910156
20170308154952288,-0.329862213134766
20170308154952289,-2.87045059204102
20170308154952290,0.0821250915527344
20170308154952291,-0.459561920166016
20170308154952292,-2.85519180297852
20170308154952293,0.349153900146484
20170308154952294,-0.528226470947266
20170308154952295,-2.80941543579102
20170308154952296,0.341524505615234
20170308154952297,-0.390897369384766
20170308154952298,-2.78652725219727
20170308154952299,0.547518157958984
20170308154952300,-0.741849517822266
20170308154952301,-2.88570938110352
20170308154952302,0.555147552490234
20170308154952303,-0.863919830322266
20170308154952304,-2.81704483032227
20170308154952305,0.646700286865234
20170308154952306,-0.825772857666016
20170308154952307,-2.87045059204102
20170308154952308,0.532259368896484
20170308154952309,-0.848661041259766
20170308154952310,-2.84756240844727
20170308154952311,0.700106048583984
20170308154952312,-0.963101959228516
20170308154952313,-2.91622695922852
20170308154952314,0.570406341552734
20170308154952315,-0.902066802978516
20170308154952316,-2.74075088500977
20170308154952317,0.684847259521484
20170308154952318,-0.993619537353516
20170308154952319,-2.77889785766602
20170308154952320,0.967134857177734
20170308154952321,-1.08517227172852
20170308154952322,-2.74075088500977
20170308154952323,0.822176361083984
20170308154952324,-1.27590713500977
20170308154952325,-2.64156875610352
20170308154952326,0.784029388427734
20170308154952327,-1.33694229125977
20170308154952328,-2.53475723266602
20170308154952329,0.799288177490234
20170308154952330,-1.41323623657227
20170308154952331,-2.44320449829102
20170308154952332,0.806917572021484
20170308154952333,-1.73367080688477
20170308154952334,-2.38979873657227
20170308154952335,0.692476654052734
20170308154952336,-1.58871231079102
20170308154952337,-2.33639297485352
20170308154952338,0.776399993896484
20170308154952339,-1.76418838500977
20170308154952340,-2.32876358032227
20170308154952341,0.600923919677734
20170308154952342,-1.75655899047852
20170308154952343,-2.28298721313477
20170308154952344,0.883211517333984
20170308154952345,-1.84048233032227
20170308154952346,-2.22195205688477
20170308154952347,0.822176361083984
20170308154952348,-2.04647598266602
20170308154952349,-1.94729385375977
20170308154952350,0.669588470458984
20170308154952351,-2.20669326782227
20170308154952352,-1.83285293579102
20170308154952353,0.707735443115234
20170308154952354,-2.26772842407227
20170308154952355,-1.62685928344727
20170308154952356,0.722994232177734
20170308154952357,-2.54238662719727
20170308154952358,-1.41323623657227
20170308154952359,0.715364837646484
20170308154952360,-2.81704483032227
20170308154952361,-1.14620742797852
20170308154952362,0.593294525146484
20170308154952363,-2.97726211547852
20170308154952364,-0.879178619384766
20170308154952365,0.623812103271484
20170308154952366,-2.93148574829102
20170308154952367,-0.642667388916016
20170308154952368,0.379671478271484
20170308154952369,-2.91622695922852
20170308154952370,-0.528226470947266
20170308154952371,0.257601165771484
20170308154952372,-2.93911514282227
20170308154952373,-0.0704627990722656
20170308154952374,-0.177274322509766
20170308154952375,-2.88570938110352
20170308154952376,0.135530853271484
20170308154952377,-0.390897369384766
20170308154952378,-2.92385635375977
20170308154952379,0.463594818115234
20170308154952380,-0.627408599853516
20170308154952381,-2.81704483032227
20170308154952382,0.532259368896484
20170308154952383,-0.802884674072266
20170308154952384,-2.82467422485352
20170308154952385,0.593294525146484
20170308154952386,-0.932584381103516
20170308154952387,-2.77889785766602
20170308154952388,0.852693939208984
20170308154952389,-1.18435440063477
20170308154952390,-2.71786270141602
20170308154952391,0.829805755615234
20170308154952392,-1.35220108032227
20170308154952393,-2.62630996704102
20170308154952394,0.982393646240234
20170308154952395,-1.40560684204102
20170308154952396,-2.63393936157227
20170308154952397,0.806917572021484
20170308154952398,-1.40560684204102
20170308154952399,-2.59579238891602
20170308154952400,0.715364837646484
20170308154952401,-1.32168350219727
20170308154952402,-2.62630996704102
20170308154952403,0.776399993896484
20170308154952404,-1.50478897094727
20170308154952405,-2.48898086547852
20170308154952406,0.654329681396484
20170308154952407,-1.53530654907227
20170308154952408,-2.39742813110352
20170308154952409,0.806917572021484
20170308154952410,-1.70315322875977
20170308154952411,-2.27535781860352
20170308154952412,0.692476654052734
20170308154952413,-1.86337051391602
20170308154952414,-2.15328750610352
20170308154952415,0.768770599365234
20170308154952416,-2.03121719360352
20170308154952417,-2.12276992797852
20170308154952418,0.661959075927734
20170308154952419,-2.04647598266602
20170308154952420,-2.14565811157227
20170308154952421,0.890840911865234
20170308154952422,-1.88625869750977
20170308154952423,-2.09988174438477
20170308154952424,0.692476654052734
20170308154952425,-2.09225234985352
20170308154952426,-2.13802871704102
20170308154952427,0.837435150146484
20170308154952428,-2.00069961547852
20170308154952429,-2.06173477172852
20170308154952430,0.867952728271484
20170308154952431,-2.08462295532227
20170308154952432,-2.06936416625977
20170308154952433,0.845064544677734
20170308154952434,-2.04647598266602
20170308154952435,-2.09225234985352
20170308154952436,0.616182708740234
20170308154952437,-1.80996475219727
20170308154952438,-2.18380508422852
20170308154952439,0.761141204833984
20170308154952440,-1.86337051391602
20170308154952441,-2.15328750610352
20170308154952442,0.692476654052734
20170308154952443,-2.11514053344727
20170308154952444,-2.03121719360352
20170308154952445,0.631441497802734
20170308154952446,-1.86337051391602
20170308154952447,-2.16091690063477
20170308154952448,0.616182708740234
20170308154952449,-1.80996475219727
20170308154952450,-2.17617568969727
20170308154952451,0.730623626708984
20170308154952452,-1.84048233032227
20170308154952453,-2.07699356079102
20170308154952454,0.684847259521484
20170308154952455,-1.78707656860352
20170308154952456,-2.13039932250977
20170308154952457,0.616182708740234
20170308154952458,-1.80233535766602
20170308154952459,-2.11514053344727
20170308154952460,0.784029388427734
20170308154952461,-1.98544082641602
20170308154952462,-2.12276992797852
20170308154952463,0.623812103271484
20170308154952464,-1.74130020141602
20170308154952465,-2.30587539672852
20170308154952466,0.799288177490234
20170308154952467,-1.81759414672852
20170308154952468,-2.17617568969727
20170308154952469,0.631441497802734
20170308154952470,-1.85574111938477
20170308154952471,-2.06936416625977
20170308154952472,0.768770599365234
20170308154952473,-2.06936416625977
20170308154952474,-2.07699356079102
20170308154952475,0.768770599365234
20170308154952476,-2.13039932250977
20170308154952477,-2.06936416625977
20170308154952478,0.661959075927734
20170308154952479,-2.13039932250977
20170308154952480,-1.93966445922852
20170308154952481,0.608553314208984
20170308154952482,-2.21432266235352
20170308154952483,-1.82522354125977
20170308154952484,0.776399993896484
20170308154952485,-2.36691055297852
20170308154952486,-1.64974746704102
20170308154952487,0.738253021240234
20170308154952488,-2.28298721313477
20170308154952489,-1.72604141235352
20170308154952490,0.730623626708984
20170308154952491,-2.45846328735352
20170308154952492,-1.57345352172852
20170308154952493,0.845064544677734
20170308154952494,-2.30587539672852
20170308154952495,-1.74130020141602
20170308154952496,0.677217864990234
20170308154952497,-2.20669326782227
20170308154952498,-1.75655899047852
20170308154952499,0.715364837646484
20170308154952500,-2.32113418579102
20170308154952501,-1.78707656860352
20170308154952502,0.753511810302734
20170308154952503,-2.53475723266602
20170308154952504,-1.48953018188477
20170308154952505,0.669588470458984
20170308154952506,-2.66445693969727
20170308154952507,-1.23776016235352
20170308154952508,0.677217864990234
20170308154952509,-3.00015029907227
20170308154952510,-0.963101959228516
20170308154952511,0.478853607177734
20170308154952512,-3.03829727172852
20170308154952513,-0.841031646728516
20170308154952514,0.433077239990234
20170308154952515,-3.01540908813477
20170308154952516,-0.451932525634766
20170308154952517,0.196566009521484
20170308154952518,-2.96963272094727
20170308154952519,-0.276456451416016
20170308154952520,-0.0323158264160156
20170308154952521,-2.91622695922852
20170308154952522,-0.0628334045410156
20170308154952523,-0.291715240478516
20170308154952524,-2.93148574829102
20170308154952525,0.0744956970214844
20170308154952526,-0.444303131103516
20170308154952527,-2.84756240844727
20170308154952528,0.394930267333984
20170308154952529,-0.680814361572266
20170308154952530,-2.87807998657227
20170308154952531,0.684847259521484
20170308154952532,-0.795255279541016
20170308154952533,-2.89333877563477
20170308154952534,0.768770599365234
20170308154952535,-1.00124893188477
20170308154952536,-2.79415664672852
20170308154952537,0.822176361083984
20170308154952538,-1.15383682250977
20170308154952539,-2.62630996704102
20170308154952540,0.829805755615234
20170308154952541,-1.26827774047852
20170308154952542,-2.59579238891602
20170308154952543,0.722994232177734
20170308154952544,-1.42086563110352
20170308154952545,-2.55764541625977
20170308154952546,0.860323333740234
20170308154952547,-1.62685928344727
20170308154952548,-2.47372207641602
20170308154952549,0.738253021240234
20170308154952550,-1.65737686157227
20170308154952551,-2.48898086547852
20170308154952552,0.806917572021484
20170308154952553,-1.69552383422852
20170308154952554,-2.42031631469727
20170308154952555,0.692476654052734
20170308154952556,-1.81759414672852
20170308154952557,-2.25246963500977
20170308154952558,0.631441497802734
20170308154952559,-1.74892959594727
20170308154952560,-2.35928115844727
20170308154952561,0.822176361083984
20170308154952562,-1.75655899047852
20170308154952563,-2.32876358032227
20170308154952564,0.860323333740234
20170308154952565,-1.77181777954102
20170308154952566,-2.36691055297852
20170308154952567,0.661959075927734
20170308154952568,-1.65737686157227
20170308154952569,-2.42031631469727
20170308154952570,0.806917572021484
20170308154952571,-1.77944717407227
20170308154952572,-2.21432266235352
20170308154952573,0.639070892333984
20170308154952574,-1.93966445922852
20170308154952575,-2.23721084594727
20170308154952576,0.928987884521484
20170308154952577,-1.78707656860352
20170308154952578,-2.20669326782227
20170308154952579,0.623812103271484
20170308154952580,-1.80996475219727
20170308154952581,-2.28298721313477
20170308154952582,0.600923919677734
20170308154952583,-1.83285293579102
20170308154952584,-2.29061660766602
20170308154952585,0.753511810302734
20170308154952586,-1.81759414672852
20170308154952587,-2.20669326782227
20170308154952588,0.722994232177734
20170308154952589,-1.93203506469727
20170308154952590,-2.09225234985352
20170308154952591,0.593294525146484
20170308154952592,-1.91677627563477
20170308154952593,-2.12276992797852
20170308154952594,0.730623626708984
20170308154952595,-2.16854629516602
20170308154952596,-1.94729385375977
20170308154952597,0.661959075927734
20170308154952598,-2.23721084594727
20170308154952599,-2.02358779907227
20170308154952600,0.600923919677734
20170308154952601,-2.03884658813477
20170308154952602,-2.07699356079102
20170308154952603,0.661959075927734
20170308154952604,-2.12276992797852
20170308154952605,-1.96255264282227
20170308154952606,0.539888763427734
20170308154952607,-2.08462295532227
20170308154952608,-2.09225234985352
20170308154952609,0.631441497802734
20170308154952610,-1.89388809204102
20170308154952611,-2.09988174438477
20170308154952612,0.784029388427734
20170308154952613,-2.23721084594727
20170308154952614,-1.96255264282227
20170308154952615,0.692476654052734
20170308154952616,-2.22958145141602
20170308154952617,-1.86337051391602
20170308154952618,0.768770599365234
20170308154952619,-2.30587539672852
20170308154952620,-1.75655899047852
20170308154952621,0.654329681396484
20170308154952622,-2.21432266235352
20170308154952623,-1.75655899047852
20170308154952624,0.738253021240234
20170308154952625,-2.24484024047852
20170308154952626,-1.52004776000977
20170308154952627,0.707735443115234
20170308154952628,-2.39742813110352
20170308154952629,-1.51241836547852
20170308154952630,0.639070892333984
20170308154952631,-2.54238662719727
20170308154952632,-1.45138320922852
20170308154952633,0.845064544677734
20170308154952634,-2.45846328735352
20170308154952635,-1.59634170532227
20170308154952636,0.608553314208984
20170308154952637,-2.51949844360352
20170308154952638,-1.55056533813477
20170308154952639,0.669588470458984
20170308154952640,-2.58053359985352
20170308154952641,-1.48190078735352
20170308154952642,0.539888763427734
20170308154952643,-2.53475723266602
20170308154952644,-1.43612442016602
20170308154952645,0.631441497802734
20170308154952646,-2.62630996704102
20170308154952647,-1.32931289672852
20170308154952648,0.707735443115234
20170308154952649,-2.80178604125977
20170308154952650,-1.32931289672852
20170308154952651,0.753511810302734
20170308154952652,-2.80178604125977
20170308154952653,-1.22250137329102
20170308154952654,0.700106048583984
20170308154952655,-2.86282119750977
20170308154952656,-0.993619537353516
20170308154952657,0.455965423583984
20170308154952658,-2.92385635375977
20170308154952659,-0.795255279541016
20170308154952660,0.593294525146484
20170308154952661,-2.94674453735352
20170308154952662,-0.688443756103516
20170308154952663,0.455965423583984
20170308154952664,-2.99252090454102
20170308154952665,-0.406156158447266
20170308154952666,0.127901458740234
20170308154952667,-2.90859756469727
20170308154952668,-0.322232818603516
20170308154952669,-0.0170570373535156
20170308154952670,-2.97726211547852
20170308154952671,-0.139127349853516
20170308154952672,-0.223050689697266
20170308154952673,-2.90096817016602
20170308154952674,0.272859954833984
20170308154952675,-0.520597076416016
20170308154952676,-2.88570938110352
20170308154952677,0.356783294677734
20170308154952678,-0.650296783447266
20170308154952679,-2.81704483032227
20170308154952680,0.555147552490234
20170308154952681,-0.795255279541016
20170308154952682,-2.83230361938477
20170308154952683,0.600923919677734
20170308154952684,-0.917325592041016
20170308154952685,-2.80178604125977
20170308154952686,0.799288177490234
20170308154952687,-1.03939590454102
20170308154952688,-2.80178604125977
20170308154952689,0.753511810302734
20170308154952690,-1.26064834594727
20170308154952691,-2.71786270141602
20170308154952692,0.692476654052734
20170308154952693,-1.37508926391602
20170308154952694,-2.56527481079102
20170308154952695,0.845064544677734
20170308154952696,-1.49715957641602
20170308154952697,-2.57290420532227
20170308154952698,0.768770599365234
20170308154952699,-1.39034805297852
20170308154952700,-2.54238662719727
20170308154952701,0.715364837646484
20170308154952702,-1.55056533813477
20170308154952703,-2.49661026000977
20170308154952704,0.707735443115234
20170308154952705,-1.79470596313477
20170308154952706,-2.28298721313477
20170308154952707,0.745882415771484
20170308154952708,-2.12276992797852
20170308154952709,-2.17617568969727
20170308154952710,0.677217864990234
20170308154952711,-2.11514053344727
20170308154952712,-2.09988174438477
20170308154952713,0.600923919677734
20170308154952714,-1.87862930297852
20170308154952715,-2.16854629516602
20170308154952716,0.898470306396484
20170308154952717,-1.97781143188477
20170308154952718,-2.19906387329102
20170308154952719,0.654329681396484
20170308154952720,-1.92440567016602
20170308154952721,-2.05410537719727
20170308154952722,0.738253021240234
20170308154952723,-2.07699356079102
20170308154952724,-2.16091690063477
20170308154952725,0.692476654052734
20170308154952726,-2.29061660766602
20170308154952727,-1.89388809204102
20170308154952728,0.654329681396484
20170308154952729,-2.33639297485352
20170308154952730,-1.77944717407227
20170308154952731,0.707735443115234
20170308154952732,-2.42031631469727
20170308154952733,-1.61160049438477
20170308154952734,0.661959075927734
20170308154952735,-2.29061660766602
20170308154952736,-1.73367080688477
20170308154952737,0.631441497802734
20170308154952738,-2.25246963500977
20170308154952739,-1.76418838500977
20170308154952740,0.722994232177734
20170308154952741,-2.34402236938477
20170308154952742,-1.80233535766602
20170308154952743,0.722994232177734
20170308154952744,-2.30587539672852
20170308154952745,-1.88625869750977
20170308154952746,0.661959075927734
20170308154952747,-2.13039932250977
20170308154952748,-2.06173477172852
20170308154952749,0.837435150146484
20170308154952750,-2.13039932250977
20170308154952751,-1.87862930297852
20170308154952752,0.623812103271484
20170308154952753,-2.03884658813477
20170308154952754,-2.01595840454102
20170308154952755,0.738253021240234
20170308154952756,-2.21432266235352
20170308154952757,-1.78707656860352
20170308154952758,0.722994232177734
20170308154952759,-2.14565811157227
20170308154952760,-2.06173477172852
20170308154952761,0.875582122802734
20170308154952762,-2.17617568969727
20170308154952763,-1.90151748657227
20170308154952764,0.585665130615234
20170308154952765,-2.09988174438477
20170308154952766,-1.95492324829102
20170308154952767,0.860323333740234
20170308154952768,-2.12276992797852
20170308154952769,-1.93203506469727
20170308154952770,0.631441497802734
20170308154952771,-2.15328750610352
20170308154952772,-1.81759414672852
20170308154952773,0.799288177490234
20170308154952774,-2.26772842407227
20170308154952775,-1.92440567016602
20170308154952776,0.738253021240234
20170308154952777,-2.34402236938477
20170308154952778,-1.61160049438477
20170308154952779,0.776399993896484
20170308154952780,-2.64156875610352
20170308154952781,-1.55056533813477
20170308154952782,0.669588470458984
20170308154952783,-2.42031631469727
20170308154952784,-1.57345352172852
20170308154952785,0.707735443115234
20170308154952786,-2.58053359985352
20170308154952787,-1.55819473266602
20170308154952788,0.791658782958984
20170308154952789,-2.61868057250977
20170308154952790,-1.45138320922852
20170308154952791,0.661959075927734
20170308154952792,-2.74838027954102
20170308154952793,-1.38271865844727
20170308154952794,0.532259368896484
20170308154952795,-2.78652725219727
20170308154952796,-1.20724258422852
20170308154952797,0.684847259521484
20170308154952798,-2.90096817016602
20170308154952799,-1.03176651000977
20170308154952800,0.486483001708984
20170308154952801,-2.95437393188477
20170308154952802,-0.856290435791016
20170308154952803,0.417818450927734
20170308154952804,-2.96963272094727
20170308154952805,-0.551114654541016
20170308154952806,0.234712982177734
20170308154952807,-2.89333877563477
20170308154952808,-0.451932525634766
20170308154952809,0.0668663024902344
20170308154952810,-3.03829727172852
20170308154952811,-0.146756744384766
20170308154952812,-0.238309478759766
20170308154952813,-2.93148574829102
20170308154952814,0.120272064208984
20170308154952815,-0.444303131103516
20170308154952816,-2.92385635375977
20170308154952817,0.349153900146484
20170308154952818,-0.429044342041016
20170308154952819,-2.90096817016602
20170308154952820,0.478853607177734
20170308154952821,-0.711331939697266
20170308154952822,-2.89333877563477
20170308154952823,0.509371185302734
20170308154952824,-0.596891021728516
20170308154952825,-2.79415664672852
20170308154952826,0.738253021240234
20170308154952827,-1.00887832641602
20170308154952828,-2.79415664672852
20170308154952829,0.776399993896484
20170308154952830,-1.19961318969727
20170308154952831,-2.72549209594727
20170308154952832,1.03579940795898
20170308154952833,-1.02413711547852
20170308154952834,-2.73312149047852
20170308154952835,0.738253021240234
20170308154952836,-1.29116592407227
20170308154952837,-2.64919815063477
20170308154952838,1.02054061889648
20170308154952839,-1.18435440063477
20170308154952840,-2.56527481079102
20170308154952841,0.883211517333984
20170308154952842,-1.26827774047852
20170308154952843,-2.55764541625977
20170308154952844,0.745882415771484
20170308154952845,-1.38271865844727
20170308154952846,-2.58053359985352
20170308154952847,0.814546966552734
20170308154952848,-1.42086563110352
20170308154952849,-2.64156875610352
20170308154952850,0.745882415771484
20170308154952851,-1.22250137329102
20170308154952852,-2.67208633422852
20170308154952853,0.951876068115234
20170308154952854,-1.26827774047852
20170308154952855,-2.58053359985352
20170308154952856,0.997652435302734
20170308154952857,-1.38271865844727
20170308154952858,-2.66445693969727
20170308154952859,0.799288177490234
20170308154952860,-1.47427139282227
20170308154952861,-2.49661026000977
20170308154952862,0.944246673583984
20170308154952863,-1.53530654907227
20170308154952864,-2.56527481079102
20170308154952865,0.784029388427734
20170308154952866,-1.43612442016602
20170308154952867,-2.51949844360352
20170308154952868,0.768770599365234
20170308154952869,-1.30642471313477
20170308154952870,-2.58816299438477
20170308154952871,0.814546966552734
20170308154952872,-1.40560684204102
20170308154952873,-2.51186904907227
20170308154952874,0.738253021240234
20170308154952875,-1.37508926391602
20170308154952876,-2.43557510375977
20170308154952877,0.784029388427734
20170308154952878,-1.74892959594727
20170308154952879,-2.45083389282227
20170308154952880,0.768770599365234
20170308154952881,-1.73367080688477
20170308154952882,-2.38979873657227
20170308154952883,0.677217864990234
20170308154952884,-1.78707656860352
20170308154952885,-2.26772842407227
20170308154952886,0.784029388427734
20170308154952887,-1.80233535766602
20170308154952888,-2.20669326782227
20170308154952889,0.822176361083984
20170308154952890,-1.94729385375977
20170308154952891,-2.17617568969727
20170308154952892,0.707735443115234
20170308154952893,-1.89388809204102
20170308154952894,-2.13802871704102
20170308154952895,0.707735443115234
20170308154952896,-2.05410537719727
20170308154952897,-2.16091690063477
20170308154952898,0.753511810302734
20170308154952899,-1.98544082641602
20170308154952900,-2.13802871704102
20170308154952901,0.829805755615234
20170308154952902,-2.07699356079102
20170308154952903,-2.02358779907227
20170308154952904,0.654329681396484
20170308154952905,-2.23721084594727
20170308154952906,-1.95492324829102
20170308154952907,0.631441497802734
20170308154952908,-2.13039932250977
20170308154952909,-2.07699356079102
20170308154952910,0.654329681396484
20170308154952911,-2.18380508422852
20170308154952912,-2.03884658813477
20170308154952913,0.669588470458984
20170308154952914,-2.17617568969727
20170308154952915,-1.92440567016602
20170308154952916,0.845064544677734
20170308154952917,-2.08462295532227
20170308154952918,-1.93966445922852
20170308154952919,0.608553314208984
20170308154952920,-2.03121719360352
20170308154952921,-2.16091690063477
20170308154952922,0.814546966552734
20170308154952923,-2.07699356079102
20170308154952924,-2.00069961547852
20170308154952925,0.677217864990234
20170308154952926,-2.23721084594727
20170308154952927,-1.84811172485352
20170308154952928,0.860323333740234
20170308154952929,-2.20669326782227
20170308154952930,-1.87862930297852
20170308154952931,0.616182708740234
20170308154952932,-2.26772842407227
20170308154952933,-1.71078262329102
20170308154952934,0.715364837646484
20170308154952935,-2.42794570922852
20170308154952936,-1.60397109985352
20170308154952937,0.661959075927734
20170308154952938,-2.66445693969727
20170308154952939,-1.47427139282227
20170308154952940,0.661959075927734
20170308154952941,-2.82467422485352
20170308154952942,-1.33694229125977
20170308154952943,0.684847259521484
20170308154952944,-2.91622695922852
20170308154952945,-1.22250137329102
20170308154952946,0.562776947021484
20170308154952947,-3.02303848266602
20170308154952948,-1.13094863891602
20170308154952949,0.433077239990234
20170308154952950,-2.93911514282227
20170308154952951,-1.04702529907227
20170308154952952,0.532259368896484
20170308154952953,-3.00015029907227
20170308154952954,-0.787625885009766
20170308154952955,0.394930267333984
20170308154952956,-3.03829727172852
20170308154952957,-0.635037994384766
20170308154952958,0.265230560302734
20170308154952959,-3.06881484985352
20170308154952960,-0.368009185791016
20170308154952961,0.0439781188964844
20170308154952962,-2.97726211547852
20170308154952963,-0.299344635009766
20170308154952964,-0.0399452209472656
20170308154952965,-2.99252090454102
20170308154952966,0.158419036865234
20170308154952967,-0.268827056884766
20170308154952968,-2.93148574829102
20170308154952969,0.0363487243652344
20170308154952970,-0.398526763916016
20170308154952971,-2.89333877563477
20170308154952972,0.135530853271484
20170308154952973,-0.482450103759766
20170308154952974,-2.96200332641602
20170308154952975,0.257601165771484
20170308154952976,-0.581632232666016
20170308154952977,-2.87045059204102
20170308154952978,0.372042083740234
20170308154952979,-0.680814361572266
20170308154952980,-2.88570938110352
20170308154952981,0.745882415771484
20170308154952982,-0.703702545166016
20170308154952983,-2.82467422485352
20170308154952984,0.517000579833984
20170308154952985,-0.963101959228516
20170308154952986,-2.95437393188477
20170308154952987,0.761141204833984
20170308154952988,-1.13094863891602
20170308154952989,-2.78652725219727
20170308154952990,0.700106048583984
20170308154952991,-1.27590713500977
20170308154952992,-2.74838027954102
20170308154952993,0.715364837646484
20170308154952994,-1.16146621704102
20170308154952995,-2.64919815063477
20170308154952996,1.00528182983398
20170308154952997,-1.35220108032227
20170308154952998,-2.55764541625977
20170308154952999,0.684847259521484
20170308154953000,-1.32931289672852
20170308154953001,-2.52712783813477
20170308154953002,0.722994232177734
20170308154953003,-1.61922988891602
20170308154953004,-2.53475723266602
20170308154953005,0.936617279052734
20170308154953006,-1.60397109985352
20170308154953007,-2.52712783813477
20170308154953008,0.692476654052734
20170308154953009,-1.77181777954102
20170308154953010,-2.35165176391602
20170308154953011,0.623812103271484
20170308154953012,-1.77944717407227
20170308154953013,-2.32113418579102
20170308154953014,0.608553314208984
20170308154953015,-1.95492324829102
20170308154953016,-2.13802871704102
20170308154953017,0.867952728271484
20170308154953018,-2.12276992797852
20170308154953019,-2.06173477172852
20170308154953020,0.669588470458984
20170308154953021,-2.24484024047852
20170308154953022,-1.87862930297852
20170308154953023,0.715364837646484
20170308154953024,-2.38216934204102
20170308154953025,-1.68026504516602
20170308154953026,0.845064544677734
20170308154953027,-2.55764541625977
20170308154953028,-1.62685928344727
20170308154953029,0.440706634521484
20170308154953030,-2.31350479125977
20170308154953031,-1.82522354125977
20170308154953032,0.646700286865234
20170308154953033,-2.27535781860352
20170308154953034,-1.76418838500977
20170308154953035,0.654329681396484
20170308154953036,-2.51186904907227
20170308154953037,-1.50478897094727
20170308154953038,0.791658782958984
20170308154953039,-2.56527481079102
20170308154953040,-1.54293594360352
20170308154953041,0.524629974365234
20170308154953042,-2.38216934204102
20170308154953043,-1.68789443969727
20170308154953044,0.570406341552734
20170308154953045,-2.38979873657227
20170308154953046,-1.50478897094727
20170308154953047,0.768770599365234
20170308154953048,-2.49661026000977
20170308154953049,-1.55056533813477
20170308154953050,0.646700286865234
20170308154953051,-2.66445693969727
20170308154953052,-1.36745986938477
20170308154953053,0.509371185302734
20170308154953054,-2.61105117797852
20170308154953055,-1.42086563110352
20170308154953056,0.555147552490234
20170308154953057,-2.58053359985352
20170308154953058,-1.54293594360352
20170308154953059,0.654329681396484
20170308154953060,-2.65682754516602
20170308154953061,-1.35983047485352
20170308154953062,0.471224212646484
20170308154953063,-2.72549209594727
20170308154953064,-1.26064834594727
20170308154953065,0.593294525146484
20170308154953066,-2.87045059204102
20170308154953067,-1.16146621704102
20170308154953068,0.532259368896484
20170308154953069,-3.00777969360352
20170308154953070,-1.06228408813477
20170308154953071,0.402559661865234
20170308154953072,-2.97726211547852
20170308154953073,-1.15383682250977
20170308154953074,0.532259368896484
20170308154953075,-2.93148574829102
20170308154953076,-1.19198379516602
20170308154953077,0.494112396240234
20170308154953078,-2.95437393188477
20170308154953079,-0.886808013916016
20170308154953080,0.501741790771484
20170308154953081,-2.98489151000977
20170308154953082,-0.711331939697266
20170308154953083,0.356783294677734
20170308154953084,-2.93911514282227
20170308154953085,-0.581632232666016
20170308154953086,0.211824798583984
20170308154953087,-3.01540908813477
20170308154953088,-0.467191314697266
20170308154953089,0.0516075134277344
20170308154953090,-3.02303848266602
20170308154953091,-0.261197662353516
20170308154953092,-0.200162506103516
20170308154953093,-2.87045059204102
20170308154953094,0.0363487243652344
20170308154953095,-0.413785552978516
20170308154953096,-2.90096817016602
20170308154953097,0.288118743896484
20170308154953098,-0.627408599853516
20170308154953099,-2.83993301391602
20170308154953100,0.555147552490234
20170308154953101,-0.886808013916016
20170308154953102,-2.87045059204102
20170308154953103,0.822176361083984
20170308154953104,-1.02413711547852
20170308154953105,-2.83993301391602
20170308154953106,0.799288177490234
20170308154953107,-1.13857803344727
20170308154953108,-2.62630996704102
20170308154953109,0.753511810302734
20170308154953110,-1.20724258422852
20170308154953111,-2.64156875610352
20170308154953112,0.829805755615234
20170308154953113,-1.48190078735352
20170308154953114,-2.54238662719727
20170308154953115,0.776399993896484
20170308154953116,-1.38271865844727
20170308154953117,-2.66445693969727
20170308154953118,0.951876068115234
20170308154953119,-1.14620742797852
20170308154953120,-2.63393936157227
20170308154953121,0.799288177490234
20170308154953122,-1.46664199829102
20170308154953123,-2.65682754516602
20170308154953124,0.959505462646484
20170308154953125,-1.29116592407227
20170308154953126,-2.51186904907227
20170308154953127,1.00528182983398
20170308154953128,-1.45138320922852
20170308154953129,-2.52712783813477
20170308154953130,0.860323333740234
20170308154953131,-1.60397109985352
20170308154953132,-2.38216934204102
20170308154953133,0.867952728271484
20170308154953134,-1.77181777954102
20170308154953135,-2.35928115844727
20170308154953136,0.722994232177734
20170308154953137,-1.83285293579102
20170308154953138,-2.24484024047852
20170308154953139,0.677217864990234
20170308154953140,-1.93966445922852
20170308154953141,-2.09225234985352
20170308154953142,0.700106048583984
20170308154953143,-2.06173477172852
20170308154953144,-1.92440567016602
20170308154953145,0.722994232177734
20170308154953146,-2.28298721313477
20170308154953147,-1.74130020141602
20170308154953148,0.616182708740234
20170308154953149,-2.28298721313477
20170308154953150,-1.77181777954102
20170308154953151,0.623812103271484
20170308154953152,-2.25246963500977
20170308154953153,-1.74892959594727
20170308154953154,0.585665130615234
20170308154953155,-2.26772842407227
20170308154953156,-1.93203506469727
20170308154953157,0.562776947021484
20170308154953158,-2.31350479125977
20170308154953159,-1.87862930297852
20170308154953160,0.616182708740234
20170308154953161,-2.19143447875977
20170308154953162,-1.92440567016602
20170308154953163,0.791658782958984
20170308154953164,-2.26009902954102
20170308154953165,-1.64211807250977
20170308154953166,0.715364837646484
20170308154953167,-2.59579238891602
20170308154953168,-1.44375381469727
20170308154953169,0.715364837646484
20170308154953170,-2.73312149047852
20170308154953171,-1.32931289672852
20170308154953172,0.776399993896484
20170308154953173,-2.78652725219727
20170308154953174,-1.21487197875977
20170308154953175,0.700106048583984
20170308154953176,-2.82467422485352
20170308154953177,-1.22250137329102
20170308154953178,0.753511810302734
20170308154953179,-2.67208633422852
20170308154953180,-1.37508926391602
20170308154953181,0.753511810302734
20170308154953182,-2.66445693969727
20170308154953183,-1.34457168579102
20170308154953184,0.593294525146484
20170308154953185,-2.71023330688477
20170308154953186,-1.26827774047852
20170308154953187,0.494112396240234
20170308154953188,-2.83993301391602
20170308154953189,-1.17672500610352
20170308154953190,0.639070892333984
20170308154953191,-2.93148574829102
20170308154953192,-1.21487197875977
20170308154953193,0.539888763427734
20170308154953194,-3.02303848266602
20170308154953195,-0.871549224853516
20170308154953196,0.455965423583984
20170308154953197,-2.96963272094727
20170308154953198,-0.924954986572266
20170308154953199,0.318636322021484
20170308154953200,-3.01540908813477
20170308154953201,-0.856290435791016
20170308154953202,0.600923919677734
20170308154953203,-2.96963272094727
20170308154953204,-0.909696197509766
20170308154953205,0.387300872802734
20170308154953206,-2.93148574829102
20170308154953207,-1.13094863891602
20170308154953208,0.524629974365234
20170308154953209,-2.92385635375977
20170308154953210,-1.00124893188477
20170308154953211,0.555147552490234
20170308154953212,-2.93148574829102
20170308154953213,-1.00124893188477
20170308154953214,0.547518157958984
20170308154953215,-2.87807998657227
20170308154953216,-0.955472564697266
20170308154953217,0.356783294677734
20170308154953218,-2.96963272094727
20170308154953219,-0.955472564697266
20170308154953220,0.387300872802734
20170308154953221,-3.00015029907227
20170308154953222,-0.772367095947266
20170308154953223,0.364412689208984
20170308154953224,-3.00777969360352
20170308154953225,-0.696073150634766
20170308154953226,0.417818450927734
20170308154953227,-2.90096817016602
20170308154953228,-0.574002838134766
20170308154953229,0.181307220458984
20170308154953230,-3.04592666625977
20170308154953231,-0.467191314697266
20170308154953232,0.0210899353027344
20170308154953233,-2.99252090454102
20170308154953234,-0.345121002197266
20170308154953235,0.0668663024902344
20170308154953236,-2.95437393188477
20170308154953237,-0.253568267822266
20170308154953238,-0.123868560791016
20170308154953239,-2.90859756469727
20170308154953240,-0.0780921936035156
20170308154953241,-0.314603424072266
20170308154953242,-2.94674453735352
20170308154953243,0.249971771240234
20170308154953244,-0.512967681884766
20170308154953245,-2.83230361938477
20170308154953246,0.303377532958984
20170308154953247,-0.688443756103516
20170308154953248,-2.83230361938477
20170308154953249,0.860323333740234
20170308154953250,-1.06991348266602
20170308154953251,-2.66445693969727
20170308154953252,0.944246673583984
20170308154953253,-1.42086563110352
20170308154953254,-2.57290420532227
20170308154953255,0.707735443115234
20170308154953256,-1.51241836547852
20170308154953257,-2.51949844360352
20170308154953258,0.784029388427734
20170308154953259,-1.65737686157227
20170308154953260,-2.32876358032227
20170308154953261,0.730623626708984
20170308154953262,-1.86337051391602
20170308154953263,-2.24484024047852
20170308154953264,0.722994232177734
20170308154953265,-1.92440567016602
20170308154953266,-2.05410537719727
20170308154953267,0.669588470458984
20170308154953268,-2.22195205688477
20170308154953269,-1.91677627563477
20170308154953270,0.707735443115234
20170308154953271,-2.22195205688477
20170308154953272,-1.76418838500977
20170308154953273,0.700106048583984
20170308154953274,-2.45083389282227
20170308154953275,-1.68789443969727
20170308154953276,0.715364837646484
20170308154953277,-2.51949844360352
20170308154953278,-1.53530654907227
20170308154953279,0.806917572021484
20170308154953280,-2.64156875610352
20170308154953281,-1.27590713500977
20170308154953282,0.608553314208984
20170308154953283,-2.79415664672852
20170308154953284,-1.29879531860352
20170308154953285,0.562776947021484
20170308154953286,-2.95437393188477
20170308154953287,-1.16146621704102
20170308154953288,0.631441497802734
20170308154953289,-2.98489151000977
20170308154953290,-1.04702529907227
20170308154953291,0.478853607177734
20170308154953292,-2.96200332641602
20170308154953293,-0.924954986572266
20170308154953294,0.562776947021484
20170308154953295,-2.98489151000977
20170308154953296,-0.825772857666016
20170308154953297,0.555147552490234
20170308154953298,-2.89333877563477
20170308154953299,-0.680814361572266
20170308154953300,0.318636322021484
20170308154953301,-2.94674453735352
20170308154953302,-0.856290435791016
20170308154953303,0.410189056396484
20170308154953304,-3.04592666625977
20170308154953305,-0.879178619384766
20170308154953306,0.364412689208984
20170308154953307,-2.96200332641602
20170308154953308,-1.12331924438477
20170308154953309,0.631441497802734
20170308154953310,-2.89333877563477
20170308154953311,-0.932584381103516
20170308154953312,0.372042083740234
20170308154953313,-2.82467422485352
20170308154953314,-0.879178619384766
20170308154953315,0.509371185302734
20170308154953316,-2.96200332641602
20170308154953317,-0.589261627197266
20170308154953318,0.265230560302734
20170308154953319,-3.00777969360352
20170308154953320,-0.497708892822266
20170308154953321,0.150789642333984
20170308154953322,-2.97726211547852
20170308154953323,-0.604520416259766
20170308154953324,0.127901458740234
20170308154953325,-2.99252090454102
20170308154953326,-0.497708892822266
20170308154953327,0.0134605407714844
20170308154953328,-3.00015029907227
20170308154953329,-0.360379791259766
20170308154953330,-0.169644927978516
20170308154953331,-2.99252090454102
20170308154953332,-0.169644927978516
20170308154953333,0.0592369079589844
20170308154953334,-2.93148574829102
20170308154953335,-0.207791900634766
20170308154953336,-0.192533111572266
20170308154953337,-2.83993301391602
20170308154953338,-0.215421295166016
20170308154953339,-0.192533111572266
20170308154953340,-2.91622695922852
20170308154953341,-0.451932525634766
20170308154953342,-0.0628334045410156
20170308154953343,-2.96963272094727
20170308154953344,-0.169644927978516
20170308154953345,-0.238309478759766
20170308154953346,-2.93148574829102
20170308154953347,-0.108609771728516
20170308154953348,-0.108609771728516
20170308154953349,-2.96963272094727
20170308154953350,-0.0323158264160156
20170308154953351,-0.406156158447266
20170308154953352,-2.93148574829102
20170308154953353,0.356783294677734
20170308154953354,-0.322232818603516
20170308154953355,-2.77889785766602
20170308154953356,0.0363487243652344
20170308154953357,-0.383267974853516
20170308154953358,-2.93911514282227
20170308154953359,-0.0475746154785156
20170308154953360,-0.413785552978516
20170308154953361,-2.88570938110352
20170308154953362,0.0973838806152344
20170308154953363,-0.291715240478516
20170308154953364,-2.93911514282227
20170308154953365,0.387300872802734
20170308154953366,-0.642667388916016
20170308154953367,-2.87807998657227
20170308154953368,0.692476654052734
20170308154953369,-0.848661041259766
20170308154953370,-2.89333877563477
20170308154953371,0.715364837646484
20170308154953372,-0.947843170166016
20170308154953373,-2.81704483032227
20170308154953374,0.730623626708984
20170308154953375,-1.09280166625977
20170308154953376,-2.76363906860352
20170308154953377,0.791658782958984
20170308154953378,-1.21487197875977
20170308154953379,-2.68734512329102
20170308154953380,0.730623626708984
20170308154953381,-1.14620742797852
20170308154953382,-2.70260391235352
20170308154953383,0.791658782958984
20170308154953384,-1.25301895141602
20170308154953385,-2.59579238891602
20170308154953386,0.875582122802734
20170308154953387,-1.39797744750977
20170308154953388,-2.47372207641602
20170308154953389,0.761141204833984
20170308154953390,-1.50478897094727
20170308154953391,-2.51949844360352
20170308154953392,0.722994232177734
20170308154953393,-1.55056533813477
20170308154953394,-2.42794570922852
20170308154953395,0.890840911865234
20170308154953396,-1.67263565063477
20170308154953397,-2.38979873657227
20170308154953398,0.692476654052734
20170308154953399,-1.87099990844727
20170308154953400,-2.22195205688477
20170308154953401,0.784029388427734
20170308154953402,-2.24484024047852
20170308154953403,-1.97781143188477
20170308154953404,0.768770599365234
20170308154953405,-2.34402236938477
20170308154953406,-1.77944717407227
20170308154953407,0.677217864990234
20170308154953408,-2.44320449829102
20170308154953409,-1.58871231079102
20170308154953410,0.707735443115234
20170308154953411,-2.77126846313477
20170308154953412,-1.29879531860352
20170308154953413,0.562776947021484
20170308154953414,-2.87807998657227
20170308154953415,-1.03939590454102
20170308154953416,0.555147552490234
20170308154953417,-2.93911514282227
20170308154953418,-1.01650772094727
20170308154953419,0.532259368896484
20170308154953420,-2.95437393188477
20170308154953421,-0.818143463134766
20170308154953422,0.448336029052734
20170308154953423,-2.97726211547852
20170308154953424,-0.551114654541016
20170308154953425,0.227083587646484
20170308154953426,-2.91622695922852
20170308154953427,-0.383267974853516
20170308154953428,0.265230560302734
20170308154953429,-2.87045059204102
20170308154953430,-0.474820709228516
20170308154953431,0.0592369079589844
20170308154953432,-2.91622695922852
20170308154953433,-0.177274322509766
20170308154953434,-0.108609771728516
20170308154953435,-2.95437393188477
20170308154953436,-0.291715240478516
20170308154953437,-0.0704627990722656
20170308154953438,-2.90096817016602
20170308154953439,-0.612149810791016
20170308154953440,0.135530853271484
20170308154953441,-2.87807998657227
20170308154953442,-0.574002838134766
20170308154953443,0.318636322021484
20170308154953444,-2.93911514282227
20170308154953445,-0.345121002197266
20170308154953446,0.0210899353027344
20170308154953447,-2.94674453735352
20170308154953448,-0.162015533447266
20170308154953449,-0.162015533447266
20170308154953450,-2.95437393188477
20170308154953451,-0.291715240478516
20170308154953452,-0.0246864318847656
20170308154953453,-3.06881484985352
20170308154953454,-0.215421295166016
20170308154953455,-0.0552040100097656
20170308154953456,-2.89333877563477
20170308154953457,-0.0780921936035156
20170308154953458,0.0210899353027344
20170308154953459,-2.95437393188477
20170308154953460,-0.261197662353516
20170308154953461,-0.108609771728516
20170308154953462,-2.83993301391602
20170308154953463,-0.490079498291016
20170308154953464,0.0363487243652344
20170308154953465,-2.89333877563477
20170308154953466,-0.253568267822266
20170308154953467,-0.0933509826660156
20170308154953468,-2.90859756469727
20170308154953469,-0.154386138916016
20170308154953470,-0.238309478759766
20170308154953471,-2.81704483032227
20170308154953472,-0.184903717041016
20170308154953473,0.0210899353027344
20170308154953474,-2.96200332641602
20170308154953475,-0.0170570373535156
20170308154953476,-0.207791900634766
20170308154953477,-2.90859756469727
20170308154953478,-0.0399452209472656
20170308154953479,-0.253568267822266
20170308154953480,-2.84756240844727
20170308154953481,0.0210899353027344
20170308154953482,-0.291715240478516
20170308154953483,-2.93148574829102
20170308154953484,-0.215421295166016
20170308154953485,-0.200162506103516
20170308154953486,-2.89333877563477
20170308154953487,-0.230680084228516
20170308154953488,-0.207791900634766
20170308154953489,-2.85519180297852
20170308154953490,-0.0857215881347656
20170308154953491,-0.253568267822266
20170308154953492,-2.91622695922852
20170308154953493,0.105013275146484
20170308154953494,-0.299344635009766
20170308154953495,-2.84756240844727
20170308154953496,0.166048431396484
20170308154953497,-0.421414947509766
20170308154953498,-2.87807998657227
20170308154953499,0.349153900146484
20170308154953500,-0.612149810791016
20170308154953501,-2.83230361938477
20170308154953502,0.425447845458984
20170308154953503,-0.520597076416016
20170308154953504,-2.84756240844727
20170308154953505,0.578035736083984
20170308154953506,-0.848661041259766
20170308154953507,-2.85519180297852
20170308154953508,0.722994232177734
20170308154953509,-0.963101959228516
20170308154953510,-2.76363906860352
20170308154953511,0.913729095458984
20170308154953512,-1.27590713500977
20170308154953513,-2.55764541625977
20170308154953514,0.990023040771484
20170308154953515,-1.29116592407227
20170308154953516,-2.68734512329102
20170308154953517,0.875582122802734
20170308154953518,-1.23776016235352
20170308154953519,-2.70260391235352
20170308154953520,0.753511810302734
20170308154953521,-1.32168350219727
20170308154953522,-2.63393936157227
20170308154953523,0.768770599365234
20170308154953524,-1.38271865844727
20170308154953525,-2.59579238891602
20170308154953526,0.715364837646484
20170308154953527,-1.42086563110352
20170308154953528,-2.55764541625977
20170308154953529,0.730623626708984
20170308154953530,-1.41323623657227
20170308154953531,-2.48898086547852
20170308154953532,0.845064544677734
20170308154953533,-1.46664199829102
20170308154953534,-2.48898086547852
20170308154953535,0.753511810302734
20170308154953536,-1.62685928344727
20170308154953537,-2.38216934204102
20170308154953538,0.745882415771484
20170308154953539,-1.96255264282227
20170308154953540,-2.15328750610352
20170308154953541,0.692476654052734
20170308154953542,-2.15328750610352
20170308154953543,-1.93203506469727
20170308154953544,0.661959075927734
20170308154953545,-2.30587539672852
20170308154953546,-1.80233535766602
20170308154953547,0.623812103271484
20170308154953548,-2.14565811157227
20170308154953549,-1.81759414672852
20170308154953550,0.784029388427734
20170308154953551,-2.31350479125977
20170308154953552,-1.52767715454102
20170308154953553,0.761141204833984
20170308154953554,-2.54238662719727
20170308154953555,-1.43612442016602
20170308154953556,0.646700286865234
20170308154953557,-2.58053359985352
20170308154953558,-1.44375381469727
20170308154953559,0.692476654052734
20170308154953560,-2.90859756469727
20170308154953561,-1.13857803344727
20170308154953562,0.501741790771484
20170308154953563,-2.94674453735352
20170308154953564,-1.07754287719727
20170308154953565,0.517000579833984
20170308154953566,-2.94674453735352
20170308154953567,-0.955472564697266
20170308154953568,0.669588470458984
20170308154953569,-2.90859756469727
20170308154953570,-0.924954986572266
20170308154953571,0.364412689208984
20170308154953572,-3.00015029907227
20170308154953573,-0.734220123291016
20170308154953574,0.288118743896484
20170308154953575,-3.00015029907227
20170308154953576,-0.932584381103516
20170308154953577,0.417818450927734
20170308154953578,-2.90859756469727
20170308154953579,-0.902066802978516
20170308154953580,0.517000579833984
20170308154953581,-2.93911514282227
20170308154953582,-0.741849517822266
20170308154953583,0.402559661865234
20170308154953584,-2.89333877563477
20170308154953585,-0.734220123291016
20170308154953586,0.333895111083984
20170308154953587,-2.89333877563477
20170308154953588,-0.596891021728516
20170308154953589,0.463594818115234
20170308154953590,-2.95437393188477
20170308154953591,-0.650296783447266
20170308154953592,0.364412689208984
20170308154953593,-2.95437393188477
20170308154953594,-0.390897369384766
20170308154953595,-0.0552040100097656
20170308154953596,-2.96963272094727
20170308154953597,-0.123868560791016
20170308154953598,0.105013275146484
20170308154953599,-2.93911514282227
20170308154953600,-0.0780921936035156
20170308154953601,-0.322232818603516
20170308154953602,-2.87045059204102
20170308154953603,-0.0704627990722656
20170308154953604,-0.146756744384766
20170308154953605,-2.84756240844727
20170308154953606,-0.284085845947266
20170308154953607,-0.291715240478516
20170308154953608,-2.98489151000977
20170308154953609,-0.345121002197266
20170308154953610,-0.0628334045410156
20170308154953611,-2.87807998657227
20170308154953612,-0.467191314697266
20170308154953613,0.364412689208984
20170308154953614,-2.90859756469727
20170308154953615,-0.596891021728516
20170308154953616,0.265230560302734
20170308154953617,-2.94674453735352
20170308154953618,-0.810514068603516
20170308154953619,0.341524505615234
20170308154953620,-2.89333877563477
20170308154953621,-0.772367095947266
20170308154953622,0.326265716552734
20170308154953623,-2.90859756469727
20170308154953624,-0.558744049072266
20170308154953625,0.196566009521484
20170308154953626,-2.83230361938477
20170308154953627,-0.612149810791016
20170308154953628,0.509371185302734
20170308154953629,-2.93148574829102
20170308154953630,-0.459561920166016
20170308154953631,0.196566009521484
20170308154953632,-2.88570938110352
20170308154953633,-0.474820709228516
20170308154953634,0.463594818115234
20170308154953635,-2.90096817016602
20170308154953636,-0.413785552978516
20170308154953637,0.158419036865234
20170308154953638,-2.93148574829102
20170308154953639,-0.360379791259766
20170308154953640,0.0668663024902344
20170308154953641,-2.96963272094727
20170308154953642,-0.337491607666016
20170308154953643,-0.0704627990722656
20170308154953644,-2.95437393188477
20170308154953645,0.0973838806152344
20170308154953646,-0.398526763916016
20170308154953647,-2.91622695922852
20170308154953648,0.0134605407714844
20170308154953649,-0.306974029541016
20170308154953650,-2.91622695922852
20170308154953651,-0.0170570373535156
20170308154953652,-0.299344635009766
20170308154953653,-2.88570938110352
20170308154953654,-0.100980377197266
20170308154953655,-0.337491607666016
20170308154953656,-2.87045059204102
20170308154953657,0.0287193298339844
20170308154953658,-0.436673736572266
20170308154953659,-2.98489151000977
20170308154953660,0.181307220458984
20170308154953661,-0.253568267822266
20170308154953662,-2.83230361938477
20170308154953663,0.242342376708984
20170308154953664,-0.314603424072266
20170308154953665,-2.80941543579102
20170308154953666,0.425447845458984
20170308154953667,-0.779996490478516
20170308154953668,-2.80178604125977
20170308154953669,0.181307220458984
20170308154953670,-0.604520416259766
20170308154953671,-2.84756240844727
20170308154953672,0.455965423583984
20170308154953673,-0.795255279541016
20170308154953674,-2.85519180297852
20170308154953675,0.562776947021484
20170308154953676,-0.848661041259766
20170308154953677,-2.87045059204102
20170308154953678,0.852693939208984
20170308154953679,-0.764737701416016
20170308154953680,-2.86282119750977
20170308154953681,0.814546966552734
20170308154953682,-1.17672500610352
20170308154953683,-2.63393936157227
20170308154953684,0.845064544677734
20170308154953685,-1.52004776000977
20170308154953686,-2.52712783813477
20170308154953687,0.715364837646484
20170308154953688,-1.66500625610352
20170308154953689,-2.28298721313477
20170308154953690,0.753511810302734
20170308154953691,-1.90151748657227
20170308154953692,-2.10751113891602
20170308154953693,0.700106048583984
20170308154953694,-1.97018203735352
20170308154953695,-2.23721084594727
20170308154953696,0.806917572021484
20170308154953697,-2.00069961547852
20170308154953698,-2.03884658813477
20170308154953699,0.768770599365234
20170308154953700,-2.19906387329102
20170308154953701,-1.79470596313477
20170308154953702,0.677217864990234
20170308154953703,-2.28298721313477
20170308154953704,-1.64974746704102
20170308154953705,0.700106048583984
20170308154953706,-2.55764541625977
20170308154953707,-1.48190078735352
20170308154953708,0.669588470458984
20170308154953709,-2.73312149047852
20170308154953710,-1.32168350219727
20170308154953711,0.669588470458984
20170308154953712,-2.82467422485352
20170308154953713,-1.19198379516602
20170308154953714,0.738253021240234
20170308154953715,-2.78652725219727
20170308154953716,-1.11568984985352
20170308154953717,0.761141204833984
20170308154953718,-2.90096817016602
20170308154953719,-0.955472564697266
20170308154953720,0.471224212646484
20170308154953721,-2.97726211547852
20170308154953722,-0.680814361572266
20170308154953723,0.524629974365234
20170308154953724,-2.94674453735352
20170308154953725,-0.512967681884766
20170308154953726,0.196566009521484
20170308154953727,-3.00777969360352
20170308154953728,-0.398526763916016
20170308154953729,0.0439781188964844
20170308154953730,-2.96200332641602
20170308154953731,-0.291715240478516
20170308154953732,-0.0780921936035156
20170308154953733,-2.87807998657227
20170308154953734,-0.245938873291016
20170308154953735,0.0973838806152344
20170308154953736,-2.93911514282227
20170308154953737,-0.375638580322266
20170308154953738,-0.123868560791016
20170308154953739,-2.90096817016602
20170308154953740,-0.261197662353516
20170308154953741,-0.131497955322266
20170308154953742,-3.06881484985352
20170308154953743,-0.276456451416016
20170308154953744,-0.0857215881347656
20170308154953745,-2.97726211547852
20170308154953746,-0.390897369384766
20170308154953747,-0.0780921936035156
20170308154953748,-2.90096817016602
20170308154953749,-0.0017982482910156
20170308154953750,-0.314603424072266
20170308154953751,-2.82467422485352
20170308154953752,-0.0170570373535156
20170308154953753,-0.368009185791016
20170308154953754,-2.84756240844727
20170308154953755,0.311006927490234
20170308154953756,-0.390897369384766
20170308154953757,-2.85519180297852
20170308154953758,0.234712982177734
20170308154953759,-0.650296783447266
20170308154953760,-2.87807998657227
20170308154953761,0.524629974365234
20170308154953762,-0.604520416259766
20170308154953763,-2.78652725219727
20170308154953764,0.410189056396484
20170308154953765,-0.718961334228516
20170308154953766,-2.85519180297852
20170308154953767,0.791658782958984
20170308154953768,-0.978360748291016
20170308154953769,-2.79415664672852
20170308154953770,0.822176361083984
20170308154953771,-0.985990142822266
20170308154953772,-2.84756240844727
20170308154953773,0.639070892333984
20170308154953774,-0.841031646728516
20170308154953775,-2.76363906860352
20170308154953776,0.524629974365234
20170308154953777,-0.886808013916016
20170308154953778,-2.83230361938477
20170308154953779,0.410189056396484
20170308154953780,-0.787625885009766
20170308154953781,-2.82467422485352
20170308154953782,0.471224212646484
20170308154953783,-0.696073150634766
20170308154953784,-2.80941543579102
20170308154953785,0.524629974365234
20170308154953786,-0.879178619384766
20170308154953787,-2.80941543579102
20170308154953788,0.730623626708984
20170308154953789,-0.726590728759766
20170308154953790,-2.82467422485352
20170308154953791,0.631441497802734
20170308154953792,-0.940213775634766
20170308154953793,-2.83993301391602
20170308154953794,0.463594818115234
20170308154953795,-0.757108306884766
20170308154953796,-2.85519180297852
20170308154953797,0.394930267333984
20170308154953798,-0.841031646728516
20170308154953799,-2.75600967407227
20170308154953800,0.433077239990234
20170308154953801,-0.749478912353516
20170308154953802,-2.79415664672852
20170308154953803,0.631441497802734
20170308154953804,-0.833402252197266
20170308154953805,-2.78652725219727
20170308154953806,0.471224212646484
20170308154953807,-0.779996490478516
20170308154953808,-2.79415664672852
20170308154953809,0.478853607177734
20170308154953810,-0.810514068603516
20170308154953811,-2.79415664672852
20170308154953812,0.440706634521484
20170308154953813,-0.726590728759766
20170308154953814,-2.80941543579102
20170308154953815,0.585665130615234
20170308154953816,-0.505338287353516
20170308154953817,-2.77126846313477
20170308154953818,0.639070892333984
20170308154953819,-0.757108306884766
20170308154953820,-2.90859756469727
20170308154953821,0.661959075927734
20170308154953822,-0.993619537353516
20170308154953823,-2.84756240844727
20170308154953824,0.585665130615234
20170308154953825,-0.802884674072266
20170308154953826,-2.73312149047852
20170308154953827,0.722994232177734
20170308154953828,-1.11568984985352
20170308154953829,-2.71023330688477
20170308154953830,0.806917572021484
20170308154953831,-1.25301895141602
20170308154953832,-2.58816299438477
20170308154953833,0.806917572021484
20170308154953834,-1.50478897094727
20170308154953835,-2.58053359985352
20170308154953836,0.860323333740234
20170308154953837,-1.64211807250977
20170308154953838,-2.38979873657227
20170308154953839,0.692476654052734
20170308154953840,-1.81759414672852
20170308154953841,-2.09225234985352
20170308154953842,0.661959075927734
20170308154953843,-2.06936416625977
20170308154953844,-1.87099990844727
20170308154953845,0.913729095458984
20170308154953846,-2.20669326782227
20170308154953847,-1.90151748657227
20170308154953848,0.753511810302734
20170308154953849,-2.19906387329102
20170308154953850,-1.80233535766602
20170308154953851,0.684847259521484
20170308154953852,-2.28298721313477
20170308154953853,-1.69552383422852
20170308154953854,0.776399993896484
20170308154953855,-2.48135147094727
20170308154953856,-1.50478897094727
20170308154953857,0.768770599365234
20170308154953858,-2.54238662719727
20170308154953859,-1.52004776000977
20170308154953860,0.730623626708984
20170308154953861,-2.74838027954102
20170308154953862,-1.29879531860352
20170308154953863,0.623812103271484
20170308154953864,-2.87807998657227
20170308154953865,-1.10043106079102
20170308154953866,0.730623626708984
20170308154953867,-2.79415664672852
20170308154953868,-1.00887832641602
20170308154953869,0.539888763427734
20170308154953870,-3.01540908813477
20170308154953871,-0.993619537353516
20170308154953872,0.433077239990234
20170308154953873,-3.01540908813477
20170308154953874,-0.848661041259766
20170308154953875,0.417818450927734
20170308154953876,-2.96200332641602
20170308154953877,-0.657926177978516
20170308154953878,0.349153900146484
20170308154953879,-2.93148574829102
20170308154953880,-0.429044342041016
20170308154953881,0.188936614990234
20170308154953882,-2.90096817016602
20170308154953883,-0.429044342041016
20170308154953884,0.188936614990234
20170308154953885,-2.98489151000977
20170308154953886,-0.436673736572266
20170308154953887,0.158419036865234
20170308154953888,-2.93911514282227
20170308154953889,-0.253568267822266
20170308154953890,-0.139127349853516
20170308154953891,-2.80178604125977
20170308154953892,-0.268827056884766
20170308154953893,0.0210899353027344
20170308154953894,-2.90859756469727
20170308154953895,-0.383267974853516
20170308154953896,0.0058311462402344
20170308154953897,-2.93911514282227
20170308154953898,-0.429044342041016
20170308154953899,0.120272064208984
20170308154953900,-2.97726211547852
20170308154953901,-0.383267974853516
20170308154953902,0.112642669677734
20170308154953903,-2.95437393188477
20170308154953904,-0.551114654541016
20170308154953905,0.120272064208984
20170308154953906,-3.05355606079102
20170308154953907,-0.444303131103516
20170308154953908,-0.0475746154785156
20170308154953909,-2.97726211547852
20170308154953910,-0.490079498291016
20170308154953911,0.105013275146484
20170308154953912,-2.94674453735352
20170308154953913,-0.284085845947266
20170308154953914,0.143160247802734
20170308154953915,-2.74838027954102
20170308154953916,-0.398526763916016
20170308154953917,0.303377532958984
20170308154953918,-2.84756240844727
20170308154953919,-0.253568267822266
20170308154953920,-0.0017982482910156
20170308154953921,-2.94674453735352
20170308154953922,-0.299344635009766
20170308154953923,-0.154386138916016
20170308154953924,-2.94674453735352
20170308154953925,-0.291715240478516
20170308154953926,-0.139127349853516
20170308154953927,-2.97726211547852
20170308154953928,-0.253568267822266
20170308154953929,-0.0399452209472656
20170308154953930,-2.97726211547852
20170308154953931,-0.299344635009766
20170308154953932,-0.0323158264160156
20170308154953933,-2.93911514282227
20170308154953934,-0.299344635009766
20170308154953935,-0.0017982482910156
20170308154953936,-2.90859756469727
20170308154953937,-0.0857215881347656
20170308154953938,-0.154386138916016
20170308154953939,-2.84756240844727
20170308154953940,-0.192533111572266
20170308154953941,-0.184903717041016
20170308154953942,-3.00777969360352
20170308154953943,0.135530853271484
20170308154953944,-0.322232818603516
20170308154953945,-2.86282119750977
20170308154953946,0.0897544860839844
20170308154953947,-0.383267974853516
20170308154953948,-2.84756240844727
20170308154953949,0.311006927490234
20170308154953950,-0.436673736572266
20170308154953951,-2.67971572875977
20170308154953952,0.478853607177734
20170308154953953,-0.635037994384766
20170308154953954,-2.80941543579102
20170308154953955,0.532259368896484
20170308154953956,-0.833402252197266
20170308154953957,-2.77126846313477
20170308154953958,0.639070892333984
20170308154953959,-0.955472564697266
20170308154953960,-2.75600967407227
20170308154953961,0.852693939208984
20170308154953962,-1.08517227172852
20170308154953963,-2.67971572875977
20170308154953964,0.761141204833984
20170308154953965,-1.18435440063477
20170308154953966,-2.61868057250977
20170308154953967,1.02817001342773
20170308154953968,-1.23776016235352
20170308154953969,-2.61105117797852
20170308154953970,0.806917572021484
20170308154953971,-1.35983047485352
20170308154953972,-2.62630996704102
20170308154953973,0.753511810302734
20170308154953974,-1.33694229125977
20170308154953975,-2.61105117797852
20170308154953976,0.928987884521484
20170308154953977,-1.51241836547852
20170308154953978,-2.51186904907227
20170308154953979,0.822176361083984
20170308154953980,-1.62685928344727
20170308154953981,-2.33639297485352
20170308154953982,0.753511810302734
20170308154953983,-1.79470596313477
20170308154953984,-2.22195205688477
20170308154953985,0.715364837646484
20170308154953986,-2.01595840454102
20170308154953987,-2.11514053344727
20170308154953988,0.761141204833984
20170308154953989,-2.09988174438477
20170308154953990,-1.88625869750977
20170308154953991,0.684847259521484
20170308154953992,-2.40505752563477
20170308154953993,-1.67263565063477
20170308154953994,0.745882415771484
20170308154953995,-2.40505752563477
20170308154953996,-1.42086563110352
20170308154953997,0.669588470458984
20170308154953998,-2.73312149047852
20170308154953999,-1.20724258422852
20170308154954000,0.684847259521484
20170308154954001,-3.02303848266602
20170308154954002,-0.909696197509766
20170308154954003,0.517000579833984
20170308154954004,-2.93148574829102
20170308154954005,-0.726590728759766
20170308154954006,0.417818450927734
20170308154954007,-2.87807998657227
20170308154954008,-0.627408599853516
20170308154954009,0.333895111083984
20170308154954010,-2.93911514282227
20170308154954011,-0.451932525634766
20170308154954012,0.158419036865234
20170308154954013,-2.97726211547852
20170308154954014,-0.482450103759766
20170308154954015,0.135530853271484
20170308154954016,-2.93148574829102
20170308154954017,-0.345121002197266
20170308154954018,-0.100980377197266
20170308154954019,-2.87807998657227
20170308154954020,-0.131497955322266
20170308154954021,-0.177274322509766
20170308154954022,-3.00777969360352
20170308154954023,-0.0170570373535156
20170308154954024,-0.314603424072266
20170308154954025,-2.86282119750977
20170308154954026,0.0058311462402344
20170308154954027,-0.184903717041016
20170308154954028,-2.92385635375977
20170308154954029,0.0363487243652344
20170308154954030,-0.352750396728516
20170308154954031,-2.93148574829102
20170308154954032,-0.245938873291016
20170308154954033,-0.276456451416016
20170308154954034,-2.90096817016602
20170308154954035,0.196566009521484
20170308154954036,-0.512967681884766
20170308154954037,-2.84756240844727
20170308154954038,0.433077239990234
20170308154954039,-0.657926177978516
20170308154954040,-2.84756240844727
20170308154954041,0.295748138427734
20170308154954042,-0.566373443603516
20170308154954043,-2.80178604125977
20170308154954044,0.425447845458984
20170308154954045,-0.421414947509766
20170308154954046,-2.70260391235352
20170308154954047,0.410189056396484
20170308154954048,-0.657926177978516
20170308154954049,-2.76363906860352
20170308154954050,0.562776947021484
20170308154954051,-0.665555572509766
20170308154954052,-2.84756240844727
20170308154954053,0.288118743896484
20170308154954054,-0.421414947509766
20170308154954055,-2.73312149047852
20170308154954056,0.448336029052734
20170308154954057,-0.650296783447266
20170308154954058,-2.78652725219727
20170308154954059,0.402559661865234
20170308154954060,-0.429044342041016
20170308154954061,-2.87807998657227
20170308154954062,0.471224212646484
20170308154954063,-0.619779205322266
20170308154954064,-2.83993301391602
20170308154954065,0.372042083740234
20170308154954066,-0.505338287353516
20170308154954067,-2.84756240844727
20170308154954068,0.425447845458984
20170308154954069,-0.612149810791016
20170308154954070,-2.83993301391602
20170308154954071,-0.0246864318847656
20170308154954072,-0.413785552978516
20170308154954073,-2.90859756469727
20170308154954074,0.356783294677734
20170308154954075,-0.474820709228516
20170308154954076,-2.78652725219727
20170308154954077,-0.162015533447266
20170308154954078,-0.261197662353516
20170308154954079,-2.82467422485352
20170308154954080,-0.0323158264160156
20170308154954081,-0.291715240478516
20170308154954082,-2.82467422485352
20170308154954083,0.0744956970214844
20170308154954084,-0.383267974853516
20170308154954085,-2.79415664672852
20170308154954086,0.188936614990234
20170308154954087,-0.413785552978516
20170308154954088,-2.91622695922852
20170308154954089,0.211824798583984
20170308154954090,-0.383267974853516
20170308154954091,-2.88570938110352
20170308154954092,0.173677825927734
20170308154954093,-0.398526763916016
20170308154954094,-2.84756240844727
20170308154954095,0.188936614990234
20170308154954096,-0.482450103759766
20170308154954097,-2.82467422485352
20170308154954098,0.402559661865234
20170308154954099,-0.612149810791016
20170308154954100,-2.87045059204102
20170308154954101,0.539888763427734
20170308154954102,-0.772367095947266
20170308154954103,-2.89333877563477
20170308154954104,0.448336029052734
20170308154954105,-0.734220123291016
20170308154954106,-2.81704483032227
20170308154954107,0.517000579833984
20170308154954108,-0.810514068603516
20170308154954109,-2.79415664672852
20170308154954110,0.402559661865234
20170308154954111,-0.810514068603516
20170308154954112,-2.81704483032227
20170308154954113,0.517000579833984
20170308154954114,-0.764737701416016
20170308154954115,-2.88570938110352
20170308154954116,0.684847259521484
20170308154954117,-0.963101959228516
20170308154954118,-2.70260391235352
20170308154954119,0.722994232177734
20170308154954120,-1.17672500610352
20170308154954121,-2.64919815063477
20170308154954122,0.715364837646484
20170308154954123,-1.45901260375977
20170308154954124,-2.51186904907227
20170308154954125,0.784029388427734
20170308154954126,-1.76418838500977
20170308154954127,-2.22958145141602
20170308154954128,0.715364837646484
20170308154954129,-2.03121719360352
20170308154954130,-1.91677627563477
20170308154954131,0.768770599365234
20170308154954132,-2.29824600219727
20170308154954133,-1.73367080688477
20170308154954134,0.669588470458984
20170308154954135,-2.34402236938477
20170308154954136,-1.61922988891602
20170308154954137,0.776399993896484
20170308154954138,-2.59579238891602
20170308154954139,-1.37508926391602
20170308154954140,0.661959075927734
20170308154954141,-2.82467422485352
20170308154954142,-1.27590713500977
20170308154954143,0.616182708740234
20170308154954144,-2.87807998657227
20170308154954145,-1.16909561157227
20170308154954146,0.600923919677734
20170308154954147,-2.87045059204102
20170308154954148,-1.08517227172852
20170308154954149,0.578035736083984
20170308154954150,-2.93911514282227
20170308154954151,-0.886808013916016
20170308154954152,0.425447845458984
20170308154954153,-2.98489151000977
20170308154954154,-0.635037994384766
20170308154954155,0.295748138427734
20170308154954156,-2.90859756469727
20170308154954157,-0.520597076416016
20170308154954158,0.0592369079589844
20170308154954159,-2.97726211547852
20170308154954160,-0.291715240478516
20170308154954161,-0.0094276428222656
20170308154954162,-2.98489151000977
20170308154954163,-0.268827056884766
20170308154954164,-0.0780921936035156
20170308154954165,-2.95437393188477
20170308154954166,-0.139127349853516
20170308154954167,-0.0552040100097656
20170308154954168,-2.83993301391602
20170308154954169,-0.207791900634766
20170308154954170,0.0668663024902344
20170308154954171,-2.80941543579102
20170308154954172,0.0363487243652344
20170308154954173,-0.329862213134766
20170308154954174,-2.90096817016602
20170308154954175,0.120272064208984
20170308154954176,-0.337491607666016
20170308154954177,-2.84756240844727
20170308154954178,-0.0017982482910156
20170308154954179,-0.207791900634766
20170308154954180,-2.90859756469727
20170308154954181,-0.245938873291016
20170308154954182,0.0134605407714844
20170308154954183,-2.89333877563477
20170308154954184,-0.360379791259766
20170308154954185,-0.0780921936035156
20170308154954186,-2.96200332641602
20170308154954187,-0.0170570373535156
20170308154954188,-0.368009185791016
20170308154954189,-2.87045059204102
20170308154954190,0.0210899353027344
20170308154954191,-0.329862213134766
20170308154954192,-2.90859756469727
20170308154954193,0.211824798583984
20170308154954194,-0.497708892822266
20170308154954195,-2.75600967407227
20170308154954196,0.150789642333984
20170308154954197,-0.520597076416016
20170308154954198,-2.80178604125977
20170308154954199,0.204195404052734
20170308154954200,-0.589261627197266
20170308154954201,-2.81704483032227
20170308154954202,0.326265716552734
20170308154954203,-0.581632232666016
20170308154954204,-2.93911514282227
20170308154954205,0.440706634521484
20170308154954206,-0.749478912353516
20170308154954207,-2.87045059204102
20170308154954208,0.410189056396484
20170308154954209,-0.833402252197266
20170308154954210,-2.89333877563477
20170308154954211,0.722994232177734
20170308154954212,-0.902066802978516
20170308154954213,-2.87807998657227
20170308154954214,0.646700286865234
20170308154954215,-0.947843170166016
20170308154954216,-2.87045059204102
20170308154954217,0.906099700927734
20170308154954218,-0.886808013916016
20170308154954219,-2.83993301391602
20170308154954220,0.616182708740234
20170308154954221,-0.848661041259766
20170308154954222,-2.76363906860352
20170308154954223,0.600923919677734
20170308154954224,-0.909696197509766
20170308154954225,-2.83230361938477
20170308154954226,0.692476654052734
20170308154954227,-1.01650772094727
20170308154954228,-2.84756240844727
20170308154954229,0.776399993896484
20170308154954230,-1.14620742797852
20170308154954231,-2.73312149047852
20170308154954232,0.692476654052734
20170308154954233,-1.36745986938477
20170308154954234,-2.57290420532227
20170308154954235,0.791658782958984
20170308154954236,-1.37508926391602
20170308154954237,-2.56527481079102
20170308154954238,0.784029388427734
20170308154954239,-1.42849502563477
20170308154954240,-2.58816299438477
20170308154954241,0.906099700927734
20170308154954242,-1.41323623657227
20170308154954243,-2.47372207641602
20170308154954244,0.875582122802734
20170308154954245,-1.27590713500977
20170308154954246,-2.50423965454102
20170308154954247,0.654329681396484
20170308154954248,-1.42849502563477
20170308154954249,-2.47372207641602
20170308154954250,0.990023040771484
20170308154954251,-1.36745986938477
20170308154954252,-2.38216934204102
20170308154954253,0.829805755615234
20170308154954254,-1.67263565063477
20170308154954255,-2.29061660766602
20170308154954256,0.654329681396484
20170308154954257,-1.69552383422852
20170308154954258,-2.35928115844727
20170308154954259,0.700106048583984
20170308154954260,-1.82522354125977
20170308154954261,-2.15328750610352
20170308154954262,0.898470306396484
20170308154954263,-1.91677627563477
20170308154954264,-2.07699356079102
20170308154954265,0.898470306396484
20170308154954266,-2.16091690063477
20170308154954267,-1.90151748657227
20170308154954268,0.845064544677734
20170308154954269,-2.18380508422852
20170308154954270,-1.75655899047852
20170308154954271,0.707735443115234
20170308154954272,-2.22958145141602
20170308154954273,-1.77181777954102
20170308154954274,0.730623626708984
20170308154954275,-2.30587539672852
20170308154954276,-1.64974746704102
20170308154954277,0.684847259521484
20170308154954278,-2.49661026000977
20170308154954279,-1.41323623657227
20170308154954280,0.784029388427734
20170308154954281,-2.80941543579102
20170308154954282,-1.09280166625977
20170308154954283,0.562776947021484
20170308154954284,-2.94674453735352
20170308154954285,-0.924954986572266
20170308154954286,0.532259368896484
20170308154954287,-2.97726211547852
20170308154954288,-0.673184967041016
20170308154954289,0.356783294677734
20170308154954290,-2.96963272094727
20170308154954291,-0.741849517822266
20170308154954292,0.288118743896484
20170308154954293,-3.00015029907227
20170308154954294,-0.574002838134766
20170308154954295,0.295748138427734
20170308154954296,-2.88570938110352
20170308154954297,-0.612149810791016
20170308154954298,0.135530853271484
20170308154954299,-2.87045059204102
20170308154954300,-0.459561920166016
20170308154954301,0.150789642333984
20170308154954302,-2.94674453735352
20170308154954303,-0.322232818603516
20170308154954304,-0.0094276428222656
20170308154954305,-2.90859756469727
20170308154954306,-0.284085845947266
20170308154954307,-0.123868560791016
20170308154954308,-2.98489151000977
20170308154954309,-0.215421295166016
20170308154954310,-0.123868560791016
20170308154954311,-2.95437393188477
20170308154954312,-0.192533111572266
20170308154954313,-0.223050689697266
20170308154954314,-2.90096817016602
20170308154954315,-0.0475746154785156
20170308154954316,-0.360379791259766
20170308154954317,-2.95437393188477
20170308154954318,0.0668663024902344
20170308154954319,-0.436673736572266
20170308154954320,-2.93148574829102
20170308154954321,0.150789642333984
20170308154954322,-0.467191314697266
20170308154954323,-2.88570938110352
20170308154954324,0.272859954833984
20170308154954325,-0.413785552978516
20170308154954326,-2.83230361938477
20170308154954327,0.539888763427734
20170308154954328,-0.612149810791016
20170308154954329,-2.84756240844727
20170308154954330,0.440706634521484
20170308154954331,-0.558744049072266
20170308154954332,-2.77126846313477
20170308154954333,0.364412689208984
20170308154954334,-0.673184967041016
20170308154954335,-2.76363906860352
20170308154954336,0.600923919677734
20170308154954337,-0.665555572509766
20170308154954338,-2.81704483032227
20170308154954339,0.570406341552734
20170308154954340,-0.871549224853516
20170308154954341,-2.78652725219727
20170308154954342,0.433077239990234
20170308154954343,-0.879178619384766
20170308154954344,-2.79415664672852
20170308154954345,0.249971771240234
20170308154954346,-0.711331939697266
20170308154954347,-2.83230361938477
20170308154954348,0.402559661865234
20170308154954349,-0.551114654541016
20170308154954350,-2.86282119750977
20170308154954351,0.478853607177734
20170308154954352,-0.795255279541016
20170308154954353,-2.83230361938477
20170308154954354,0.570406341552734
20170308154954355,-0.833402252197266
20170308154954356,-2.83993301391602
20170308154954357,0.608553314208984
20170308154954358,-1.00124893188477
20170308154954359,-2.90096817016602
20170308154954360,0.608553314208984
20170308154954361,-0.917325592041016
20170308154954362,-2.86282119750977
20170308154954363,0.646700286865234
20170308154954364,-1.07754287719727
20170308154954365,-2.83230361938477
20170308154954366,0.784029388427734
20170308154954367,-0.955472564697266
20170308154954368,-2.68734512329102
20170308154954369,0.669588470458984
20170308154954370,-1.14620742797852
20170308154954371,-2.67208633422852
20170308154954372,0.806917572021484
20170308154954373,-1.08517227172852
20170308154954374,-2.68734512329102
20170308154954375,0.913729095458984
20170308154954376,-1.24538955688477
20170308154954377,-2.67208633422852
20170308154954378,0.768770599365234
20170308154954379,-1.24538955688477
20170308154954380,-2.65682754516602
20170308154954381,0.806917572021484
20170308154954382,-1.26064834594727
20170308154954383,-2.48898086547852
20170308154954384,0.677217864990234
20170308154954385,-1.46664199829102
20170308154954386,-2.55001602172852
20170308154954387,0.806917572021484
20170308154954388,-1.64211807250977
20170308154954389,-2.51949844360352
20170308154954390,0.906099700927734
20170308154954391,-1.45138320922852
20170308154954392,-2.51186904907227
20170308154954393,0.661959075927734
20170308154954394,-1.51241836547852
20170308154954395,-2.48898086547852
20170308154954396,0.883211517333984
20170308154954397,-1.48953018188477
20170308154954398,-2.35165176391602
20170308154954399,0.722994232177734
20170308154954400,-1.80996475219727
20170308154954401,-2.33639297485352
20170308154954402,0.715364837646484
20170308154954403,-1.87862930297852
20170308154954404,-2.10751113891602
20170308154954405,0.684847259521484
20170308154954406,-1.93203506469727
20170308154954407,-2.06936416625977
20170308154954408,0.753511810302734
20170308154954409,-2.12276992797852
20170308154954410,-1.90914688110352
20170308154954411,0.867952728271484
20170308154954412,-2.38979873657227
20170308154954413,-1.62685928344727
20170308154954414,0.661959075927734
20170308154954415,-2.45846328735352
20170308154954416,-1.48190078735352
20170308154954417,0.837435150146484
20170308154954418,-2.51949844360352
20170308154954419,-1.42086563110352
20170308154954420,0.669588470458984
20170308154954421,-2.74075088500977
20170308154954422,-1.21487197875977
20170308154954423,0.722994232177734
20170308154954424,-2.92385635375977
20170308154954425,-1.13094863891602
20170308154954426,0.570406341552734
20170308154954427,-2.99252090454102
20170308154954428,-0.741849517822266
20170308154954429,0.417818450927734
20170308154954430,-2.93148574829102
20170308154954431,-0.749478912353516
20170308154954432,0.349153900146484
20170308154954433,-2.97726211547852
20170308154954434,-0.512967681884766
20170308154954435,0.120272064208984
20170308154954436,-2.96963272094727
20170308154954437,-0.253568267822266
20170308154954438,-0.100980377197266
20170308154954439,-2.95437393188477
20170308154954440,-0.123868560791016
20170308154954441,-0.238309478759766
20170308154954442,-2.95437393188477
20170308154954443,0.387300872802734
20170308154954444,-0.528226470947266
20170308154954445,-2.84756240844727
20170308154954446,0.379671478271484
20170308154954447,-0.398526763916016
20170308154954448,-2.85519180297852
20170308154954449,0.433077239990234
20170308154954450,-0.375638580322266
20170308154954451,-2.87807998657227
20170308154954452,0.349153900146484
20170308154954453,-0.528226470947266
20170308154954454,-2.85519180297852
20170308154954455,0.143160247802734
20170308154954456,-0.482450103759766
20170308154954457,-2.83230361938477
20170308154954458,0.196566009521484
20170308154954459,-0.512967681884766
20170308154954460,-2.74075088500977
20170308154954461,0.303377532958984
20170308154954462,-0.589261627197266
20170308154954463,-2.82467422485352
20170308154954464,0.570406341552734
20170308154954465,-0.589261627197266
20170308154954466,-2.81704483032227
20170308154954467,0.478853607177734
20170308154954468,-0.604520416259766
20170308154954469,-2.82467422485352
20170308154954470,0.448336029052734
20170308154954471,-0.703702545166016
20170308154954472,-2.80178604125977
20170308154954473,0.631441497802734
20170308154954474,-0.848661041259766
20170308154954475,-2.83993301391602
20170308154954476,0.761141204833984
20170308154954477,-0.993619537353516
20170308154954478,-2.80941543579102
20170308154954479,0.776399993896484
20170308154954480,-1.00124893188477
20170308154954481,-2.74075088500977
20170308154954482,0.715364837646484
20170308154954483,-1.03939590454102
20170308154954484,-2.81704483032227
20170308154954485,0.883211517333984
20170308154954486,-1.06228408813477
20170308154954487,-2.89333877563477
20170308154954488,0.593294525146484
20170308154954489,-0.985990142822266
20170308154954490,-2.82467422485352
20170308154954491,0.684847259521484
20170308154954492,-1.11568984985352
20170308154954493,-2.86282119750977
20170308154954494,0.799288177490234
20170308154954495,-1.03176651000977
20170308154954496,-2.86282119750977
20170308154954497,0.715364837646484
20170308154954498,-1.15383682250977
20170308154954499,-2.70260391235352
20170308154954500,0.860323333740234
20170308154954501,-1.36745986938477
20170308154954502,-2.61868057250977
20170308154954503,0.959505462646484
20170308154954504,-1.44375381469727
20170308154954505,-2.52712783813477
20170308154954506,0.776399993896484
20170308154954507,-1.50478897094727
20170308154954508,-2.48898086547852
20170308154954509,0.715364837646484
20170308154954510,-1.46664199829102
20170308154954511,-2.45846328735352
20170308154954512,0.928987884521484
20170308154954513,-1.44375381469727
20170308154954514,-2.48898086547852
20170308154954515,0.806917572021484
20170308154954516,-1.65737686157227
20170308154954517,-2.51186904907227
20170308154954518,0.776399993896484
20170308154954519,-1.80996475219727
20170308154954520,-2.32113418579102
20170308154954521,0.707735443115234
20170308154954522,-1.84811172485352
20170308154954523,-2.29061660766602
20170308154954524,0.692476654052734
20170308154954525,-1.90914688110352
20170308154954526,-2.15328750610352
20170308154954527,0.837435150146484
20170308154954528,-2.01595840454102
20170308154954529,-2.03884658813477
20170308154954530,0.692476654052734
20170308154954531,-2.09988174438477
20170308154954532,-2.00832901000977
20170308154954533,0.585665130615234
20170308154954534,-2.01595840454102
20170308154954535,-2.09988174438477
20170308154954536,0.646700286865234
20170308154954537,-1.98544082641602
20170308154954538,-1.94729385375977
20170308154954539,0.707735443115234
20170308154954540,-2.19906387329102
20170308154954541,-1.83285293579102
20170308154954542,0.829805755615234
20170308154954543,-2.29824600219727
20170308154954544,-1.64211807250977
20170308154954545,0.646700286865234
20170308154954546,-2.32876358032227
20170308154954547,-1.65737686157227
20170308154954548,0.730623626708984
20170308154954549,-2.33639297485352
20170308154954550,-1.59634170532227
20170308154954551,0.791658782958984
20170308154954552,-2.46609268188477
20170308154954553,-1.34457168579102
20170308154954554,0.692476654052734
20170308154954555,-2.83993301391602
20170308154954556,-1.16146621704102
20170308154954557,0.570406341552734
20170308154954558,-3.01540908813477
20170308154954559,-0.886808013916016
20170308154954560,0.448336029052734
20170308154954561,-2.95437393188477
20170308154954562,-0.604520416259766
20170308154954563,0.311006927490234
20170308154954564,-2.90096817016602
20170308154954565,-0.444303131103516
20170308154954566,0.234712982177734
20170308154954567,-2.93911514282227
20170308154954568,-0.383267974853516
20170308154954569,0.0744956970214844
20170308154954570,-3.03066787719727
20170308154954571,-0.322232818603516
20170308154954572,-0.215421295166016
20170308154954573,-2.91622695922852
20170308154954574,0.181307220458984
20170308154954575,-0.444303131103516
20170308154954576,-2.96200332641602
20170308154954577,0.494112396240234
20170308154954578,-0.703702545166016
20170308154954579,-2.86282119750977
20170308154954580,0.524629974365234
20170308154954581,-0.787625885009766
20170308154954582,-2.87045059204102
20170308154954583,0.539888763427734
20170308154954584,-0.772367095947266
20170308154954585,-2.81704483032227
20170308154954586,0.646700286865234
20170308154954587,-1.03176651000977
20170308154954588,-2.83993301391602
20170308154954589,0.761141204833984
20170308154954590,-1.16909561157227
20170308154954591,-2.71786270141602
20170308154954592,0.845064544677734
20170308154954593,-1.41323623657227
20170308154954594,-2.58816299438477
20170308154954595,0.944246673583984
20170308154954596,-1.29879531860352
20170308154954597,-2.51186904907227
20170308154954598,0.806917572021484
20170308154954599,-1.57345352172852
20170308154954600,-2.57290420532227
20170308154954601,0.791658782958984
20170308154954602,-1.43612442016602
20170308154954603,-2.67208633422852
20170308154954604,0.745882415771484
20170308154954605,-1.32168350219727
20170308154954606,-2.51949844360352
20170308154954607,0.753511810302734
20170308154954608,-1.39797744750977
20170308154954609,-2.44320449829102
20170308154954610,0.730623626708984
20170308154954611,-1.63448867797852
20170308154954612,-2.48135147094727
20170308154954613,0.852693939208984
20170308154954614,-1.78707656860352
20170308154954615,-2.30587539672852
20170308154954616,0.768770599365234
20170308154954617,-1.93203506469727
20170308154954618,-2.16854629516602
20170308154954619,0.753511810302734
20170308154954620,-2.18380508422852
20170308154954621,-1.98544082641602
20170308154954622,0.608553314208984
20170308154954623,-2.16854629516602
20170308154954624,-1.96255264282227
20170308154954625,0.700106048583984
20170308154954626,-2.28298721313477
20170308154954627,-2.03121719360352
20170308154954628,0.761141204833984
20170308154954629,-2.19143447875977
20170308154954630,-1.90914688110352
20170308154954631,0.654329681396484
20170308154954632,-2.21432266235352
20170308154954633,-1.97781143188477
20170308154954634,0.608553314208984
20170308154954635,-2.06936416625977
20170308154954636,-2.06936416625977
20170308154954637,0.677217864990234
20170308154954638,-2.00832901000977
20170308154954639,-1.99307022094727
20170308154954640,0.837435150146484
20170308154954641,-2.15328750610352
20170308154954642,-1.85574111938477
20170308154954643,0.433077239990234
20170308154954644,-2.13039932250977
20170308154954645,-1.97018203735352
20170308154954646,0.616182708740234
20170308154954647,-2.06936416625977
20170308154954648,-2.06173477172852
20170308154954649,0.707735443115234
20170308154954650,-2.05410537719727
20170308154954651,-2.11514053344727
20170308154954652,0.593294525146484
20170308154954653,-1.97781143188477
20170308154954654,-2.19906387329102
20170308154954655,0.661959075927734
20170308154954656,-1.84811172485352
20170308154954657,-2.23721084594727
20170308154954658,0.562776947021484
20170308154954659,-1.86337051391602
20170308154954660,-2.25246963500977
20170308154954661,0.730623626708984
20170308154954662,-1.90914688110352
20170308154954663,-2.16091690063477
20170308154954664,0.600923919677734
20170308154954665,-1.99307022094727
20170308154954666,-2.13802871704102
20170308154954667,0.814546966552734
20170308154954668,-1.98544082641602
20170308154954669,-2.16854629516602
20170308154954670,0.669588470458984
20170308154954671,-1.93203506469727
20170308154954672,-2.08462295532227
20170308154954673,0.616182708740234
20170308154954674,-2.06936416625977
20170308154954675,-2.18380508422852
20170308154954676,0.608553314208984
20170308154954677,-1.93966445922852
20170308154954678,-2.14565811157227
20170308154954679,0.753511810302734
20170308154954680,-2.13802871704102
20170308154954681,-1.87099990844727
20170308154954682,0.722994232177734
20170308154954683,-2.29061660766602
20170308154954684,-1.61922988891602
20170308154954685,0.776399993896484
20170308154954686,-2.53475723266602
20170308154954687,-1.61922988891602
20170308154954688,0.600923919677734
20170308154954689,-2.47372207641602
20170308154954690,-1.58871231079102
20170308154954691,0.532259368896484
20170308154954692,-2.65682754516602
20170308154954693,-1.38271865844727
20170308154954694,0.600923919677734
20170308154954695,-2.67971572875977
20170308154954696,-1.34457168579102
20170308154954697,0.600923919677734
20170308154954698,-2.72549209594727
20170308154954699,-1.12331924438477
20170308154954700,0.471224212646484
20170308154954701,-2.96963272094727
20170308154954702,-0.825772857666016
20170308154954703,0.394930267333984
20170308154954704,-3.06881484985352
20170308154954705,-0.345121002197266
20170308154954706,0.0210899353027344
20170308154954707,-2.98489151000977
20170308154954708,-0.329862213134766
20170308154954709,0.0897544860839844
20170308154954710,-3.00015029907227
20170308154954711,-0.322232818603516
20170308154954712,-0.177274322509766
20170308154954713,-2.96200332641602
20170308154954714,-0.184903717041016
20170308154954715,-0.169644927978516
20170308154954716,-2.87807998657227
20170308154954717,0.211824798583984
20170308154954718,-0.444303131103516
20170308154954719,-2.87807998657227
20170308154954720,0.501741790771484
20170308154954721,-0.650296783447266
20170308154954722,-2.86282119750977
20170308154954723,0.372042083740234
20170308154954724,-0.802884674072266
20170308154954725,-2.91622695922852
20170308154954726,0.669588470458984
20170308154954727,-0.825772857666016
20170308154954728,-2.81704483032227
20170308154954729,0.623812103271484
20170308154954730,-1.05465469360352
20170308154954731,-2.71023330688477
20170308154954732,0.860323333740234
20170308154954733,-1.16146621704102
20170308154954734,-2.68734512329102
20170308154954735,0.539888763427734
20170308154954736,-1.03939590454102
20170308154954737,-2.80941543579102
20170308154954738,0.806917572021484
20170308154954739,-1.32168350219727
20170308154954740,-2.64156875610352
20170308154954741,0.784029388427734
20170308154954742,-1.71841201782227
20170308154954743,-2.55764541625977
20170308154954744,0.753511810302734
20170308154954745,-1.83285293579102
20170308154954746,-2.30587539672852
20170308154954747,0.791658782958984
20170308154954748,-1.84811172485352
20170308154954749,-2.26009902954102
20170308154954750,0.692476654052734
20170308154954751,-1.84048233032227
20170308154954752,-2.17617568969727
20170308154954753,0.562776947021484
20170308154954754,-1.91677627563477
20170308154954755,-2.22195205688477
20170308154954756,0.646700286865234
20170308154954757,-1.93966445922852
20170308154954758,-2.16091690063477
20170308154954759,0.822176361083984
20170308154954760,-2.17617568969727
20170308154954761,-2.12276992797852
20170308154954762,0.677217864990234
20170308154954763,-1.94729385375977
20170308154954764,-2.03884658813477
20170308154954765,0.730623626708984
20170308154954766,-2.19906387329102
20170308154954767,-2.00069961547852
20170308154954768,0.616182708740234
20170308154954769,-1.98544082641602
20170308154954770,-2.00069961547852
20170308154954771,0.745882415771484
20170308154954772,-2.17617568969727
20170308154954773,-1.90914688110352
20170308154954774,0.639070892333984
20170308154954775,-2.17617568969727
20170308154954776,-1.98544082641602
20170308154954777,0.707735443115234
20170308154954778,-2.30587539672852
20170308154954779,-1.92440567016602
20170308154954780,0.623812103271484
20170308154954781,-2.23721084594727
20170308154954782,-1.74130020141602
20170308154954783,0.745882415771484
20170308154954784,-2.52712783813477
20170308154954785,-1.47427139282227
20170308154954786,0.852693939208984
20170308154954787,-2.36691055297852
20170308154954788,-1.58871231079102
20170308154954789,0.684847259521484
20170308154954790,-2.60342178344727
20170308154954791,-1.58871231079102
20170308154954792,0.517000579833984
20170308154954793,-2.51186904907227
20170308154954794,-1.45901260375977
20170308154954795,0.715364837646484
20170308154954796,-2.77126846313477
20170308154954797,-1.33694229125977
20170308154954798,0.501741790771484
20170308154954799,-2.90859756469727
20170308154954800,-1.08517227172852
20170308154954801,0.570406341552734
20170308154954802,-2.93148574829102
20170308154954803,-1.13857803344727
20170308154954804,0.524629974365234
20170308154954805,-2.91622695922852
20170308154954806,-1.02413711547852
20170308154954807,0.463594818115234
20170308154954808,-2.93911514282227
20170308154954809,-1.02413711547852
20170308154954810,0.501741790771484
20170308154954811,-3.01540908813477
20170308154954812,-0.818143463134766
20170308154954813,0.532259368896484
20170308154954814,-2.95437393188477
20170308154954815,-0.833402252197266
20170308154954816,0.433077239990234
20170308154954817,-2.92385635375977
20170308154954818,-0.696073150634766
20170308154954819,0.280489349365234
20170308154954820,-2.93911514282227
20170308154954821,-0.490079498291016
20170308154954822,0.211824798583984
20170308154954823,-2.98489151000977
20170308154954824,-0.390897369384766
20170308154954825,0.173677825927734
20170308154954826,-2.94674453735352
20170308154954827,-0.421414947509766
20170308154954828,0.105013275146484
20170308154954829,-2.93148574829102
20170308154954830,-0.383267974853516
20170308154954831,0.0439781188964844
20170308154954832,-3.05355606079102
20170308154954833,-0.276456451416016
20170308154954834,-0.0704627990722656
20170308154954835,-2.93148574829102
20170308154954836,-0.390897369384766
20170308154954837,-0.0170570373535156
20170308154954838,-2.86282119750977
20170308154954839,-0.406156158447266
20170308154954840,-0.100980377197266
20170308154954841,-2.90859756469727
20170308154954842,-0.146756744384766
20170308154954843,0.0210899353027344
20170308154954844,-2.92385635375977
20170308154954845,-0.169644927978516
20170308154954846,-0.238309478759766
20170308154954847,-2.90096817016602
20170308154954848,0.120272064208984
20170308154954849,-0.375638580322266
20170308154954850,-2.91622695922852
20170308154954851,0.326265716552734
20170308154954852,-0.574002838134766
20170308154954853,-2.87045059204102
20170308154954854,0.524629974365234
20170308154954855,-0.818143463134766
20170308154954856,-2.80941543579102
20170308154954857,0.578035736083984
20170308154954858,-0.924954986572266
20170308154954859,-2.90096817016602
20170308154954860,0.883211517333984
20170308154954861,-1.17672500610352
20170308154954862,-2.74075088500977
20170308154954863,0.867952728271484
20170308154954864,-1.34457168579102
20170308154954865,-2.56527481079102
20170308154954866,0.806917572021484
20170308154954867,-1.61922988891602
20170308154954868,-2.42794570922852
20170308154954869,0.570406341552734
20170308154954870,-1.71841201782227
20170308154954871,-2.34402236938477
20170308154954872,0.646700286865234
20170308154954873,-1.84048233032227
20170308154954874,-2.16091690063477
20170308154954875,0.722994232177734
20170308154954876,-2.16854629516602
20170308154954877,-2.03884658813477
20170308154954878,0.532259368896484
20170308154954879,-2.06173477172852
20170308154954880,-2.00069961547852
20170308154954881,0.814546966552734
20170308154954882,-2.18380508422852
20170308154954883,-1.85574111938477
20170308154954884,0.715364837646484
20170308154954885,-2.25246963500977
20170308154954886,-1.92440567016602
20170308154954887,0.646700286865234
20170308154954888,-2.30587539672852
20170308154954889,-1.80996475219727
20170308154954890,0.745882415771484
20170308154954891,-2.26009902954102
20170308154954892,-1.71841201782227
20170308154954893,0.715364837646484
20170308154954894,-2.50423965454102
20170308154954895,-1.57345352172852
20170308154954896,0.684847259521484
20170308154954897,-2.42031631469727
20170308154954898,-1.66500625610352
20170308154954899,0.578035736083984
20170308154954900,-2.51949844360352
20170308154954901,-1.52004776000977
20170308154954902,0.562776947021484
20170308154954903,-2.54238662719727
20170308154954904,-1.48190078735352
20170308154954905,0.616182708740234
20170308154954906,-2.76363906860352
20170308154954907,-1.38271865844727
20170308154954908,0.593294525146484
20170308154954909,-2.88570938110352
20170308154954910,-1.29116592407227
20170308154954911,0.608553314208984
20170308154954912,-2.87807998657227
20170308154954913,-1.29116592407227
20170308154954914,0.555147552490234
20170308154954915,-2.84756240844727
20170308154954916,-1.32168350219727
20170308154954917,0.578035736083984
20170308154954918,-2.99252090454102
20170308154954919,-1.07754287719727
20170308154954920,0.433077239990234
20170308154954921,-3.00015029907227
20170308154954922,-1.03939590454102
20170308154954923,0.433077239990234
20170308154954924,-2.97726211547852
20170308154954925,-1.03939590454102
20170308154954926,0.539888763427734
20170308154954927,-2.94674453735352
20170308154954928,-1.07754287719727
20170308154954929,0.463594818115234
20170308154954930,-2.98489151000977
20170308154954931,-0.985990142822266
20170308154954932,0.410189056396484
20170308154954933,-2.89333877563477
20170308154954934,-0.940213775634766
20170308154954935,0.486483001708984
20170308154954936,-2.96200332641602
20170308154954937,-0.909696197509766
20170308154954938,0.455965423583984
20170308154954939,-2.93911514282227
20170308154954940,-0.825772857666016
20170308154954941,0.318636322021484
20170308154954942,-3.00015029907227
20170308154954943,-0.970731353759766
20170308154954944,0.417818450927734
20170308154954945,-2.96200332641602
20170308154954946,-1.02413711547852
20170308154954947,0.433077239990234
20170308154954948,-2.93148574829102
20170308154954949,-0.963101959228516
20170308154954950,0.410189056396484
20170308154954951,-3.01540908813477
20170308154954952,-0.787625885009766
20170308154954953,0.349153900146484
20170308154954954,-2.98489151000977
20170308154954955,-0.421414947509766
20170308154954956,0.112642669677734
20170308154954957,-2.98489151000977
20170308154954958,-0.490079498291016
20170308154954959,0.0973838806152344
20170308154954960,-3.09170303344727
20170308154954961,-0.368009185791016
20170308154954962,-0.0628334045410156
20170308154954963,-2.97726211547852
20170308154954964,-0.322232818603516
20170308154954965,-0.116239166259766
20170308154954966,-2.96963272094727
20170308154954967,-0.474820709228516
20170308154954968,0.0516075134277344
20170308154954969,-2.93148574829102
20170308154954970,-0.177274322509766
20170308154954971,-0.116239166259766
20170308154954972,-2.92385635375977
20170308154954973,-0.291715240478516
20170308154954974,-0.0170570373535156
20170308154954975,-2.95437393188477
20170308154954976,-0.284085845947266
20170308154954977,-0.0170570373535156
20170308154954978,-2.86282119750977
20170308154954979,-0.162015533447266
20170308154954980,-0.0857215881347656
20170308154954981,-2.93911514282227
20170308154954982,-0.497708892822266
20170308154954983,0.0897544860839844
20170308154954984,-2.89333877563477
20170308154954985,-0.436673736572266
20170308154954986,0.303377532958984
20170308154954987,-2.90096817016602
20170308154954988,-0.429044342041016
20170308154954989,0.0668663024902344
20170308154954990,-2.96200332641602
20170308154954991,-0.360379791259766
20170308154954992,-0.108609771728516
20170308154954993,-3.03829727172852
20170308154954994,-0.238309478759766
20170308154954995,-0.146756744384766
20170308154954996,-2.96963272094727
20170308154954997,-0.154386138916016
20170308154954998,-0.162015533447266
20170308154954999,-2.90096817016602
20170308154955000,-0.177274322509766
20170308154955001,-0.0933509826660156
20170308154955002,-2.93148574829102
20170308154955003,-0.329862213134766
20170308154955004,-0.0780921936035156
20170308154955005,-2.99252090454102
20170308154955006,-0.0552040100097656
20170308154955007,-0.253568267822266
20170308154955008,-2.88570938110352
20170308154955009,0.181307220458984
20170308154955010,-0.520597076416016
20170308154955011,-2.81704483032227
20170308154955012,0.440706634521484
20170308154955013,-0.642667388916016
20170308154955014,-2.89333877563477
20170308154955015,0.448336029052734
20170308154955016,-0.779996490478516
20170308154955017,-2.86282119750977
20170308154955018,0.646700286865234
20170308154955019,-0.978360748291016
20170308154955020,-2.75600967407227
20170308154955021,0.753511810302734
20170308154955022,-1.16146621704102
20170308154955023,-2.64919815063477
20170308154955024,0.867952728271484
20170308154955025,-1.39797744750977
20170308154955026,-2.66445693969727
20170308154955027,0.745882415771484
20170308154955028,-1.38271865844727
20170308154955029,-2.58816299438477
20170308154955030,0.860323333740234
20170308154955031,-1.45138320922852
20170308154955032,-2.49661026000977
20170308154955033,0.890840911865234
20170308154955034,-1.55819473266602
20170308154955035,-2.30587539672852
20170308154955036,0.654329681396484
20170308154955037,-2.00832901000977
20170308154955038,-2.10751113891602
20170308154955039,0.730623626708984
20170308154955040,-2.22958145141602
20170308154955041,-1.97018203735352
20170308154955042,0.768770599365234
20170308154955043,-2.35928115844727
20170308154955044,-1.80996475219727
20170308154955045,0.646700286865234
20170308154955046,-2.18380508422852
20170308154955047,-1.87099990844727
20170308154955048,0.722994232177734
20170308154955049,-2.29061660766602
20170308154955050,-1.68789443969727
20170308154955051,0.639070892333984
20170308154955052,-2.41268692016602
20170308154955053,-1.62685928344727
20170308154955054,0.707735443115234
20170308154955055,-2.61868057250977
20170308154955056,-1.32931289672852
20170308154955057,0.730623626708984
20170308154955058,-2.80941543579102
20170308154955059,-0.978360748291016
20170308154955060,0.585665130615234
20170308154955061,-2.96200332641602
20170308154955062,-0.871549224853516
20170308154955063,0.509371185302734
20170308154955064,-3.02303848266602
20170308154955065,-0.619779205322266
20170308154955066,0.326265716552734
20170308154955067,-2.90096817016602
20170308154955068,-0.596891021728516
20170308154955069,0.349153900146484
20170308154955070,-2.97726211547852
20170308154955071,-0.696073150634766
20170308154955072,0.188936614990234
20170308154955073,-2.90096817016602
20170308154955074,-0.574002838134766
20170308154955075,0.150789642333984
20170308154955076,-3.00015029907227
20170308154955077,-0.467191314697266
20170308154955078,0.0668663024902344
20170308154955079,-2.99252090454102
20170308154955080,-0.451932525634766
20170308154955081,0.0516075134277344
20170308154955082,-3.08407363891602
20170308154955083,-0.413785552978516
20170308154955084,0.0744956970214844
20170308154955085,-2.93911514282227
20170308154955086,-0.497708892822266
20170308154955087,0.318636322021484
20170308154955088,-2.90096817016602
20170308154955089,-0.543485260009766
20170308154955090,0.280489349365234
20170308154955091,-2.94674453735352
20170308154955092,-0.558744049072266
20170308154955093,0.204195404052734
20170308154955094,-3.03066787719727
20170308154955095,-0.474820709228516
20170308154955096,0.0210899353027344
20170308154955097,-2.96200332641602
20170308154955098,-0.314603424072266
20170308154955099,0.0592369079589844
20170308154955100,-2.89333877563477
20170308154955101,-0.467191314697266
20170308154955102,0.173677825927734
20170308154955103,-2.89333877563477
20170308154955104,-0.635037994384766
20170308154955105,0.455965423583984
20170308154955106,-2.96200332641602
20170308154955107,-0.688443756103516
20170308154955108,0.249971771240234
20170308154955109,-2.98489151000977
20170308154955110,-0.619779205322266
20170308154955111,0.295748138427734
20170308154955112,-2.95437393188477
20170308154955113,-0.619779205322266
20170308154955114,0.280489349365234
20170308154955115,-2.92385635375977
20170308154955116,-0.635037994384766
20170308154955117,0.311006927490234
20170308154955118,-2.95437393188477
20170308154955119,-0.528226470947266
20170308154955120,0.181307220458984
20170308154955121,-3.00777969360352
20170308154955122,-0.314603424072266
20170308154955123,0.227083587646484
20170308154955124,-2.94674453735352
20170308154955125,-0.589261627197266
20170308154955126,0.204195404052734
20170308154955127,-2.92385635375977
20170308154955128,-0.535855865478516
20170308154955129,0.234712982177734
20170308154955130,-2.94674453735352
20170308154955131,-0.673184967041016
20170308154955132,0.303377532958984
20170308154955133,-2.98489151000977
20170308154955134,-0.635037994384766
20170308154955135,0.204195404052734
20170308154955136,-2.97726211547852
20170308154955137,-0.352750396728516
20170308154955138,0.433077239990234
20170308154955139,-2.97726211547852
20170308154955140,-0.482450103759766
20170308154955141,0.166048431396484
20170308154955142,-2.96200332641602
20170308154955143,-0.566373443603516
20170308154955144,0.227083587646484
20170308154955145,-2.90859756469727
20170308154955146,-0.558744049072266
20170308154955147,0.120272064208984
20170308154955148,-2.95437393188477
20170308154955149,-0.451932525634766
20170308154955150,0.0744956970214844
20170308154955151,-2.93911514282227
20170308154955152,-0.436673736572266
20170308154955153,0.0592369079589844
20170308154955154,-3.04592666625977
20170308154955155,-0.543485260009766
20170308154955156,0.143160247802734
20170308154955157,-3.01540908813477
20170308154955158,-0.482450103759766
20170308154955159,0.173677825927734
20170308154955160,-2.96963272094727
20170308154955161,-0.398526763916016
20170308154955162,0.211824798583984
20170308154955163,-2.90859756469727
20170308154955164,-0.459561920166016
20170308154955165,0.0287193298339844
20170308154955166,-2.90096817016602
20170308154955167,-0.329862213134766
20170308154955168,0.150789642333984
20170308154955169,-2.92385635375977
20170308154955170,-0.451932525634766
20170308154955171,0.158419036865234
20170308154955172,-2.85519180297852
20170308154955173,-0.406156158447266
20170308154955174,-0.0246864318847656
20170308154955175,-3.03066787719727
20170308154955176,-0.230680084228516
20170308154955177,-0.131497955322266
20170308154955178,-3.01540908813477
20170308154955179,-0.268827056884766
20170308154955180,-0.108609771728516
20170308154955181,-2.96963272094727
20170308154955182,-0.223050689697266
20170308154955183,-0.184903717041016
20170308154955184,-2.85519180297852
20170308154955185,0.0210899353027344
20170308154955186,-0.352750396728516
20170308154955187,-2.87807998657227
20170308154955188,0.249971771240234
20170308154955189,-0.512967681884766
20170308154955190,-2.87045059204102
20170308154955191,0.326265716552734
20170308154955192,-0.619779205322266
20170308154955193,-2.89333877563477
20170308154955194,0.471224212646484
20170308154955195,-0.680814361572266
20170308154955196,-2.83993301391602
20170308154955197,0.837435150146484
20170308154955198,-0.841031646728516
20170308154955199,-2.78652725219727
20170308154955200,0.738253021240234
20170308154955201,-1.19961318969727
20170308154955202,-2.66445693969727
20170308154955203,0.829805755615234
20170308154955204,-1.38271865844727
20170308154955205,-2.62630996704102
20170308154955206,0.806917572021484
20170308154955207,-1.52004776000977
20170308154955208,-2.43557510375977
20170308154955209,0.600923919677734
20170308154955210,-1.77181777954102
20170308154955211,-2.38979873657227
20170308154955212,0.768770599365234
20170308154955213,-1.77181777954102
20170308154955214,-2.27535781860352
20170308154955215,0.822176361083984
20170308154955216,-1.97018203735352
20170308154955217,-1.82522354125977
20170308154955218,0.875582122802734
20170308154955219,-2.21432266235352
20170308154955220,-1.74130020141602
20170308154955221,0.799288177490234
20170308154955222,-2.27535781860352
20170308154955223,-1.63448867797852
20170308154955224,0.722994232177734
20170308154955225,-2.44320449829102
20170308154955226,-1.48953018188477
20170308154955227,0.623812103271484
20170308154955228,-2.42794570922852
20170308154955229,-1.64211807250977
20170308154955230,0.890840911865234
20170308154955231,-2.38979873657227
20170308154955232,-1.56582412719727
20170308154955233,0.684847259521484
20170308154955234,-2.48898086547852
20170308154955235,-1.55056533813477
20170308154955236,0.707735443115234
20170308154955237,-2.58053359985352
20170308154955238,-1.44375381469727
20170308154955239,0.745882415771484
20170308154955240,-2.63393936157227
20170308154955241,-1.33694229125977
20170308154955242,0.646700286865234
20170308154955243,-2.83993301391602
20170308154955244,-1.29116592407227
20170308154955245,0.761141204833984
20170308154955246,-2.83993301391602
20170308154955247,-1.17672500610352
20170308154955248,0.768770599365234
20170308154955249,-2.88570938110352
20170308154955250,-1.16146621704102
20170308154955251,0.539888763427734
20170308154955252,-2.86282119750977
20170308154955253,-1.18435440063477
20170308154955254,0.494112396240234
20170308154955255,-2.79415664672852
20170308154955256,-1.20724258422852
20170308154955257,0.555147552490234
20170308154955258,-2.75600967407227
20170308154955259,-1.32168350219727
20170308154955260,0.730623626708984
20170308154955261,-2.89333877563477
20170308154955262,-1.12331924438477
20170308154955263,0.738253021240234
20170308154955264,-2.91622695922852
20170308154955265,-1.10806045532227
20170308154955266,0.532259368896484
20170308154955267,-2.80178604125977
20170308154955268,-1.29879531860352
20170308154955269,0.555147552490234
20170308154955270,-2.70260391235352
20170308154955271,-1.28353652954102
20170308154955272,0.578035736083984
20170308154955273,-2.83993301391602
20170308154955274,-1.17672500610352
20170308154955275,0.547518157958984
20170308154955276,-2.98489151000977
20170308154955277,-0.978360748291016
20170308154955278,0.433077239990234
20170308154955279,-2.95437393188477
20170308154955280,-0.993619537353516
20170308154955281,0.440706634521484
20170308154955282,-2.99252090454102
20170308154955283,-1.03176651000977
20170308154955284,0.349153900146484
20170308154955285,-2.85519180297852
20170308154955286,-1.03939590454102
20170308154955287,0.440706634521484
20170308154955288,-2.91622695922852
20170308154955289,-1.11568984985352
20170308154955290,0.417818450927734
20170308154955291,-2.93148574829102
20170308154955292,-1.11568984985352
20170308154955293,0.524629974365234
20170308154955294,-3.00777969360352
20170308154955295,-0.970731353759766
20170308154955296,0.486483001708984
20170308154955297,-2.96200332641602
20170308154955298,-0.947843170166016
20170308154955299,0.478853607177734
20170308154955300,-2.90859756469727
20170308154955301,-0.665555572509766
20170308154955302,0.570406341552734
20170308154955303,-3.00015029907227
20170308154955304,-0.833402252197266
20170308154955305,0.570406341552734
20170308154955306,-3.02303848266602
20170308154955307,-0.467191314697266
20170308154955308,0.341524505615234
20170308154955309,-2.90096817016602
20170308154955310,-0.535855865478516
20170308154955311,0.158419036865234
20170308154955312,-3.05355606079102
20170308154955313,-0.291715240478516
20170308154955314,0.0058311462402344
20170308154955315,-2.97726211547852
20170308154955316,-0.0628334045410156
20170308154955317,-0.299344635009766
20170308154955318,-2.96200332641602
20170308154955319,0.0363487243652344
20170308154955320,-0.474820709228516
20170308154955321,-2.93148574829102
20170308154955322,0.234712982177734
20170308154955323,-0.642667388916016
20170308154955324,-2.86282119750977
20170308154955325,0.661959075927734
20170308154955326,-0.909696197509766
20170308154955327,-2.80178604125977
20170308154955328,0.799288177490234
20170308154955329,-1.14620742797852
20170308154955330,-2.78652725219727
20170308154955331,0.700106048583984
20170308154955332,-1.28353652954102
20170308154955333,-2.61105117797852
20170308154955334,0.791658782958984
20170308154955335,-1.44375381469727
20170308154955336,-2.58816299438477
20170308154955337,0.845064544677734
20170308154955338,-1.66500625610352
20170308154955339,-2.40505752563477
20170308154955340,0.593294525146484
20170308154955341,-1.76418838500977
20170308154955342,-2.21432266235352
20170308154955343,0.585665130615234
20170308154955344,-1.92440567016602
20170308154955345,-2.15328750610352
20170308154955346,0.784029388427734
20170308154955347,-2.04647598266602
20170308154955348,-2.03121719360352
20170308154955349,0.753511810302734
20170308154955350,-2.13802871704102
20170308154955351,-1.81759414672852
20170308154955352,0.822176361083984
20170308154955353,-2.22958145141602
20170308154955354,-1.72604141235352
20170308154955355,0.700106048583984
20170308154955356,-2.45083389282227
20170308154955357,-1.53530654907227
20170308154955358,0.845064544677734
20170308154955359,-2.41268692016602
20170308154955360,-1.58871231079102
20170308154955361,0.700106048583984
20170308154955362,-2.54238662719727
20170308154955363,-1.48953018188477
20170308154955364,0.776399993896484
20170308154955365,-2.51186904907227
20170308154955366,-1.42086563110352
20170308154955367,0.616182708740234
20170308154955368,-2.58053359985352
20170308154955369,-1.41323623657227
20170308154955370,0.669588470458984
20170308154955371,-2.80178604125977
20170308154955372,-1.20724258422852
20170308154955373,0.700106048583984
20170308154955374,-3.06881484985352
20170308154955375,-0.940213775634766
20170308154955376,0.478853607177734
20170308154955377,-3.08407363891602
20170308154955378,-0.802884674072266
20170308154955379,0.501741790771484
20170308154955380,-2.98489151000977
20170308154955381,-0.879178619384766
20170308154955382,0.661959075927734
20170308154955383,-2.91622695922852
20170308154955384,-0.680814361572266
20170308154955385,0.578035736083984
20170308154955386,-2.88570938110352
20170308154955387,-0.696073150634766
20170308154955388,0.394930267333984
20170308154955389,-2.91622695922852
20170308154955390,-0.596891021728516
20170308154955391,0.364412689208984
20170308154955392,-2.95437393188477
20170308154955393,-0.490079498291016
20170308154955394,0.188936614990234
20170308154955395,-2.95437393188477
20170308154955396,-0.490079498291016
20170308154955397,0.196566009521484
20170308154955398,-2.96963272094727
20170308154955399,-0.551114654541016
20170308154955400,0.135530853271484
20170308154955401,-2.94674453735352
20170308154955402,-0.467191314697266
20170308154955403,0.0592369079589844
20170308154955404,-2.94674453735352
20170308154955405,-0.406156158447266
20170308154955406,0.0134605407714844
20170308154955407,-2.96200332641602
20170308154955408,-0.413785552978516
20170308154955409,0.0744956970214844
20170308154955410,-2.93911514282227
20170308154955411,-0.390897369384766
20170308154955412,-0.0094276428222656
20170308154955413,-2.94674453735352
20170308154955414,-0.352750396728516
20170308154955415,-0.0094276428222656
20170308154955416,-2.96963272094727
20170308154955417,-0.505338287353516
20170308154955418,0.387300872802734
20170308154955419,-2.96963272094727
20170308154955420,-0.375638580322266
20170308154955421,-0.0475746154785156
20170308154955422,-2.94674453735352
20170308154955423,-0.284085845947266
20170308154955424,0.0668663024902344
20170308154955425,-2.91622695922852
20170308154955426,-0.375638580322266
20170308154955427,0.0058311462402344
20170308154955428,-2.88570938110352
20170308154955429,-0.497708892822266
20170308154955430,0.356783294677734
20170308154955431,-2.90096817016602
20170308154955432,-0.520597076416016
20170308154955433,0.211824798583984
20170308154955434,-2.87045059204102
20170308154955435,-0.390897369384766
20170308154955436,0.127901458740234
20170308154955437,-2.93148574829102
20170308154955438,-0.383267974853516
20170308154955439,0.120272064208984
20170308154955440,-2.93911514282227
20170308154955441,-0.505338287353516
20170308154955442,0.166048431396484
20170308154955443,-2.95437393188477
20170308154955444,-0.512967681884766
20170308154955445,0.295748138427734
20170308154955446,-2.96963272094727
20170308154955447,-0.429044342041016
20170308154955448,0.0134605407714844
20170308154955449,-2.99252090454102
20170308154955450,-0.406156158447266
20170308154955451,0.211824798583984
20170308154955452,-2.89333877563477
20170308154955453,-0.360379791259766
20170308154955454,0.0287193298339844
20170308154955455,-2.96963272094727
20170308154955456,-0.314603424072266
20170308154955457,0.135530853271484
20170308154955458,-2.96200332641602
20170308154955459,-0.306974029541016
20170308154955460,-0.100980377197266
20170308154955461,-2.90096817016602
20170308154955462,-0.207791900634766
20170308154955463,-0.169644927978516
20170308154955464,-2.88570938110352
20170308154955465,0.227083587646484
20170308154955466,-0.459561920166016
20170308154955467,-2.80178604125977
20170308154955468,0.501741790771484
20170308154955469,-0.360379791259766
20170308154955470,-2.78652725219727
20170308154955471,0.654329681396484
20170308154955472,-0.772367095947266
20170308154955473,-2.77889785766602
20170308154955474,0.898470306396484
20170308154955475,-0.940213775634766
20170308154955476,-2.75600967407227
20170308154955477,0.753511810302734
20170308154955478,-1.12331924438477
20170308154955479,-2.67208633422852
20170308154955480,0.860323333740234
20170308154955481,-1.38271865844727
20170308154955482,-2.56527481079102
20170308154955483,0.883211517333984
20170308154955484,-1.58871231079102
20170308154955485,-2.43557510375977
20170308154955486,0.768770599365234
20170308154955487,-1.91677627563477
20170308154955488,-2.14565811157227
20170308154955489,0.707735443115234
20170308154955490,-1.97018203735352
20170308154955491,-2.09225234985352
20170308154955492,0.631441497802734
20170308154955493,-2.15328750610352
20170308154955494,-1.97781143188477
20170308154955495,0.669588470458984
20170308154955496,-2.32113418579102
20170308154955497,-1.69552383422852
20170308154955498,0.768770599365234
20170308154955499,-2.51186904907227
20170308154955500,-1.65737686157227
20170308154955501,0.700106048583984
20170308154955502,-2.54238662719727
20170308154955503,-1.37508926391602
20170308154955504,0.883211517333984
20170308154955505,-2.71023330688477
20170308154955506,-1.28353652954102
20170308154955507,0.600923919677734
20170308154955508,-2.69497451782227
20170308154955509,-1.32931289672852
20170308154955510,0.776399993896484
20170308154955511,-2.74075088500977
20170308154955512,-1.19198379516602
20170308154955513,0.631441497802734
20170308154955514,-2.83230361938477
20170308154955515,-1.11568984985352
20170308154955516,0.623812103271484
20170308154955517,-2.90859756469727
20170308154955518,-0.871549224853516
20170308154955519,0.494112396240234
20170308154955520,-2.96200332641602
20170308154955521,-0.871549224853516
20170308154955522,0.478853607177734
20170308154955523,-2.89333877563477
20170308154955524,-0.757108306884766
20170308154955525,0.402559661865234
20170308154955526,-3.02303848266602
20170308154955527,-0.413785552978516
20170308154955528,0.288118743896484
20170308154955529,-2.88570938110352
20170308154955530,-0.574002838134766
20170308154955531,0.188936614990234
20170308154955532,-2.92385635375977
20170308154955533,-0.505338287353516
20170308154955534,0.288118743896484
20170308154955535,-2.91622695922852
20170308154955536,-0.345121002197266
20170308154955537,-0.0017982482910156
20170308154955538,-2.92385635375977
20170308154955539,-0.398526763916016
20170308154955540,0.257601165771484
20170308154955541,-2.94674453735352
20170308154955542,-0.619779205322266
20170308154955543,0.196566009521484
20170308154955544,-2.96200332641602
20170308154955545,-0.772367095947266
20170308154955546,0.219454193115234
20170308154955547,-2.88570938110352
20170308154955548,-0.520597076416016
20170308154955549,0.188936614990234
20170308154955550,-2.86282119750977
20170308154955551,-0.345121002197266
20170308154955552,0.0287193298339844
20170308154955553,-2.90859756469727
20170308154955554,-0.360379791259766
20170308154955555,-0.0704627990722656
20170308154955556,-2.92385635375977
20170308154955557,-0.291715240478516
20170308154955558,-0.0552040100097656
20170308154955559,-2.91622695922852
20170308154955560,-0.291715240478516
20170308154955561,-0.123868560791016
20170308154955562,-2.90859756469727
20170308154955563,-0.169644927978516
20170308154955564,-0.0933509826660156
20170308154955565,-2.92385635375977
20170308154955566,-0.0475746154785156
20170308154955567,-0.299344635009766
20170308154955568,-2.87807998657227
20170308154955569,-0.0323158264160156
20170308154955570,-0.322232818603516
20170308154955571,-2.95437393188477
20170308154955572,0.0668663024902344
20170308154955573,-0.383267974853516
20170308154955574,-2.83993301391602
20170308154955575,0.234712982177734
20170308154955576,-0.566373443603516
20170308154955577,-2.87807998657227
20170308154955578,0.272859954833984
20170308154955579,-0.490079498291016
20170308154955580,-2.80178604125977
20170308154955581,0.242342376708984
20170308154955582,-0.535855865478516
20170308154955583,-2.78652725219727
20170308154955584,0.356783294677734
20170308154955585,-0.596891021728516
20170308154955586,-2.85519180297852
20170308154955587,0.311006927490234
20170308154955588,-0.551114654541016
20170308154955589,-2.83230361938477
20170308154955590,0.311006927490234
20170308154955591,-0.772367095947266
20170308154955592,-2.78652725219727
20170308154955593,0.585665130615234
20170308154955594,-0.718961334228516
20170308154955595,-2.76363906860352
20170308154955596,0.585665130615234
20170308154955597,-0.879178619384766
20170308154955598,-2.83230361938477
20170308154955599,0.570406341552734
20170308154955600,-0.963101959228516
20170308154955601,-2.79415664672852
20170308154955602,0.753511810302734
20170308154955603,-0.863919830322266
20170308154955604,-2.71786270141602
20170308154955605,0.761141204833984
20170308154955606,-1.09280166625977
20170308154955607,-2.70260391235352
20170308154955608,0.860323333740234
20170308154955609,-1.35983047485352
20170308154955610,-2.60342178344727
20170308154955611,0.784029388427734
20170308154955612,-1.29879531860352
20170308154955613,-2.63393936157227
20170308154955614,0.936617279052734
20170308154955615,-1.36745986938477
20170308154955616,-2.50423965454102
20170308154955617,0.829805755615234
20170308154955618,-1.60397109985352
20170308154955619,-2.38216934204102
20170308154955620,0.745882415771484
20170308154955621,-1.89388809204102
20170308154955622,-2.24484024047852
20170308154955623,0.646700286865234
20170308154955624,-1.84048233032227
20170308154955625,-2.19143447875977
20170308154955626,0.806917572021484
20170308154955627,-1.93203506469727
20170308154955628,-2.22958145141602
20170308154955629,0.745882415771484
20170308154955630,-1.92440567016602
20170308154955631,-2.02358779907227
20170308154955632,0.883211517333984
20170308154955633,-2.21432266235352
20170308154955634,-1.81759414672852
20170308154955635,0.745882415771484
20170308154955636,-2.27535781860352
20170308154955637,-1.68789443969727
20170308154955638,0.768770599365234
20170308154955639,-2.48135147094727
20170308154955640,-1.49715957641602
20170308154955641,0.707735443115234
20170308154955642,-2.64156875610352
20170308154955643,-1.34457168579102
20170308154955644,0.677217864990234
20170308154955645,-2.82467422485352
20170308154955646,-1.20724258422852
20170308154955647,0.616182708740234
20170308154955648,-2.96963272094727
20170308154955649,-0.978360748291016
20170308154955650,0.501741790771484
20170308154955651,-2.96200332641602
20170308154955652,-0.665555572509766
20170308154955653,0.356783294677734
20170308154955654,-2.92385635375977
20170308154955655,-0.375638580322266
20170308154955656,0.227083587646484
20170308154955657,-2.91622695922852
20170308154955658,-0.566373443603516
20170308154955659,0.211824798583984
20170308154955660,-2.94674453735352
20170308154955661,-0.421414947509766
20170308154955662,0.0744956970214844
20170308154955663,-2.88570938110352
20170308154955664,-0.261197662353516
20170308154955665,-0.169644927978516
20170308154955666,-2.96200332641602
20170308154955667,-0.223050689697266
20170308154955668,-0.100980377197266
20170308154955669,-2.90096817016602
20170308154955670,-0.207791900634766
20170308154955671,-0.154386138916016
20170308154955672,-2.82467422485352
20170308154955673,-0.116239166259766
20170308154955674,-0.215421295166016
20170308154955675,-2.90859756469727
20170308154955676,-0.0323158264160156
20170308154955677,-0.352750396728516
20170308154955678,-2.80941543579102
20170308154955679,0.0134605407714844
20170308154955680,-0.345121002197266
20170308154955681,-2.83230361938477
20170308154955682,0.120272064208984
20170308154955683,-0.337491607666016
20170308154955684,-2.83993301391602
20170308154955685,-0.131497955322266
20170308154955686,-0.146756744384766
20170308154955687,-2.80941543579102
20170308154955688,0.143160247802734
20170308154955689,-0.299344635009766
20170308154955690,-2.84756240844727
20170308154955691,-0.0933509826660156
20170308154955692,-0.345121002197266
20170308154955693,-2.91622695922852
20170308154955694,0.234712982177734
20170308154955695,-0.566373443603516
20170308154955696,-2.84756240844727
20170308154955697,0.204195404052734
20170308154955698,-0.657926177978516
20170308154955699,-2.83993301391602
20170308154955700,0.280489349365234
20170308154955701,-0.360379791259766
20170308154955702,-2.80941543579102
20170308154955703,0.234712982177734
20170308154955704,-0.398526763916016
20170308154955705,-2.83230361938477
20170308154955706,0.326265716552734
20170308154955707,-0.680814361572266
20170308154955708,-2.90096817016602
20170308154955709,0.387300872802734
20170308154955710,-0.703702545166016
20170308154955711,-2.83230361938477
20170308154955712,0.517000579833984
20170308154955713,-0.657926177978516
20170308154955714,-2.77889785766602
20170308154955715,0.372042083740234
20170308154955716,-0.512967681884766
20170308154955717,-2.83230361938477
20170308154955718,0.570406341552734
20170308154955719,-0.505338287353516
20170308154955720,-2.79415664672852
20170308154955721,0.257601165771484
20170308154955722,-0.482450103759766
20170308154955723,-2.78652725219727
20170308154955724,0.379671478271484
20170308154955725,-0.520597076416016
20170308154955726,-2.85519180297852
20170308154955727,0.120272064208984
20170308154955728,-0.543485260009766
20170308154955729,-2.87045059204102
20170308154955730,0.219454193115234
20170308154955731,-0.398526763916016
20170308154955732,-2.90859756469727
20170308154955733,0.211824798583984
20170308154955734,-0.497708892822266
20170308154955735,-2.83993301391602
20170308154955736,0.196566009521484
20170308154955737,-0.390897369384766
20170308154955738,-2.82467422485352
20170308154955739,0.242342376708984
20170308154955740,-0.390897369384766
20170308154955741,-2.87807998657227
20170308154955742,0.341524505615234
20170308154955743,-0.528226470947266
20170308154955744,-2.85519180297852
20170308154955745,0.341524505615234
20170308154955746,-0.772367095947266
20170308154955747,-2.88570938110352
20170308154955748,0.578035736083984
20170308154955749,-0.886808013916016
20170308154955750,-2.80941543579102
20170308154955751,0.661959075927734
20170308154955752,-0.993619537353516
20170308154955753,-2.81704483032227
20170308154955754,0.677217864990234
20170308154955755,-1.06991348266602
20170308154955756,-2.82467422485352
20170308154955757,0.570406341552734
20170308154955758,-1.18435440063477
20170308154955759,-2.64919815063477
20170308154955760,0.967134857177734
20170308154955761,-1.37508926391602
20170308154955762,-2.61868057250977
20170308154955763,0.822176361083984
20170308154955764,-1.48953018188477
20170308154955765,-2.54238662719727
20170308154955766,0.829805755615234
20170308154955767,-1.67263565063477
20170308154955768,-2.38979873657227
20170308154955769,0.768770599365234
20170308154955770,-1.77944717407227
20170308154955771,-2.32113418579102
20170308154955772,0.730623626708984
20170308154955773,-1.91677627563477
20170308154955774,-2.16854629516602
20170308154955775,0.761141204833984
20170308154955776,-2.14565811157227
20170308154955777,-2.05410537719727
20170308154955778,0.700106048583984
20170308154955779,-2.14565811157227
20170308154955780,-2.05410537719727
20170308154955781,0.661959075927734
20170308154955782,-2.10751113891602
20170308154955783,-2.01595840454102
20170308154955784,0.860323333740234
20170308154955785,-2.25246963500977
20170308154955786,-1.66500625610352
20170308154955787,0.707735443115234
20170308154955788,-2.47372207641602
20170308154955789,-1.51241836547852
20170308154955790,0.654329681396484
20170308154955791,-2.77889785766602
20170308154955792,-1.24538955688477
20170308154955793,0.646700286865234
20170308154955794,-3.01540908813477
20170308154955795,-1.19198379516602
20170308154955796,0.600923919677734
20170308154955797,-2.97726211547852
20170308154955798,-0.741849517822266
20170308154955799,0.463594818115234
20170308154955800,-2.97726211547852
20170308154955801,-0.757108306884766
20170308154955802,0.639070892333984
20170308154955803,-2.89333877563477
20170308154955804,-0.703702545166016
20170308154955805,0.417818450927734
20170308154955806,-2.90096817016602
20170308154955807,-0.581632232666016
20170308154955808,0.150789642333984
20170308154955809,-2.92385635375977
20170308154955810,-0.497708892822266
20170308154955811,0.127901458740234
20170308154955812,-2.94674453735352
20170308154955813,-0.459561920166016
20170308154955814,0.280489349365234
20170308154955815,-2.93148574829102
20170308154955816,-0.360379791259766
20170308154955817,-0.0933509826660156
20170308154955818,-2.90859756469727
20170308154955819,-0.100980377197266
20170308154955820,-0.245938873291016
20170308154955821,-2.83993301391602
20170308154955822,-0.0246864318847656
20170308154955823,-0.329862213134766
20170308154955824,-2.93911514282227
20170308154955825,-0.0094276428222656
20170308154955826,-0.352750396728516
20170308154955827,-2.87807998657227
20170308154955828,0.364412689208984
20170308154955829,-0.642667388916016
20170308154955830,-2.86282119750977
20170308154955831,0.539888763427734
20170308154955832,-0.635037994384766
20170308154955833,-2.91622695922852
20170308154955834,0.875582122802734
20170308154955835,-0.924954986572266
20170308154955836,-2.83230361938477
20170308154955837,0.639070892333984
20170308154955838,-0.993619537353516
20170308154955839,-2.81704483032227
20170308154955840,0.707735443115234
20170308154955841,-0.856290435791016
20170308154955842,-2.71023330688477
20170308154955843,0.700106048583984
20170308154955844,-1.00887832641602
20170308154955845,-2.74075088500977
20170308154955846,0.883211517333984
20170308154955847,-1.21487197875977
20170308154955848,-2.65682754516602
20170308154955849,0.646700286865234
20170308154955850,-1.12331924438477
20170308154955851,-2.66445693969727
20170308154955852,0.829805755615234
20170308154955853,-1.10806045532227
20170308154955854,-2.79415664672852
20170308154955855,0.684847259521484
20170308154955856,-0.993619537353516
20170308154955857,-2.77126846313477
20170308154955858,0.570406341552734
20170308154955859,-1.03176651000977
20170308154955860,-2.84756240844727
20170308154955861,0.684847259521484
20170308154955862,-0.886808013916016
20170308154955863,-2.74838027954102
20170308154955864,0.745882415771484
20170308154955865,-0.993619537353516
20170308154955866,-2.67208633422852
20170308154955867,0.784029388427734
20170308154955868,-1.13857803344727
20170308154955869,-2.69497451782227
20170308154955870,0.761141204833984
20170308154955871,-1.21487197875977
20170308154955872,-2.63393936157227
20170308154955873,0.875582122802734
20170308154955874,-1.40560684204102
20170308154955875,-2.47372207641602
20170308154955876,0.722994232177734
20170308154955877,-1.32168350219727
20170308154955878,-2.51949844360352
20170308154955879,0.753511810302734
20170308154955880,-1.44375381469727
20170308154955881,-2.52712783813477
20170308154955882,0.730623626708984
20170308154955883,-1.39797744750977
20170308154955884,-2.50423965454102
20170308154955885,0.845064544677734
20170308154955886,-1.38271865844727
20170308154955887,-2.37453994750977
20170308154955888,0.890840911865234
20170308154955889,-1.64974746704102
20170308154955890,-2.40505752563477
20170308154955891,0.745882415771484
20170308154955892,-1.69552383422852
20170308154955893,-2.38216934204102
20170308154955894,0.761141204833984
20170308154955895,-1.70315322875977
20170308154955896,-2.21432266235352
20170308154955897,0.700106048583984
20170308154955898,-1.78707656860352
20170308154955899,-2.24484024047852
20170308154955900,0.722994232177734
20170308154955901,-1.96255264282227
20170308154955902,-2.12276992797852
20170308154955903,0.768770599365234
20170308154955904,-2.07699356079102
20170308154955905,-1.95492324829102
20170308154955906,0.707735443115234
20170308154955907,-2.28298721313477
20170308154955908,-1.77181777954102
20170308154955909,0.814546966552734
20170308154955910,-2.47372207641602
20170308154955911,-1.58108291625977
20170308154955912,0.600923919677734
20170308154955913,-2.67971572875977
20170308154955914,-1.36745986938477
20170308154955915,0.661959075927734
20170308154955916,-2.84756240844727
20170308154955917,-1.26064834594727
20170308154955918,0.661959075927734
20170308154955919,-3.00777969360352
20170308154955920,-0.726590728759766
20170308154955921,0.417818450927734
20170308154955922,-2.96963272094727
20170308154955923,-0.520597076416016
20170308154955924,0.333895111083984
20170308154955925,-2.95437393188477
20170308154955926,-0.230680084228516
20170308154955927,0.0592369079589844
20170308154955928,-2.90859756469727
20170308154955929,-0.345121002197266
20170308154955930,-0.0704627990722656
20170308154955931,-2.84756240844727
20170308154955932,-0.100980377197266
20170308154955933,-0.162015533447266
20170308154955934,-2.90096817016602
20170308154955935,0.0897544860839844
20170308154955936,-0.0704627990722656
20170308154955937,-2.92385635375977
20170308154955938,0.356783294677734
20170308154955939,-0.375638580322266
20170308154955940,-2.86282119750977
20170308154955941,0.219454193115234
20170308154955942,-0.505338287353516
20170308154955943,-2.87807998657227
20170308154955944,0.761141204833984
20170308154955945,-0.703702545166016
20170308154955946,-2.77889785766602
20170308154955947,0.913729095458984
20170308154955948,-1.01650772094727
20170308154955949,-2.75600967407227
20170308154955950,0.722994232177734
20170308154955951,-0.932584381103516
20170308154955952,-2.67208633422852
20170308154955953,0.761141204833984
20170308154955954,-1.02413711547852
20170308154955955,-2.71786270141602
20170308154955956,0.845064544677734
20170308154955957,-1.25301895141602
20170308154955958,-2.64156875610352
20170308154955959,0.768770599365234
20170308154955960,-1.19961318969727
20170308154955961,-2.65682754516602
20170308154955962,0.875582122802734
20170308154955963,-1.57345352172852
20170308154955964,-2.51186904907227
20170308154955965,0.867952728271484
20170308154955966,-1.55056533813477
20170308154955967,-2.37453994750977
20170308154955968,0.913729095458984
20170308154955969,-1.74892959594727
20170308154955970,-2.38216934204102
20170308154955971,0.784029388427734
20170308154955972,-1.72604141235352
20170308154955973,-2.42794570922852
20170308154955974,0.661959075927734
20170308154955975,-1.58871231079102
20170308154955976,-2.37453994750977
20170308154955977,0.707735443115234
20170308154955978,-1.75655899047852
20170308154955979,-2.34402236938477
20170308154955980,0.768770599365234
20170308154955981,-1.84811172485352
20170308154955982,-2.19906387329102
20170308154955983,0.867952728271484
20170308154955984,-1.93966445922852
20170308154955985,-2.03121719360352
20170308154955986,0.799288177490234
20170308154955987,-2.13802871704102
20170308154955988,-1.87099990844727
20170308154955989,0.692476654052734
20170308154955990,-2.24484024047852
20170308154955991,-1.80233535766602
20170308154955992,0.631441497802734
20170308154955993,-2.25246963500977
20170308154955994,-1.90914688110352
20170308154955995,0.837435150146484
20170308154955996,-2.20669326782227
20170308154955997,-1.86337051391602
20170308154955998,0.692476654052734
20170308154955999,-2.22958145141602
20170308154956000,-1.77181777954102
20170308154956001,0.631441497802734
20170308154956002,-2.14565811157227
20170308154956003,-2.01595840454102
20170308154956004,0.799288177490234
20170308154956005,-2.09988174438477
20170308154956006,-1.88625869750977
20170308154956007,0.722994232177734
20170308154956008,-2.29061660766602
20170308154956009,-1.89388809204102
20170308154956010,0.715364837646484
20170308154956011,-2.27535781860352
20170308154956012,-1.80996475219727
20170308154956013,0.875582122802734
20170308154956014,-2.31350479125977
20170308154956015,-1.83285293579102
20170308154956016,0.692476654052734
20170308154956017,-2.31350479125977
20170308154956018,-1.77944717407227
20170308154956019,0.715364837646484
20170308154956020,-2.16091690063477
20170308154956021,-1.90914688110352
20170308154956022,0.654329681396484
20170308154956023,-2.08462295532227
20170308154956024,-2.10751113891602
20170308154956025,0.867952728271484
20170308154956026,-2.17617568969727
20170308154956027,-1.93203506469727
20170308154956028,0.684847259521484
20170308154956029,-2.17617568969727
20170308154956030,-1.95492324829102
20170308154956031,0.669588470458984
20170308154956032,-2.03884658813477
20170308154956033,-2.16854629516602
20170308154956034,0.906099700927734
20170308154956035,-2.15328750610352
20170308154956036,-1.99307022094727
20170308154956037,0.646700286865234
20170308154956038,-2.20669326782227
20170308154956039,-1.88625869750977
20170308154956040,0.646700286865234
20170308154956041,-2.19906387329102
20170308154956042,-1.81759414672852
20170308154956043,0.654329681396484
20170308154956044,-2.50423965454102
20170308154956045,-1.52767715454102
20170308154956046,0.654329681396484
20170308154956047,-2.52712783813477
20170308154956048,-1.52767715454102
20170308154956049,0.654329681396484
20170308154956050,-2.57290420532227
20170308154956051,-1.46664199829102
20170308154956052,0.600923919677734
20170308154956053,-2.58053359985352
20170308154956054,-1.56582412719727
20170308154956055,0.585665130615234
20170308154956056,-2.64156875610352
20170308154956057,-1.61160049438477
20170308154956058,0.623812103271484
20170308154956059,-2.63393936157227
20170308154956060,-1.40560684204102
20170308154956061,0.600923919677734
20170308154956062,-2.88570938110352
20170308154956063,-1.19961318969727
20170308154956064,0.654329681396484
20170308154956065,-3.00777969360352
20170308154956066,-0.848661041259766
20170308154956067,0.555147552490234
20170308154956068,-2.97726211547852
20170308154956069,-0.718961334228516
20170308154956070,0.433077239990234
20170308154956071,-2.98489151000977
20170308154956072,-0.673184967041016
20170308154956073,0.196566009521484
20170308154956074,-2.98489151000977
20170308154956075,-0.223050689697266
20170308154956076,-0.0323158264160156
20170308154956077,-2.99252090454102
20170308154956078,-0.375638580322266
20170308154956079,-0.154386138916016
20170308154956080,-3.02303848266602
20170308154956081,0.0134605407714844
20170308154956082,-0.215421295166016
20170308154956083,-2.90096817016602
20170308154956084,0.219454193115234
20170308154956085,-0.520597076416016
20170308154956086,-2.90096817016602
20170308154956087,0.433077239990234
20170308154956088,-0.604520416259766
20170308154956089,-2.87807998657227
20170308154956090,0.433077239990234
20170308154956091,-0.764737701416016
20170308154956092,-2.87807998657227
20170308154956093,0.623812103271484
20170308154956094,-0.947843170166016
20170308154956095,-2.81704483032227
20170308154956096,0.700106048583984
20170308154956097,-0.894437408447266
20170308154956098,-2.83993301391602
20170308154956099,0.768770599365234
20170308154956100,-0.787625885009766
20170308154956101,-2.73312149047852
20170308154956102,0.745882415771484
20170308154956103,-0.833402252197266
20170308154956104,-2.77126846313477
20170308154956105,0.753511810302734
20170308154956106,-1.12331924438477
20170308154956107,-2.72549209594727
20170308154956108,0.745882415771484
20170308154956109,-1.32168350219727
20170308154956110,-2.70260391235352
20170308154956111,0.837435150146484
20170308154956112,-1.32168350219727
20170308154956113,-2.66445693969727
20170308154956114,0.867952728271484
20170308154956115,-1.38271865844727
20170308154956116,-2.57290420532227
20170308154956117,0.745882415771484
20170308154956118,-1.43612442016602
20170308154956119,-2.61105117797852
20170308154956120,0.906099700927734
20170308154956121,-1.42849502563477
20170308154956122,-2.54238662719727
20170308154956123,0.768770599365234
20170308154956124,-1.45901260375977
20170308154956125,-2.59579238891602
20170308154956126,0.928987884521484
20170308154956127,-1.42849502563477
20170308154956128,-2.56527481079102
20170308154956129,0.730623626708984
20170308154956130,-1.38271865844727
20170308154956131,-2.55764541625977
20170308154956132,0.967134857177734
20170308154956133,-1.65737686157227
20170308154956134,-2.45083389282227
20170308154956135,0.684847259521484
20170308154956136,-1.76418838500977
20170308154956137,-2.28298721313477
20170308154956138,0.722994232177734
20170308154956139,-1.88625869750977
20170308154956140,-2.19143447875977
20170308154956141,0.722994232177734
20170308154956142,-1.87862930297852
20170308154956143,-2.31350479125977
20170308154956144,0.639070892333984
20170308154956145,-1.77944717407227
20170308154956146,-2.22958145141602
20170308154956147,0.806917572021484
20170308154956148,-1.88625869750977
20170308154956149,-2.15328750610352
20170308154956150,0.623812103271484
20170308154956151,-1.87099990844727
20170308154956152,-2.26772842407227
20170308154956153,0.661959075927734
20170308154956154,-1.73367080688477
20170308154956155,-2.38216934204102
20170308154956156,0.677217864990234
20170308154956157,-1.80233535766602
20170308154956158,-2.39742813110352
20170308154956159,0.570406341552734
20170308154956160,-1.50478897094727
20170308154956161,-2.61105117797852
20170308154956162,0.806917572021484
20170308154956163,-1.49715957641602
20170308154956164,-2.47372207641602
20170308154956165,0.814546966552734
20170308154956166,-1.54293594360352
20170308154956167,-2.40505752563477
20170308154956168,0.982393646240234
20170308154956169,-1.69552383422852
20170308154956170,-2.38216934204102
20170308154956171,0.883211517333984
20170308154956172,-1.71078262329102
20170308154956173,-2.32876358032227
20170308154956174,0.639070892333984
20170308154956175,-1.80233535766602
20170308154956176,-2.31350479125977
20170308154956177,0.715364837646484
20170308154956178,-1.75655899047852
20170308154956179,-2.27535781860352
20170308154956180,0.692476654052734
20170308154956181,-2.08462295532227
20170308154956182,-2.03121719360352
20170308154956183,0.608553314208984
20170308154956184,-2.10751113891602
20170308154956185,-2.17617568969727
20170308154956186,0.608553314208984
20170308154956187,-2.08462295532227
20170308154956188,-2.12276992797852
20170308154956189,0.578035736083984
20170308154956190,-1.90914688110352
20170308154956191,-2.13039932250977
20170308154956192,0.646700286865234
20170308154956193,-2.23721084594727
20170308154956194,-2.03884658813477
20170308154956195,0.578035736083984
20170308154956196,-2.14565811157227
20170308154956197,-2.00069961547852
20170308154956198,0.722994232177734
20170308154956199,-2.27535781860352
20170308154956200,-1.87862930297852
20170308154956201,0.616182708740234
20170308154956202,-2.22958145141602
20170308154956203,-1.85574111938477
20170308154956204,0.707735443115234
20170308154956205,-2.28298721313477
20170308154956206,-1.77181777954102
20170308154956207,0.677217864990234
20170308154956208,-2.36691055297852
20170308154956209,-1.68789443969727
20170308154956210,0.753511810302734
20170308154956211,-2.51186904907227
20170308154956212,-1.56582412719727
20170308154956213,0.616182708740234
20170308154956214,-2.67208633422852
20170308154956215,-1.17672500610352
20170308154956216,0.639070892333984
20170308154956217,-2.92385635375977
20170308154956218,-1.07754287719727
20170308154956219,0.578035736083984
20170308154956220,-2.98489151000977
20170308154956221,-0.848661041259766
20170308154956222,0.539888763427734
20170308154956223,-2.97726211547852
20170308154956224,-0.779996490478516
20170308154956225,0.455965423583984
20170308154956226,-2.91622695922852
20170308154956227,-0.490079498291016
20170308154956228,0.211824798583984
20170308154956229,-2.90859756469727
20170308154956230,-0.558744049072266
20170308154956231,0.0973838806152344
20170308154956232,-3.01540908813477
20170308154956233,-0.0933509826660156
20170308154956234,-0.162015533447266
20170308154956235,-2.91622695922852
20170308154956236,0.219454193115234
20170308154956237,-0.474820709228516
20170308154956238,-2.92385635375977
20170308154956239,0.425447845458984
20170308154956240,-0.734220123291016
20170308154956241,-2.86282119750977
20170308154956242,0.463594818115234
20170308154956243,-0.894437408447266
20170308154956244,-2.89333877563477
20170308154956245,0.570406341552734
20170308154956246,-0.757108306884766
20170308154956247,-2.86282119750977
20170308154956248,0.898470306396484
20170308154956249,-1.06228408813477
20170308154956250,-2.78652725219727
20170308154956251,0.906099700927734
20170308154956252,-1.09280166625977
20170308154956253,-2.80941543579102
20170308154956254,0.646700286865234
20170308154956255,-0.871549224853516
20170308154956256,-2.80941543579102
20170308154956257,0.822176361083984
20170308154956258,-1.05465469360352
20170308154956259,-2.84756240844727
20170308154956260,0.600923919677734
20170308154956261,-1.05465469360352
20170308154956262,-2.74838027954102
20170308154956263,0.837435150146484
20170308154956264,-1.25301895141602
20170308154956265,-2.67208633422852
20170308154956266,1.01291122436523
20170308154956267,-1.42849502563477
20170308154956268,-2.54238662719727
20170308154956269,0.768770599365234
20170308154956270,-1.61160049438477
20170308154956271,-2.49661026000977
20170308154956272,0.700106048583984
20170308154956273,-1.60397109985352
20170308154956274,-2.26772842407227
20170308154956275,0.646700286865234
20170308154956276,-1.84048233032227
20170308154956277,-2.32113418579102
20170308154956278,0.722994232177734
20170308154956279,-2.12276992797852
20170308154956280,-2.06936416625977
20170308154956281,0.715364837646484
20170308154956282,-2.23721084594727
20170308154956283,-1.96255264282227
20170308154956284,0.616182708740234
20170308154956285,-2.26772842407227
20170308154956286,-1.95492324829102
20170308154956287,0.776399993896484
20170308154956288,-2.26009902954102
20170308154956289,-2.01595840454102
20170308154956290,0.654329681396484
20170308154956291,-2.28298721313477
20170308154956292,-1.78707656860352
20170308154956293,0.684847259521484
20170308154956294,-2.45846328735352
20170308154956295,-1.74130020141602
20170308154956296,0.890840911865234
20170308154956297,-2.35928115844727
20170308154956298,-1.55819473266602
20170308154956299,0.677217864990234
20170308154956300,-2.55001602172852
20170308154956301,-1.48953018188477
20170308154956302,0.524629974365234
20170308154956303,-2.40505752563477
20170308154956304,-1.65737686157227
20170308154956305,0.631441497802734
20170308154956306,-2.35165176391602
20170308154956307,-1.65737686157227
20170308154956308,0.852693939208984
20170308154956309,-2.29824600219727
20170308154956310,-1.55056533813477
20170308154956311,0.608553314208984
20170308154956312,-2.32876358032227
20170308154956313,-1.68026504516602
20170308154956314,0.616182708740234
20170308154956315,-2.45083389282227
20170308154956316,-1.61160049438477
20170308154956317,0.639070892333984
20170308154956318,-2.42031631469727
20170308154956319,-1.71078262329102
20170308154956320,0.745882415771484
20170308154956321,-2.34402236938477
20170308154956322,-1.62685928344727
20170308154956323,0.776399993896484
20170308154956324,-2.39742813110352
20170308154956325,-1.59634170532227
20170308154956326,0.539888763427734
20170308154956327,-2.38216934204102
20170308154956328,-1.65737686157227
20170308154956329,0.753511810302734
20170308154956330,-2.37453994750977
20170308154956331,-1.80996475219727
20170308154956332,0.654329681396484
20170308154956333,-2.38216934204102
20170308154956334,-1.60397109985352
20170308154956335,0.631441497802734
20170308154956336,-2.34402236938477
20170308154956337,-1.82522354125977
20170308154956338,0.623812103271484
20170308154956339,-2.23721084594727
20170308154956340,-1.90151748657227
20170308154956341,0.661959075927734
20170308154956342,-2.17617568969727
20170308154956343,-1.87099990844727
20170308154956344,0.715364837646484
20170308154956345,-2.24484024047852
20170308154956346,-1.70315322875977
20170308154956347,0.600923919677734
20170308154956348,-2.29061660766602
20170308154956349,-1.71078262329102
20170308154956350,0.677217864990234
20170308154956351,-2.44320449829102
20170308154956352,-1.60397109985352
20170308154956353,0.829805755615234
20170308154956354,-2.50423965454102
20170308154956355,-1.56582412719727
20170308154956356,0.593294525146484
20170308154956357,-2.77126846313477
20170308154956358,-1.26064834594727
20170308154956359,0.562776947021484
20170308154956360,-2.74075088500977
20170308154956361,-1.11568984985352
20170308154956362,0.654329681396484
20170308154956363,-2.90859756469727
20170308154956364,-0.886808013916016
20170308154956365,0.463594818115234
20170308154956366,-3.03829727172852
20170308154956367,-0.703702545166016
20170308154956368,0.463594818115234
20170308154956369,-3.02303848266602
20170308154956370,-0.520597076416016
20170308154956371,0.166048431396484
20170308154956372,-3.03066787719727
20170308154956373,-0.398526763916016
20170308154956374,0.311006927490234
20170308154956375,-3.03829727172852
20170308154956376,-0.474820709228516
20170308154956377,0.143160247802734
20170308154956378,-2.94674453735352
20170308154956379,-0.329862213134766
20170308154956380,-0.0780921936035156
20170308154956381,-2.96963272094727
20170308154956382,-0.100980377197266
20170308154956383,-0.0628334045410156
20170308154956384,-2.91622695922852
20170308154956385,0.0973838806152344
20170308154956386,-0.337491607666016
20170308154956387,-2.96200332641602
20170308154956388,0.242342376708984
20170308154956389,-0.635037994384766
20170308154956390,-2.90096817016602
20170308154956391,0.509371185302734
20170308154956392,-0.734220123291016
20170308154956393,-2.88570938110352
20170308154956394,0.509371185302734
20170308154956395,-0.764737701416016
20170308154956396,-2.87807998657227
20170308154956397,0.707735443115234
20170308154956398,-0.909696197509766
20170308154956399,-2.78652725219727
20170308154956400,0.845064544677734
20170308154956401,-0.818143463134766
20170308154956402,-2.84756240844727
20170308154956403,0.600923919677734
20170308154956404,-0.886808013916016
20170308154956405,-2.87807998657227
20170308154956406,0.722994232177734
20170308154956407,-1.04702529907227
20170308154956408,-2.83993301391602
20170308154956409,0.600923919677734
20170308154956410,-1.10043106079102
20170308154956411,-2.80941543579102
20170308154956412,0.784029388427734
20170308154956413,-1.22250137329102
20170308154956414,-2.72549209594727
20170308154956415,0.684847259521484
20170308154956416,-1.31405410766602
20170308154956417,-2.69497451782227
20170308154956418,0.791658782958984
20170308154956419,-1.38271865844727
20170308154956420,-2.58816299438477
20170308154956421,0.860323333740234
20170308154956422,-1.55056533813477
20170308154956423,-2.56527481079102
20170308154956424,0.730623626708984
20170308154956425,-1.58871231079102
20170308154956426,-2.50423965454102
20170308154956427,0.669588470458984
20170308154956428,-1.44375381469727
20170308154956429,-2.57290420532227
20170308154956430,0.959505462646484
20170308154956431,-1.55819473266602
20170308154956432,-2.42031631469727
20170308154956433,0.700106048583984
20170308154956434,-1.63448867797852
20170308154956435,-2.32876358032227
20170308154956436,0.875582122802734
20170308154956437,-1.96255264282227
20170308154956438,-2.14565811157227
20170308154956439,0.814546966552734
20170308154956440,-1.92440567016602
20170308154956441,-2.29824600219727
20170308154956442,0.669588470458984
20170308154956443,-1.80996475219727
20170308154956444,-2.32876358032227
20170308154956445,0.608553314208984
20170308154956446,-1.77944717407227
20170308154956447,-2.29824600219727
20170308154956448,0.539888763427734
20170308154956449,-1.80233535766602
20170308154956450,-2.41268692016602
20170308154956451,0.692476654052734
20170308154956452,-1.76418838500977
20170308154956453,-2.33639297485352
20170308154956454,0.684847259521484
20170308154956455,-1.80996475219727
20170308154956456,-2.34402236938477
20170308154956457,0.753511810302734
20170308154956458,-1.84811172485352
20170308154956459,-2.09988174438477
20170308154956460,0.669588470458984
20170308154956461,-2.09225234985352
20170308154956462,-2.03121719360352
20170308154956463,0.692476654052734
20170308154956464,-1.97781143188477
20170308154956465,-2.16854629516602
20170308154956466,0.784029388427734
20170308154956467,-1.87862930297852
20170308154956468,-2.18380508422852
20170308154956469,0.791658782958984
20170308154956470,-1.87099990844727
20170308154956471,-2.06936416625977
20170308154956472,0.883211517333984
20170308154956473,-2.19906387329102
20170308154956474,-1.95492324829102
20170308154956475,0.684847259521484
20170308154956476,-2.26009902954102
20170308154956477,-1.87099990844727
20170308154956478,0.715364837646484
20170308154956479,-2.21432266235352
20170308154956480,-1.75655899047852
20170308154956481,0.722994232177734
20170308154956482,-2.36691055297852
20170308154956483,-1.65737686157227
20170308154956484,0.860323333740234
20170308154956485,-2.53475723266602
20170308154956486,-1.61160049438477
20170308154956487,0.585665130615234
20170308154956488,-2.47372207641602
20170308154956489,-1.46664199829102
20170308154956490,0.616182708740234
20170308154956491,-2.49661026000977
20170308154956492,-1.57345352172852
20170308154956493,0.600923919677734
20170308154956494,-2.48135147094727
20170308154956495,-1.52004776000977
20170308154956496,0.677217864990234
20170308154956497,-2.61105117797852
20170308154956498,-1.29879531860352
20170308154956499,0.600923919677734
20170308154956500,-2.90859756469727
20170308154956501,-1.01650772094727
20170308154956502,0.562776947021484
20170308154956503,-3.01540908813477
20170308154956504,-1.00887832641602
20170308154956505,0.455965423583984
20170308154956506,-3.03829727172852
20170308154956507,-0.879178619384766
20170308154956508,0.517000579833984
20170308154956509,-2.95437393188477
20170308154956510,-0.825772857666016
20170308154956511,0.356783294677734
20170308154956512,-2.93911514282227
20170308154956513,-0.711331939697266
20170308154956514,0.280489349365234
20170308154956515,-2.96200332641602
20170308154956516,-0.589261627197266
20170308154956517,0.227083587646484
20170308154956518,-2.91622695922852
20170308154956519,-0.497708892822266
20170308154956520,0.112642669677734
20170308154956521,-2.94674453735352
20170308154956522,-0.368009185791016
20170308154956523,-0.100980377197266
20170308154956524,-3.00777969360352
20170308154956525,-0.268827056884766
20170308154956526,-0.284085845947266
20170308154956527,-3.04592666625977
20170308154956528,-0.215421295166016
20170308154956529,-0.268827056884766
20170308154956530,-2.95437393188477
20170308154956531,0.173677825927734
20170308154956532,-0.558744049072266
20170308154956533,-2.87807998657227
20170308154956534,0.600923919677734
20170308154956535,-0.802884674072266
20170308154956536,-2.93148574829102
20170308154956537,0.692476654052734
20170308154956538,-0.650296783447266
20170308154956539,-2.87807998657227
20170308154956540,0.494112396240234
20170308154956541,-0.848661041259766
20170308154956542,-2.87045059204102
20170308154956543,0.555147552490234
20170308154956544,-0.902066802978516
20170308154956545,-2.90096817016602
20170308154956546,0.646700286865234
20170308154956547,-1.00124893188477
20170308154956548,-2.86282119750977
20170308154956549,0.906099700927734
20170308154956550,-1.40560684204102
20170308154956551,-2.55764541625977
20170308154956552,0.837435150146484
20170308154956553,-1.61160049438477
20170308154956554,-2.45846328735352
20170308154956555,0.715364837646484
20170308154956556,-1.67263565063477
20170308154956557,-2.43557510375977
20170308154956558,0.707735443115234
20170308154956559,-1.73367080688477
20170308154956560,-2.38979873657227
20170308154956561,0.845064544677734
20170308154956562,-1.90914688110352
20170308154956563,-2.18380508422852
20170308154956564,0.745882415771484
20170308154956565,-2.10751113891602
20170308154956566,-2.00832901000977
20170308154956567,0.822176361083984
20170308154956568,-2.19906387329102
20170308154956569,-2.01595840454102
20170308154956570,0.700106048583984
20170308154956571,-2.17617568969727
20170308154956572,-2.00069961547852
20170308154956573,0.700106048583984
20170308154956574,-2.26772842407227
20170308154956575,-2.00069961547852
20170308154956576,0.753511810302734
20170308154956577,-2.22195205688477
20170308154956578,-1.94729385375977
20170308154956579,0.623812103271484
20170308154956580,-2.25246963500977
20170308154956581,-1.68026504516602
20170308154956582,0.623812103271484
20170308154956583,-2.45846328735352
20170308154956584,-1.58108291625977
20170308154956585,0.707735443115234
20170308154956586,-2.70260391235352
20170308154956587,-1.48190078735352
20170308154956588,0.585665130615234
20170308154956589,-2.69497451782227
20170308154956590,-1.42849502563477
20170308154956591,0.730623626708984
20170308154956592,-2.90096817016602
20170308154956593,-1.27590713500977
20170308154956594,0.486483001708984
20170308154956595,-2.96963272094727
20170308154956596,-1.23013076782227
20170308154956597,0.562776947021484
20170308154956598,-2.80178604125977
20170308154956599,-1.25301895141602
20170308154956600,0.784029388427734
20170308154956601,-2.80178604125977
20170308154956602,-1.29116592407227
20170308154956603,0.585665130615234
20170308154956604,-2.81704483032227
20170308154956605,-1.24538955688477
20170308154956606,0.547518157958984
20170308154956607,-2.78652725219727
20170308154956608,-1.23013076782227
20170308154956609,0.608553314208984
20170308154956610,-2.89333877563477
20170308154956611,-1.29879531860352
20170308154956612,0.585665130615234
20170308154956613,-2.80941543579102
20170308154956614,-1.25301895141602
20170308154956615,0.562776947021484
20170308154956616,-2.92385635375977
20170308154956617,-1.26064834594727
20170308154956618,0.501741790771484
20170308154956619,-2.96200332641602
20170308154956620,-0.970731353759766
20170308154956621,0.486483001708984
20170308154956622,-3.04592666625977
20170308154956623,-1.09280166625977
20170308154956624,0.448336029052734
20170308154956625,-2.97726211547852
20170308154956626,-1.07754287719727
20170308154956627,0.631441497802734
20170308154956628,-2.93148574829102
20170308154956629,-0.963101959228516
20170308154956630,0.402559661865234
20170308154956631,-2.96200332641602
20170308154956632,-0.657926177978516
20170308154956633,0.249971771240234
20170308154956634,-3.03066787719727
20170308154956635,-0.535855865478516
20170308154956636,0.135530853271484
20170308154956637,-3.00777969360352
20170308154956638,-0.604520416259766
20170308154956639,0.257601165771484
20170308154956640,-2.91622695922852
20170308154956641,-0.528226470947266
20170308154956642,0.333895111083984
20170308154956643,-2.97726211547852
20170308154956644,-0.413785552978516
20170308154956645,0.0668663024902344
20170308154956646,-2.96200332641602
20170308154956647,-0.345121002197266
20170308154956648,0.0287193298339844
20170308154956649,-2.90859756469727
20170308154956650,-0.406156158447266
20170308154956651,0.188936614990234
20170308154956652,-2.91622695922852
20170308154956653,-0.314603424072266
20170308154956654,-0.131497955322266
20170308154956655,-2.96963272094727
20170308154956656,0.127901458740234
20170308154956657,-0.451932525634766
20170308154956658,-2.86282119750977
20170308154956659,0.326265716552734
20170308154956660,-0.718961334228516
20170308154956661,-2.92385635375977
20170308154956662,0.593294525146484
20170308154956663,-1.02413711547852
20170308154956664,-2.82467422485352
20170308154956665,0.928987884521484
20170308154956666,-1.28353652954102
20170308154956667,-2.70260391235352
20170308154956668,0.990023040771484
20170308154956669,-1.42086563110352
20170308154956670,-2.54238662719727
20170308154956671,0.753511810302734
20170308154956672,-1.81759414672852
20170308154956673,-2.26009902954102
20170308154956674,0.669588470458984
20170308154956675,-1.88625869750977
20170308154956676,-2.16091690063477
20170308154956677,0.738253021240234
20170308154956678,-2.08462295532227
20170308154956679,-2.09225234985352
20170308154956680,0.761141204833984
20170308154956681,-2.11514053344727
20170308154956682,-2.00832901000977
20170308154956683,0.814546966552734
20170308154956684,-2.03884658813477
20170308154956685,-1.89388809204102
20170308154956686,0.875582122802734
20170308154956687,-2.20669326782227
20170308154956688,-1.80996475219727
20170308154956689,0.692476654052734
20170308154956690,-2.34402236938477
20170308154956691,-1.65737686157227
20170308154956692,0.776399993896484
20170308154956693,-2.45846328735352
20170308154956694,-1.54293594360352
20170308154956695,0.570406341552734
20170308154956696,-2.70260391235352
20170308154956697,-1.39034805297852
20170308154956698,0.585665130615234
20170308154956699,-3.00015029907227
20170308154956700,-1.13094863891602
20170308154956701,0.494112396240234
20170308154956702,-2.96200332641602
20170308154956703,-0.902066802978516
20170308154956704,0.410189056396484
20170308154956705,-3.00015029907227
20170308154956706,-0.688443756103516
20170308154956707,0.471224212646484
20170308154956708,-2.94674453735352
20170308154956709,-0.352750396728516
20170308154956710,0.105013275146484
20170308154956711,-2.93148574829102
20170308154956712,-0.551114654541016
20170308154956713,0.112642669677734
20170308154956714,-3.00015029907227
20170308154956715,-0.345121002197266
20170308154956716,-0.0017982482910156
20170308154956717,-2.93148574829102
20170308154956718,-0.284085845947266
20170308154956719,0.0744956970214844
20170308154956720,-2.95437393188477
20170308154956721,-0.291715240478516
20170308154956722,-0.100980377197266
20170308154956723,-2.95437393188477
20170308154956724,-0.352750396728516
20170308154956725,0.0821250915527344
20170308154956726,-2.90859756469727
20170308154956727,-0.863919830322266
20170308154956728,0.265230560302734
20170308154956729,-2.99252090454102
20170308154956730,-0.749478912353516
20170308154956731,0.494112396240234
20170308154956732,-2.97726211547852
20170308154956733,-0.543485260009766
20170308154956734,0.295748138427734
20170308154956735,-2.95437393188477
20170308154956736,-0.749478912353516
20170308154956737,0.349153900146484
20170308154956738,-2.94674453735352
20170308154956739,-0.886808013916016
20170308154956740,0.379671478271484
20170308154956741,-2.97726211547852
20170308154956742,-0.764737701416016
20170308154956743,0.356783294677734
20170308154956744,-2.95437393188477
20170308154956745,-0.871549224853516
20170308154956746,0.265230560302734
20170308154956747,-2.93911514282227
20170308154956748,-0.863919830322266
20170308154956749,0.402559661865234
20170308154956750,-2.92385635375977
20170308154956751,-0.955472564697266
20170308154956752,0.433077239990234
20170308154956753,-2.90859756469727
20170308154956754,-1.00887832641602
20170308154956755,0.463594818115234
20170308154956756,-3.00777969360352
20170308154956757,-1.12331924438477
20170308154956758,0.517000579833984
20170308154956759,-3.01540908813477
20170308154956760,-1.13094863891602
20170308154956761,0.623812103271484
20170308154956762,-2.91622695922852
20170308154956763,-1.04702529907227
20170308154956764,0.433077239990234
20170308154956765,-2.96200332641602
20170308154956766,-1.03939590454102
20170308154956767,0.394930267333984
20170308154956768,-2.96200332641602
20170308154956769,-1.04702529907227
20170308154956770,0.532259368896484
20170308154956771,-2.88570938110352
20170308154956772,-1.24538955688477
20170308154956773,0.585665130615234
20170308154956774,-2.56527481079102
20170308154956775,-1.51241836547852
20170308154956776,0.646700286865234
20170308154956777,-2.64156875610352
20170308154956778,-1.49715957641602
20170308154956779,0.547518157958984
20170308154956780,-2.74075088500977
20170308154956781,-1.40560684204102
20170308154956782,0.623812103271484
20170308154956783,-2.65682754516602
20170308154956784,-1.43612442016602
20170308154956785,0.860323333740234
20170308154956786,-2.64156875610352
20170308154956787,-1.15383682250977
20170308154956788,0.814546966552734
20170308154956789,-2.76363906860352
20170308154956790,-1.23776016235352
20170308154956791,0.585665130615234
20170308154956792,-2.93148574829102
20170308154956793,-1.13857803344727
20170308154956794,0.517000579833984
20170308154956795,-3.01540908813477
20170308154956796,-0.909696197509766
20170308154956797,0.562776947021484
20170308154956798,-3.01540908813477
20170308154956799,-0.749478912353516
20170308154956800,0.333895111083984
20170308154956801,-2.89333877563477
20170308154956802,-0.680814361572266
20170308154956803,0.318636322021484
20170308154956804,-2.90859756469727
20170308154956805,-0.749478912353516
20170308154956806,0.585665130615234
20170308154956807,-2.99252090454102
20170308154956808,-0.642667388916016
20170308154956809,0.265230560302734
20170308154956810,-2.99252090454102
20170308154956811,-0.436673736572266
20170308154956812,0.173677825927734
20170308154956813,-2.92385635375977
20170308154956814,-0.352750396728516
20170308154956815,0.242342376708984
20170308154956816,-2.88570938110352
20170308154956817,-0.0552040100097656
20170308154956818,-0.268827056884766
20170308154956819,-2.82467422485352
20170308154956820,-0.0704627990722656
20170308154956821,-0.284085845947266
20170308154956822,-2.96200332641602
20170308154956823,0.257601165771484
20170308154956824,-0.383267974853516
20170308154956825,-2.90096817016602
20170308154956826,0.425447845458984
20170308154956827,-0.802884674072266
20170308154956828,-2.86282119750977
20170308154956829,0.753511810302734
20170308154956830,-0.886808013916016
20170308154956831,-2.83230361938477
20170308154956832,0.829805755615234
20170308154956833,-0.970731353759766
20170308154956834,-2.71023330688477
20170308154956835,0.822176361083984
20170308154956836,-1.10806045532227
20170308154956837,-2.62630996704102
20170308154956838,0.822176361083984
20170308154956839,-1.42086563110352
20170308154956840,-2.55764541625977
20170308154956841,0.829805755615234
20170308154956842,-1.53530654907227
20170308154956843,-2.55764541625977
20170308154956844,0.700106048583984
20170308154956845,-1.53530654907227
20170308154956846,-2.43557510375977
20170308154956847,0.791658782958984
20170308154956848,-1.52004776000977
20170308154956849,-2.44320449829102
20170308154956850,0.669588470458984
20170308154956851,-1.61160049438477
20170308154956852,-2.37453994750977
20170308154956853,0.890840911865234
20170308154956854,-1.74130020141602
20170308154956855,-2.42794570922852
20170308154956856,0.738253021240234
20170308154956857,-1.74892959594727
20170308154956858,-2.34402236938477
20170308154956859,0.867952728271484
20170308154956860,-1.71078262329102
20170308154956861,-2.33639297485352
20170308154956862,0.654329681396484
20170308154956863,-1.70315322875977
20170308154956864,-2.29061660766602
20170308154956865,0.623812103271484
20170308154956866,-1.74130020141602
20170308154956867,-2.40505752563477
20170308154956868,0.654329681396484
20170308154956869,-1.70315322875977
20170308154956870,-2.38979873657227
20170308154956871,0.661959075927734
20170308154956872,-1.80996475219727
20170308154956873,-2.24484024047852
20170308154956874,0.722994232177734
20170308154956875,-1.96255264282227
20170308154956876,-2.06936416625977
20170308154956877,0.753511810302734
20170308154956878,-2.05410537719727
20170308154956879,-2.00069961547852
20170308154956880,0.753511810302734
20170308154956881,-2.16091690063477
20170308154956882,-1.95492324829102
20170308154956883,0.753511810302734
20170308154956884,-2.19906387329102
20170308154956885,-1.85574111938477
20170308154956886,0.959505462646484
20170308154956887,-2.29061660766602
20170308154956888,-1.80996475219727
20170308154956889,0.845064544677734
20170308154956890,-2.29824600219727
20170308154956891,-1.69552383422852
20170308154956892,0.906099700927734
20170308154956893,-2.26009902954102
20170308154956894,-1.68026504516602
20170308154956895,0.722994232177734
20170308154956896,-2.45846328735352
20170308154956897,-1.63448867797852
20170308154956898,0.608553314208984
20170308154956899,-2.44320449829102
20170308154956900,-1.48190078735352
20170308154956901,0.806917572021484
20170308154956902,-2.60342178344727
20170308154956903,-1.46664199829102
20170308154956904,0.616182708740234
20170308154956905,-2.60342178344727
20170308154956906,-1.47427139282227
20170308154956907,0.578035736083984
20170308154956908,-2.60342178344727
20170308154956909,-1.48190078735352
20170308154956910,0.593294525146484
20170308154956911,-2.80941543579102
20170308154956912,-1.27590713500977
20170308154956913,0.585665130615234
20170308154956914,-2.93911514282227
20170308154956915,-1.21487197875977
20170308154956916,0.524629974365234
20170308154956917,-2.87045059204102
20170308154956918,-1.16909561157227
20170308154956919,0.532259368896484
20170308154956920,-2.87807998657227
20170308154956921,-1.16146621704102
20170308154956922,0.646700286865234
20170308154956923,-2.98489151000977
20170308154956924,-1.06228408813477
20170308154956925,0.463594818115234
20170308154956926,-2.97726211547852
20170308154956927,-0.841031646728516
20170308154956928,0.631441497802734
20170308154956929,-2.93148574829102
20170308154956930,-0.841031646728516
20170308154956931,0.440706634521484
20170308154956932,-2.94674453735352
20170308154956933,-0.512967681884766
20170308154956934,0.234712982177734
20170308154956935,-2.94674453735352
20170308154956936,-0.627408599853516
20170308154956937,0.349153900146484
20170308154956938,-2.94674453735352
20170308154956939,-0.390897369384766
20170308154956940,0.181307220458984
20170308154956941,-2.90096817016602
20170308154956942,-0.482450103759766
20170308154956943,0.242342376708984
20170308154956944,-2.99252090454102
20170308154956945,-0.390897369384766
20170308154956946,-0.0628334045410156
20170308154956947,-2.90859756469727
20170308154956948,-0.200162506103516
20170308154956949,-0.207791900634766
20170308154956950,-2.95437393188477
20170308154956951,0.0210899353027344
20170308154956952,-0.360379791259766
20170308154956953,-2.91622695922852
20170308154956954,0.188936614990234
20170308154956955,-0.474820709228516
20170308154956956,-2.90096817016602
20170308154956957,0.486483001708984
20170308154956958,-0.680814361572266
20170308154956959,-2.83993301391602
20170308154956960,0.379671478271484
20170308154956961,-0.757108306884766
20170308154956962,-2.86282119750977
20170308154956963,0.928987884521484
20170308154956964,-1.10806045532227
20170308154956965,-2.65682754516602
20170308154956966,0.745882415771484
20170308154956967,-1.22250137329102
20170308154956968,-2.57290420532227
20170308154956969,0.890840911865234
20170308154956970,-1.61922988891602
20170308154956971,-2.51186904907227
20170308154956972,0.677217864990234
20170308154956973,-1.66500625610352
20170308154956974,-2.45846328735352
20170308154956975,0.722994232177734
20170308154956976,-1.58108291625977
20170308154956977,-2.50423965454102
20170308154956978,0.722994232177734
20170308154956979,-1.68026504516602
20170308154956980,-2.32113418579102
20170308154956981,0.745882415771484
20170308154956982,-1.93203506469727
20170308154956983,-2.16854629516602
20170308154956984,0.730623626708984
20170308154956985,-2.06173477172852
20170308154956986,-2.01595840454102
20170308154956987,0.845064544677734
20170308154956988,-2.12276992797852
20170308154956989,-1.98544082641602
20170308154956990,0.692476654052734
20170308154956991,-2.32113418579102
20170308154956992,-1.74130020141602
20170308154956993,0.845064544677734
20170308154956994,-2.47372207641602
20170308154956995,-1.51241836547852
20170308154956996,0.669588470458984
20170308154956997,-2.49661026000977
20170308154956998,-1.50478897094727
20170308154956999,0.600923919677734
20170308154957000,-2.48898086547852
20170308154957001,-1.71841201782227
20170308154957002,0.623812103271484
20170308154957003,-2.47372207641602
20170308154957004,-1.53530654907227
20170308154957005,0.692476654052734
20170308154957006,-2.54238662719727
20170308154957007,-1.50478897094727
20170308154957008,0.738253021240234
20170308154957009,-2.65682754516602
20170308154957010,-1.39034805297852
20170308154957011,0.593294525146484
20170308154957012,-2.83230361938477
20170308154957013,-1.44375381469727
20170308154957014,0.646700286865234
20170308154957015,-2.65682754516602
20170308154957016,-1.29879531860352
20170308154957017,0.707735443115234
20170308154957018,-2.84756240844727
20170308154957019,-1.07754287719727
20170308154957020,0.707735443115234
20170308154957021,-2.86282119750977
20170308154957022,-1.24538955688477
20170308154957023,0.593294525146484
20170308154957024,-2.93148574829102
20170308154957025,-1.13094863891602
20170308154957026,0.433077239990234
20170308154957027,-2.86282119750977
20170308154957028,-1.12331924438477
20170308154957029,0.646700286865234
20170308154957030,-2.93148574829102
20170308154957031,-1.19961318969727
20170308154957032,0.517000579833984
20170308154957033,-2.99252090454102
20170308154957034,-1.00887832641602
20170308154957035,0.478853607177734
20170308154957036,-2.93911514282227
20170308154957037,-1.10043106079102
20170308154957038,0.455965423583984
20170308154957039,-2.97726211547852
20170308154957040,-0.940213775634766
20170308154957041,0.349153900146484
20170308154957042,-2.90859756469727
20170308154957043,-0.970731353759766
20170308154957044,0.562776947021484
20170308154957045,-2.95437393188477
20170308154957046,-0.711331939697266
20170308154957047,0.387300872802734
20170308154957048,-2.96200332641602
20170308154957049,-0.871549224853516
20170308154957050,0.440706634521484
20170308154957051,-2.90096817016602
20170308154957052,-0.947843170166016
20170308154957053,0.684847259521484
20170308154957054,-2.87045059204102
20170308154957055,-1.05465469360352
20170308154957056,0.425447845458984
20170308154957057,-2.87807998657227
20170308154957058,-1.07754287719727
20170308154957059,0.509371185302734
20170308154957060,-2.86282119750977
20170308154957061,-1.12331924438477
20170308154957062,0.631441497802734
20170308154957063,-2.92385635375977
20170308154957064,-1.01650772094727
20170308154957065,0.486483001708984
20170308154957066,-2.85519180297852
20170308154957067,-1.10043106079102
20170308154957068,0.616182708740234
20170308154957069,-2.83230361938477
20170308154957070,-1.21487197875977
20170308154957071,0.547518157958984
20170308154957072,-2.80178604125977
20170308154957073,-1.33694229125977
20170308154957074,0.539888763427734
20170308154957075,-2.71786270141602
20170308154957076,-1.44375381469727
20170308154957077,0.562776947021484
20170308154957078,-2.81704483032227
20170308154957079,-1.32931289672852
20170308154957080,0.562776947021484
20170308154957081,-2.83230361938477
20170308154957082,-1.19961318969727
20170308154957083,0.547518157958984
20170308154957084,-2.83993301391602
20170308154957085,-1.17672500610352
20170308154957086,0.501741790771484
20170308154957087,-2.86282119750977
20170308154957088,-1.16909561157227
20170308154957089,0.509371185302734
20170308154957090,-2.83230361938477
20170308154957091,-1.23013076782227
20170308154957092,0.707735443115234
20170308154957093,-2.93911514282227
20170308154957094,-1.10806045532227
20170308154957095,0.524629974365234
20170308154957096,-2.91622695922852
20170308154957097,-0.352750396728516
20170308154957098,0.242342376708984
20170308154957099,-2.93148574829102
20170308154957100,-0.345121002197266
20170308154957101,0.242342376708984
20170308154957102,-2.95437393188477
20170308154957103,-0.268827056884766
20170308154957104,-0.0399452209472656
20170308154957105,-2.93911514282227
20170308154957106,0.204195404052734
20170308154957107,-0.207791900634766
20170308154957108,-2.88570938110352
20170308154957109,0.0058311462402344
20170308154957110,-0.429044342041016
20170308154957111,-2.93911514282227
20170308154957112,0.280489349365234
20170308154957113,-0.581632232666016
20170308154957114,-2.91622695922852
20170308154957115,0.532259368896484
20170308154957116,-0.871549224853516
20170308154957117,-2.80178604125977
20170308154957118,0.509371185302734
20170308154957119,-0.703702545166016
20170308154957120,-2.85519180297852
20170308154957121,0.707735443115234
20170308154957122,-1.08517227172852
20170308154957123,-2.77126846313477
20170308154957124,0.860323333740234
20170308154957125,-1.24538955688477
20170308154957126,-2.56527481079102
20170308154957127,0.845064544677734
20170308154957128,-1.60397109985352
20170308154957129,-2.38979873657227
20170308154957130,0.837435150146484
20170308154957131,-1.77944717407227
20170308154957132,-2.20669326782227
20170308154957133,0.768770599365234
20170308154957134,-1.98544082641602
20170308154957135,-2.13039932250977
20170308154957136,0.791658782958984
20170308154957137,-1.99307022094727
20170308154957138,-2.03121719360352
20170308154957139,0.646700286865234
20170308154957140,-2.00069961547852
20170308154957141,-1.91677627563477
20170308154957142,0.852693939208984
20170308154957143,-2.16091690063477
20170308154957144,-1.73367080688477
20170308154957145,0.791658782958984
20170308154957146,-2.45083389282227
20170308154957147,-1.65737686157227
20170308154957148,0.722994232177734
20170308154957149,-2.48135147094727
20170308154957150,-1.63448867797852
20170308154957151,0.799288177490234
20170308154957152,-2.71023330688477
20170308154957153,-1.13857803344727
20170308154957154,0.600923919677734
20170308154957155,-2.94674453735352
20170308154957156,-1.31405410766602
20170308154957157,0.532259368896484
20170308154957158,-2.96963272094727
20170308154957159,-1.13094863891602
20170308154957160,0.463594818115234
20170308154957161,-2.90096817016602
20170308154957162,-1.06228408813477
20170308154957163,0.517000579833984
20170308154957164,-3.03066787719727
20170308154957165,-0.894437408447266
20170308154957166,0.417818450927734
20170308154957167,-2.92385635375977
20170308154957168,-0.833402252197266
20170308154957169,0.463594818115234
20170308154957170,-2.89333877563477
20170308154957171,-0.749478912353516
20170308154957172,0.478853607177734
20170308154957173,-2.95437393188477
20170308154957174,-0.581632232666016
20170308154957175,0.272859954833984
20170308154957176,-2.95437393188477
20170308154957177,-0.703702545166016
20170308154957178,0.349153900146484
20170308154957179,-3.00777969360352
20170308154957180,-0.650296783447266
20170308154957181,0.318636322021484
20170308154957182,-2.91622695922852
20170308154957183,-0.810514068603516
20170308154957184,0.425447845458984
20170308154957185,-2.89333877563477
20170308154957186,-0.757108306884766
20170308154957187,0.333895111083984
20170308154957188,-2.89333877563477
20170308154957189,-0.726590728759766
20170308154957190,0.311006927490234
20170308154957191,-2.92385635375977
20170308154957192,-0.848661041259766
20170308154957193,0.402559661865234
20170308154957194,-3.00015029907227
20170308154957195,-0.612149810791016
20170308154957196,0.303377532958984
20170308154957197,-2.87807998657227
20170308154957198,-0.718961334228516
20170308154957199,0.349153900146484
20170308154957200,-2.89333877563477
20170308154957201,-0.711331939697266
20170308154957202,0.349153900146484
20170308154957203,-2.93148574829102
20170308154957204,-0.673184967041016
20170308154957205,0.379671478271484
20170308154957206,-2.93911514282227
20170308154957207,-0.673184967041016
20170308154957208,0.318636322021484
20170308154957209,-3.02303848266602
20170308154957210,-0.574002838134766
20170308154957211,0.188936614990234
20170308154957212,-2.97726211547852
20170308154957213,-0.444303131103516
20170308154957214,0.326265716552734
20170308154957215,-2.95437393188477
20170308154957216,-0.436673736572266
20170308154957217,0.143160247802734
20170308154957218,-2.85519180297852
20170308154957219,-0.429044342041016
20170308154957220,0.303377532958984
20170308154957221,-2.83230361938477
20170308154957222,-0.490079498291016
20170308154957223,0.249971771240234
20170308154957224,-2.84756240844727
20170308154957225,-0.566373443603516
20170308154957226,0.295748138427734
20170308154957227,-2.90096817016602
20170308154957228,-0.551114654541016
20170308154957229,0.257601165771484
20170308154957230,-2.87045059204102
20170308154957231,-0.505338287353516
20170308154957232,0.364412689208984
20170308154957233,-2.87045059204102
20170308154957234,-0.520597076416016
20170308154957235,0.188936614990234
20170308154957236,-2.93148574829102
20170308154957237,-0.467191314697266
20170308154957238,0.242342376708984
20170308154957239,-2.96200332641602
20170308154957240,-0.482450103759766
20170308154957241,0.135530853271484
20170308154957242,-2.87807998657227
20170308154957243,-0.413785552978516
20170308154957244,0.249971771240234
20170308154957245,-2.96200332641602
20170308154957246,-0.512967681884766
20170308154957247,0.166048431396484
20170308154957248,-3.03066787719727
20170308154957249,-0.284085845947266
20170308154957250,-0.0246864318847656
20170308154957251,-2.89333877563477
20170308154957252,-0.337491607666016
20170308154957253,0.105013275146484
20170308154957254,-2.89333877563477
20170308154957255,-0.329862213134766
20170308154957256,-0.108609771728516
20170308154957257,-2.96963272094727
20170308154957258,-0.329862213134766
20170308154957259,-0.100980377197266
20170308154957260,-2.87045059204102
20170308154957261,-0.299344635009766
20170308154957262,-0.0094276428222656
20170308154957263,-2.90859756469727
20170308154957264,-0.123868560791016
20170308154957265,-0.215421295166016
20170308154957266,-2.86282119750977
20170308154957267,0.143160247802734
20170308154957268,-0.322232818603516
20170308154957269,-2.89333877563477
20170308154957270,-0.0780921936035156
20170308154957271,-0.291715240478516
20170308154957272,-2.86282119750977
20170308154957273,0.0821250915527344
20170308154957274,-0.368009185791016
20170308154957275,-2.86282119750977
20170308154957276,0.0744956970214844
20170308154957277,-0.375638580322266
20170308154957278,-2.96200332641602
20170308154957279,0.288118743896484
20170308154957280,-0.360379791259766
20170308154957281,-2.80941543579102
20170308154957282,0.272859954833984
20170308154957283,-0.581632232666016
20170308154957284,-2.84756240844727
20170308154957285,0.539888763427734
20170308154957286,-0.528226470947266
20170308154957287,-2.86282119750977
20170308154957288,0.524629974365234
20170308154957289,-0.558744049072266
20170308154957290,-2.79415664672852
20170308154957291,0.402559661865234
20170308154957292,-0.703702545166016
20170308154957293,-2.83230361938477
20170308154957294,0.623812103271484
20170308154957295,-0.795255279541016
20170308154957296,-2.82467422485352
20170308154957297,0.692476654052734
20170308154957298,-0.619779205322266
20170308154957299,-2.78652725219727
20170308154957300,0.730623626708984
20170308154957301,-1.00887832641602
20170308154957302,-2.72549209594727
20170308154957303,0.875582122802734
20170308154957304,-1.34457168579102
20170308154957305,-2.54238662719727
20170308154957306,0.814546966552734
20170308154957307,-1.32168350219727
20170308154957308,-2.62630996704102
20170308154957309,0.875582122802734
20170308154957310,-1.60397109985352
20170308154957311,-2.29824600219727
20170308154957312,0.768770599365234
20170308154957313,-1.83285293579102
20170308154957314,-2.25246963500977
20170308154957315,0.745882415771484
20170308154957316,-1.79470596313477
20170308154957317,-2.19143447875977
20170308154957318,0.669588470458984
20170308154957319,-1.86337051391602
20170308154957320,-2.14565811157227
20170308154957321,0.776399993896484
20170308154957322,-2.09988174438477
20170308154957323,-1.99307022094727
20170308154957324,0.776399993896484
20170308154957325,-2.22958145141602
20170308154957326,-1.84048233032227
20170308154957327,0.661959075927734
20170308154957328,-2.28298721313477
20170308154957329,-1.76418838500977
20170308154957330,0.829805755615234
20170308154957331,-2.39742813110352
20170308154957332,-1.53530654907227
20170308154957333,0.700106048583984
20170308154957334,-2.57290420532227
20170308154957335,-1.39034805297852
20170308154957336,0.738253021240234
20170308154957337,-2.55001602172852
20170308154957338,-1.34457168579102
20170308154957339,0.784029388427734
20170308154957340,-2.71786270141602
20170308154957341,-1.35983047485352
20170308154957342,0.585665130615234
20170308154957343,-2.90096817016602
20170308154957344,-1.10806045532227
20170308154957345,0.509371185302734
20170308154957346,-2.94674453735352
20170308154957347,-1.12331924438477
20170308154957348,0.593294525146484
20170308154957349,-2.94674453735352
20170308154957350,-1.03939590454102
20170308154957351,0.623812103271484
20170308154957352,-2.88570938110352
20170308154957353,-1.03939590454102
20170308154957354,0.501741790771484
20170308154957355,-2.90859756469727
20170308154957356,-0.787625885009766
20170308154957357,0.402559661865234
20170308154957358,-2.90096817016602
20170308154957359,-0.955472564697266
20170308154957360,0.600923919677734
20170308154957361,-2.93148574829102
20170308154957362,-0.871549224853516
20170308154957363,0.425447845458984
20170308154957364,-2.88570938110352
20170308154957365,-1.04702529907227
20170308154957366,0.425447845458984
20170308154957367,-2.90096817016602
20170308154957368,-1.13857803344727
20170308154957369,0.539888763427734
20170308154957370,-2.94674453735352
20170308154957371,-1.15383682250977
20170308154957372,0.486483001708984
20170308154957373,-2.91622695922852
20170308154957374,-1.07754287719727
20170308154957375,0.486483001708984
20170308154957376,-3.02303848266602
20170308154957377,-0.947843170166016
20170308154957378,0.661959075927734
20170308154957379,-2.93911514282227
20170308154957380,-0.863919830322266
20170308154957381,0.425447845458984
20170308154957382,-2.87045059204102
20170308154957383,-1.10043106079102
20170308154957384,0.677217864990234
20170308154957385,-2.90859756469727
20170308154957386,-0.924954986572266
20170308154957387,0.417818450927734
20170308154957388,-2.87807998657227
20170308154957389,-0.871549224853516
20170308154957390,0.608553314208984
20170308154957391,-2.92385635375977
20170308154957392,-0.841031646728516
20170308154957393,0.425447845458984
20170308154957394,-2.94674453735352
20170308154957395,-0.825772857666016
20170308154957396,0.356783294677734
20170308154957397,-2.96200332641602
20170308154957398,-0.795255279541016
20170308154957399,0.600923919677734
20170308154957400,-2.90859756469727
20170308154957401,-0.688443756103516
20170308154957402,0.326265716552734
20170308154957403,-2.91622695922852
20170308154957404,-0.848661041259766
20170308154957405,0.509371185302734
20170308154957406,-2.89333877563477
20170308154957407,-0.665555572509766
20170308154957408,0.394930267333984
20170308154957409,-2.86282119750977
20170308154957410,-0.627408599853516
20170308154957411,0.303377532958984
20170308154957412,-2.99252090454102
20170308154957413,-0.612149810791016
20170308154957414,0.333895111083984
20170308154957415,-2.93148574829102
20170308154957416,-0.505338287353516
20170308154957417,0.166048431396484
20170308154957418,-2.94674453735352
20170308154957419,-0.375638580322266
20170308154957420,0.0668663024902344
20170308154957421,-2.97726211547852
20170308154957422,-0.200162506103516
20170308154957423,-0.207791900634766
20170308154957424,-2.87045059204102
20170308154957425,-0.0094276428222656
20170308154957426,-0.276456451416016
20170308154957427,-2.88570938110352
20170308154957428,0.204195404052734
20170308154957429,-0.520597076416016
20170308154957430,-2.85519180297852
20170308154957431,0.570406341552734
20170308154957432,-0.680814361572266
20170308154957433,-2.78652725219727
20170308154957434,0.722994232177734
20170308154957435,-0.596891021728516
20170308154957436,-2.80941543579102
20170308154957437,0.356783294677734
20170308154957438,-0.726590728759766
20170308154957439,-2.83993301391602
20170308154957440,0.623812103271484
20170308154957441,-0.902066802978516
20170308154957442,-2.74075088500977
20170308154957443,0.684847259521484
20170308154957444,-1.01650772094727
20170308154957445,-2.83230361938477
20170308154957446,0.814546966552734
20170308154957447,-1.02413711547852
20170308154957448,-2.72549209594727
20170308154957449,0.806917572021484
20170308154957450,-1.26064834594727
20170308154957451,-2.62630996704102
20170308154957452,1.05868759155273
20170308154957453,-1.16909561157227
20170308154957454,-2.67971572875977
20170308154957455,0.768770599365234
20170308154957456,-1.35220108032227
20170308154957457,-2.61105117797852
20170308154957458,0.722994232177734
20170308154957459,-1.64211807250977
20170308154957460,-2.46609268188477
20170308154957461,0.715364837646484
20170308154957462,-1.80996475219727
20170308154957463,-2.26772842407227
20170308154957464,0.791658782958984
20170308154957465,-1.79470596313477
20170308154957466,-2.27535781860352
20170308154957467,0.669588470458984
20170308154957468,-2.03121719360352
20170308154957469,-2.06173477172852
20170308154957470,0.730623626708984
20170308154957471,-2.15328750610352
20170308154957472,-1.95492324829102
20170308154957473,0.951876068115234
20170308154957474,-2.16854629516602
20170308154957475,-1.89388809204102
20170308154957476,0.745882415771484
20170308154957477,-2.40505752563477
20170308154957478,-1.60397109985352
20170308154957479,0.715364837646484
20170308154957480,-2.72549209594727
20170308154957481,-1.39034805297852
20170308154957482,0.661959075927734
20170308154957483,-2.77889785766602
20170308154957484,-1.22250137329102
20170308154957485,0.631441497802734
20170308154957486,-2.74838027954102
20170308154957487,-1.32168350219727
20170308154957488,0.822176361083984
20170308154957489,-2.77889785766602
20170308154957490,-1.31405410766602
20170308154957491,0.593294525146484
20170308154957492,-2.82467422485352
20170308154957493,-1.27590713500977
20170308154957494,0.745882415771484
20170308154957495,-2.95437393188477
20170308154957496,-1.22250137329102
20170308154957497,0.593294525146484
20170308154957498,-2.97726211547852
20170308154957499,-1.06228408813477
20170308154957500,0.364412689208984
20170308154957501,-2.96200332641602
20170308154957502,-0.924954986572266
20170308154957503,0.471224212646484
20170308154957504,-2.93911514282227
20170308154957505,-0.947843170166016
20170308154957506,0.646700286865234
20170308154957507,-2.90859756469727
20170308154957508,-1.01650772094727
20170308154957509,0.433077239990234
20170308154957510,-2.96200332641602
20170308154957511,-1.21487197875977
20170308154957512,0.600923919677734
20170308154957513,-2.83993301391602
20170308154957514,-1.10806045532227
20170308154957515,0.494112396240234
20170308154957516,-2.91622695922852
20170308154957517,-1.13857803344727
20170308154957518,0.463594818115234
20170308154957519,-2.86282119750977
20170308154957520,-1.13857803344727
20170308154957521,0.547518157958984
20170308154957522,-3.00777969360352
20170308154957523,-0.703702545166016
20170308154957524,0.387300872802734
20170308154957525,-2.94674453735352
20170308154957526,-0.680814361572266
20170308154957527,0.288118743896484
20170308154957528,-2.97726211547852
20170308154957529,-0.932584381103516
20170308154957530,0.364412689208984
20170308154957531,-2.98489151000977
20170308154957532,-0.940213775634766
20170308154957533,0.402559661865234
20170308154957534,-2.93911514282227
20170308154957535,-0.963101959228516
20170308154957536,0.501741790771484
20170308154957537,-2.94674453735352
20170308154957538,-0.917325592041016
20170308154957539,0.478853607177734
20170308154957540,-3.02303848266602
20170308154957541,-0.673184967041016
20170308154957542,0.501741790771484
20170308154957543,-2.94674453735352
20170308154957544,-0.795255279541016
20170308154957545,0.379671478271484
20170308154957546,-2.93911514282227
20170308154957547,-0.688443756103516
20170308154957548,0.295748138427734
20170308154957549,-2.88570938110352
20170308154957550,-0.680814361572266
20170308154957551,0.333895111083984
20170308154957552,-2.82467422485352
20170308154957553,-0.833402252197266
20170308154957554,0.593294525146484
20170308154957555,-2.93911514282227
20170308154957556,-0.863919830322266
20170308154957557,0.562776947021484
20170308154957558,-2.84756240844727
20170308154957559,-0.848661041259766
20170308154957560,0.265230560302734
20170308154957561,-2.92385635375977
20170308154957562,-0.810514068603516
20170308154957563,0.455965423583984
20170308154957564,-2.93911514282227
20170308154957565,-0.680814361572266
20170308154957566,0.272859954833984
20170308154957567,-2.93148574829102
20170308154957568,-0.619779205322266
20170308154957569,0.288118743896484
20170308154957570,-2.90859756469727
20170308154957571,-0.619779205322266
20170308154957572,0.318636322021484
20170308154957573,-2.94674453735352
20170308154957574,-0.726590728759766
20170308154957575,0.356783294677734
20170308154957576,-2.98489151000977
20170308154957577,-0.802884674072266
20170308154957578,0.372042083740234
20170308154957579,-3.00015029907227
20170308154957580,-0.459561920166016
20170308154957581,0.234712982177734
20170308154957582,-2.91622695922852
20170308154957583,-0.413785552978516
20170308154957584,0.135530853271484
20170308154957585,-2.90096817016602
20170308154957586,-0.223050689697266
20170308154957587,-0.0704627990722656
20170308154957588,-2.90096817016602
20170308154957589,-0.184903717041016
20170308154957590,-0.207791900634766
20170308154957591,-2.93148574829102
20170308154957592,0.0973838806152344
20170308154957593,-0.131497955322266
20170308154957594,-2.91622695922852
20170308154957595,0.0210899353027344
20170308154957596,-0.207791900634766
20170308154957597,-2.87807998657227
20170308154957598,0.501741790771484
20170308154957599,-0.535855865478516
20170308154957600,-2.83230361938477
20170308154957601,0.303377532958984
20170308154957602,-0.612149810791016
20170308154957603,-2.82467422485352
20170308154957604,0.623812103271484
20170308154957605,-0.596891021728516
20170308154957606,-2.77889785766602
20170308154957607,0.600923919677734
20170308154957608,-0.833402252197266
20170308154957609,-2.83230361938477
20170308154957610,0.539888763427734
20170308154957611,-0.902066802978516
20170308154957612,-2.79415664672852
20170308154957613,0.600923919677734
20170308154957614,-0.902066802978516
20170308154957615,-2.87807998657227
20170308154957616,0.753511810302734
20170308154957617,-0.932584381103516
20170308154957618,-2.83230361938477
20170308154957619,0.768770599365234
20170308154957620,-1.06991348266602
20170308154957621,-2.74838027954102
20170308154957622,0.944246673583984
20170308154957623,-1.14620742797852
20170308154957624,-2.69497451782227
20170308154957625,0.829805755615234
20170308154957626,-1.23013076782227
20170308154957627,-2.63393936157227
20170308154957628,0.730623626708984
20170308154957629,-1.30642471313477
20170308154957630,-2.65682754516602
20170308154957631,0.829805755615234
20170308154957632,-1.43612442016602
20170308154957633,-2.54238662719727
20170308154957634,0.768770599365234
20170308154957635,-1.49715957641602
20170308154957636,-2.47372207641602
20170308154957637,0.738253021240234
20170308154957638,-1.56582412719727
20170308154957639,-2.45083389282227
20170308154957640,0.799288177490234
20170308154957641,-1.79470596313477
20170308154957642,-2.20669326782227
20170308154957643,0.707735443115234
20170308154957644,-1.90151748657227
20170308154957645,-2.14565811157227
20170308154957646,0.631441497802734
20170308154957647,-2.21432266235352
20170308154957648,-1.92440567016602
20170308154957649,0.837435150146484
20170308154957650,-2.34402236938477
20170308154957651,-1.84048233032227
20170308154957652,0.654329681396484
20170308154957653,-2.30587539672852
20170308154957654,-1.77944717407227
20170308154957655,0.707735443115234
20170308154957656,-2.35165176391602
20170308154957657,-1.65737686157227
20170308154957658,0.806917572021484
20170308154957659,-2.40505752563477
20170308154957660,-1.55819473266602
20170308154957661,0.616182708740234
20170308154957662,-2.44320449829102
20170308154957663,-1.36745986938477
20170308154957664,0.593294525146484
20170308154957665,-2.57290420532227
20170308154957666,-1.40560684204102
20170308154957667,0.616182708740234
20170308154957668,-2.62630996704102
20170308154957669,-1.41323623657227
20170308154957670,0.715364837646484
20170308154957671,-2.64919815063477
20170308154957672,-1.29116592407227
20170308154957673,0.532259368896484
20170308154957674,-2.68734512329102
20170308154957675,-1.30642471313477
20170308154957676,0.845064544677734
20170308154957677,-2.70260391235352
20170308154957678,-1.44375381469727
20170308154957679,0.555147552490234
20170308154957680,-2.56527481079102
20170308154957681,-1.59634170532227
20170308154957682,0.776399993896484
20170308154957683,-2.61105117797852
20170308154957684,-1.39034805297852
20170308154957685,0.623812103271484
20170308154957686,-2.55764541625977
20170308154957687,-1.47427139282227
20170308154957688,0.822176361083984
20170308154957689,-2.72549209594727
20170308154957690,-1.31405410766602
20170308154957691,0.730623626708984
20170308154957692,-2.75600967407227
20170308154957693,-1.36745986938477
20170308154957694,0.486483001708984
20170308154957695,-2.75600967407227
20170308154957696,-1.21487197875977
20170308154957697,0.547518157958984
20170308154957698,-2.86282119750977
20170308154957699,-1.23013076782227
20170308154957700,0.600923919677734
20170308154957701,-3.02303848266602
20170308154957702,-1.09280166625977
20170308154957703,0.463594818115234
20170308154957704,-2.89333877563477
20170308154957705,-1.06991348266602
20170308154957706,0.562776947021484
20170308154957707,-3.00777969360352
20170308154957708,-0.749478912353516
20170308154957709,0.364412689208984
20170308154957710,-2.90859756469727
20170308154957711,-0.764737701416016
20170308154957712,0.517000579833984
20170308154957713,-2.96200332641602
20170308154957714,-0.589261627197266
20170308154957715,0.242342376708984
20170308154957716,-2.96200332641602
20170308154957717,-0.398526763916016
20170308154957718,0.333895111083984
20170308154957719,-2.94674453735352
20170308154957720,-0.459561920166016
20170308154957721,0.0516075134277344
20170308154957722,-2.93148574829102
20170308154957723,-0.245938873291016
20170308154957724,-0.0857215881347656
20170308154957725,-2.92385635375977
20170308154957726,-0.406156158447266
20170308154957727,-0.108609771728516
20170308154957728,-2.96200332641602
20170308154957729,-0.238309478759766
20170308154957730,-0.245938873291016
20170308154957731,-2.94674453735352
20170308154957732,0.196566009521484
20170308154957733,-0.459561920166016
20170308154957734,-2.87045059204102
20170308154957735,0.555147552490234
20170308154957736,-0.581632232666016
20170308154957737,-2.89333877563477
20170308154957738,0.593294525146484
20170308154957739,-0.818143463134766
20170308154957740,-2.77126846313477
20170308154957741,0.555147552490234
20170308154957742,-0.902066802978516
20170308154957743,-2.83230361938477
20170308154957744,0.875582122802734
20170308154957745,-1.07754287719727
20170308154957746,-2.80178604125977
20170308154957747,0.593294525146484
20170308154957748,-0.978360748291016
20170308154957749,-2.79415664672852
20170308154957750,0.738253021240234
20170308154957751,-1.04702529907227
20170308154957752,-2.74075088500977
20170308154957753,0.913729095458984
20170308154957754,-1.09280166625977
20170308154957755,-2.64156875610352
20170308154957756,0.768770599365234
20170308154957757,-1.20724258422852
20170308154957758,-2.60342178344727
20170308154957759,0.875582122802734
20170308154957760,-1.67263565063477
20170308154957761,-2.35165176391602
20170308154957762,0.738253021240234
20170308154957763,-1.87099990844727
20170308154957764,-2.14565811157227
20170308154957765,0.906099700927734
20170308154957766,-2.06173477172852
20170308154957767,-2.06936416625977
20170308154957768,0.722994232177734
20170308154957769,-2.09988174438477
20170308154957770,-2.00832901000977
20170308154957771,0.646700286865234
20170308154957772,-2.05410537719727
20170308154957773,-2.00832901000977
20170308154957774,0.852693939208984
20170308154957775,-2.24484024047852
20170308154957776,-1.76418838500977
20170308154957777,0.684847259521484
20170308154957778,-2.26772842407227
20170308154957779,-1.73367080688477
20170308154957780,0.715364837646484
20170308154957781,-2.58053359985352
20170308154957782,-1.43612442016602
20170308154957783,0.578035736083984
20170308154957784,-2.77889785766602
20170308154957785,-1.23776016235352
20170308154957786,0.524629974365234
20170308154957787,-2.99252090454102
20170308154957788,-1.03176651000977
20170308154957789,0.654329681396484
20170308154957790,-3.01540908813477
20170308154957791,-0.841031646728516
20170308154957792,0.356783294677734
20170308154957793,-3.00777969360352
20170308154957794,-1.10043106079102
20170308154957795,0.517000579833984
20170308154957796,-2.90859756469727
20170308154957797,-0.924954986572266
20170308154957798,0.463594818115234
20170308154957799,-2.94674453735352
20170308154957800,-0.612149810791016
20170308154957801,0.341524505615234
20170308154957802,-2.90859756469727
20170308154957803,-0.863919830322266
20170308154957804,0.494112396240234
20170308154957805,-2.96963272094727
20170308154957806,-0.635037994384766
20170308154957807,0.311006927490234
20170308154957808,-2.92385635375977
20170308154957809,-0.955472564697266
20170308154957810,0.402559661865234
20170308154957811,-3.00015029907227
20170308154957812,-0.871549224853516
20170308154957813,0.318636322021484
20170308154957814,-2.98489151000977
20170308154957815,-0.871549224853516
20170308154957816,0.555147552490234
20170308154957817,-2.87045059204102
20170308154957818,-0.726590728759766
20170308154957819,0.410189056396484
20170308154957820,-2.91622695922852
20170308154957821,-0.894437408447266
20170308154957822,0.417818450927734
20170308154957823,-2.98489151000977
20170308154957824,-0.810514068603516
20170308154957825,0.288118743896484
20170308154957826,-2.92385635375977
20170308154957827,-1.10806045532227
20170308154957828,0.448336029052734
20170308154957829,-2.91622695922852
20170308154957830,-1.13857803344727
20170308154957831,0.639070892333984
20170308154957832,-2.90096817016602
20170308154957833,-1.14620742797852
20170308154957834,0.524629974365234
20170308154957835,-2.94674453735352
20170308154957836,-0.902066802978516
20170308154957837,0.524629974365234
20170308154957838,-2.95437393188477
20170308154957839,-0.657926177978516
20170308154957840,0.295748138427734
20170308154957841,-2.95437393188477
20170308154957842,-0.779996490478516
20170308154957843,0.394930267333984
20170308154957844,-2.98489151000977
20170308154957845,-0.619779205322266
20170308154957846,0.196566009521484
20170308154957847,-2.93911514282227
20170308154957848,-0.467191314697266
20170308154957849,0.166048431396484
20170308154957850,-2.99252090454102
20170308154957851,-0.451932525634766
20170308154957852,0.0516075134277344
20170308154957853,-2.95437393188477
20170308154957854,-0.375638580322266
20170308154957855,0.0058311462402344
20170308154957856,-3.06881484985352
20170308154957857,-0.345121002197266
20170308154957858,-0.154386138916016
20170308154957859,-2.99252090454102
20170308154957860,-0.322232818603516
20170308154957861,-0.108609771728516
20170308154957862,-2.97726211547852
20170308154957863,-0.276456451416016
20170308154957864,-0.0399452209472656
20170308154957865,-2.87045059204102
20170308154957866,-0.329862213134766
20170308154957867,0.0134605407714844
20170308154957868,-2.94674453735352
20170308154957869,-0.0704627990722656
20170308154957870,-0.223050689697266
20170308154957871,-3.00777969360352
20170308154957872,0.257601165771484
20170308154957873,-0.581632232666016
20170308154957874,-2.83230361938477
20170308154957875,0.455965423583984
20170308154957876,-0.772367095947266
20170308154957877,-2.87807998657227
20170308154957878,0.562776947021484
20170308154957879,-0.726590728759766
20170308154957880,-2.87045059204102
20170308154957881,0.806917572021484
20170308154957882,-0.947843170166016
20170308154957883,-2.79415664672852
20170308154957884,0.776399993896484
20170308154957885,-1.13094863891602
20170308154957886,-2.64919815063477
20170308154957887,0.875582122802734
20170308154957888,-1.40560684204102
20170308154957889,-2.53475723266602
20170308154957890,0.906099700927734
20170308154957891,-1.75655899047852
20170308154957892,-2.19143447875977
20170308154957893,0.883211517333984
20170308154957894,-2.17617568969727
20170308154957895,-1.87862930297852
20170308154957896,0.738253021240234
20170308154957897,-2.37453994750977
20170308154957898,-1.57345352172852
20170308154957899,0.654329681396484
20170308154957900,-2.66445693969727
20170308154957901,-1.42849502563477
20170308154957902,0.616182708740234
20170308154957903,-2.77126846313477
20170308154957904,-1.29116592407227
20170308154957905,0.585665130615234
20170308154957906,-2.87807998657227
20170308154957907,-1.22250137329102
20170308154957908,0.494112396240234
20170308154957909,-2.87045059204102
20170308154957910,-1.30642471313477
20170308154957911,0.608553314208984
20170308154957912,-2.93911514282227
20170308154957913,-1.09280166625977
20170308154957914,0.509371185302734
20170308154957915,-3.02303848266602
20170308154957916,-1.03176651000977
20170308154957917,0.433077239990234
20170308154957918,-2.89333877563477
20170308154957919,-1.02413711547852
20170308154957920,0.524629974365234
20170308154957921,-2.94674453735352
20170308154957922,-0.932584381103516
20170308154957923,0.417818450927734
20170308154957924,-3.00015029907227
20170308154957925,-0.604520416259766
20170308154957926,0.517000579833984
20170308154957927,-3.00777969360352
20170308154957928,-0.497708892822266
20170308154957929,0.158419036865234
20170308154957930,-2.96200332641602
20170308154957931,-0.192533111572266
20170308154957932,-0.0399452209472656
20170308154957933,-2.93148574829102
20170308154957934,-0.207791900634766
20170308154957935,-0.0704627990722656
20170308154957936,-2.81704483032227
20170308154957937,-0.360379791259766
20170308154957938,0.0287193298339844
20170308154957939,-2.93148574829102
20170308154957940,-0.291715240478516
20170308154957941,-0.146756744384766
20170308154957942,-2.98489151000977
20170308154957943,-0.337491607666016
20170308154957944,-0.139127349853516
20170308154957945,-3.03066787719727
20170308154957946,-0.154386138916016
20170308154957947,-0.200162506103516
20170308154957948,-2.97726211547852
20170308154957949,-0.322232818603516
20170308154957950,0.0287193298339844
20170308154957951,-2.94674453735352
20170308154957952,-0.459561920166016
20170308154957953,0.326265716552734
20170308154957954,-2.83993301391602
20170308154957955,-0.467191314697266
20170308154957956,0.0516075134277344
20170308154957957,-2.94674453735352
20170308154957958,-0.108609771728516
20170308154957959,-0.0399452209472656
20170308154957960,-2.94674453735352
20170308154957961,-0.207791900634766
20170308154957962,-0.230680084228516
20170308154957963,-2.90096817016602
20170308154957964,0.0363487243652344
20170308154957965,-0.276456451416016
20170308154957966,-2.90859756469727
20170308154957967,0.0668663024902344
20170308154957968,-0.314603424072266
20170308154957969,-2.85519180297852
20170308154957970,0.204195404052734
20170308154957971,-0.322232818603516
20170308154957972,-2.90859756469727
20170308154957973,-0.108609771728516
20170308154957974,-0.0475746154785156
20170308154957975,-2.93911514282227
20170308154957976,0.0134605407714844
20170308154957977,-0.184903717041016
20170308154957978,-2.83993301391602
20170308154957979,0.112642669677734
20170308154957980,-0.192533111572266
20170308154957981,-2.86282119750977
20170308154957982,0.0363487243652344
20170308154957983,-0.337491607666016
20170308154957984,-2.90859756469727
20170308154957985,0.158419036865234
20170308154957986,-0.406156158447266
20170308154957987,-2.83993301391602
20170308154957988,0.188936614990234
20170308154957989,-0.337491607666016
20170308154957990,-2.91622695922852
20170308154957991,0.387300872802734
20170308154957992,-0.535855865478516
20170308154957993,-2.84756240844727
20170308154957994,0.318636322021484
20170308154957995,-0.650296783447266
20170308154957996,-2.89333877563477
20170308154957997,0.455965423583984
20170308154957998,-0.558744049072266
20170308154957999,-2.87807998657227
20170308154958000,0.532259368896484
20170308154958001,-0.696073150634766
20170308154958002,-2.86282119750977
20170308154958003,0.669588470458984
20170308154958004,-1.00124893188477
20170308154958005,-2.80178604125977
20170308154958006,0.944246673583984
20170308154958007,-1.03939590454102
20170308154958008,-2.80178604125977
20170308154958009,0.959505462646484
20170308154958010,-1.16909561157227
20170308154958011,-2.85519180297852
20170308154958012,0.822176361083984
20170308154958013,-1.13857803344727
20170308154958014,-2.79415664672852
20170308154958015,0.799288177490234
20170308154958016,-1.03176651000977
20170308154958017,-2.64156875610352
20170308154958018,0.776399993896484
20170308154958019,-1.14620742797852
20170308154958020,-2.74075088500977
20170308154958021,0.883211517333984
20170308154958022,-1.39797744750977
20170308154958023,-2.62630996704102
20170308154958024,0.669588470458984
20170308154958025,-1.28353652954102
20170308154958026,-2.51949844360352
20170308154958027,0.654329681396484
20170308154958028,-1.78707656860352
20170308154958029,-2.35928115844727
20170308154958030,0.722994232177734
20170308154958031,-1.84811172485352
20170308154958032,-2.17617568969727
20170308154958033,0.684847259521484
20170308154958034,-2.05410537719727
20170308154958035,-2.03121719360352
20170308154958036,0.700106048583984
20170308154958037,-2.33639297485352
20170308154958038,-1.84048233032227
20170308154958039,0.677217864990234
20170308154958040,-2.49661026000977
20170308154958041,-1.54293594360352
20170308154958042,0.661959075927734
20170308154958043,-2.48898086547852
20170308154958044,-1.55819473266602
20170308154958045,0.715364837646484
20170308154958046,-2.77889785766602
20170308154958047,-1.28353652954102
20170308154958048,0.585665130615234
20170308154958049,-2.92385635375977
20170308154958050,-1.05465469360352
20170308154958051,0.661959075927734
20170308154958052,-2.98489151000977
20170308154958053,-0.924954986572266
20170308154958054,0.677217864990234
20170308154958055,-2.96200332641602
20170308154958056,-0.779996490478516
20170308154958057,0.349153900146484
20170308154958058,-2.97726211547852
20170308154958059,-0.810514068603516
20170308154958060,0.402559661865234
20170308154958061,-2.94674453735352
20170308154958062,-0.757108306884766
20170308154958063,0.372042083740234
20170308154958064,-2.94674453735352
20170308154958065,-0.604520416259766
20170308154958066,0.242342376708984
20170308154958067,-2.94674453735352
20170308154958068,-0.528226470947266
20170308154958069,0.173677825927734
20170308154958070,-2.97726211547852
20170308154958071,-0.398526763916016
20170308154958072,0.0516075134277344
20170308154958073,-3.04592666625977
20170308154958074,-0.535855865478516
20170308154958075,0.0897544860839844
20170308154958076,-2.98489151000977
20170308154958077,-0.375638580322266
20170308154958078,-0.0475746154785156
20170308154958079,-3.07644424438477
20170308154958080,-0.383267974853516
20170308154958081,0.0210899353027344
20170308154958082,-3.02303848266602
20170308154958083,-0.360379791259766
20170308154958084,0.158419036865234
20170308154958085,-2.98489151000977
20170308154958086,-0.306974029541016
20170308154958087,-0.0475746154785156
20170308154958088,-2.89333877563477
20170308154958089,-0.223050689697266
20170308154958090,-0.162015533447266
20170308154958091,-2.88570938110352
20170308154958092,-0.291715240478516
20170308154958093,0.0744956970214844
20170308154958094,-2.89333877563477
20170308154958095,-0.238309478759766
20170308154958096,-0.230680084228516
20170308154958097,-2.89333877563477
20170308154958098,-0.169644927978516
20170308154958099,-0.314603424072266
20170308154958100,-2.93911514282227
20170308154958101,0.188936614990234
20170308154958102,-0.429044342041016
20170308154958103,-2.94674453735352
20170308154958104,0.120272064208984
20170308154958105,-0.299344635009766
20170308154958106,-2.89333877563477
20170308154958107,-0.0017982482910156
20170308154958108,-0.345121002197266
20170308154958109,-2.86282119750977
20170308154958110,0.188936614990234
20170308154958111,-0.322232818603516
20170308154958112,-2.87807998657227
20170308154958113,0.219454193115234
20170308154958114,-0.375638580322266
20170308154958115,-2.92385635375977
20170308154958116,0.494112396240234
20170308154958117,-0.566373443603516
20170308154958118,-2.77126846313477
20170308154958119,0.272859954833984
20170308154958120,-0.505338287353516
20170308154958121,-2.87045059204102
20170308154958122,0.303377532958984
20170308154958123,-0.627408599853516
20170308154958124,-2.89333877563477
20170308154958125,0.364412689208984
20170308154958126,-0.566373443603516
20170308154958127,-2.88570938110352
20170308154958128,0.661959075927734
20170308154958129,-0.772367095947266
20170308154958130,-2.83993301391602
20170308154958131,0.455965423583984
20170308154958132,-0.772367095947266
20170308154958133,-2.90859756469727
20170308154958134,0.631441497802734
20170308154958135,-0.993619537353516
20170308154958136,-2.77126846313477
20170308154958137,0.738253021240234
20170308154958138,-1.13094863891602
20170308154958139,-2.83993301391602
20170308154958140,0.860323333740234
20170308154958141,-0.787625885009766
20170308154958142,-2.82467422485352
20170308154958143,0.616182708740234
20170308154958144,-0.779996490478516
20170308154958145,-2.82467422485352
20170308154958146,0.776399993896484
20170308154958147,-1.00887832641602
20170308154958148,-2.75600967407227
20170308154958149,0.898470306396484
20170308154958150,-1.05465469360352
20170308154958151,-2.73312149047852
20170308154958152,0.852693939208984
20170308154958153,-1.08517227172852
20170308154958154,-2.73312149047852
20170308154958155,0.761141204833984
20170308154958156,-1.19961318969727
20170308154958157,-2.69497451782227
20170308154958158,0.700106048583984
20170308154958159,-0.902066802978516
20170308154958160,-2.71786270141602
20170308154958161,0.692476654052734
20170308154958162,-1.08517227172852
20170308154958163,-2.86282119750977
20170308154958164,0.524629974365234
20170308154958165,-0.673184967041016
20170308154958166,-2.80941543579102
20170308154958167,0.372042083740234
20170308154958168,-0.802884674072266
20170308154958169,-2.85519180297852
20170308154958170,0.547518157958984
20170308154958171,-0.787625885009766
20170308154958172,-2.75600967407227
20170308154958173,0.539888763427734
20170308154958174,-0.848661041259766
20170308154958175,-2.88570938110352
20170308154958176,0.661959075927734
20170308154958177,-0.810514068603516
20170308154958178,-2.84756240844727
20170308154958179,0.677217864990234
20170308154958180,-0.856290435791016
20170308154958181,-2.74838027954102
20170308154958182,0.707735443115234
20170308154958183,-1.15383682250977
20170308154958184,-2.71023330688477
20170308154958185,0.867952728271484
20170308154958186,-1.23776016235352
20170308154958187,-2.58816299438477
20170308154958188,0.951876068115234
20170308154958189,-1.42849502563477
20170308154958190,-2.50423965454102
20170308154958191,0.745882415771484
20170308154958192,-1.47427139282227
20170308154958193,-2.40505752563477
20170308154958194,0.631441497802734
20170308154958195,-1.67263565063477
20170308154958196,-2.50423965454102
20170308154958197,0.677217864990234
20170308154958198,-1.55819473266602
20170308154958199,-2.58053359985352
20170308154958200,0.753511810302734
20170308154958201,-1.48190078735352
20170308154958202,-2.65682754516602
20170308154958203,0.799288177490234
20170308154958204,-1.64211807250977
20170308154958205,-2.29061660766602
20170308154958206,0.707735443115234
20170308154958207,-1.92440567016602
20170308154958208,-2.13802871704102
20170308154958209,0.707735443115234
20170308154958210,-2.16854629516602
20170308154958211,-1.85574111938477
20170308154958212,0.745882415771484
20170308154958213,-2.31350479125977
20170308154958214,-1.82522354125977
20170308154958215,0.669588470458984
20170308154958216,-2.19906387329102
20170308154958217,-1.86337051391602
20170308154958218,0.700106048583984
20170308154958219,-2.39742813110352
20170308154958220,-1.48190078735352
20170308154958221,0.791658782958984
20170308154958222,-2.74075088500977
20170308154958223,-1.36745986938477
20170308154958224,0.623812103271484
20170308154958225,-2.80941543579102
20170308154958226,-1.33694229125977
20170308154958227,0.562776947021484
20170308154958228,-2.88570938110352
20170308154958229,-1.28353652954102
20170308154958230,0.440706634521484
20170308154958231,-2.93148574829102
20170308154958232,-1.11568984985352
20170308154958233,0.517000579833984
20170308154958234,-3.00777969360352
20170308154958235,-0.993619537353516
20170308154958236,0.539888763427734
20170308154958237,-3.00015029907227
20170308154958238,-0.772367095947266
20170308154958239,0.440706634521484
20170308154958240,-2.95437393188477
20170308154958241,-0.642667388916016
20170308154958242,0.417818450927734
20170308154958243,-3.00777969360352
20170308154958244,-0.703702545166016
20170308154958245,0.509371185302734
20170308154958246,-2.99252090454102
20170308154958247,-0.566373443603516
20170308154958248,0.166048431396484
20170308154958249,-2.96963272094727
20170308154958250,-0.375638580322266
20170308154958251,-0.0475746154785156
20170308154958252,-2.96963272094727
20170308154958253,-0.245938873291016
20170308154958254,0.120272064208984
20170308154958255,-2.94674453735352
20170308154958256,0.143160247802734
20170308154958257,-0.154386138916016
20170308154958258,-2.90096817016602
20170308154958259,0.0210899353027344
20170308154958260,-0.322232818603516
20170308154958261,-2.93911514282227
20170308154958262,-0.0552040100097656
20170308154958263,-0.306974029541016
20170308154958264,-2.87807998657227
20170308154958265,-0.0552040100097656
20170308154958266,-0.284085845947266
20170308154958267,-2.84756240844727
20170308154958268,0.0058311462402344
20170308154958269,-0.0933509826660156
20170308154958270,-2.87045059204102
20170308154958271,-0.116239166259766
20170308154958272,-0.360379791259766
20170308154958273,-2.90859756469727
20170308154958274,0.120272064208984
20170308154958275,-0.459561920166016
20170308154958276,-2.80178604125977
20170308154958277,0.166048431396484
20170308154958278,-0.284085845947266
20170308154958279,-2.93911514282227
20170308154958280,0.295748138427734
20170308154958281,-0.596891021728516
20170308154958282,-2.92385635375977
20170308154958283,0.463594818115234
20170308154958284,-0.581632232666016
20170308154958285,-2.86282119750977
20170308154958286,0.463594818115234
20170308154958287,-0.589261627197266
20170308154958288,-2.77889785766602
20170308154958289,0.501741790771484
20170308154958290,-0.879178619384766
20170308154958291,-2.88570938110352
20170308154958292,0.799288177490234
20170308154958293,-0.978360748291016
20170308154958294,-2.83993301391602
20170308154958295,0.494112396240234
20170308154958296,-0.848661041259766
20170308154958297,-2.93148574829102
20170308154958298,0.715364837646484
20170308154958299,-1.04702529907227
20170308154958300,-2.84756240844727
20170308154958301,0.722994232177734
20170308154958302,-1.05465469360352
20170308154958303,-2.77126846313477
20170308154958304,0.715364837646484
20170308154958305,-1.09280166625977
20170308154958306,-2.73312149047852
20170308154958307,0.883211517333984
20170308154958308,-1.22250137329102
20170308154958309,-2.64156875610352
20170308154958310,0.898470306396484
20170308154958311,-1.26064834594727
20170308154958312,-2.53475723266602
20170308154958313,0.700106048583984
20170308154958314,-1.47427139282227
20170308154958315,-2.44320449829102
20170308154958316,0.753511810302734
20170308154958317,-1.67263565063477
20170308154958318,-2.44320449829102
20170308154958319,0.692476654052734
20170308154958320,-1.80996475219727
20170308154958321,-2.27535781860352
20170308154958322,0.692476654052734
20170308154958323,-1.94729385375977
20170308154958324,-2.15328750610352
20170308154958325,0.684847259521484
20170308154958326,-2.06936416625977
20170308154958327,-1.97018203735352
20170308154958328,0.608553314208984
20170308154958329,-2.22958145141602
20170308154958330,-1.84048233032227
20170308154958331,0.875582122802734
20170308154958332,-2.33639297485352
20170308154958333,-1.70315322875977
20170308154958334,0.715364837646484
20170308154958335,-2.45846328735352
20170308154958336,-1.58108291625977
20170308154958337,0.616182708740234
20170308154958338,-2.51186904907227
20170308154958339,-1.55056533813477
20170308154958340,0.639070892333984
20170308154958341,-2.82467422485352
20170308154958342,-1.17672500610352
20170308154958343,0.547518157958984
20170308154958344,-2.82467422485352
20170308154958345,-1.12331924438477
20170308154958346,0.524629974365234
20170308154958347,-2.99252090454102
20170308154958348,-0.932584381103516
20170308154958349,0.433077239990234
20170308154958350,-2.93911514282227
20170308154958351,-0.871549224853516
20170308154958352,0.440706634521484
20170308154958353,-2.96963272094727
20170308154958354,-0.741849517822266
20170308154958355,0.364412689208984
20170308154958356,-2.94674453735352
20170308154958357,-0.520597076416016
20170308154958358,0.0973838806152344
20170308154958359,-2.87045059204102
20170308154958360,-0.314603424072266
20170308154958361,0.135530853271484
20170308154958362,-2.90859756469727
20170308154958363,-0.543485260009766
20170308154958364,0.0973838806152344
20170308154958365,-3.00015029907227
20170308154958366,-0.528226470947266
20170308154958367,0.364412689208984
20170308154958368,-2.93148574829102
20170308154958369,-0.200162506103516
20170308154958370,-0.0857215881347656
20170308154958371,-2.96200332641602
20170308154958372,-0.0017982482910156
20170308154958373,-0.230680084228516
20170308154958374,-2.92385635375977
20170308154958375,-0.0323158264160156
20170308154958376,-0.261197662353516
20170308154958377,-2.95437393188477
20170308154958378,-0.192533111572266
20170308154958379,-0.139127349853516
20170308154958380,-2.91622695922852
20170308154958381,0.188936614990234
20170308154958382,-0.139127349853516
20170308154958383,-2.87807998657227
20170308154958384,0.272859954833984
20170308154958385,-0.329862213134766
20170308154958386,-2.80178604125977
20170308154958387,0.333895111083984
20170308154958388,-0.604520416259766
20170308154958389,-2.86282119750977
20170308154958390,0.654329681396484
20170308154958391,-0.894437408447266
20170308154958392,-2.80941543579102
20170308154958393,0.448336029052734
20170308154958394,-0.734220123291016
20170308154958395,-2.81704483032227
20170308154958396,0.478853607177734
20170308154958397,-0.764737701416016
20170308154958398,-2.78652725219727
20170308154958399,0.539888763427734
20170308154958400,-0.894437408447266
20170308154958401,-2.87807998657227
20170308154958402,0.974764251708984
20170308154958403,-1.10043106079102
20170308154958404,-2.68734512329102
20170308154958405,0.829805755615234
20170308154958406,-1.11568984985352
20170308154958407,-2.79415664672852
20170308154958408,0.791658782958984
20170308154958409,-1.18435440063477
20170308154958410,-2.70260391235352
20170308154958411,0.692476654052734
20170308154958412,-1.03939590454102
20170308154958413,-2.74838027954102
20170308154958414,0.715364837646484
20170308154958415,-1.15383682250977
20170308154958416,-2.67971572875977
20170308154958417,0.822176361083984
20170308154958418,-1.26064834594727
20170308154958419,-2.64156875610352
20170308154958420,0.722994232177734
20170308154958421,-1.23013076782227
20170308154958422,-2.61105117797852
20170308154958423,0.768770599365234
20170308154958424,-1.19198379516602
20170308154958425,-2.49661026000977
20170308154958426,0.768770599365234
20170308154958427,-1.50478897094727
20170308154958428,-2.39742813110352
20170308154958429,0.806917572021484
20170308154958430,-1.68789443969727
20170308154958431,-2.33639297485352
20170308154958432,0.700106048583984
20170308154958433,-1.70315322875977
20170308154958434,-2.42794570922852
20170308154958435,0.845064544677734
20170308154958436,-1.83285293579102
20170308154958437,-2.22195205688477
20170308154958438,0.875582122802734
20170308154958439,-1.80996475219727
20170308154958440,-2.24484024047852
20170308154958441,0.600923919677734
20170308154958442,-1.81759414672852
20170308154958443,-2.16854629516602
20170308154958444,0.631441497802734
20170308154958445,-1.74130020141602
20170308154958446,-2.31350479125977
20170308154958447,0.829805755615234
20170308154958448,-1.82522354125977
20170308154958449,-2.41268692016602
20170308154958450,0.669588470458984
20170308154958451,-1.76418838500977
20170308154958452,-2.34402236938477
20170308154958453,0.806917572021484
20170308154958454,-1.79470596313477
20170308154958455,-2.15328750610352
20170308154958456,0.570406341552734
20170308154958457,-1.97781143188477
20170308154958458,-2.08462295532227
20170308154958459,0.494112396240234
20170308154958460,-1.80996475219727
20170308154958461,-2.22195205688477
20170308154958462,0.784029388427734
20170308154958463,-1.84811172485352
20170308154958464,-2.27535781860352
20170308154958465,0.661959075927734
20170308154958466,-1.73367080688477
20170308154958467,-2.11514053344727
20170308154958468,0.722994232177734
20170308154958469,-1.80233535766602
20170308154958470,-2.29824600219727
20170308154958471,0.768770599365234
20170308154958472,-1.85574111938477
20170308154958473,-2.22958145141602
20170308154958474,0.753511810302734
20170308154958475,-1.97018203735352
20170308154958476,-2.06173477172852
20170308154958477,0.616182708740234
20170308154958478,-1.92440567016602
20170308154958479,-2.18380508422852
20170308154958480,0.890840911865234
20170308154958481,-1.95492324829102
20170308154958482,-2.13802871704102
20170308154958483,0.738253021240234
20170308154958484,-2.02358779907227
20170308154958485,-2.02358779907227
20170308154958486,0.715364837646484
20170308154958487,-2.08462295532227
20170308154958488,-1.98544082641602
20170308154958489,0.639070892333984
20170308154958490,-2.12276992797852
20170308154958491,-1.80996475219727
20170308154958492,0.745882415771484
20170308154958493,-2.39742813110352
20170308154958494,-1.67263565063477
20170308154958495,0.692476654052734
20170308154958496,-2.58053359985352
20170308154958497,-1.55819473266602
20170308154958498,0.677217864990234
20170308154958499,-2.55764541625977
20170308154958500,-1.47427139282227
20170308154958501,0.669588470458984
20170308154958502,-2.74075088500977
20170308154958503,-1.13857803344727
20170308154958504,0.555147552490234
20170308154958505,-2.93148574829102
20170308154958506,-1.19198379516602
20170308154958507,0.555147552490234
20170308154958508,-2.93911514282227
20170308154958509,-1.00887832641602
20170308154958510,0.539888763427734
20170308154958511,-2.94674453735352
20170308154958512,-0.985990142822266
20170308154958513,0.478853607177734
20170308154958514,-2.87807998657227
20170308154958515,-0.856290435791016
20170308154958516,0.425447845458984
20170308154958517,-2.94674453735352
20170308154958518,-0.779996490478516
20170308154958519,0.570406341552734
20170308154958520,-2.94674453735352
20170308154958521,-0.535855865478516
20170308154958522,0.341524505615234
20170308154958523,-2.87807998657227
20170308154958524,-0.505338287353516
20170308154958525,0.196566009521484
20170308154958526,-2.94674453735352
20170308154958527,-0.543485260009766
20170308154958528,0.478853607177734
20170308154958529,-2.98489151000977
20170308154958530,-0.451932525634766
20170308154958531,0.303377532958984
20170308154958532,-2.90859756469727
20170308154958533,-0.329862213134766
20170308154958534,-0.0017982482910156
20170308154958535,-3.00777969360352
20170308154958536,-0.162015533447266
20170308154958537,-0.139127349853516
20170308154958538,-2.97726211547852
20170308154958539,-0.123868560791016
20170308154958540,-0.200162506103516
20170308154958541,-2.94674453735352
20170308154958542,0.227083587646484
20170308154958543,-0.314603424072266
20170308154958544,-2.86282119750977
20170308154958545,0.0058311462402344
20170308154958546,-0.314603424072266
20170308154958547,-2.87807998657227
20170308154958548,0.143160247802734
20170308154958549,-0.245938873291016
20170308154958550,-2.87807998657227
20170308154958551,0.311006927490234
20170308154958552,-0.474820709228516
20170308154958553,-2.81704483032227
20170308154958554,0.394930267333984
20170308154958555,-0.657926177978516
20170308154958556,-2.83993301391602
20170308154958557,0.692476654052734
20170308154958558,-0.940213775634766
20170308154958559,-2.74838027954102
20170308154958560,0.654329681396484
20170308154958561,-0.978360748291016
20170308154958562,-2.78652725219727
20170308154958563,0.547518157958984
20170308154958564,-0.909696197509766
20170308154958565,-2.83993301391602
20170308154958566,0.372042083740234
20170308154958567,-0.779996490478516
20170308154958568,-2.76363906860352
20170308154958569,0.387300872802734
20170308154958570,-0.764737701416016
20170308154958571,-2.85519180297852
20170308154958572,0.532259368896484
20170308154958573,-0.810514068603516
20170308154958574,-2.83230361938477
20170308154958575,0.372042083740234
20170308154958576,-0.718961334228516
20170308154958577,-2.87807998657227
20170308154958578,0.402559661865234
20170308154958579,-0.779996490478516
20170308154958580,-2.75600967407227
20170308154958581,0.616182708740234
20170308154958582,-0.856290435791016
20170308154958583,-2.82467422485352
20170308154958584,0.799288177490234
20170308154958585,-0.924954986572266
20170308154958586,-2.77889785766602
20170308154958587,0.799288177490234
20170308154958588,-0.978360748291016
20170308154958589,-2.70260391235352
20170308154958590,0.822176361083984
20170308154958591,-0.909696197509766
20170308154958592,-2.74838027954102
20170308154958593,0.806917572021484
20170308154958594,-0.970731353759766
20170308154958595,-2.74838027954102
20170308154958596,0.570406341552734
20170308154958597,-0.650296783447266
20170308154958598,-2.76363906860352
20170308154958599,0.501741790771484
20170308154958600,-0.810514068603516
20170308154958601,-2.82467422485352
20170308154958602,0.463594818115234
20170308154958603,-0.718961334228516
20170308154958604,-2.81704483032227
20170308154958605,0.509371185302734
20170308154958606,-0.726590728759766
20170308154958607,-2.84756240844727
20170308154958608,0.372042083740234
20170308154958609,-0.497708892822266
20170308154958610,-2.80178604125977
20170308154958611,0.402559661865234
20170308154958612,-0.581632232666016
20170308154958613,-2.77126846313477
20170308154958614,0.402559661865234
20170308154958615,-0.764737701416016
20170308154958616,-2.80178604125977
20170308154958617,0.745882415771484
20170308154958618,-1.06991348266602
20170308154958619,-2.67971572875977
20170308154958620,0.860323333740234
20170308154958621,-1.31405410766602
20170308154958622,-2.64919815063477
20170308154958623,0.730623626708984
20170308154958624,-1.31405410766602
20170308154958625,-2.55764541625977
20170308154958626,0.845064544677734
20170308154958627,-1.29116592407227
20170308154958628,-2.58053359985352
20170308154958629,0.829805755615234
20170308154958630,-1.30642471313477
20170308154958631,-2.57290420532227
20170308154958632,0.730623626708984
20170308154958633,-1.41323623657227
20170308154958634,-2.56527481079102
20170308154958635,0.814546966552734
20170308154958636,-1.49715957641602
20170308154958637,-2.46609268188477
20170308154958638,0.829805755615234
20170308154958639,-1.64974746704102
20170308154958640,-2.38216934204102
20170308154958641,0.791658782958984
20170308154958642,-1.83285293579102
20170308154958643,-2.23721084594727
20170308154958644,0.837435150146484
20170308154958645,-1.96255264282227
20170308154958646,-2.11514053344727
20170308154958647,0.707735443115234
20170308154958648,-2.05410537719727
20170308154958649,-2.03884658813477
20170308154958650,0.585665130615234
20170308154958651,-2.11514053344727
20170308154958652,-1.97781143188477
20170308154958653,0.799288177490234
20170308154958654,-2.27535781860352
20170308154958655,-1.68026504516602
20170308154958656,0.761141204833984
20170308154958657,-2.50423965454102
20170308154958658,-1.35983047485352
20170308154958659,0.661959075927734
20170308154958660,-2.64919815063477
20170308154958661,-1.18435440063477
20170308154958662,0.578035736083984
20170308154958663,-3.00777969360352
20170308154958664,-0.940213775634766
20170308154958665,0.532259368896484
20170308154958666,-2.98489151000977
20170308154958667,-0.688443756103516
20170308154958668,0.379671478271484
20170308154958669,-3.02303848266602
20170308154958670,-0.467191314697266
20170308154958671,0.158419036865234
20170308154958672,-2.93911514282227
20170308154958673,-0.261197662353516
20170308154958674,0.0134605407714844
20170308154958675,-2.91622695922852
20170308154958676,-0.131497955322266
20170308154958677,-0.0933509826660156
20170308154958678,-2.95437393188477
20170308154958679,-0.0323158264160156
20170308154958680,-0.245938873291016
20170308154958681,-2.85519180297852
